券商名稱,個股名稱,買進張數,賣出張數,買賣超張數
 元大華山,台塑,213,3,210
 元大華山,聯電,118,1,117
 元大華山,00637L元大滬深300正2,58,0,58
 元大華山,強茂,40,0,40
 元大華山,00968B元大優息投等債,31,0,31
 元大華山,鴻準,22,1,21
 元大華山,和椿,26,6,20
 元大華山,華航,21,1,20
 元大華山,鈺邦,20,0,20
 元大華山,千附精密,20,0,20
 元大華山,富喬,19,4,15
 元大華山,00924復華S＆P500成長,12,0,12
 元大華山,00752中信中國50,11,0,11
 元大華山,緯創,19,8,11
 元大華山,00670L富邦NASDAQ正2,10,0,10
 元大華山,宏��,11,1,10
 元大華山,兆豐金,9,0,9
 元大華山,中磊,9,0,9
 元大華山,鉅祥,7,0,7
 元大華山,九暘,7,0,7
 元大華山,泰金寶-DR,9,2,7
 元大華山,立��,7,1,6
 元大華山,新應材,7,1,6
 元大華山,達邁,29,24,5
 元大華山,廣達,5,0,5
 元大華山,合庫金,5,0,5
 元大華山,00632R元大台灣50反1,5,0,5
 元大華山,00858永豐美國500大,5,0,5
 元大華山,00739元大MSCI A股,5,0,5
 元大華山,00647L元大S＆P500正2,5,0,5
 元大華山,凱撒衛,5,0,5
 元大華山,新至陞,5,0,5
 元大華山,汎銓,5,0,5
 元大華山,東捷,4,0,4
 元大華山,康霈*,4,0,4
 元大華山,00922國泰台灣領袖50,3,0,3
 元大華山,聯發科,3,0,3
 元大華山,00909國泰數位支付服務,3,0,3
 元大華山,世界,3,0,3
 元大華山,上奇,3,0,3
 元大華山,建漢,3,0,3
 元大華山,統一超,2,0,2
 元大華山,台泥,2,0,2
 元大華山,昇陽半導體,5,3,2
 元大華山,全球傳動,2,0,2
 元大華山,00631L元大台灣50正2,3,1,2
 元大華山,00937B群益ESG投等債20,2,0,2
 元大華山,聚陽,2,0,2
 元大華山,榮成,2,0,2
 元大華山,台揚,2,0,2
 元大華山,00965元大航太防衛科技,0,390,-390
 元大華山,00940元大台灣價值高息,0,73,-73
 元大華山,宏齊,0,50,-50
 元大華山,國泰金,1,32,-31
 元大華山,00881國泰台灣5G+,0,20,-20
 元大華山,00671R富邦NASDAQ反1,0,20,-20
 元大華山,中鴻,0,20,-20
 元大華山,00679B元大美債20年,0,20,-20
 元大華山,穎漢,0,15,-15
 元大華山,力積電,10,25,-15
 元大華山,00947台新臺灣IC設計,0,13,-13
 元大華山,神達,21,32,-11
 元大華山,第一保,0,10,-10
 元大華山,訊達,0,10,-10
 元大華山,和大,0,10,-10
 元大華山,英業達,3,13,-10
 元大華山,富邦金,1,10,-9
 元大華山,亞翔,0,9,-9
 元大華山,00929復華台灣科技優息,0,9,-9
 元大華山,00642U期元大S＆P石油,0,8,-8
 元大華山,燿華,0,8,-8
 元大華山,006208富邦台50,4,12,-8
 元大華山,華榮,0,6,-6
 元大華山,新光金,0,6,-6
 元大華山,訊映,0,6,-6
 元大華山,興能高,23,29,-6
 元大華山,志強-KY,0,6,-6
 元大華山,日月光投控,0,6,-6
 元大華山,信大,0,5,-5
 元大華山,台化,0,5,-5
 元大華山,中華,0,5,-5
 元大華山,光寶科,0,5,-5
 元大華山,宏達電,12,17,-5
 元大華山,長榮,0,5,-5
 元大華山,亞航,0,5,-5
 元大華山,威強電,0,5,-5
 元大華山,元大台灣50,1,5,-4
 元大華山,台達電,1,5,-4
 元大華山,華南金,1,5,-4
 元大華山,宏致,1,5,-4
 元大華山,00675L富邦臺灣加權正2,1,5,-4
 元大華山,00933B國泰10Y+金融債,0,4,-4
 元大華山,00952凱基台灣AI50,0,4,-4
 元大華山,漢翔,0,4,-4
 元大華山,聯合再生,0,4,-4
 元大華山,環宇-KY,21,25,-4
 元大華山,友達,0,4,-4
 元大華山,貿聯-KY,3,7,-4
 元大華山,華星光,8,11,-3
 元大華山,昆盈,0,3,-3
 元富草屯,聯電,586,11,575
 元富草屯,00641R富邦日本反1,200,0,200
 元富草屯,力積電,113,14,99
 元富草屯,昇陽半導體,123,60,63
 元富草屯,00664R國泰臺灣加權反1,50,0,50
 元富草屯,00887永豐中國科技50大,50,0,50
 元富草屯,欣興,45,19,26
 元富草屯,國光生,25,2,23
 元富草屯,聚鼎,20,0,20
 元富草屯,台玻,20,1,19
 元富草屯,擎亞,15,1,14
 元富草屯,00919群益台灣精選高息,10,0,10
 元富草屯,湧德,11,1,10
 元富草屯,京元電子,10,0,10
 元富草屯,英業達,12,2,10
 元富草屯,第一金,11,1,10
 元富草屯,和碩,10,0,10
 元富草屯,系統電,10,0,10
 元富草屯,橘子,11,1,10
 元富草屯,汎銓,10,0,10
 元富草屯,富邦金,10,0,10
 元富草屯,新光金,10,1,9
 元富草屯,元大高股息,14,6,8
 元富草屯,00632R元大台灣50反1,8,0,8
 元富草屯,富喬,11,3,8
 元富草屯,新盛力,39,31,8
 元富草屯,00937B群益ESG投等債20,8,0,8
 元富草屯,永豐金,7,0,7
 元富草屯,00650L復華香港正2,9,2,7
 元富草屯,建漢,7,0,7
 元富草屯,金寶,11,5,6
 元富草屯,緯創,17,11,6
 元富草屯,00637L元大滬深300正2,10,4,6
 元富草屯,大銀微系統,6,0,6
 元富草屯,亞泰,6,0,6
 元富草屯,台化,5,0,5
 元富草屯,日勝生,5,0,5
 元富草屯,力特,5,0,5
 元富草屯,瑞智,5,0,5
 元富草屯,訊達,5,0,5
 元富草屯,臺企銀,5,0,5
 元富草屯,台燿,10,5,5
 元富草屯,全球傳動,4,0,4
 元富草屯,台灣高鐵,4,0,4
 元富草屯,玉晶光,5,2,3
 元富草屯,台塑,5,2,3
 元富草屯,00680L元大美債20正2,3,0,3
 元富草屯,中鋼,3,0,3
 元富草屯,錸德,5,2,3
 元富草屯,亞航,3,0,3
 元富草屯,00980B台新特選IG債10+,0,286,-286
 元富草屯,00673R期元大S＆P原油反1,0,100,-100
 元富草屯,00951台新日本半導體,0,60,-60
 元富草屯,泰金寶-DR,11,68,-57
 元富草屯,中石化,0,50,-50
 元富草屯,00679B元大美債20年,1,50,-49
 元富草屯,00934中信成長高股息,0,30,-30
 元富草屯,立隆電,7,33,-26
 元富草屯,神達,88,113,-25
 元富草屯,00688L國泰20年美債正2,0,20,-20
 元富草屯,鴻名,0,20,-20
 元富草屯,00941中信上游半導體,0,18,-18
 元富草屯,昆盈,1,17,-16
 元富草屯,宏致,3,17,-14
 元富草屯,台積電,2,14,-12
 元富草屯,采鈺,0,12,-12
 元富草屯,圓剛,3,13,-10
 元富草屯,超豐,0,10,-10
 元富草屯,華南金,1,11,-10
 元富草屯,永捷,0,10,-10
 元富草屯,誠美材,0,10,-10
 元富草屯,點序,0,10,-10
 元富草屯,眾達-KY,12,21,-9
 元富草屯,長榮航,5,14,-9
 元富草屯,南亞科,0,8,-8
 元富草屯,友訊,7,14,-7
 元富草屯,台新金,0,7,-7
 元富草屯,宏達電,27,34,-7
 元富草屯,00929復華台灣科技優息,0,6,-6
 元富草屯,欣銓,3,9,-6
 元富草屯,00954中信日本半導體,0,5,-5
 元富草屯,宏��,0,5,-5
 元富草屯,凱基金,0,5,-5
 元富草屯,科風,0,5,-5
 元富草屯,亞通,0,5,-5
 元富草屯,華東,0,5,-5
 元富草屯,00940元大台灣價值高息,1,5,-4
 元富草屯,台達電,0,5,-5
 元富草屯,朋億*,0,4,-4
 元富草屯,大同,2,6,-4
 元富草屯,00922國泰台灣領袖50,0,4,-4
 元富草屯,駿吉-KY,0,4,-4
 元富草屯,連展投控,1,5,-4
 元富草屯,萬泰科,0,4,-4
 元富草屯,富鼎,0,4,-4
 元富草屯,廣達,0,4,-4
 元富草屯,金山電,3,7,-4
 元富草屯,00830國泰費城半導體,1,4,-3
 元富草屯,國泰金,0,3,-3
 元富草屯,華夏,0,3,-3
北城,群創,83,5,78
北城,台新金,70,0,70
北城,聯電,91,27,64
北城,濱川,57,1,56
北城,00951台新日本半導體,50,4,46
北城,鴻海,54,20,34
北城,光環,34,3,31
北城,00637L元大滬深300正2,87,61,26
北城,輔信,20,0,20
北城,00919群益台灣精選高息,26,7,19
北城,華通,24,5,19
北城,兆豐金,18,0,18
北城,世界,23,5,18
北城,緯創,25,8,17
北城,00655L國泰中國A50正2,16,0,16
北城,宏齊,15,1,14
北城,緯軟,13,0,13
北城,長華*,12,0,12
北城,台聚,11,0,11
北城,泰鼎-KY,11,0,11
北城,00650L復華香港正2,10,0,10
北城,宏益,10,0,10
北城,廣達,10,0,10
北城,建漢,12,2,10
北城,00633L富邦上証正2,9,0,9
北城,00922國泰台灣領袖50,8,0,8
北城,英業達,8,0,8
北城,亞光,7,0,7
北城,達邁,10,3,7
北城,台塑,12,6,6
北城,00941中信上游半導體,10,4,6
北城,大成鋼,6,0,6
北城,元晶,6,0,6
北城,00753L中信中國50正2,5,0,5
北城,00887永豐中國科技50大,5,0,5
北城,00882中信中國高股息,5,0,5
北城,光洋科,5,0,5
北城,欣興,54,49,5
北城,錦明,10,5,5
北城,鑫創,5,0,5
北城,神準,5,0,5
北城,美吉吉-KY,5,0,5
北城,宏��,9,5,4
北城,00956中信日經高股息,4,0,4
北城,00937B群益ESG投等債20,4,0,4
北城,台玻,4,0,4
北城,廣宇,8,4,4
北城,雄獅,4,0,4
北城,英濟,4,0,4
北城,敦泰,5,1,4
北城,00632R元大台灣50反1,8,105,-97
北城,恩德,0,70,-70
北城,陽明,8,63,-55
北城,力積電,15,63,-48
北城,00929復華台灣科技優息,0,40,-40
北城,欣銓,6,41,-35
北城,駿吉-KY,0,25,-25
北城,00676R富邦臺灣加權反1,0,25,-25
北城,友達,2,25,-23
北城,力麒,0,20,-20
北城,00905FT臺灣Smart,0,20,-20
北城,農林,0,20,-20
北城,中石化,10,28,-18
北城,00679B元大美債20年,4,20,-16
北城,泰金寶-DR,43,59,-16
北城,鈺齊-KY,0,16,-16
北城,南紡,0,15,-15
北城,中華電,0,14,-14
北城,國泰金,1,14,-13
北城,太欣,0,13,-13
北城,凱基金,0,11,-11
北城,岱宇,1,12,-11
北城,00930永豐ESG低碳高息,0,10,-10
北城,勤美,0,10,-10
北城,吉茂,0,10,-10
北城,山富,0,10,-10
北城,臺企銀,0,10,-10
北城,鴻翊,0,10,-10
北城,漢磊,0,10,-10
北城,中揚光,0,10,-10
北城,新應材,0,10,-10
北城,華城,1,10,-9
北城,中租-KY,0,8,-8
北城,富喬,2,10,-8
北城,華邦電,3,11,-8
北城,錸德,2,10,-8
北城,京元電子,0,8,-8
北城,亞翔,0,8,-8
北城,萬泰科,2,10,-8
北城,台泥,0,7,-7
北城,鴻準,3,10,-7
北城,臻鼎-KY,0,7,-7
北城,精成科,10,17,-7
北城,雷科,1,8,-7
北城,興能高,36,43,-7
北城,台達電,0,6,-6
北城,00915凱基優選高股息30,0,6,-6
北城,華泰,1,7,-6
北城,佳能,2,8,-6
北城,湧德,0,6,-6
 中信託文      ,聯電,370,110,260
 中信託文      ,力積電,269,62,207
 中信託文      ,00673R期元大S＆P原油反1,165,10,155
 中信託文      ,00937B群益ESG投等債20,152,20,132
 中信託文      ,達邁,158,46,112
 中信託文      ,00664R國泰臺灣加權反1,110,1,109
 中信託文      ,緯創,134,42,92
 中信託文      ,00945B凱基美國非投等債,83,0,83
 中信託文      ,00950B凱基A級公司債,55,0,55
 中信託文      ,海華,62,8,54
 中信託文      ,00858永豐美國500大,49,0,49
 中信託文      ,元大高股息,79,32,47
 中信託文      ,00878國泰永續高股息,94,49,45
 中信託文      ,00688L國泰20年美債正2,42,0,42
 中信託文      ,00900富邦特選高股息30,40,0,40
 中信託文      ,東友,40,0,40
 中信託文      ,00706L期元大S＆P日圓正2,40,0,40
 中信託文      ,中石化,33,3,30
 中信託文      ,聯鈞,127,99,28
 中信託文      ,00751B元大AAA至A公司債,41,14,27
 中信託文      ,宏達電,124,98,26
 中信託文      ,榮剛,23,0,23
 中信託文      ,濱川,23,2,21
 中信託文      ,00959B大華投等美債15Y+,22,1,21
 中信託文      ,高端疫苗,20,0,20
 中信託文      ,00953B群益優選非投等債,45,25,20
 中信託文      ,高雄銀,20,0,20
 中信託文      ,大同,23,4,19
 中信託文      ,台灣精銳,19,2,17
 中信託文      ,星通,17,1,16
 中信託文      ,陽程,20,4,16
 中信託文      ,大成鋼,16,2,14
 中信託文      ,00910第一金太空衛星,14,1,13
 中信託文      ,星宇航空,27,15,12
 中信託文      ,宏��,12,0,12
 中信託文      ,兆豐金,11,0,11
 中信託文      ,廣達,22,11,11
 中信託文      ,康霈*,12,1,11
 中信託文      ,鴻海,55,44,11
 中信託文      ,波若威,36,25,11
 中信託文      ,旭然,11,0,11
 中信託文      ,前鼎,19,9,10
 中信託文      ,凱美,31,21,10
 中信託文      ,00665L富邦�琤肭磪囓�2,14,4,10
 中信託文      ,晟田,10,0,10
 中信託文      ,一詮,12,2,10
 中信託文      ,00903富邦元宇宙,10,0,10
 中信託文      ,00671R富邦NASDAQ反1,10,0,10
 中信託文      ,安普新,10,0,10
 中信託文      ,永豐金,10,0,10
 中信託文      ,中信金,12,2463,-2451
 中信託文      ,華南金,5,1446,-1441
 中信託文      ,玉山金,3,1016,-1013
 中信託文      ,00980B台新特選IG債10+,18,584,-566
 中信託文      ,漢翔,0,292,-292
 中信託文      ,台塑,10,282,-272
 中信託文      ,三商壽,0,143,-143
 中信託文      ,00971野村美國研發龍頭,24,144,-120
 中信託文      ,新光金,2,111,-109
 中信託文      ,00753L中信中國50正2,20,115,-95
 中信託文      ,00929復華台灣科技優息,12,106,-94
 中信託文      ,00940元大台灣價值高息,8,101,-93
 中信託文      ,泰金寶-DR,61,145,-84
 中信託文      ,欣銓,30,104,-74
 中信託文      ,00715L期街口布蘭特正2,4,75,-71
 中信託文      ,00934中信成長高股息,0,70,-70
 中信託文      ,凱基金,1,60,-59
 中信託文      ,亞昕,1,54,-53
 中信託文      ,006208富邦台50,8,57,-49
 中信託文      ,台達化,0,43,-43
 中信託文      ,00642U期元大S＆P石油,0,40,-40
 中信託文      ,威盛,1,37,-36
 中信託文      ,長榮航,45,80,-35
 中信託文      ,00852L國泰美國道瓊正2,4,39,-35
 中信託文      ,華城,5,40,-35
 中信託文      ,00919群益台灣精選高息,67,102,-35
 中信託文      ,鴻準,7,41,-34
 中信託文      ,00675L富邦臺灣加權正2,6,39,-33
 中信託文      ,00922國泰台灣領袖50,5,37,-32
 中信託文      ,00968B元大優息投等債,0,32,-32
 中信託文      ,訊芯-KY,7,39,-32
 中信託文      ,陽明,9,41,-32
 中信託文      ,00954中信日本半導體,0,31,-31
 中信託文      ,00795B中信美國公債20年,21,51,-30
 中信託文      ,興能高,185,214,-29
 中信託文      ,00972野村日本動能高息,0,27,-27
 中信託文      ,日月光投控,1,28,-27
 中信託文      ,盟立,2,28,-26
 中信託文      ,00927群益半導體收益,1,27,-26
 中信託文      ,00951台新日本半導體,0,26,-26
 中信託文      ,立��,50,76,-26
 中信託文      ,神達,82,108,-26
 中信託文      ,00680L元大美債20正2,15,40,-25
 中信託文      ,全球傳動,2,26,-24
 中信託文      ,新盛力,87,110,-23
 中信託文      ,00941中信上游半導體,0,23,-23
 中信託文      ,00679B元大美債20年,31,54,-23
 中信託文      ,00896中信綠能及電動車,0,22,-22
 中信託文      ,華紙,0,21,-21
 中信託文      ,鉅祥,0,21,-21
 元大南投,三商壽,250,20,230
 元大南投,00878國泰永續高股息,266,39,227
 元大南投,聯電,227,52,175
 元大南投,00632R元大台灣50反1,105,1,104
 元大南投,00713元大台灣高息低波,58,2,56
 元大南投,00637L元大滬深300正2,61,8,53
 元大南投,南茂,74,28,46
 元大南投,00919群益台灣精選高息,45,5,40
 元大南投,00915凱基優選高股息30,37,0,37
 元大南投,00665L富邦�琤肭磪囓�2,33,0,33
 元大南投,緯創,51,19,32
 元大南投,00706L期元大S＆P日圓正2,31,0,31
 元大南投,00918大華優利高填息30,23,1,22
 元大南投,00927群益半導體收益,20,0,20
 元大南投,健喬,20,0,20
 元大南投,元大高股息,33,19,14
 元大南投,00679B元大美債20年,15,1,14
 元大南投,00664R國泰臺灣加權反1,14,0,14
 元大南投,亞昕,14,0,14
 元大南投,新盛力,54,40,14
 元大南投,中鋼,23,10,13
 元大南投,旺宏,15,2,13
 元大南投,能率網通,14,2,12
 元大南投,大成鋼,20,8,12
 元大南投,台中銀,11,0,11
 元大南投,00650L復華香港正2,11,0,11
 元大南投,聯光通,21,10,11
 元大南投,緯穎,10,0,10
 元大南投,00887永豐中國科技50大,10,0,10
 元大南投,大毅,10,0,10
 元大南投,00858永豐美國500大,12,2,10
 元大南投,00937B群益ESG投等債20,10,0,10
 元大南投,華立,10,1,9
 元大南投,事欣科,9,0,9
 元大南投,寶成,11,2,9
 元大南投,全球傳動,9,1,8
 元大南投,台揚,10,2,8
 元大南投,正德,7,0,7
 元大南投,明泰,10,3,7
 元大南投,百和興業-KY,7,0,7
 元大南投,泓德能源,6,0,6
 元大南投,加百裕,15,9,6
 元大南投,華邦電,6,0,6
 元大南投,連展投控,16,10,6
 元大南投,蜜望實,7,1,6
 元大南投,亞泰,7,1,6
 元大南投,凱美,16,10,6
 元大南投,台泥,5,0,5
 元大南投,昇佳電子,5,0,5
 元大南投,統一證,5,0,5
 元大南投,00929復華台灣科技優息,0,155,-155
 元大南投,00940元大台灣價值高息,6,93,-87
 元大南投,00965元大航太防衛科技,3,71,-68
 元大南投,00666R富邦�琤肭磪齯�1,22,82,-60
 元大南投,00882中信中國高股息,12,60,-48
 元大南投,華航,6,47,-41
 元大南投,00892富邦台灣半導體,0,40,-40
 元大南投,宏達電,65,104,-39
 元大南投,新光金,0,35,-35
 元大南投,力積電,52,85,-33
 元大南投,00945B凱基美國非投等債,2,34,-32
 元大南投,映泰,0,31,-31
 元大南投,00885富邦越南,0,30,-30
 元大南投,群創,2,30,-28
 元大南投,富喬,31,56,-25
 元大南投,欣銓,3,28,-25
 元大南投,振樺電,0,25,-25
 元大南投,興能高,172,196,-24
 元大南投,合一,1,24,-23
 元大南投,長榮,3,24,-21
 元大南投,00936台新永續高息中小,1,21,-20
 元大南投,00642U期元大S＆P石油,0,19,-19
 元大南投,元大金,1,20,-19
 元大南投,富邦金,1,19,-18
 元大南投,00901永豐智能車供應鏈,0,17,-17
 元大南投,神達,58,74,-16
 元大南投,亞翔,19,34,-15
 元大南投,聯上,0,15,-15
 元大南投,鴻海,11,26,-15
 元大南投,00688L國泰20年美債正2,0,14,-14
 元大南投,大同,5,18,-13
 元大南投,GIS-KY,0,13,-13
 元大南投,00916國泰全球品牌50,0,12,-12
 元大南投,華通,2,14,-12
 元大南投,僑威,10,22,-12
 元大南投,長榮航,8,19,-11
 元大南投,光寶科,0,11,-11
 元大南投,國泰金,0,10,-10
 元大南投,友訊,2,12,-10
 元大南投,台新金,1,11,-10
 元大南投,華榮,0,10,-10
 元大南投,00631L元大台灣50正2,0,9,-9
 元大南投,中磊,0,9,-9
 元大南投,宏致,4,12,-8
 元大南投,日月光投控,1,9,-8
 元大南投,晟銘電,2,10,-8
 元大南投,堤維西,3,11,-8
 元大南投,00891中信關鍵半導體,0,7,-7
 元大南投,國喬,0,7,-7
 元大南投,友達,0,7,-7
國票新莊,00733富邦臺灣中小,110,0,110
國票新莊,00953B群益優選非投等債,80,0,80
國票新莊,王道銀行,60,0,60
國票新莊,00637L元大滬深300正2,58,16,42
國票新莊,00937B群益ESG投等債20,41,0,41
國票新莊,聯電,49,9,40
國票新莊,台燿,32,0,32
國票新莊,泰詠,16,0,16
國票新莊,國統,24,8,16
國票新莊,台積電,24,9,15
國票新莊,眾達-KY,13,1,12
國票新莊,新盛力,30,19,11
國票新莊,京元電子,11,1,10
國票新莊,建漢,10,0,10
國票新莊,穎漢,10,0,10
國票新莊,南電,10,0,10
國票新莊,久威,9,0,9
國票新莊,健和興,9,0,9
國票新莊,原相,9,0,9
國票新莊,鑫創,9,0,9
國票新莊,永豐金,7,0,7
國票新莊,堤維西,113,106,7
國票新莊,長榮航,7,0,7
國票新莊,欣興,8,1,7
國票新莊,朋億*,8,1,7
國票新莊,新光金,6,0,6
國票新莊,南茂,6,0,6
國票新莊,匯鑽科,6,0,6
國票新莊,緯創,8,3,5
國票新莊,00665L富邦�琤肭磪囓�2,5,0,5
國票新莊,00687B國泰20年美債,5,0,5
國票新莊,00686R群益臺灣加權反1,5,0,5
國票新莊,中信金,5,0,5
國票新莊,興能高,29,24,5
國票新莊,保銳,5,0,5
國票新莊,達邁,15,11,4
國票新莊,恆大,4,0,4
國票新莊,佳能,7,3,4
國票新莊,瑞鼎,4,0,4
國票新莊,華容,4,0,4
國票新莊,00675L富邦臺灣加權正2,3,0,3
國票新莊,00753L中信中國50正2,3,0,3
國票新莊,00671R富邦NASDAQ反1,3,0,3
國票新莊,宇隆,3,0,3
國票新莊,立隆電,3,0,3
國票新莊,東捷資訊,3,0,3
國票新莊,陽明,6,3,3
國票新莊,萬潤,3,0,3
國票新莊,00632R元大台灣50反1,2,0,2
國票新莊,00664R國泰臺灣加權反1,2,0,2
國票新莊,00946群益科技高息成長,0,280,-280
國票新莊,00929復華台灣科技優息,0,66,-66
國票新莊,興勤,50,115,-65
國票新莊,台肥,0,60,-60
國票新莊,00954中信日本半導體,0,58,-58
國票新莊,00881國泰台灣5G+,0,52,-52
國票新莊,和碩,0,50,-50
國票新莊,00877復華中國5G,0,45,-45
國票新莊,英濟,2,30,-28
國票新莊,仁寶,0,20,-20
國票新莊,神達,15,32,-17
國票新莊,00679B元大美債20年,3,20,-17
國票新莊,00967B元大優息美債,0,16,-16
國票新莊,宏達電,12,24,-12
國票新莊,順達,5,16,-11
國票新莊,鴻海,2,13,-11
國票新莊,006208富邦台50,1,11,-10
國票新莊,光洋科,0,10,-10
國票新莊,艾訊,1,11,-10
國票新莊,晶呈科技,34,44,-10
國票新莊,精成科,1,10,-9
國票新莊,友達,1,10,-9
國票新莊,利機,58,67,-9
國票新莊,00631L元大台灣50正2,0,8,-8
國票新莊,系統電,4,12,-8
國票新莊,技嘉,0,8,-8
國票新莊,00712復華富時不動產,0,7,-7
國票新莊,國泰金,0,7,-7
國票新莊,先進光,0,7,-7
國票新莊,立軒,4,11,-7
國票新莊,宸曜,1,8,-7
國票新莊,00917中信特選金融,0,6,-6
國票新莊,00936台新永續高息中小,0,6,-6
國票新莊,大綜,0,6,-6
國票新莊,力積電,10,16,-6
國票新莊,汎銓,3,9,-6
國票新莊,泓德能源,0,6,-6
國票新莊,富喬,1,6,-5
國票新莊,致茂,0,5,-5
國票新莊,一詮,1,6,-5
國票新莊,富邦金,0,5,-5
國票新莊,日月光投控,0,5,-5
國票新莊,富采,0,5,-5
國票新莊,中華化,0,4,-4
國票新莊,華航,0,4,-4
國票新莊,光環,0,4,-4
國票新莊,立敦,18,22,-4
國票新莊,龍德造船,0,4,-4
國票新莊,00934中信成長高股息,0,3,-3
國票新莊,宏��,0,3,-3
永豐台中,00706L期元大S＆P日圓正2,777,0,777
永豐台中,00637L元大滬深300正2,1703,1208,495
永豐台中,欣銓,181,60,121
永豐台中,聯電,123,15,108
永豐台中,力積電,137,45,92
永豐台中,00679B元大美債20年,53,1,52
永豐台中,彩晶,50,0,50
永豐台中,00882中信中國高股息,44,0,44
永豐台中,00878國泰永續高股息,56,13,43
永豐台中,亞光,54,20,34
永豐台中,僑威,34,4,30
永豐台中,00712復華富時不動產,34,4,30
永豐台中,世紀鋼,32,3,29
永豐台中,統一超,27,0,27
永豐台中,佳能,35,8,27
永豐台中,元翎,30,5,25
永豐台中,亞帝歐,22,0,22
永豐台中,達邁,29,8,21
永豐台中,虹冠電,21,0,21
永豐台中,00688L國泰20年美債正2,20,0,20
永豐台中,致和證,20,0,20
永豐台中,廣豐,20,0,20
永豐台中,英業達,45,25,20
永豐台中,大成鋼,20,0,20
永豐台中,00858永豐美國500大,21,4,17
永豐台中,金寶,34,17,17
永豐台中,彬台,19,2,17
永豐台中,兆豐金,16,0,16
永豐台中,先益,16,0,16
永豐台中,00633L富邦上証正2,16,1,15
永豐台中,00953B群益優選非投等債,15,0,15
永豐台中,英濟,21,7,14
永豐台中,00919群益台灣精選高息,29,16,13
永豐台中,00887永豐中國科技50大,30,17,13
永豐台中,00907永豐優息存股,13,0,13
永豐台中,欣興,19,6,13
永豐台中,00680L元大美債20正2,12,0,12
永豐台中,00753L中信中國50正2,18,6,12
永豐台中,00642U期元大S＆P石油,12,0,12
永豐台中,中華化,11,0,11
永豐台中,00937B群益ESG投等債20,58,48,10
永豐台中,高力,10,0,10
永豐台中,台特化,11,1,10
永豐台中,大立,10,0,10
永豐台中,今皓,10,0,10
永豐台中,佳大,10,0,10
永豐台中,鈺德,10,0,10
永豐台中,宏遠證,10,0,10
永豐台中,南亞科,10,0,10
永豐台中,建準,10,0,10
永豐台中,00971野村美國研發龍頭,0,132,-132
永豐台中,潤泰新,0,82,-82
永豐台中,華航,3,66,-63
永豐台中,00720B元大投資級公司債,0,54,-54
永豐台中,00958B永豐ESG銀行債15,0,50,-50
永豐台中,00965元大航太防衛科技,5,48,-43
永豐台中,群創,2,41,-39
永豐台中,00940元大台灣價值高息,4,40,-36
永豐台中,宏達電,80,114,-34
永豐台中,富邦金,2,35,-33
永豐台中,大同,10,38,-28
永豐台中,元大高股息,15,42,-27
永豐台中,00910第一金太空衛星,0,26,-26
永豐台中,00687B國泰20年美債,50,76,-26
永豐台中,台積電,18,43,-25
永豐台中,新光金,100,123,-23
永豐台中,陽明,10,32,-22
永豐台中,友達,64,85,-21
永豐台中,東台,0,21,-21
永豐台中,00673R期元大S＆P原油反1,0,20,-20
永豐台中,中鋼,12,32,-20
永豐台中,創惟,2,21,-19
永豐台中,00922國泰台灣領袖50,0,19,-19
永豐台中,立敦,3,21,-18
永豐台中,隆銘綠能,0,18,-18
永豐台中,神基,2,20,-18
永豐台中,彰銀,0,17,-17
永豐台中,00929復華台灣科技優息,11,27,-16
永豐台中,緯軟,0,16,-16
永豐台中,順達,21,36,-15
永豐台中,來頡,1,15,-14
永豐台中,聯強,1,15,-14
永豐台中,元太,0,14,-14
永豐台中,光寶科,1,14,-13
永豐台中,鴻準,20,33,-13
永豐台中,福懋油,0,13,-13
永豐台中,00877復華中國5G,0,13,-13
永豐台中,00923群益台ESG低碳50,6,18,-12
永豐台中,長榮航,10,22,-12
永豐台中,00934中信成長高股息,0,12,-12
永豐台中,致茂,0,12,-12
永豐台中,00900富邦特選高股息30,0,12,-12
永豐台中,新日興,4,16,-12
永豐台中,邁達特,2,13,-11
永豐台中,00715L期街口布蘭特正2,2,13,-11
永豐台中,圓剛,3,14,-11
永豐台中,勤誠,6,16,-10
永豐台中,台塑化,0,10,-10
永豐台中,00936台新永續高息中小,0,10,-10
永豐台中,東浦,0,10,-10
 元大苗栗,中鴻,38,2,36
 元大苗栗,華星光,71,38,33
 元大苗栗,00937B群益ESG投等債20,30,0,30
 元大苗栗,聯電,56,28,28
 元大苗栗,00673R期元大S＆P原油反1,27,0,27
 元大苗栗,力積電,47,27,20
 元大苗栗,德宏,20,0,20
 元大苗栗,00919群益台灣精選高息,24,4,20
 元大苗栗,00864B中信美國公債0-1,16,0,16
 元大苗栗,台塑,19,3,16
 元大苗栗,00637L元大滬深300正2,16,1,15
 元大苗栗,立敦,30,15,15
 元大苗栗,00753L中信中國50正2,15,1,14
 元大苗栗,統一證,32,18,14
 元大苗栗,台積電,18,5,13
 元大苗栗,泰金寶-DR,59,46,13
 元大苗栗,00650L復華香港正2,12,0,12
 元大苗栗,騰輝電子-KY,20,9,11
 元大苗栗,順達,25,14,11
 元大苗栗,00918大華優利高填息30,10,0,10
 元大苗栗,台新金,10,0,10
 元大苗栗,位速,10,0,10
 元大苗栗,台火,10,0,10
 元大苗栗,宏達電,59,49,10
 元大苗栗,勤美,10,0,10
 元大苗栗,聯發科,10,0,10
 元大苗栗,00882中信中國高股息,9,0,9
 元大苗栗,加百裕,8,1,7
 元大苗栗,友勁,7,0,7
 元大苗栗,00639富邦深100,6,0,6
 元大苗栗,所羅門,6,0,6
 元大苗栗,堤維西,7,1,6
 元大苗栗,訊芯-KY,6,0,6
 元大苗栗,廣達,5,0,5
 元大苗栗,昇達科,7,2,5
 元大苗栗,訊舟,20,15,5
 元大苗栗,富華新,5,0,5
 元大苗栗,兆利,6,1,5
 元大苗栗,力新,5,0,5
 元大苗栗,能率,5,0,5
 元大苗栗,亞通,5,0,5
 元大苗栗,雲豹能源,8,3,5
 元大苗栗,富鼎,5,0,5
 元大苗栗,00635U期元大S＆P黃金,5,0,5
 元大苗栗,00770國泰北美科技,4,0,4
 元大苗栗,00757統一FANG+,4,0,4
 元大苗栗,00632R元大台灣50反1,4,0,4
 元大苗栗,00679B元大美債20年,4,0,4
 元大苗栗,00969B元大零息超長美債,4,0,4
 元大苗栗,智邦,4,0,4
 元大苗栗,新光金,0,72,-72
 元大苗栗,00929復華台灣科技優息,40,111,-71
 元大苗栗,大同,0,70,-70
 元大苗栗,神達,65,126,-61
 元大苗栗,群創,0,51,-51
 元大苗栗,擎亞,1,50,-49
 元大苗栗,華航,2,51,-49
 元大苗栗,00965元大航太防衛科技,0,47,-47
 元大苗栗,浪凡,0,42,-42
 元大苗栗,00887永豐中國科技50大,0,32,-32
 元大苗栗,00715L期街口布蘭特正2,0,30,-30
 元大苗栗,00878國泰永續高股息,9,34,-25
 元大苗栗,興能高,105,129,-24
 元大苗栗,鴻準,3,23,-20
 元大苗栗,宏齊,0,20,-20
 元大苗栗,和椿,20,35,-15
 元大苗栗,綠界科技*,0,14,-14
 元大苗栗,鴻海,8,21,-13
 元大苗栗,全球傳動,10,22,-12
 元大苗栗,00688L國泰20年美債正2,6,17,-11
 元大苗栗,連展投控,0,11,-11
 元大苗栗,宏致,19,30,-11
 元大苗栗,00905FT臺灣Smart,0,10,-10
 元大苗栗,永道-KY,0,10,-10
 元大苗栗,云辰,0,10,-10
 元大苗栗,弘凱,0,10,-10
 元大苗栗,至上,0,10,-10
 元大苗栗,百和,0,10,-10
 元大苗栗,富邦金,2,12,-10
 元大苗栗,玉山金,0,10,-10
 元大苗栗,台達電,0,10,-10
 元大苗栗,緯創,14,23,-9
 元大苗栗,長榮,3,12,-9
 元大苗栗,新日興,1,10,-9
 元大苗栗,嘉聯益,0,9,-9
 元大苗栗,元大台灣50,1,10,-9
 元大苗栗,天擎,0,8,-8
 元大苗栗,00891中信關鍵半導體,0,7,-7
 元大苗栗,金像電,0,7,-7
 元大苗栗,佳能,7,14,-7
 元大苗栗,欣銓,5,12,-7
 元大苗栗,陽明,2,8,-6
 元大苗栗,00934中信成長高股息,0,6,-6
 元大苗栗,00936台新永續高息中小,0,6,-6
 元大苗栗,晶華,0,6,-6
 元大苗栗,華城,0,5,-5
 元大苗栗,00940元大台灣價值高息,10,15,-5
 元大苗栗,00783富邦中証500,0,5,-5
 元大苗栗,00948B中信優息投資級債,0,5,-5
 元大苗栗,中石化,0,5,-5
第一路竹,00706L期元大S＆P日圓正2,350,0,350
第一路竹,泰金寶-DR,243,28,215
第一路竹,00937B群益ESG投等債20,161,0,161
第一路竹,聯電,118,19,99
第一路竹,00959B大華投等美債15Y+,92,0,92
第一路竹,00712復華富時不動產,113,25,88
第一路竹,00881國泰台灣5G+,63,2,61
第一路竹,宜進,60,0,60
第一路竹,臺企銀,82,22,60
第一路竹,百和興業-KY,52,0,52
第一路竹,00674R期元大S＆P黃金反1,57,5,52
第一路竹,榮運,51,0,51
第一路竹,緯創,52,7,45
第一路竹,00909國泰數位支付服務,41,1,40
第一路竹,光洋科,33,1,32
第一路竹,力成,32,3,29
第一路竹,昆盈,33,5,28
第一路竹,富喬,26,3,23
第一路竹,00858永豐美國500大,22,0,22
第一路竹,駿吉-KY,25,4,21
第一路竹,健亞,20,0,20
第一路竹,海光,20,0,20
第一路竹,永崴投控,21,2,19
第一路竹,鴻準,21,3,18
第一路竹,00918大華優利高填息30,16,0,16
第一路竹,00882中信中國高股息,25,10,15
第一路竹,慧洋-KY,16,1,15
第一路竹,達邁,62,47,15
第一路竹,台郡,14,0,14
第一路竹,00632R元大台灣50反1,14,1,13
第一路竹,崧騰,13,0,13
第一路竹,00960野村全球航運龍頭,12,0,12
第一路竹,上曜,12,0,12
第一路竹,華榮,13,1,12
第一路竹,00952凱基台灣AI50,12,0,12
第一路竹,合庫金,11,0,11
第一路竹,聯亞,10,0,10
第一路竹,歐買尬,10,0,10
第一路竹,精英,10,0,10
第一路竹,菱光,10,0,10
第一路竹,大億金茂,10,0,10
第一路竹,永信,10,0,10
第一路竹,廣達,11,1,10
第一路竹,00679B元大美債20年,20,10,10
第一路竹,國精化,9,0,9
第一路竹,英業達,21,12,9
第一路竹,時碩工業,19,11,8
第一路竹,00980B台新特選IG債10+,8,0,8
第一路竹,映泰,8,0,8
第一路竹,第一金,9,2,7
第一路竹,00940元大台灣價值高息,0,228,-228
第一路竹,佳大,0,177,-177
第一路竹,00673R期元大S＆P原油反1,20,155,-135
第一路竹,力積電,65,156,-91
第一路竹,新纖,0,82,-82
第一路竹,新光金,13,65,-52
第一路竹,廣宇,0,50,-50
第一路竹,金寶,7,53,-46
第一路竹,00929復華台灣科技優息,2,47,-45
第一路竹,00878國泰永續高股息,13,56,-43
第一路竹,00939統一台灣高息動能,0,42,-42
第一路竹,00934中信成長高股息,0,42,-42
第一路竹,南電,0,38,-38
第一路竹,陽明,11,46,-35
第一路竹,豐泰,0,33,-33
第一路竹,台虹,0,30,-30
第一路竹,超豐,0,27,-27
第一路竹,友訊,1,25,-24
第一路竹,華航,0,24,-24
第一路竹,南寶,0,23,-23
第一路竹,宏致,2,25,-23
第一路竹,南亞科,5,25,-20
第一路竹,00941中信上游半導體,0,20,-20
第一路竹,00692富邦公司治理,0,20,-20
第一路竹,和勤,0,20,-20
第一路竹,元大台灣50,0,17,-17
第一路竹,精成科,16,33,-17
第一路竹,宏達電,25,42,-17
第一路竹,台達電,1,16,-15
第一路竹,昇陽半導體,21,36,-15
第一路竹,台塑化,12,27,-15
第一路竹,欣銓,8,23,-15
第一路竹,006208富邦台50,1,16,-15
第一路竹,00935野村臺灣新科技50,0,14,-14
第一路竹,僑威,25,38,-13
第一路竹,泰鼎-KY,2,15,-13
第一路竹,海華,2,15,-13
第一路竹,日月光投控,4,16,-12
第一路竹,和大,1,12,-11
第一路竹,大成鋼,1,12,-11
第一路竹,彬台,1,11,-10
第一路竹,00948B中信優息投資級債,0,10,-10
第一路竹,皇昌,4,14,-10
第一路竹,友達,0,10,-10
第一路竹,00738U期元大道瓊白銀,0,10,-10
第一路竹,彰銀,0,10,-10
第一路竹,00772B中信高評級公司債,0,10,-10
第一路竹,00725B國泰投資級公司債,0,10,-10
第一路竹,00670L富邦NASDAQ正2,0,10,-10
第一路竹,環宇-KY,28,38,-10
華南桃園,台新金,130,26,104
華南桃園,金寶,80,0,80
華南桃園,大成鋼,74,5,69
華南桃園,聯電,57,4,53
華南桃園,凱基金,57,10,47
華南桃園,國泰金,25,0,25
華南桃園,兆豐金,25,0,25
華南桃園,第一金,25,1,24
華南桃園,神達,233,209,24
華南桃園,時碩工業,23,0,23
華南桃園,亞泰,20,0,20
華南桃園,台燿,20,0,20
華南桃園,華安,20,0,20
華南桃園,連展投控,20,2,18
華南桃園,00878國泰永續高股息,16,0,16
華南桃園,晶技,16,2,14
華南桃園,玉晶光,11,0,11
華南桃園,新華,10,0,10
華南桃園,00960野村全球航運龍頭,10,0,10
華南桃園,堤維西,10,0,10
華南桃園,00738U期元大道瓊白銀,9,0,9
華南桃園,00919群益台灣精選高息,10,2,8
華南桃園,00935野村臺灣新科技50,8,0,8
華南桃園,友訊,10,2,8
華南桃園,大中,8,0,8
華南桃園,元大高股息,9,2,7
華南桃園,聯上發,6,0,6
華南桃園,00937B群益ESG投等債20,6,0,6
華南桃園,欣興,6,1,5
華南桃園,中環,5,0,5
華南桃園,00650L復華香港正2,5,0,5
華南桃園,00971野村美國研發龍頭,5,0,5
華南桃園,大亞,5,0,5
華南桃園,亞光,11,6,5
華南桃園,銘異,5,0,5
華南桃園,合庫金,5,0,5
華南桃園,緯創,17,14,3
華南桃園,京元電子,7,4,3
華南桃園,德晉,3,0,3
華南桃園,世禾,3,0,3
華南桃園,立積,3,0,3
華南桃園,眾達-KY,7,4,3
華南桃園,精成科,4,1,3
華南桃園,愛普*,6,3,3
華南桃園,高端疫苗,3,0,3
華南桃園,龍德造船,3,0,3
華南桃園,盟立,3,0,3
華南桃園,006208富邦台50,4,1,3
華南桃園,技嘉,2,0,2
華南桃園,00753L中信中國50正2,2,0,2
華南桃園,力積電,28,868,-840
華南桃園,00918大華優利高填息30,0,218,-218
華南桃園,華南金,0,127,-127
華南桃園,環宇-KY,2,97,-95
華南桃園,順達,12,44,-32
華南桃園,鴻準,20,50,-30
華南桃園,00692富邦公司治理,0,26,-26
華南桃園,中租-KY,0,25,-25
華南桃園,貿聯-KY,1,21,-20
華南桃園,擎亞,35,53,-18
華南桃園,彬台,0,17,-17
華南桃園,00929復華台灣科技優息,0,16,-16
華南桃園,台塑,0,16,-16
華南桃園,富喬,2,18,-16
華南桃園,超豐,0,15,-15
華南桃園,台積電,1,16,-15
華南桃園,宏致,8,22,-14
華南桃園,康聯訊,0,14,-14
華南桃園,新盛力,16,30,-14
華南桃園,英濟,4,18,-14
華南桃園,友達,3,16,-13
華南桃園,國喬,0,12,-12
華南桃園,新光金,0,12,-12
華南桃園,00915凱基優選高股息30,4,15,-11
華南桃園,00665L富邦�琤肭磪囓�2,0,11,-11
華南桃園,00637L元大滬深300正2,11,22,-11
華南桃園,致伸,0,11,-11
華南桃園,山林水,0,10,-10
華南桃園,佳和,0,10,-10
華南桃園,玉山金,0,10,-10
華南桃園,達邁,31,41,-10
華南桃園,千附精密,0,10,-10
華南桃園,00632R元大台灣50反1,0,8,-8
華南桃園,00910第一金太空衛星,0,8,-8
華南桃園,華邦電,1,8,-7
華南桃園,瑞軒,10,17,-7
華南桃園,高鋒,0,7,-7
華南桃園,立隆電,5,12,-7
華南桃園,00940元大台灣價值高息,0,6,-6
華南桃園,映泰,0,6,-6
華南桃園,歐買尬,0,6,-6
華南桃園,宏齊,0,6,-6
華南桃園,泰金寶-DR,44,50,-6
華南桃園,大同,3,9,-6
華南桃園,陽明,19,25,-6
華南桃園,台船,0,5,-5
華南桃園,凌陽,1,6,-5
華南桃園,揚博,0,5,-5
華南桃園,亞航,2,7,-5
華南桃園,富邦金,6,11,-5
兆豐桃園,00878國泰永續高股息,214,6,208
兆豐桃園,聯電,113,23,90
兆豐桃園,00753L中信中國50正2,100,12,88
兆豐桃園,00937B群益ESG投等債20,77,13,64
兆豐桃園,第一金,49,6,43
兆豐桃園,台灣大,140,100,40
兆豐桃園,00919群益台灣精選高息,42,5,37
兆豐桃園,00971野村美國研發龍頭,36,0,36
兆豐桃園,00968B元大優息投等債,30,1,29
兆豐桃園,00671R富邦NASDAQ反1,25,0,25
兆豐桃園,南亞科,23,0,23
兆豐桃園,華航,28,5,23
兆豐桃園,亞光,34,11,23
兆豐桃園,宏達電,159,137,22
兆豐桃園,中天,20,0,20
兆豐桃園,世界,21,2,19
兆豐桃園,00637L元大滬深300正2,18,0,18
兆豐桃園,眾達-KY,60,44,16
兆豐桃園,昇陽半導體,17,2,15
兆豐桃園,00664R國泰臺灣加權反1,15,0,15
兆豐桃園,凱鈺,14,0,14
兆豐桃園,彩晶,15,2,13
兆豐桃園,緯創,32,19,13
兆豐桃園,00918大華優利高填息30,13,2,11
兆豐桃園,00972野村日本動能高息,11,0,11
兆豐桃園,創意,12,1,11
兆豐桃園,力麗店,12,1,11
兆豐桃園,泰金寶-DR,35,24,11
兆豐桃園,原相,10,0,10
兆豐桃園,兆豐金,10,0,10
兆豐桃園,國巨,10,0,10
兆豐桃園,裕民,10,0,10
兆豐桃園,易飛網,10,0,10
兆豐桃園,王座,10,0,10
兆豐桃園,遠百,10,0,10
兆豐桃園,優群,10,0,10
兆豐桃園,凡甲,10,0,10
兆豐桃園,jpp-KY,12,2,10
兆豐桃園,鄉林,10,0,10
兆豐桃園,群光,10,0,10
兆豐桃園,圓剛,19,9,10
兆豐桃園,連展投控,11,2,9
兆豐桃園,環宇-KY,20,12,8
兆豐桃園,創為精密,8,0,8
兆豐桃園,新光金,22,15,7
兆豐桃園,00751B元大AAA至A公司債,7,0,7
兆豐桃園,耿鼎,8,1,7
兆豐桃園,宏��,7,0,7
兆豐桃園,友達,10,3,7
兆豐桃園,京元電子,7,0,7
兆豐桃園,00936台新永續高息中小,0,150,-150
兆豐桃園,00980B台新特選IG債10+,0,150,-150
兆豐桃園,長榮航,11,114,-103
兆豐桃園,立隆電,8,108,-100
兆豐桃園,鴻準,3,64,-61
兆豐桃園,定穎投控,0,51,-51
兆豐桃園,大同,0,43,-43
兆豐桃園,長榮鋼,0,40,-40
兆豐桃園,006208富邦台50,6,40,-34
兆豐桃園,華南金,0,30,-30
兆豐桃園,高僑,0,30,-30
兆豐桃園,00905FT臺灣Smart,0,29,-29
兆豐桃園,台積電,7,32,-25
兆豐桃園,鈞興-KY,1,26,-25
兆豐桃園,上品,0,21,-21
兆豐桃園,三洋電,0,19,-19
兆豐桃園,00679B元大美債20年,1,18,-17
兆豐桃園,00940元大台灣價值高息,0,17,-17
兆豐桃園,立敦,5,21,-16
兆豐桃園,迅得,0,16,-16
兆豐桃園,御嵿,1,17,-16
兆豐桃園,台新金,6,21,-15
兆豐桃園,00673R期元大S＆P原油反1,0,15,-15
兆豐桃園,00887永豐中國科技50大,0,14,-14
兆豐桃園,00757統一FANG+,2,15,-13
兆豐桃園,00715L期街口布蘭特正2,0,13,-13
兆豐桃園,和碩,0,13,-13
兆豐桃園,南帝,0,12,-12
兆豐桃園,力積電,10,22,-12
兆豐桃園,寶成,0,12,-12
兆豐桃園,興能高,97,108,-11
兆豐桃園,長榮,0,11,-11
兆豐桃園,00714群益道瓊美國地產,0,10,-10
兆豐桃園,遠見,0,10,-10
兆豐桃園,群創,0,10,-10
兆豐桃園,建暐,0,10,-10
兆豐桃園,富喬,49,58,-9
兆豐桃園,谷崧,0,9,-9
兆豐桃園,廣達,4,13,-9
兆豐桃園,00687B國泰20年美債,1,9,-8
兆豐桃園,聯成,0,8,-8
兆豐桃園,揚明光,2,10,-8
兆豐桃園,禾昌,0,8,-8
兆豐桃園,00922國泰台灣領袖50,1,9,-8
兆豐桃園,00631L元大台灣50正2,2,10,-8
兆豐桃園,國泰金,0,7,-7
兆豐桃園,中租-KY,0,7,-7
兆豐桃園,911608明輝-DR,0,7,-7
兆豐桃園,00897富邦基因免疫生技,0,6,-6
兆豐桃園,00935野村臺灣新科技50,0,6,-6
富邦左營,00664R國泰臺灣加權反1,80,0,80
富邦左營,緯創,81,8,73
富邦左營,金寶,72,1,71
富邦左營,三陽工業,65,1,64
富邦左營,長榮,61,1,60
富邦左營,00676R富邦臺灣加權反1,60,0,60
富邦左營,00753L中信中國50正2,54,0,54
富邦左營,00878國泰永續高股息,93,39,54
富邦左營,聯電,69,17,52
富邦左營,00937B群益ESG投等債20,55,11,44
富邦左營,永豐金,43,0,43
富邦左營,00686R群益臺灣加權反1,40,0,40
富邦左營,00631L元大台灣50正2,40,1,39
富邦左營,穩懋,40,1,39
富邦左營,新光金,542,505,37
富邦左營,00919群益台灣精選高息,34,8,26
富邦左營,廣達,25,1,24
富邦左營,鴻海,41,19,22
富邦左營,00650L復華香港正2,101,79,22
富邦左營,00918大華優利高填息30,21,1,20
富邦左營,濱川,20,1,19
富邦左營,00738U期元大道瓊白銀,17,0,17
富邦左營,00900富邦特選高股息30,16,0,16
富邦左營,信立,17,1,16
富邦左營,00932兆豐永續高息等權,14,0,14
富邦左營,和康生,15,2,13
富邦左營,神達,57,46,11
富邦左營,榮剛,11,0,11
富邦左營,00858永豐美國500大,11,0,11
富邦左營,00633L富邦上証正2,11,0,11
富邦左營,中聯資源,10,0,10
富邦左營,富采,11,1,10
富邦左營,00648R元大S＆P500反1,10,0,10
富邦左營,海華,10,0,10
富邦左營,00671R富邦NASDAQ反1,10,0,10
富邦左營,00687B國泰20年美債,10,0,10
富邦左營,台新金,12,3,9
富邦左營,英業達,11,3,8
富邦左營,台玻,8,0,8
富邦左營,00966B統一ESG投等債15,8,0,8
富邦左營,台灣虎航,9,1,8
富邦左營,欣興,9,2,7
富邦左營,和成,8,1,7
富邦左營,00912中信臺灣智慧50,6,0,6
富邦左營,創惟,7,1,6
富邦左營,00632R元大台灣50反1,6,0,6
富邦左營,00953B群益優選非投等債,6,0,6
富邦左營,京元電子,8,2,6
富邦左營,展達,6,0,6
富邦左營,立端,6,0,6
富邦左營,00637L元大滬深300正2,4,440,-436
富邦左營,00680L元大美債20正2,0,390,-390
富邦左營,台泥,2,107,-105
富邦左營,00929復華台灣科技優息,8,96,-88
富邦左營,00965元大航太防衛科技,0,73,-73
富邦左營,如興,0,69,-69
富邦左營,華南金,0,56,-56
富邦左營,00712復華富時不動產,4,56,-52
富邦左營,湧德,0,51,-51
富邦左營,00947台新臺灣IC設計,0,42,-42
富邦左營,台揚,0,42,-42
富邦左營,00772B中信高評級公司債,0,40,-40
富邦左營,矽格,0,32,-32
富邦左營,聯光通,5,35,-30
富邦左營,光寶科,0,29,-29
富邦左營,國泰金,0,29,-29
富邦左營,00877復華中國5G,0,25,-25
富邦左營,星宇航空,0,24,-24
富邦左營,00893國泰智能電動車,0,24,-24
富邦左營,00910第一金太空衛星,8,32,-24
富邦左營,富邦金,5,28,-23
富邦左營,凱基金,0,23,-23
富邦左營,元大高股息,12,35,-23
富邦左營,采鈺,0,22,-22
富邦左營,00922國泰台灣領袖50,1,22,-21
富邦左營,00907永豐優息存股,1,22,-21
富邦左營,華建,0,20,-20
富邦左營,千興,0,20,-20
富邦左營,00675L富邦臺灣加權正2,0,19,-19
富邦左營,友達,2,18,-16
富邦左營,00673R期元大S＆P原油反1,2,17,-15
富邦左營,松翰,0,15,-15
富邦左營,00891中信關鍵半導體,1,15,-14
富邦左營,正達,1,15,-14
富邦左營,波若威,9,22,-13
富邦左營,華城,0,13,-13
富邦左營,華航,0,13,-13
富邦左營,00934中信成長高股息,0,13,-13
富邦左營,亞翔,4,17,-13
富邦左營,00940元大台灣價值高息,0,13,-13
富邦左營,宏致,23,35,-12
富邦左營,006208富邦台50,1,12,-11
富邦左營,00936台新永續高息中小,0,12,-12
富邦左營,友訊,1,12,-11
富邦左營,00941中信上游半導體,3,14,-11
富邦左營,順達,5,15,-10
富邦左營,凌巨,0,10,-10
富邦左營,大聯大,0,10,-10
富邦左營,新興,0,10,-10
富邦左營,新光鋼,0,10,-10
凱基市政,興能高,2132,128,2004
凱基市政,力積電,500,187,313
凱基市政,00637L元大滬深300正2,462,230,232
凱基市政,聯電,147,7,140
凱基市政,宏致,72,6,66
凱基市政,ITH-KY,60,0,60
凱基市政,華宏,50,0,50
凱基市政,一詮,45,0,45
凱基市政,美食-KY,58,15,43
凱基市政,00633L富邦上証正2,87,45,42
凱基市政,00919群益台灣精選高息,53,12,41
凱基市政,00632R元大台灣50反1,47,10,37
凱基市政,僑威,46,10,36
凱基市政,神達,102,71,31
凱基市政,長榮,39,13,26
凱基市政,長科*,25,0,25
凱基市政,英業達,30,5,25
凱基市政,2838A聯邦銀甲特,25,0,25
凱基市政,00655L國泰中國A50正2,24,0,24
凱基市政,精確,23,0,23
凱基市政,台新金,21,0,21
凱基市政,全新,21,0,21
凱基市政,高技,21,0,21
凱基市政,榮創,20,0,20
凱基市政,鉅陞,20,0,20
凱基市政,展�眥篕�,20,0,20
凱基市政,龍德造船,20,0,20
凱基市政,00753L中信中國50正2,19,0,19
凱基市政,力成,20,2,18
凱基市政,和勤,17,0,17
凱基市政,新盛力,56,40,16
凱基市政,沛波,16,0,16
凱基市政,元大高股息,22,7,15
凱基市政,聯合再生,15,0,15
凱基市政,00706L期元大S＆P日圓正2,15,0,15
凱基市政,台泥,16,1,15
凱基市政,長榮航,27,13,14
凱基市政,隆銘綠能,17,3,14
凱基市政,00878國泰永續高股息,28,15,13
凱基市政,00915凱基優選高股息30,13,0,13
凱基市政,鑽全,13,0,13
凱基市政,緯創,19,6,13
凱基市政,00679B元大美債20年,13,1,12
凱基市政,日電貿,13,2,11
凱基市政,光環,12,1,11
凱基市政,00882中信中國高股息,11,0,11
凱基市政,精材,10,0,10
凱基市政,00688L國泰20年美債正2,10,0,10
凱基市政,華夏,10,0,10
凱基市政,和碩,10,0,10
凱基市政,00676R富邦臺灣加權反1,0,400,-400
凱基市政,聯鈞,18,360,-342
凱基市政,順達,65,250,-185
凱基市政,凱基金,1,103,-102
凱基市政,千興,0,100,-100
凱基市政,00954中信日本半導體,0,60,-60
凱基市政,廣宇,51,101,-50
凱基市政,00968B元大優息投等債,0,50,-50
凱基市政,玉山金,1,51,-50
凱基市政,00929復華台灣科技優息,0,44,-44
凱基市政,日月光投控,3,44,-41
凱基市政,臺企銀,0,38,-38
凱基市政,台積電,271,302,-31
凱基市政,鼎元,0,30,-30
凱基市政,00708L期元大S＆P黃金正2,0,25,-25
凱基市政,矽格,0,25,-25
凱基市政,00971野村美國研發龍頭,0,24,-24
凱基市政,富采,0,24,-24
凱基市政,南電,1,25,-24
凱基市政,中信金,0,23,-23
凱基市政,世豐,0,20,-20
凱基市政,00945B凱基美國非投等債,0,20,-20
凱基市政,元大台灣50,7,26,-19
凱基市政,國泰金,0,19,-19
凱基市政,大同,4,22,-18
凱基市政,00680L元大美債20正2,3,21,-18
凱基市政,00922國泰台灣領袖50,3,21,-18
凱基市政,匯鑽科,0,18,-18
凱基市政,台塑,2,20,-18
凱基市政,光寶科,0,16,-16
凱基市政,新應材,6,21,-15
凱基市政,00892富邦台灣半導體,0,15,-15
凱基市政,欣銓,97,112,-15
凱基市政,映泰,0,15,-15
凱基市政,00673R期元大S＆P原油反1,35,50,-15
凱基市政,台灣虎航,0,15,-15
凱基市政,美德醫療-DR,0,15,-15
凱基市政,00938凱基優選30,0,14,-14
凱基市政,華航,0,14,-14
凱基市政,00881國泰台灣5G+,0,14,-14
凱基市政,00941中信上游半導體,0,13,-13
凱基市政,彰銀,0,12,-12
凱基市政,00631L元大台灣50正2,7,20,-13
凱基市政,00891中信關鍵半導體,0,12,-12
凱基市政,00893國泰智能電動車,0,12,-12
凱基市政,偉訓,2,13,-11
凱基市政,聯發科,0,10,-10
凱基市政,00946群益科技高息成長,0,10,-10
凱基市政,00965元大航太防衛科技,0,10,-10
凱基市政,00966B統一ESG投等債15,0,10,-10
凱基北門,三商壽,45,0,45
凱基北門,聯電,39,10,29
凱基北門,和椿,52,24,28
凱基北門,00910第一金太空衛星,15,0,15
凱基北門,00878國泰永續高股息,12,0,12
凱基北門,00948B中信優息投資級債,10,0,10
凱基北門,聯亞,10,0,10
凱基北門,立德,10,0,10
凱基北門,聯光通,26,16,10
凱基北門,00757統一FANG+,11,2,9
凱基北門,玉山金,15,6,9
凱基北門,宏遠,10,2,8
凱基北門,英濟,15,7,8
凱基北門,台境*,8,0,8
凱基北門,元大高股息,9,1,8
凱基北門,00679B元大美債20年,7,0,7
凱基北門,富喬,17,10,7
凱基北門,00655L國泰中國A50正2,6,0,6
凱基北門,00632R元大台灣50反1,6,0,6
凱基北門,大銀微系統,8,2,6
凱基北門,緯創,7,2,5
凱基北門,創意,5,0,5
凱基北門,澤米,5,0,5
凱基北門,上曜,5,0,5
凱基北門,前鼎,7,2,5
凱基北門,興能高,47,42,5
凱基北門,眾達-KY,12,8,4
凱基北門,英業達,8,4,4
凱基北門,00633L富邦上証正2,8,4,4
凱基北門,百容,4,0,4
凱基北門,彰銀,4,0,4
凱基北門,歐買尬,4,0,4
凱基北門,信立,5,1,4
凱基北門,新復興,4,0,4
凱基北門,上海商銀,4,0,4
凱基北門,00918大華優利高填息30,3,0,3
凱基北門,永豐金,3,0,3
凱基北門,高端疫苗,3,0,3
凱基北門,00947台新臺灣IC設計,3,0,3
凱基北門,00968B元大優息投等債,3,0,3
凱基北門,南緯,3,0,3
凱基北門,圓剛,3,0,3
凱基北門,立隆電,7,4,3
凱基北門,愛山林,3,0,3
凱基北門,新興,3,0,3
凱基北門,威剛,4,1,3
凱基北門,中光電,3,0,3
凱基北門,華電網,3,0,3
凱基北門,伊雲谷,3,0,3
凱基北門,商之器,3,0,3
凱基北門,00965元大航太防衛科技,1,107,-106
凱基北門,00980B台新特選IG債10+,0,94,-94
凱基北門,00940元大台灣價值高息,2,50,-48
凱基北門,中鴻,0,30,-30
凱基北門,中信金,0,29,-29
凱基北門,鴻海,4,29,-25
凱基北門,國泰金,0,23,-23
凱基北門,00966B統一ESG投等債15,0,20,-20
凱基北門,00929復華台灣科技優息,0,19,-19
凱基北門,宏達電,48,66,-18
凱基北門,00887永豐中國科技50大,0,18,-18
凱基北門,力積電,1,18,-17
凱基北門,亞通,0,15,-15
凱基北門,00971野村美國研發龍頭,4,16,-12
凱基北門,神達,12,24,-12
凱基北門,00939統一台灣高息動能,0,10,-10
凱基北門,中石化,0,10,-10
凱基北門,新光金,0,10,-10
凱基北門,鼎固-KY,0,10,-10
凱基北門,四維航,0,10,-10
凱基北門,00937B群益ESG投等債20,0,10,-10
凱基北門,臺企銀,0,9,-9
凱基北門,00637L元大滬深300正2,1,10,-9
凱基北門,亞翔,5,14,-9
凱基北門,志強-KY,0,9,-9
凱基北門,00900富邦特選高股息30,0,8,-8
凱基北門,恆大,0,8,-8
凱基北門,長榮航,0,8,-8
凱基北門,弘凱,0,8,-8
凱基北門,雷虎,2,10,-8
凱基北門,00675L富邦臺灣加權正2,1,8,-7
凱基北門,台特化,17,24,-7
凱基北門,ITH-KY,0,7,-7
凱基北門,良維,1,8,-7
凱基北門,亞光,25,32,-7
凱基北門,00936台新永續高息中小,0,6,-6
凱基北門,億光,1,7,-6
凱基北門,僑威,0,6,-6
凱基北門,宏致,6,12,-6
凱基北門,九豪,0,6,-6
凱基北門,00715L期街口布蘭特正2,5,10,-5
凱基北門,杏輝,0,5,-5
凱基北門,00952凱基台灣AI50,0,5,-5
凱基北門,華南金,0,5,-5
凱基北門,台聚,0,4,-4
凱基北門,台達電,0,4,-4
凱基北門,所羅門,0,4,-4
凱基北門,友達,0,4,-4
凱基北門,波若威,16,20,-4
凱基北門,德晉,0,4,-4
土銀台中,聯電,53,2,51
土銀台中,彩晶,40,0,40
土銀台中,合庫金,35,0,35
土銀台中,群創,25,0,25
土銀台中,力成,24,0,24
土銀台中,冠德,15,0,15
土銀台中,新光金,15,3,12
土銀台中,技嘉,10,0,10
土銀台中,晟銘電,10,0,10
土銀台中,00679B元大美債20年,11,1,10
土銀台中,大成鋼,15,5,10
土銀台中,台虹,10,0,10
土銀台中,台泥,19,10,9
土銀台中,新盛力,10,1,9
土銀台中,欣興,8,1,7
土銀台中,中華電,8,1,7
土銀台中,神達,33,26,7
土銀台中,00919群益台灣精選高息,7,1,6
土銀台中,玉晶光,5,0,5
土銀台中,環泥,5,0,5
土銀台中,立德,5,0,5
土銀台中,友威科,5,0,5
土銀台中,大銀微系統,5,0,5
土銀台中,聯光通,6,1,5
土銀台中,眾達-KY,32,27,5
土銀台中,群益證,5,0,5
土銀台中,興能高,25,20,5
土銀台中,訊芯-KY,5,0,5
土銀台中,台塑,5,1,4
土銀台中,新纖,4,0,4
土銀台中,陽明,4,0,4
土銀台中,兆豐金,5,1,4
土銀台中,穩懋,4,0,4
土銀台中,錼創科技-KY創,4,0,4
土銀台中,00892富邦台灣半導體,3,0,3
土銀台中,00632R元大台灣50反1,3,0,3
土銀台中,00671R富邦NASDAQ反1,3,0,3
土銀台中,全新,4,1,3
土銀台中,台灣高鐵,3,0,3
土銀台中,夏都,3,0,3
土銀台中,統一證,3,0,3
土銀台中,僑威,5,2,3
土銀台中,緯創,4,1,3
土銀台中,博晟生醫,3,0,3
土銀台中,亞光,6,4,2
土銀台中,00648R元大S＆P500反1,2,0,2
土銀台中,00948B中信優息投資級債,2,0,2
土銀台中,00953B群益優選非投等債,2,0,2
土銀台中,宏泰,2,0,2
土銀台中,正隆,2,0,2
土銀台中,友達,0,80,-80
土銀台中,凱基金,0,43,-43
土銀台中,神基,0,41,-41
土銀台中,欣銓,2,36,-34
土銀台中,富邦金,0,20,-20
土銀台中,00937B群益ESG投等債20,0,20,-20
土銀台中,00959B大華投等美債15Y+,2,20,-18
土銀台中,友訊,0,18,-18
土銀台中,立敦,33,48,-15
土銀台中,東友,1,13,-12
土銀台中,00915凱基優選高股息30,0,11,-11
土銀台中,00929復華台灣科技優息,0,11,-11
土銀台中,00941中信上游半導體,0,10,-10
土銀台中,海光,0,10,-10
土銀台中,宏達電,41,50,-9
土銀台中,中鋼,5,13,-8
土銀台中,國統,0,8,-8
土銀台中,金寶,0,7,-7
土銀台中,元大高股息,0,6,-6
土銀台中,00733富邦臺灣中小,0,6,-6
土銀台中,00696B富邦美債20年,0,6,-6
土銀台中,中興電,0,5,-5
土銀台中,00940元大台灣價值高息,0,5,-5
土銀台中,三陽工業,0,5,-5
土銀台中,三商壽,0,5,-5
土銀台中,順達,0,5,-5
土銀台中,台積電,0,4,-4
土銀台中,00893國泰智能電動車,0,4,-4
土銀台中,環宇-KY,2,6,-4
土銀台中,新應材,0,4,-4
土銀台中,福懋,0,3,-3
土銀台中,00693U期街口S＆P黃豆,0,3,-3
土銀台中,華通,1,4,-3
土銀台中,廣宇,0,3,-3
土銀台中,大同,10,13,-3
土銀台中,威盛,0,3,-3
土銀台中,富華新,0,3,-3
土銀台中,立��,0,3,-3
土銀台中,華宏,0,3,-3
土銀台中,美吉吉-KY,0,3,-3
土銀台中,台中銀,0,2,-2
土銀台中,日月光投控,3,5,-2
土銀台中,00885富邦越南,0,2,-2
土銀台中,00878國泰永續高股息,4,6,-2
土銀台中,南港,0,2,-2
土銀台中,台揚,0,2,-2
土銀台中,順德,0,2,-2
土銀台中,中工,0,2,-2
土銀台中,長榮,1,3,-2
土銀台中,萬海,0,2,-2
土銀南港,00918大華優利高填息30,48,0,48
土銀南港,00830國泰費城半導體,42,5,37
土銀南港,慧洋-KY,31,0,31
土銀南港,菱生,30,0,30
土銀南港,聯電,47,30,17
土銀南港,和康生,40,25,15
土銀南港,大成鋼,10,0,10
土銀南港,新興,14,6,8
土銀南港,00941中信上游半導體,8,1,7
土銀南港,裕山,7,0,7
土銀南港,00724B群益投資級金融債,5,0,5
土銀南港,00715L期街口布蘭特正2,5,0,5
土銀南港,00882中信中國高股息,5,0,5
土銀南港,正隆,5,0,5
土銀南港,加百裕,5,0,5
土銀南港,前鼎,6,1,5
土銀南港,兆豐金,4,0,4
土銀南港,鴻海,3,0,3
土銀南港,00954中信日本半導體,3,0,3
土銀南港,中信金,3,0,3
土銀南港,欣興,3,0,3
土銀南港,神達,5,2,3
土銀南港,新盛力,5,2,3
土銀南港,訊達,4,1,3
土銀南港,振曜,3,0,3
土銀南港,力積電,5,2,3
土銀南港,新應材,2,0,2
土銀南港,00679B元大美債20年,2,0,2
土銀南港,00910第一金太空衛星,2,0,2
土銀南港,中華,2,0,2
土銀南港,旺宏,2,0,2
土銀南港,凱基金,4,2,2
土銀南港,元大金,2,0,2
土銀南港,兆利,2,0,2
土銀南港,鈞興-KY,2,0,2
土銀南港,松普,4,2,2
土銀南港,萬潤,2,0,2
土銀南港,力成,3,1,2
土銀南港,均華,2,0,2
土銀南港,竹陞科技,2,0,2
土銀南港,廣達,2,1,1
土銀南港,世紀,1,0,1
土銀南港,00858永豐美國500大,1,0,1
土銀南港,聯鈞,1,0,1
土銀南港,華城,3,2,1
土銀南港,中興電,2,1,1
土銀南港,聯華,1,0,1
土銀南港,00893國泰智能電動車,1,0,1
土銀南港,00919群益台灣精選高息,1,0,1
土銀南港,00687B國泰20年美債,1,0,1
土銀南港,00673R期元大S＆P原油反1,0,20,-20
土銀南港,00670L富邦NASDAQ正2,0,20,-20
土銀南港,00937B群益ESG投等債20,0,20,-20
土銀南港,ITH-KY,0,20,-20
土銀南港,康和證,0,16,-16
土銀南港,金寶,0,15,-15
土銀南港,00929復華台灣科技優息,0,12,-12
土銀南港,彰銀,0,12,-12
土銀南港,欣銓,12,22,-10
土銀南港,00970B新光BBB投等債20,0,9,-9
土銀南港,聯合再生,2,9,-7
土銀南港,臺企銀,0,7,-7
土銀南港,宏達電,28,34,-6
土銀南港,東洋,0,6,-6
土銀南港,雷虎,1,7,-6
土銀南港,00878國泰永續高股息,4,9,-5
土銀南港,聯發科,0,5,-5
土銀南港,新光金,0,5,-5
土銀南港,恩德,0,4,-4
土銀南港,台泥,7,10,-3
土銀南港,中鋼,0,3,-3
土銀南港,立隆電,0,3,-3
土銀南港,華南金,0,3,-3
土銀南港,遠傳,0,3,-3
土銀南港,臻鼎-KY,0,3,-3
土銀南港,眾達-KY,1,4,-3
土銀南港,森崴能源,0,3,-3
土銀南港,富邦金,1,4,-3
土銀南港,元大台灣50,0,2,-2
土銀南港,00735國泰臺韓科技,0,2,-2
土銀南港,00675L富邦臺灣加權正2,0,2,-2
土銀南港,00892富邦台灣半導體,0,2,-2
土銀南港,華夏,0,2,-2
土銀南港,三晃,0,2,-2
土銀南港,裕隆,0,2,-2
土銀南港,友訊,0,2,-2
土銀南港,敬鵬,0,2,-2
土銀南港,星宇航空,0,2,-2
土銀南港,台中銀,0,2,-2
土銀南港,台新金,0,2,-2
土銀南港,奇鋐,1,3,-2
土銀南港,僑威,0,2,-2
土銀南港,瑞智,0,2,-2
土銀南港,健椿,0,2,-2
土銀南港,亞泰,0,2,-2
土銀南港,華星光,3,5,-2
土銀南港,達興材料,0,2,-2
土銀南港,矽力*-KY,0,2,-2
土銀南港,日月光投控,0,2,-2
土銀南港,亞翔,0,1,-1
 元大三民,00924復華S＆P500成長,45,5,40
 元大三民,00637L元大滬深300正2,40,0,40
 元大三民,鴻海,47,9,38
 元大三民,00945B凱基美國非投等債,33,0,33
 元大三民,能率,30,0,30
 元大三民,緯創,122,97,25
 元大三民,燿華,24,0,24
 元大三民,宏達電,26,2,24
 元大三民,聯電,29,5,24
 元大三民,元大高股息,44,21,23
 元大三民,00893國泰智能電動車,35,14,21
 元大三民,00919群益台灣精選高息,19,0,19
 元大三民,大成鋼,14,0,14
 元大三民,宏��,12,0,12
 元大三民,英業達,15,3,12
 元大三民,00878國泰永續高股息,14,3,11
 元大三民,00858永豐美國500大,11,0,11
 元大三民,前鼎,17,6,11
 元大三民,百和,11,0,11
 元大三民,00673R期元大S＆P原油反1,10,0,10
 元大三民,合機,10,0,10
 元大三民,南光,10,0,10
 元大三民,聯強,10,0,10
 元大三民,聚和,10,0,10
 元大三民,新光金,10,0,10
 元大三民,昇陽半導體,9,0,9
 元大三民,00757統一FANG+,10,1,9
 元大三民,亞諾法,8,0,8
 元大三民,廣達,7,0,7
 元大三民,00927群益半導體收益,7,0,7
 元大三民,上銀,7,0,7
 元大三民,力智,7,0,7
 元大三民,精測,6,0,6
 元大三民,00918大華優利高填息30,6,0,6
 元大三民,00712復華富時不動產,6,0,6
 元大三民,南亞科,9,3,6
 元大三民,第一金,8,2,6
 元大三民,綠界科技*,7,2,5
 元大三民,00953B群益優選非投等債,5,0,5
 元大三民,聯光通,8,3,5
 元大三民,00967B元大優息美債,4,0,4
 元大三民,晶技,4,0,4
 元大三民,晶彩科,4,0,4
 元大三民,西勝,4,0,4
 元大三民,中租-KY,4,0,4
 元大三民,啟��,5,1,4
 元大三民,采鈺,11,8,3
 元大三民,00882中信中國高股息,3,0,3
 元大三民,00724B群益投資級金融債,3,0,3
 元大三民,致茂,15,12,3
 元大三民,00930永豐ESG低碳高息,0,101,-101
 元大三民,00648R元大S＆P500反1,0,62,-62
 元大三民,中信金,0,62,-62
 元大三民,00937B群益ESG投等債20,0,60,-60
 元大三民,神達,299,347,-48
 元大三民,長榮,12,51,-39
 元大三民,富喬,47,85,-38
 元大三民,00940元大台灣價值高息,0,36,-36
 元大三民,昇達科,11,43,-32
 元大三民,金居,0,30,-30
 元大三民,00965元大航太防衛科技,0,26,-26
 元大三民,瀚宇博,0,26,-26
 元大三民,連展投控,15,39,-24
 元大三民,00679B元大美債20年,3,26,-23
 元大三民,合晶,1,24,-23
 元大三民,盟立,12,34,-22
 元大三民,亞翔,2,23,-21
 元大三民,農林,0,20,-20
 元大三民,00665L富邦�琤肭磪囓�2,0,17,-17
 元大三民,普誠,0,17,-17
 元大三民,光寶科,1,16,-15
 元大三民,中鴻,80,94,-14
 元大三民,台積電,10,23,-13
 元大三民,台塑,4,17,-13
 元大三民,台光電,10,22,-12
 元大三民,長榮航,0,12,-12
 元大三民,華城,0,12,-12
 元大三民,凱基金,1,12,-11
 元大三民,群聯,0,11,-11
 元大三民,00929復華台灣科技優息,0,11,-11
 元大三民,00631L元大台灣50正2,11,21,-10
 元大三民,00680L元大美債20正2,0,10,-10
 元大三民,00830國泰費城半導體,0,10,-10
 元大三民,中砂,0,10,-10
 元大三民,高興昌,0,10,-10
 元大三民,力積電,46,56,-10
 元大三民,晶采,0,10,-10
 元大三民,元太,0,10,-10
 元大三民,直得,0,9,-9
 元大三民,新建,0,9,-9
 元大三民,00675L富邦臺灣加權正2,1,9,-8
 元大三民,鴻準,2,10,-8
 元大三民,眾達-KY,4,12,-8
 元大三民,台達電,0,7,-7
 元大三民,00951台新日本半導體,1,8,-7
 元大三民,南港,0,7,-7
 元大三民,友達,0,7,-7
 元大三民,貿聯-KY,3,10,-7
 元大三民,建舜電,0,6,-6
 元大三民,宏致,1,7,-6
 元大彰生,00706L期元大S＆P日圓正2,152,0,152
 元大彰生,00637L元大滬深300正2,115,15,100
 元大彰生,聯電,109,38,71
 元大彰生,00665L富邦�琤肭磪囓�2,53,4,49
 元大彰生,台塑化,49,3,46
 元大彰生,00655L國泰中國A50正2,60,20,40
 元大彰生,00937B群益ESG投等債20,41,5,36
 元大彰生,00881國泰台灣5G+,35,1,34
 元大彰生,台泥,27,0,27
 元大彰生,緯創,41,17,24
 元大彰生,00664R國泰臺灣加權反1,22,0,22
 元大彰生,菱光,24,3,21
 元大彰生,雷虎,20,0,20
 元大彰生,中鼎,20,0,20
 元大彰生,能率,25,7,18
 元大彰生,中再保,18,0,18
 元大彰生,第一金,18,1,17
 元大彰生,00632R元大台灣50反1,17,0,17
 元大彰生,台中銀,21,4,17
 元大彰生,欣興,19,2,17
 元大彰生,元大高股息,26,10,16
 元大彰生,百和,16,0,16
 元大彰生,精成科,25,10,15
 元大彰生,00751B元大AAA至A公司債,15,0,15
 元大彰生,英業達,37,23,14
 元大彰生,迅得,16,2,14
 元大彰生,台玻,15,1,14
 元大彰生,昇陽半導體,16,3,13
 元大彰生,立��,17,5,12
 元大彰生,新盛力,87,75,12
 元大彰生,00910第一金太空衛星,11,0,11
 元大彰生,00680L元大美債20正2,11,0,11
 元大彰生,00882中信中國高股息,19,8,11
 元大彰生,合庫金,11,0,11
 元大彰生,00946群益科技高息成長,10,0,10
 元大彰生,年興,10,0,10
 元大彰生,富威電力,11,1,10
 元大彰生,國泰金,27,17,10
 元大彰生,立積,10,0,10
 元大彰生,聯鈞,34,25,9
 元大彰生,光洋科,11,2,9
 元大彰生,凱美,10,1,9
 元大彰生,00919群益台灣精選高息,24,16,8
 元大彰生,宏盛,8,0,8
 元大彰生,00635U期元大S＆P黃金,17,9,8
 元大彰生,00900富邦特選高股息30,8,0,8
 元大彰生,微星,8,0,8
 元大彰生,和碩,10,2,8
 元大彰生,元大台灣50,14,7,7
 元大彰生,兆利,7,0,7
 元大彰生,00673R期元大S＆P原油反1,0,548,-548
 元大彰生,00965元大航太防衛科技,0,546,-546
 元大彰生,新光金,1,201,-200
 元大彰生,友訊,9,190,-181
 元大彰生,00951台新日本半導體,2,174,-172
 元大彰生,華南金,2,86,-84
 元大彰生,友達,1,77,-76
 元大彰生,00929復華台灣科技優息,0,67,-67
 元大彰生,三商壽,50,110,-60
 元大彰生,宏達電,552,600,-48
 元大彰生,00954中信日本半導體,0,46,-46
 元大彰生,00725B國泰投資級公司債,0,40,-40
 元大彰生,台積電,13,51,-38
 元大彰生,00903富邦元宇宙,10,44,-34
 元大彰生,彰銀,3,35,-32
 元大彰生,陽明,6,34,-28
 元大彰生,全新,5,32,-27
 元大彰生,連展投控,2,27,-25
 元大彰生,00701國泰股利精選30,0,25,-25
 元大彰生,華新,2,26,-24
 元大彰生,凱基金,7,31,-24
 元大彰生,長榮航,1,24,-23
 元大彰生,華航,3,25,-22
 元大彰生,00923群益台ESG低碳50,4,24,-20
 元大彰生,00675L富邦臺灣加權正2,0,21,-21
 元大彰生,泰谷,0,20,-20
 元大彰生,中信金,2,22,-20
 元大彰生,錸德,1,20,-19
 元大彰生,3036A文曄甲特,0,19,-19
 元大彰生,允強,0,19,-19
 元大彰生,00878國泰永續高股息,23,41,-18
 元大彰生,00679B元大美債20年,1,19,-18
 元大彰生,宏致,3,20,-17
 元大彰生,僑威,5,21,-16
 元大彰生,00948B中信優息投資級債,0,16,-16
 元大彰生,欣銓,21,36,-15
 元大彰生,華通,8,23,-15
 元大彰生,00940元大台灣價值高息,0,15,-15
 元大彰生,健和興,1,15,-14
 元大彰生,日月光投控,1,14,-13
 元大彰生,華星光,45,58,-13
 元大彰生,新日興,8,19,-11
 元大彰生,波若威,60,71,-11
 元大彰生,北基,0,11,-11
 元大彰生,精英,5,16,-11
 元大彰生,瑞軒,0,11,-11
 元大彰生,辛耘,1,11,-10
 元大彰生,00941中信上游半導體,0,10,-10
 元大彰生,00877復華中國5G,0,10,-10
 元大彰生,富喬,35,45,-10
群益民權,00753L中信中國50正2,223,0,223
群益民權,00933B國泰10Y+金融債,138,2,136
群益民權,中鴻,100,6,94
群益民權,聯電,96,6,90
群益民權,泰金寶-DR,75,2,73
群益民權,00919群益台灣精選高息,90,18,72
群益民權,00878國泰永續高股息,73,2,71
群益民權,00655L國泰中國A50正2,85,40,45
群益民權,00953B群益優選非投等債,58,18,40
群益民權,元大高股息,39,0,39
群益民權,00731復華富時高息低波,33,1,32
群益民權,00937B群益ESG投等債20,105,73,32
群益民權,鈺創,33,4,29
群益民權,00679B元大美債20年,25,0,25
群益民權,台產,25,0,25
群益民權,00891中信關鍵半導體,68,43,25
群益民權,華紙,24,0,24
群益民權,台航,23,0,23
群益民權,00637L元大滬深300正2,33,11,22
群益民權,00712復華富時不動產,21,0,21
群益民權,欣興,26,5,21
群益民權,00915凱基優選高股息30,20,0,20
群益民權,00665L富邦�琤肭磪囓�2,23,3,20
群益民權,正德,24,4,20
群益民權,00713元大台灣高息低波,19,0,19
群益民權,中磊,20,1,19
群益民權,大成鋼,20,2,18
群益民權,00918大華優利高填息30,16,0,16
群益民權,新興,20,4,16
群益民權,龍巖,16,0,16
群益民權,永崴投控,15,0,15
群益民權,第一保,15,0,15
群益民權,飛宏,16,2,14
群益民權,京元電子,15,1,14
群益民權,鴻海,26,13,13
群益民權,00909國泰數位支付服務,14,0,14
群益民權,立��,21,8,13
群益民權,台泥,15,2,13
群益民權,晟德,12,0,12
群益民權,永豐金,13,1,12
群益民權,00633L富邦上証正2,17,5,12
群益民權,擎邦,12,0,12
群益民權,00642U期元大S＆P石油,11,0,11
群益民權,官田鋼,11,0,11
群益民權,宏��,14,3,11
群益民權,00719B元大美債1-3,11,0,11
群益民權,00632R元大台灣50反1,10,0,10
群益民權,慶騰,10,0,10
群益民權,威強電,10,0,10
群益民權,912000晨訊科-DR,10,0,10
群益民權,00858永豐美國500大,23,210,-187
群益民權,00687B國泰20年美債,12,141,-129
群益民權,00929復華台灣科技優息,4,102,-98
群益民權,宏致,14,79,-65
群益民權,00927群益半導體收益,4,46,-42
群益民權,華航,4,41,-37
群益民權,建準,0,37,-37
群益民權,00939統一台灣高息動能,10,46,-36
群益民權,欣銓,20,53,-33
群益民權,彰銀,6,36,-30
群益民權,和椿,63,91,-28
群益民權,00946群益科技高息成長,0,27,-27
群益民權,群創,11,37,-26
群益民權,00945B凱基美國非投等債,10,35,-25
群益民權,亞翔,6,29,-23
群益民權,友達,0,22,-22
群益民權,神達,60,82,-22
群益民權,00938凱基優選30,0,20,-20
群益民權,佳能,2,21,-19
群益民權,00720B元大投資級公司債,0,19,-19
群益民權,昇達科,8,26,-18
群益民權,元大台灣50,0,18,-18
群益民權,00680L元大美債20正2,3,20,-17
群益民權,台化,4,20,-16
群益民權,00948B中信優息投資級債,5,20,-15
群益民權,00949復華日本龍頭,0,15,-15
群益民權,富華新,0,15,-15
群益民權,聯寶,2,17,-15
群益民權,台灣虎航,5,20,-15
群益民權,00676R富邦臺灣加權反1,0,15,-15
群益民權,可寧衛,0,14,-14
群益民權,00631L元大台灣50正2,4,18,-14
群益民權,富邦金,1,15,-14
群益民權,凱基金,0,14,-14
群益民權,波若威,73,87,-14
群益民權,力積電,20,33,-13
群益民權,00670L富邦NASDAQ正2,0,14,-14
群益民權,立隆電,26,39,-13
群益民權,漢磊,3,16,-13
群益民權,佶優,0,12,-12
群益民權,能率,1,12,-11
群益民權,大洋,1,12,-11
群益民權,00922國泰台灣領袖50,0,11,-11
群益民權,遠百,0,10,-10
群益民權,華通,2,12,-10
群益民權,006205富邦上証,0,10,-10
群益民權,三一東林,0,10,-10
群益民權,00690兆豐藍籌30,0,10,-10
群益民權,千附精密,0,10,-10
群益民權,康和證,0,10,-10
華南世貿,00637L元大滬深300正2,1776,965,811
華南世貿,00633L富邦上証正2,300,100,200
華南世貿,大洋,197,20,177
華南世貿,三商壽,100,3,97
華南世貿,聯電,60,2,58
華南世貿,神達,76,43,33
華南世貿,台泥,21,0,21
華南世貿,00980B台新特選IG債10+,20,0,20
華南世貿,聯光通,21,1,20
華南世貿,立隆電,18,2,16
華南世貿,00858永豐美國500大,15,0,15
華南世貿,華晶科,16,1,15
華南世貿,陸海,15,0,15
華南世貿,宏��,14,0,14
華南世貿,00949復華日本龍頭,14,0,14
華南世貿,緯創,24,10,14
華南世貿,長佳智能,13,0,13
華南世貿,00687B國泰20年美債,16,4,12
華南世貿,聯嘉,11,0,11
華南世貿,遠東新,10,0,10
華南世貿,中櫃,10,0,10
華南世貿,泰鼎-KY,10,0,10
華南世貿,聖暉*,12,2,10
華南世貿,00905FT臺灣Smart,9,0,9
華南世貿,新纖,9,0,9
華南世貿,建準,8,0,8
華南世貿,中信金,10,2,8
華南世貿,020020元大台股領航N,7,0,7
華南世貿,正德,7,0,7
華南世貿,健亞,7,0,7
華南世貿,眾達-KY,32,25,7
華南世貿,茂綸,7,0,7
華南世貿,昇陽半導體,7,1,6
華南世貿,00960野村全球航運龍頭,5,0,5
華南世貿,00650L復華香港正2,5,0,5
華南世貿,00713元大台灣高息低波,8,3,5
華南世貿,銘旺科,5,0,5
華南世貿,星宇航空,5,0,5
華南世貿,兆豐金,5,0,5
華南世貿,00882中信中國高股息,4,0,4
華南世貿,京元電子,6,2,4
華南世貿,建舜電,4,0,4
華南世貿,康霈*,4,0,4
華南世貿,新日興,10,7,3
華南世貿,擎亞,5,2,3
華南世貿,00953B群益優選非投等債,3,0,3
華南世貿,00878國泰永續高股息,10,7,3
華南世貿,五鼎,3,0,3
華南世貿,翔耀,3,0,3
華南世貿,昇貿,4,1,3
華南世貿,富邦金,0,205,-205
華南世貿,宏致,11,141,-130
華南世貿,達邁,211,341,-130
華南世貿,鴻準,71,151,-80
華南世貿,欣銓,3,70,-67
華南世貿,大同,4,65,-61
華南世貿,00971野村美國研發龍頭,0,52,-52
華南世貿,00670L富邦NASDAQ正2,0,33,-33
華南世貿,長榮航,0,31,-31
華南世貿,00757統一FANG+,0,28,-28
華南世貿,00929復華台灣科技優息,0,25,-25
華南世貿,富爾特,0,25,-25
華南世貿,精剛,0,22,-22
華南世貿,訊舟,0,21,-21
華南世貿,力積電,5,26,-21
華南世貿,00951台新日本半導體,0,20,-20
華南世貿,台積電,3,21,-18
華南世貿,台灣虎航,0,18,-18
華南世貿,冠軍,1,18,-17
華南世貿,創惟,9,26,-17
華南世貿,00900富邦特選高股息30,10,26,-16
華南世貿,00952凱基台灣AI50,0,15,-15
華南世貿,00655L國泰中國A50正2,0,15,-15
華南世貿,群創,23,38,-15
華南世貿,00919群益台灣精選高息,6,19,-13
華南世貿,00941中信上游半導體,13,25,-12
華南世貿,新光金,0,12,-12
華南世貿,元大高股息,1,12,-11
華南世貿,合騏,6,17,-11
華南世貿,亞翔,2,12,-10
華南世貿,00673R期元大S＆P原油反1,0,10,-10
華南世貿,聚隆,0,10,-10
華南世貿,華泰,0,10,-10
華南世貿,海悅,0,10,-10
華南世貿,國泰金,1,11,-10
華南世貿,英濟,14,24,-10
華南世貿,順達,5,14,-9
華南世貿,京鼎,0,9,-9
華南世貿,波若威,25,32,-7
華南世貿,朋億*,13,20,-7
華南世貿,萬潤,0,7,-7
華南世貿,華星光,15,21,-6
華南世貿,00886永豐美國科技,0,6,-6
華南世貿,友訊,0,6,-6
華南世貿,華邦電,6,12,-6
華南世貿,日電貿,0,6,-6
華南世貿,十銓,0,6,-6
華南世貿,亞航,0,5,-5
華南世貿,健策,1,6,-5
華南世貿,啟��,0,5,-5
台銀台南,聯電,577,33,544
台銀台南,00971野村美國研發龍頭,183,0,183
台銀台南,元大高股息,189,22,167
台銀台南,00878國泰永續高股息,66,5,61
台銀台南,00882中信中國高股息,44,5,39
台銀台南,00632R元大台灣50反1,96,58,38
台銀台南,00712復華富時不動產,42,5,37
台銀台南,00725B國泰投資級公司債,41,6,35
台銀台南,00858永豐美國500大,35,0,35
台銀台南,光洋科,30,0,30
台銀台南,潤泰新,29,0,29
台銀台南,中鋼,48,19,29
台銀台南,00679B元大美債20年,86,61,25
台銀台南,南茂,50,25,25
台銀台南,00852L國泰美國道瓊正2,24,0,24
台銀台南,兆豐金,22,1,21
台銀台南,台船,21,0,21
台銀台南,台塑,43,23,20
台銀台南,玉山金,20,1,19
台銀台南,泰金寶-DR,24,5,19
台銀台南,鴻海,39,20,19
台銀台南,00637L元大滬深300正2,17,0,17
台銀台南,00673R期元大S＆P原油反1,30,15,15
台銀台南,宏達電,194,180,14
台銀台南,新盛力,46,34,12
台銀台南,00960野村全球航運龍頭,13,1,12
台銀台南,正德,12,0,12
台銀台南,海華,13,1,12
台銀台南,00915凱基優選高股息30,11,0,11
台銀台南,偉訓,13,2,11
台銀台南,濱川,11,0,11
台銀台南,00881國泰台灣5G+,11,0,11
台銀台南,統新,10,0,10
台銀台南,00946群益科技高息成長,10,0,10
台銀台南,得力,10,0,10
台銀台南,TPK-KY,10,0,10
台銀台南,同泰,10,0,10
台銀台南,能率網通,10,0,10
台銀台南,裕隆,11,2,9
台銀台南,中天,9,0,9
台銀台南,日盛台駿,9,0,9
台銀台南,德勝,9,0,9
台銀台南,永豐金,9,0,9
台銀台南,台化,17,9,8
台銀台南,恆大,8,0,8
台銀台南,廣宇,12,4,8
台銀台南,合一,8,0,8
台銀台南,精剛,8,0,8
台銀台南,統一,8,0,8
台銀台南,00795B中信美國公債20年,7,0,7
台銀台南,00688L國泰20年美債正2,5,665,-660
台銀台南,00919群益台灣精選高息,15,141,-126
台銀台南,堤維西,0,107,-107
台銀台南,00953B群益優選非投等債,20,120,-100
台銀台南,00918大華優利高填息30,18,116,-98
台銀台南,00929復華台灣科技優息,1,93,-92
台銀台南,00719B元大美債1-3,0,81,-81
台銀台南,精成科,7,69,-62
台銀台南,南港,4,60,-56
台銀台南,中信金,17,73,-56
台銀台南,台新金,43,94,-51
台銀台南,00631L元大台灣50正2,1,51,-50
台銀台南,00680L元大美債20正2,0,50,-50
台銀台南,00922國泰台灣領袖50,16,63,-47
台銀台南,凱基金,0,33,-33
台銀台南,00896中信綠能及電動車,0,30,-30
台銀台南,臻鼎-KY,1,31,-30
台銀台南,華南金,0,29,-29
台銀台南,00635U期元大S＆P黃金,0,28,-28
台銀台南,00949復華日本龍頭,0,25,-25
台銀台南,00706L期元大S＆P日圓正2,0,25,-25
台銀台南,00923群益台ESG低碳50,0,24,-24
台銀台南,00937B群益ESG投等債20,68,92,-24
台銀台南,友達,1,24,-23
台銀台南,燿華,10,33,-23
台銀台南,圓剛,13,35,-22
台銀台南,神達,88,110,-22
台銀台南,00932兆豐永續高息等權,0,20,-20
台銀台南,富邦金,1,20,-19
台銀台南,元大台灣50,17,35,-18
台銀台南,00905FT臺灣Smart,4,22,-18
台銀台南,華新,8,26,-18
台銀台南,中石化,0,16,-16
台銀台南,00934中信成長高股息,0,15,-15
台銀台南,神基,1,15,-14
台銀台南,00720B元大投資級公司債,2,16,-14
台銀台南,中美晶,1,15,-14
台銀台南,台聚,0,13,-13
台銀台南,亞翔,2,15,-13
台銀台南,金像電,3,15,-12
台銀台南,00665L富邦�琤肭磪囓�2,0,12,-12
台銀台南,華航,6,17,-11
台銀台南,00830國泰費城半導體,5,16,-11
台銀台南,00757統一FANG+,0,11,-11
台銀台南,欣銓,1,11,-10
台銀台南,台積電,20,30,-10
台銀台南,普誠,0,10,-10
台銀台南,00655L國泰中國A50正2,0,10,-10
台銀台南,中釉,0,10,-10
台銀台南,康普,0,10,-10
群益市府,泰金寶-DR,300,145,155
群益市府,力積電,122,41,81
群益市府,正崴,31,0,31
群益市府,海光,30,1,29
群益市府,華宏,29,0,29
群益市府,宏盛,21,0,21
群益市府,台塑,20,0,20
群益市府,耿鼎,20,0,20
群益市府,00673R期元大S＆P原油反1,21,2,19
群益市府,00950B凱基A級公司債,18,0,18
群益市府,富喬,27,9,18
群益市府,和椿,48,31,17
群益市府,神達,37,23,14
群益市府,00633L富邦上証正2,14,2,12
群益市府,00753L中信中國50正2,12,0,12
群益市府,加百裕,13,1,12
群益市府,華星光,23,12,11
群益市府,聯電,44,34,10
群益市府,00688L國泰20年美債正2,10,0,10
群益市府,00954中信日本半導體,10,0,10
群益市府,立敦,30,20,10
群益市府,00919群益台灣精選高息,9,0,9
群益市府,智捷,8,0,8
群益市府,彬台,10,3,7
群益市府,連展投控,11,4,7
群益市府,台塑化,7,0,7
群益市府,00915凱基優選高股息30,6,0,6
群益市府,欣興,7,2,5
群益市府,精材,12,7,5
群益市府,堤維西,5,0,5
群益市府,大毅,5,0,5
群益市府,台郡,5,0,5
群益市府,環球晶,5,0,5
群益市府,光寶科,6,1,5
群益市府,欣銓,15,10,5
群益市府,眾達-KY,13,9,4
群益市府,南亞,7,3,4
群益市府,00675L富邦臺灣加權正2,6,2,4
群益市府,英業達,26,22,4
群益市府,鈺邦,4,0,4
群益市府,久昌,9,5,4
群益市府,00952凱基台灣AI50,3,0,3
群益市府,00922國泰台灣領袖50,3,0,3
群益市府,00909國泰數位支付服務,5,2,3
群益市府,00858永豐美國500大,3,0,3
群益市府,揚明光,4,1,3
群益市府,信立,3,0,3
群益市府,聯光通,5,2,3
群益市府,良維,3,0,3
群益市府,瑞耘,3,0,3
群益市府,00980B台新特選IG債10+,255,350,-95
群益市府,康和證,0,50,-50
群益市府,達邁,14,52,-38
群益市府,亞翔,2,33,-31
群益市府,00966B統一ESG投等債15,0,20,-20
群益市府,00712復華富時不動產,0,20,-20
群益市府,兆赫,0,18,-18
群益市府,宏達電,49,66,-17
群益市府,華建,0,15,-15
群益市府,IKKA-KY,5,17,-12
群益市府,友訊,0,11,-11
群益市府,00864B中信美國公債0-1,0,10,-10
群益市府,台汽電,0,10,-10
群益市府,厚生,0,9,-9
群益市府,聯發科,1,10,-9
群益市府,鴻準,1,10,-9
群益市府,中鴻,2,10,-8
群益市府,達興材料,4,12,-8
群益市府,鴻海,11,18,-7
群益市府,元大台灣50,0,7,-7
群益市府,國泰金,0,6,-6
群益市府,正達,0,6,-6
群益市府,正基,0,6,-6
群益市府,日月光投控,2,7,-5
群益市府,00701國泰股利精選30,0,5,-5
群益市府,南港,0,5,-5
群益市府,華南金,0,5,-5
群益市府,文曄,0,5,-5
群益市府,順達,11,16,-5
群益市府,正文,0,5,-5
群益市府,前鼎,11,16,-5
群益市府,創惟,11,16,-5
群益市府,台灣虎航,3,8,-5
群益市府,鈺齊-KY,0,5,-5
群益市府,精成科,18,23,-5
群益市府,大成鋼,1,5,-4
群益市府,新光金,0,4,-4
群益市府,訊連,3,7,-4
群益市府,力麒,0,4,-4
群益市府,興能高,79,83,-4
群益市府,淘帝-KY,2,5,-3
群益市府,星通,0,3,-3
群益市府,宏致,11,14,-3
群益市府,富采,0,3,-3
群益市府,致伸,0,3,-3
群益市府,世界,0,3,-3
群益市府,普誠,0,3,-3
群益市府,台積電,7,9,-2
群益市府,可成,0,2,-2
群益市府,富邦金,0,2,-2
兆豐中港,聯電,147,7,140
兆豐中港,友達,130,12,118
兆豐中港,第一金,102,5,97
兆豐中港,力積電,113,23,90
兆豐中港,00937B群益ESG投等債20,73,0,73
兆豐中港,台灣大,61,0,61
兆豐中港,宏益,58,0,58
兆豐中港,00637L元大滬深300正2,181,124,57
兆豐中港,00878國泰永續高股息,61,9,52
兆豐中港,00907永豐優息存股,50,0,50
兆豐中港,新光金,51,4,47
兆豐中港,泰金寶-DR,179,134,45
兆豐中港,00960野村全球航運龍頭,43,0,43
兆豐中港,三商壽,48,6,42
兆豐中港,宏齊,41,1,40
兆豐中港,立德,40,0,40
兆豐中港,力成,40,0,40
兆豐中港,中鋼,75,42,33
兆豐中港,00631L元大台灣50正2,32,6,26
兆豐中港,台塑,29,3,26
兆豐中港,00688L國泰20年美債正2,25,0,25
兆豐中港,達麗,24,0,24
兆豐中港,緯創,58,34,24
兆豐中港,安國,75,55,20
兆豐中港,00680L元大美債20正2,20,0,20
兆豐中港,00635U期元大S＆P黃金,20,0,20
兆豐中港,台航,20,1,19
兆豐中港,00919群益台灣精選高息,22,3,19
兆豐中港,富邦金,50,32,18
兆豐中港,長榮,20,4,16
兆豐中港,00882中信中國高股息,15,0,15
兆豐中港,裕國,15,0,15
兆豐中港,00953B群益優選非投等債,15,0,15
兆豐中港,00753L中信中國50正2,113,100,13
兆豐中港,精材,16,4,12
兆豐中港,台虹,11,0,11
兆豐中港,亞聚,10,0,10
兆豐中港,東捷,10,0,10
兆豐中港,00706L期元大S＆P日圓正2,10,0,10
兆豐中港,凌巨,10,0,10
兆豐中港,廣達,18,9,9
兆豐中港,光洋科,10,1,9
兆豐中港,嘉泥,9,0,9
兆豐中港,海灣,9,0,9
兆豐中港,元大高股息,33,25,8
兆豐中港,中光電,8,0,8
兆豐中港,福壽,8,0,8
兆豐中港,威健,8,0,8
兆豐中港,寶緯,8,0,8
兆豐中港,00633L富邦上証正2,14,6,8
兆豐中港,新建,18,399,-381
兆豐中港,彰銀,0,339,-339
兆豐中港,00980B台新特選IG債10+,0,185,-185
兆豐中港,神達,130,286,-156
兆豐中港,台灣高鐵,0,149,-149
兆豐中港,00927群益半導體收益,1,135,-134
兆豐中港,金雨,0,91,-91
兆豐中港,台玻,10,93,-83
兆豐中港,00687B國泰20年美債,1,65,-64
兆豐中港,中鴻,4,63,-59
兆豐中港,凱基金,1,58,-57
兆豐中港,幸福,0,56,-56
兆豐中港,永光,0,55,-55
兆豐中港,台新金,0,52,-52
兆豐中港,華新,2,51,-49
兆豐中港,00957B兆豐US優選投等債,0,40,-40
兆豐中港,聯成,0,34,-34
兆豐中港,00946群益科技高息成長,0,30,-30
兆豐中港,00929復華台灣科技優息,0,27,-27
兆豐中港,00940元大台灣價值高息,0,27,-27
兆豐中港,王道銀行,0,26,-26
兆豐中港,00885富邦越南,0,24,-24
兆豐中港,晟銘電,5,28,-23
兆豐中港,金寶,7,30,-23
兆豐中港,00887永豐中國科技50大,0,22,-22
兆豐中港,富喬,117,138,-21
兆豐中港,瑞智,0,21,-21
兆豐中港,00673R期元大S＆P原油反1,0,20,-20
兆豐中港,長榮航,4,23,-19
兆豐中港,中信金,0,18,-18
兆豐中港,聯一光,2,20,-18
兆豐中港,臻鼎-KY,2,20,-18
兆豐中港,台光電,13,30,-17
兆豐中港,星宇航空,10,27,-17
兆豐中港,波若威,27,43,-16
兆豐中港,志強-KY,17,32,-15
兆豐中港,合正,0,15,-15
兆豐中港,元大台灣50,0,14,-14
兆豐中港,寶成,0,13,-13
兆豐中港,日月光投控,2,14,-12
兆豐中港,龍德造船,0,12,-12
兆豐中港,華宏,0,12,-12
兆豐中港,國票金,0,12,-12
兆豐中港,峰源-KY,0,12,-12
兆豐中港,新盛力,71,82,-11
兆豐中港,中工,0,11,-11
兆豐中港,華冠,0,11,-11
兆豐中港,00961FT臺灣永續高息,0,10,-10
兆豐中港,00894中信小資高價30,0,10,-10
兆豐中港,永捷,0,10,-10
富邦八德,聯電,201,43,158
富邦八德,00637L元大滬深300正2,105,25,80
富邦八德,中鋼,73,4,69
富邦八德,聯邦銀,66,0,66
富邦八德,零壹,55,3,52
富邦八德,立��,46,9,37
富邦八德,00673R期元大S＆P原油反1,30,0,30
富邦八德,宏遠證,30,0,30
富邦八德,聯合再生,30,0,30
富邦八德,南紡,30,0,30
富邦八德,00919群益台灣精選高息,44,17,27
富邦八德,冠好,25,0,25
富邦八德,00918大華優利高填息30,26,1,25
富邦八德,00878國泰永續高股息,31,7,24
富邦八德,永豐金,27,5,22
富邦八德,劍湖山,22,0,22
富邦八德,正德,22,1,21
富邦八德,緯創,34,13,21
富邦八德,和椿,40,20,20
富邦八德,農林,20,0,20
富邦八德,英業達,22,5,17
富邦八德,如興,15,0,15
富邦八德,金寶,20,5,15
富邦八德,昇陽半導體,15,1,14
富邦八德,星宇航空,14,0,14
富邦八德,光鋐,17,4,13
富邦八德,長榮,36,24,12
富邦八德,欣興,17,5,12
富邦八德,漢唐,12,0,12
富邦八德,興勤,12,0,12
富邦八德,00650L復華香港正2,12,0,12
富邦八德,兆豐金,12,0,12
富邦八德,佳能,21,10,11
富邦八德,00636國泰中國A50,11,0,11
富邦八德,00953B群益優選非投等債,10,0,10
富邦八德,00671R富邦NASDAQ反1,10,0,10
富邦八德,創威,10,0,10
富邦八德,森寶,10,0,10
富邦八德,新興,21,11,10
富邦八德,00946群益科技高息成長,30,20,10
富邦八德,廣運,11,1,10
富邦八德,雲豹能源,10,0,10
富邦八德,汎銓,10,0,10
富邦八德,至上,10,1,9
富邦八德,京元電子,11,2,9
富邦八德,十銓,10,1,9
富邦八德,立隆電,15,6,9
富邦八德,00924復華S＆P500成長,10,2,8
富邦八德,亞光,21,13,8
富邦八德,006208富邦台50,12,5,7
富邦八德,華邦電,47,1258,-1211
富邦八德,南亞科,4,811,-807
富邦八德,00929復華台灣科技優息,1,160,-159
富邦八德,00965元大航太防衛科技,0,115,-115
富邦八德,富喬,13,95,-82
富邦八德,南亞,23,105,-82
富邦八德,欣銓,9,58,-49
富邦八德,力積電,76,124,-48
富邦八德,神達,167,212,-45
富邦八德,國泰金,7,50,-43
富邦八德,元大高股息,19,62,-43
富邦八德,連展投控,25,64,-39
富邦八德,鴻準,7,45,-38
富邦八德,00940元大台灣價值高息,10,48,-38
富邦八德,宏致,4,42,-38
富邦八德,新光金,0,33,-33
富邦八德,太空梭,0,31,-31
富邦八德,友達,27,55,-28
富邦八德,萬海,1,29,-28
富邦八德,00930永豐ESG低碳高息,2,25,-23
富邦八德,00939統一台灣高息動能,0,22,-22
富邦八德,華南金,0,22,-22
富邦八德,漢翔,9,30,-21
富邦八德,皇昌,9,29,-20
富邦八德,00687B國泰20年美債,0,20,-20
富邦八德,光洋科,1,20,-19
富邦八德,耀登,0,18,-18
富邦八德,群創,0,18,-18
富邦八德,華航,1,18,-17
富邦八德,光寶科,0,17,-17
富邦八德,00891中信關鍵半導體,1,17,-16
富邦八德,崧騰,0,16,-16
富邦八德,中信金,11,27,-16
富邦八德,誠美材,0,15,-15
富邦八德,大成鋼,4,18,-14
富邦八德,健鼎,0,14,-14
富邦八德,玉山金,0,12,-12
富邦八德,長榮航,6,18,-12
富邦八德,榮剛,0,12,-12
富邦八德,00966B統一ESG投等債15,0,12,-12
富邦八德,威盛,1,13,-12
富邦八德,台光電,1,13,-12
富邦八德,聯光通,16,28,-12
富邦八德,岱稜,1,12,-11
富邦八德,富邦金,0,11,-11
富邦八德,凱基金,2,12,-10
富邦八德,日月光投控,3,13,-10
富邦八德,00782B國泰A級公用債,0,10,-10
富邦八德,00651R復華香港反1,0,10,-10
富邦八德,00897富邦基因免疫生技,0,10,-10
美好,00753L中信中國50正2,263,66,197
美好,元大金,60,0,60
美好,宏全,62,2,60
美好,漢翔,50,0,50
美好,長佳,46,0,46
美好,聯電,42,0,42
美好,緯創,34,2,32
美好,華星光,34,4,30
美好,美好證,35,6,29
美好,富采,26,0,26
美好,湧德,20,0,20
美好,廣達,20,1,19
美好,皇昌,15,0,15
美好,昇達科,19,4,15
美好,宏達電,62,47,15
美好,泰茂,15,1,14
美好,中鴻,13,0,13
美好,瀚荃,13,0,13
美好,00650L復華香港正2,12,0,12
美好,晶技,12,0,12
美好,美律,11,0,11
美好,群創,11,0,11
美好,波若威,14,3,11
美好,00882中信中國高股息,10,0,10
美好,00688L國泰20年美債正2,10,0,10
美好,堤維西,10,0,10
美好,太子,10,0,10
美好,三顧,10,0,10
美好,鈞興-KY,10,1,9
美好,興能高,24,15,9
美好,00633L富邦上証正2,8,0,8
美好,群光,8,0,8
美好,雷虎,9,1,8
美好,桓達,7,0,7
美好,凡甲,6,0,6
美好,創惟,6,0,6
美好,元大高股息,5,0,5
美好,00940元大台灣價值高息,5,0,5
美好,00971野村美國研發龍頭,5,0,5
美好,00680L元大美債20正2,5,0,5
美好,合機,5,0,5
美好,英業達,5,0,5
美好,台灣高鐵,5,0,5
美好,英濟,10,5,5
美好,熱映,5,0,5
美好,百和興業-KY,5,0,5
美好,合騏,7,2,5
美好,00858永豐美國500大,3,0,3
美好,亞光,6,3,3
美好,優群,3,0,3
美好,00637L元大滬深300正2,1335,1608,-273
美好,和碩,0,47,-47
美好,定穎投控,10,50,-40
美好,00878國泰永續高股息,2,41,-39
美好,鴻海,2,36,-34
美好,逸達,0,26,-26
美好,富喬,0,22,-22
美好,欣銓,0,22,-22
美好,神達,22,41,-19
美好,020000富邦特選蘋果N,0,17,-17
美好,力積電,0,15,-15
美好,新日興,1,13,-12
美好,廣明,0,12,-12
美好,00922國泰台灣領袖50,0,11,-11
美好,第一銅,0,10,-10
美好,中磊,0,10,-10
美好,廣運,0,10,-10
美好,台積電,4,13,-9
美好,中光電,0,8,-8
美好,長虹,0,8,-8
美好,長榮航,0,7,-7
美好,晟楠,24,31,-7
美好,00877復華中國5G,0,6,-6
美好,IKKA-KY,1,7,-6
美好,台達電,0,6,-6
美好,大立光,0,6,-6
美好,國統,0,6,-6
美好,00713元大台灣高息低波,0,5,-5
美好,精英,0,5,-5
美好,錸德,0,5,-5
美好,長榮,2,7,-5
美好,憶聲,0,5,-5
美好,建錩,0,5,-5
美好,乙盛-KY,0,5,-5
美好,寬魚國際,0,5,-5
美好,康舒,0,5,-5
美好,共信-KY,2,7,-5
美好,日月光投控,0,4,-4
美好,台灣精銳,1,5,-4
美好,新應材,2,6,-4
美好,系統電,0,4,-4
美好,亞翔,1,5,-4
美好,立敦,11,15,-4
美好,元大台灣50,1,4,-3
美好,00902中信電池及儲能,0,3,-3
美好,圓剛,0,3,-3
美好,星宇航空,0,3,-3
美好,界霖,0,3,-3
美好,立衛,0,3,-3
美好,飛捷,0,3,-3
美好蘆洲,聯電,194,20,174
美好蘆洲,00637L元大滬深300正2,302,200,102
美好蘆洲,南僑,80,0,80
美好蘆洲,緯創,58,8,50
美好蘆洲,神達,140,98,42
美好蘆洲,00878國泰永續高股息,41,1,40
美好蘆洲,大成鋼,39,0,39
美好蘆洲,南亞科,46,8,38
美好蘆洲,00918大華優利高填息30,30,2,28
美好蘆洲,00971野村美國研發龍頭,26,0,26
美好蘆洲,宏齊,28,3,25
美好蘆洲,泰金寶-DR,144,121,23
美好蘆洲,欣興,22,0,22
美好蘆洲,00962台新AI優息動能,22,0,22
美好蘆洲,華邦電,23,2,21
美好蘆洲,第一金,21,0,21
美好蘆洲,南電,20,2,18
美好蘆洲,長榮航,17,0,17
美好蘆洲,元晶,15,0,15
美好蘆洲,力成,13,0,13
美好蘆洲,宏��,18,5,13
美好蘆洲,新盛力,68,56,12
美好蘆洲,00632R元大台灣50反1,22,10,12
美好蘆洲,技嘉,13,1,12
美好蘆洲,濱川,12,0,12
美好蘆洲,00919群益台灣精選高息,12,1,11
美好蘆洲,華星光,40,29,11
美好蘆洲,一詮,13,3,10
美好蘆洲,兆赫,10,0,10
美好蘆洲,輔信,10,0,10
美好蘆洲,昇陽半導體,10,0,10
美好蘆洲,景碩,11,1,10
美好蘆洲,京元電子,11,1,10
美好蘆洲,00895富邦未來車,9,0,9
美好蘆洲,日馳,9,0,9
美好蘆洲,力麒,10,1,9
美好蘆洲,00924復華S＆P500成長,9,0,9
美好蘆洲,永豐金,8,0,8
美好蘆洲,台灣大,8,0,8
美好蘆洲,富喬,17,9,8
美好蘆洲,聯華,9,2,7
美好蘆洲,合庫金,6,0,6
美好蘆洲,亞航,6,0,6
美好蘆洲,昆盈,9,3,6
美好蘆洲,00926凱基全球菁英55,6,0,6
美好蘆洲,宣德,6,0,6
美好蘆洲,兆豐金,6,0,6
美好蘆洲,華孚,5,0,5
美好蘆洲,台燿,5,0,5
美好蘆洲,鼎元,5,0,5
美好蘆洲,凱基金,0,153,-153
美好蘆洲,00680L元大美債20正2,100,205,-105
美好蘆洲,遠東銀,0,70,-70
美好蘆洲,興能高,21,74,-53
美好蘆洲,鴻海,0,43,-43
美好蘆洲,新建,0,30,-30
美好蘆洲,光寶科,1,28,-27
美好蘆洲,華南金,0,26,-26
美好蘆洲,00673R期元大S＆P原油反1,0,25,-25
美好蘆洲,00940元大台灣價值高息,0,24,-24
美好蘆洲,高端疫苗,9,32,-23
美好蘆洲,欣銓,6,29,-23
美好蘆洲,吉茂,2,23,-21
美好蘆洲,康那香,0,20,-20
美好蘆洲,金寶,20,39,-19
美好蘆洲,華航,1,18,-17
美好蘆洲,南茂,1,18,-17
美好蘆洲,矽格,2,19,-17
美好蘆洲,00929復華台灣科技優息,2,19,-17
美好蘆洲,國泰金,0,17,-17
美好蘆洲,譁裕,0,15,-15
美好蘆洲,大世科,0,15,-15
美好蘆洲,00877復華中國5G,0,15,-15
美好蘆洲,群創,0,14,-14
美好蘆洲,慶騰,0,14,-14
美好蘆洲,富采,0,14,-14
美好蘆洲,廣達,8,22,-14
美好蘆洲,台玻,1,14,-13
美好蘆洲,大同,2,14,-12
美好蘆洲,宏致,0,12,-12
美好蘆洲,南亞,3,15,-12
美好蘆洲,00687B國泰20年美債,1,13,-12
美好蘆洲,全新,5,17,-12
美好蘆洲,來頡,0,12,-12
美好蘆洲,精成科,24,35,-11
美好蘆洲,日月光投控,2,13,-11
美好蘆洲,力積電,64,74,-10
美好蘆洲,十銓,0,10,-10
美好蘆洲,雙鴻,0,10,-10
美好蘆洲,台聚,4,14,-10
美好蘆洲,精英,0,10,-10
美好蘆洲,00935野村臺灣新科技50,0,10,-10
美好蘆洲,中信金,0,10,-10
美好蘆洲,元太,0,9,-9
美好蘆洲,全球傳動,0,9,-9
美好蘆洲,得力,1,9,-8
美好蘆洲,中華電,0,8,-8
美好蘆洲,台積電,3,10,-7
美好蘆洲,友達,11,18,-7
美好蘆洲,恆大,21,27,-6
致和高雄,裕民,20,0,20
致和高雄,聯電,17,0,17
致和高雄,喬福,16,0,16
致和高雄,00637L元大滬深300正2,15,1,14
致和高雄,達邁,30,19,11
致和高雄,大成鋼,10,0,10
致和高雄,興勤,6,0,6
致和高雄,力積電,12,6,6
致和高雄,大綜,5,0,5
致和高雄,巨有科技,5,0,5
致和高雄,大亞,5,1,4
致和高雄,00753L中信中國50正2,4,0,4
致和高雄,連展投控,4,0,4
致和高雄,前鼎,6,2,4
致和高雄,和椿,4,0,4
致和高雄,興能高,8,4,4
致和高雄,擎亞,5,1,4
致和高雄,新漢,4,0,4
致和高雄,玉山金,4,0,4
致和高雄,00720B元大投資級公司債,3,0,3
致和高雄,欣興,3,0,3
致和高雄,百德,3,0,3
致和高雄,乙盛-KY,3,0,3
致和高雄,捷敏-KY,3,0,3
致和高雄,緯創,3,1,2
致和高雄,上銀,2,0,2
致和高雄,00945B凱基美國非投等債,5,3,2
致和高雄,00722B群益投資級電信債,2,0,2
致和高雄,00882中信中國高股息,2,0,2
致和高雄,技嘉,2,0,2
致和高雄,立隆電,4,2,2
致和高雄,第一金,2,0,2
致和高雄,晶豪科,2,0,2
致和高雄,波若威,3,1,2
致和高雄,大量,3,1,2
致和高雄,光環,2,0,2
致和高雄,鈞興-KY,2,0,2
致和高雄,四維航,2,0,2
致和高雄,柏承,2,0,2
致和高雄,萬泰科,2,0,2
致和高雄,昇陽半導體,2,0,2
致和高雄,8112A至上甲特,2,0,2
致和高雄,南茂,2,0,2
致和高雄,兆豐金,1,0,1
致和高雄,00878國泰永續高股息,3,2,1
致和高雄,精材,6,5,1
致和高雄,00937B群益ESG投等債20,1,0,1
致和高雄,00929復華台灣科技優息,1,0,1
致和高雄,台化,1,0,1
致和高雄,名軒,1,0,1
致和高雄,00881國泰台灣5G+,0,194,-194
致和高雄,00712復華富時不動產,0,30,-30
致和高雄,00919群益台灣精選高息,0,30,-30
致和高雄,00922國泰台灣領袖50,9,35,-26
致和高雄,台積電,1,26,-25
致和高雄,00887永豐中國科技50大,0,25,-25
致和高雄,00892富邦台灣半導體,0,23,-23
致和高雄,台塑,1,21,-20
致和高雄,00915凱基優選高股息30,0,17,-17
致和高雄,中鋼,0,10,-10
致和高雄,00905FT臺灣Smart,0,10,-10
致和高雄,友訊,0,10,-10
致和高雄,智邦,0,10,-10
致和高雄,泰金寶-DR,0,10,-10
致和高雄,長榮航,0,7,-7
致和高雄,菱光,0,7,-7
致和高雄,群創,1,7,-6
致和高雄,00918大華優利高填息30,5,10,-5
致和高雄,健喬,0,5,-5
致和高雄,富驊,1,6,-5
致和高雄,中租-KY,1,6,-5
致和高雄,台塑化,0,5,-5
致和高雄,中石化,0,4,-4
致和高雄,輔信,1,5,-4
致和高雄,眾達-KY,2,6,-4
致和高雄,亞翔,1,5,-4
致和高雄,006208富邦台50,0,3,-3
致和高雄,廣宇,1,4,-3
致和高雄,陽明,2,5,-3
致和高雄,萬海,0,3,-3
致和高雄,茂達,0,3,-3
致和高雄,精成科,2,5,-3
致和高雄,博晟生醫,0,3,-3
致和高雄,華東,0,3,-3
致和高雄,神達,7,10,-3
致和高雄,中信金,0,2,-2
致和高雄,00940元大台灣價值高息,0,2,-2
致和高雄,南亞,0,2,-2
致和高雄,光寶科,0,2,-2
致和高雄,全新,0,2,-2
致和高雄,精金,0,2,-2
致和高雄,景碩,0,2,-2
致和高雄,欣銓,0,2,-2
致和高雄,太普高,0,2,-2
致和高雄,環宇-KY,10,12,-2
致和高雄,矽格,0,2,-2
致和高雄,華南金,0,2,-2
致和高雄,華城,0,1,-1
致和高雄,台光電,1,2,-1
致和高雄,東聯,0,1,-1
安泰,聯電,195,15,180
安泰,立隆電,57,14,43
安泰,昇陽半導體,33,0,33
安泰,中鋼,54,22,32
安泰,宏達電,47,17,30
安泰,兆豐金,30,0,30
安泰,建暐,30,0,30
安泰,大成鋼,30,4,26
安泰,立敦,27,2,25
安泰,國喬,21,0,21
安泰,00937B群益ESG投等債20,22,1,21
安泰,00953B群益優選非投等債,20,0,20
安泰,00878國泰永續高股息,27,7,20
安泰,力成,15,0,15
安泰,亞航,16,2,14
安泰,第一金,15,1,14
安泰,眾達-KY,18,5,13
安泰,伍豐,17,5,12
安泰,緯創,33,23,10
安泰,00918大華優利高填息30,11,1,10
安泰,00751B元大AAA至A公司債,10,0,10
安泰,鉅祥,10,0,10
安泰,晟銘電,10,0,10
安泰,南茂,14,4,10
安泰,台船,9,0,9
安泰,錸德,10,1,9
安泰,泰金寶-DR,15,6,9
安泰,00637L元大滬深300正2,8,0,8
安泰,展宇,31,23,8
安泰,新漢,11,3,8
安泰,元大高股息,9,1,8
安泰,華榮,7,0,7
安泰,台灣虎航,9,2,7
安泰,玉晶光,6,0,6
安泰,恆大,10,4,6
安泰,華邦電,11,5,6
安泰,台灣高鐵,6,0,6
安泰,全球傳動,6,0,6
安泰,高端疫苗,6,0,6
安泰,欣興,6,1,5
安泰,00676R富邦臺灣加權反1,5,0,5
安泰,兆勁,5,0,5
安泰,建漢,5,0,5
安泰,加百裕,5,0,5
安泰,麗升能源,5,0,5
安泰,先進光,4,0,4
安泰,00680L元大美債20正2,4,0,4
安泰,群光,4,0,4
安泰,南亞科,7,3,4
安泰,農林,5,1,4
安泰,力積電,36,174,-138
安泰,00951台新日本半導體,0,100,-100
安泰,00931B統一美債20年,0,50,-50
安泰,大同,7,46,-39
安泰,連展投控,2,39,-37
安泰,友達,1,35,-34
安泰,致和證,0,30,-30
安泰,神達,34,62,-28
安泰,台塑,3,31,-28
安泰,長榮航,1,27,-26
安泰,華航,10,35,-25
安泰,日月光投控,0,20,-20
安泰,00679B元大美債20年,0,20,-20
安泰,千興,0,20,-20
安泰,金寶,11,31,-20
安泰,康和證,0,20,-20
安泰,00929復華台灣科技優息,2,19,-17
安泰,中鴻,0,17,-17
安泰,鴻準,7,24,-17
安泰,宏致,2,16,-14
安泰,國碩,0,13,-13
安泰,華新,1,12,-11
安泰,錩新,0,11,-11
安泰,永豐金,0,11,-11
安泰,南電,0,11,-11
安泰,新光金,0,10,-10
安泰,高雄銀,0,10,-10
安泰,彬台,0,10,-10
安泰,彩晶,0,10,-10
安泰,中信金,0,9,-9
安泰,00881國泰台灣5G+,0,9,-9
安泰,玉山金,1,10,-9
安泰,台達電,0,8,-8
安泰,凱基金,0,8,-8
安泰,旺宏,4,11,-7
安泰,星宇航空,3,10,-7
安泰,順達,1,8,-7
安泰,佳邦,0,7,-7
安泰,興能高,9,16,-7
安泰,佳世達,0,6,-6
安泰,華南金,1,7,-6
安泰,創威,0,6,-6
安泰,群創,4,10,-6
安泰,華城,2,7,-5
安泰,宏遠,0,5,-5
安泰,力鵬,0,5,-5
安泰,台聚,1,6,-5
安泰,00927群益半導體收益,0,5,-5
安泰,富喬,1,6,-5
安泰,允強,0,5,-5
 元大大天,力積電,1523,174,1349
 元大大天,聯電,589,76,513
 元大大天,第一金,484,0,484
 元大大天,良維,166,1,165
 元大大天,00933B國泰10Y+金融債,100,0,100
 元大大天,鴻海,85,22,63
 元大大天,00637L元大滬深300正2,65,2,63
 元大大天,大成鋼,81,18,63
 元大大天,亞泥,49,0,49
 元大大天,長榮航,72,26,46
 元大大天,00950B凱基A級公司債,40,0,40
 元大大天,佳能,37,2,35
 元大大天,力成,34,0,34
 元大大天,00945B凱基美國非投等債,36,5,31
 元大大天,亞光,34,4,30
 元大大天,00858永豐美國500大,28,0,28
 元大大天,聯光通,33,8,25
 元大大天,陽明,27,5,22
 元大大天,兆豐金,22,2,20
 元大大天,00632R元大台灣50反1,25,5,20
 元大大天,00652富邦印度,20,0,20
 元大大天,立��,24,4,20
 元大大天,00680L元大美債20正2,20,0,20
 元大大天,玉山金,20,0,20
 元大大天,波若威,30,13,17
 元大大天,群創,26,9,17
 元大大天,00687B國泰20年美債,17,1,16
 元大大天,00919群益台灣精選高息,26,10,16
 元大大天,元大寶滬深,15,0,15
 元大大天,泰金寶-DR,180,165,15
 元大大天,圓剛,22,7,15
 元大大天,00633L富邦上証正2,14,0,14
 元大大天,英濟,62,48,14
 元大大天,環宇-KY,32,19,13
 元大大天,聯華,15,2,13
 元大大天,泰山,13,0,13
 元大大天,00753L中信中國50正2,12,0,12
 元大大天,00648R元大S＆P500反1,12,0,12
 元大大天,海華,12,0,12
 元大大天,聯發科,21,9,12
 元大大天,福壽,11,0,11
 元大大天,台新金,20,9,11
 元大大天,00937B群益ESG投等債20,25,15,10
 元大大天,鈺創,10,0,10
 元大大天,嘉晶,10,0,10
 元大大天,凱美,14,4,10
 元大大天,00882中信中國高股息,9,0,9
 元大大天,宏達電,53,44,9
 元大大天,00918大華優利高填息30,10,2,8
 元大大天,永豐金,8,0,8
 元大大天,日月光投控,2,565,-563
 元大大天,00965元大航太防衛科技,6,243,-237
 元大大天,凱基金,5,147,-142
 元大大天,神達,88,207,-119
 元大大天,00929復華台灣科技優息,0,108,-108
 元大大天,立端,0,85,-85
 元大大天,00673R期元大S＆P原油反1,8,82,-74
 元大大天,康那香,0,52,-52
 元大大天,00940元大台灣價值高息,2,53,-51
 元大大天,新光金,0,50,-50
 元大大天,華廣,2,46,-44
 元大大天,華航,0,41,-41
 元大大天,00669R國泰美國道瓊反1,0,40,-40
 元大大天,日勝生,0,38,-38
 元大大天,南茂,2,33,-31
 元大大天,聯華食,0,25,-25
 元大大天,台塑化,1,25,-24
 元大大天,台積電,9,32,-23
 元大大天,元大台灣50,2,26,-24
 元大大天,恆大,4,27,-23
 元大大天,元大高股息,24,47,-23
 元大大天,00850元大臺灣ESG永續,0,22,-22
 元大大天,強生,0,21,-21
 元大大天,雍智科技,1,19,-18
 元大大天,元山,2,20,-18
 元大大天,英業達,16,34,-18
 元大大天,欣銓,7,24,-17
 元大大天,00934中信成長高股息,0,17,-17
 元大大天,台達電,1,17,-16
 元大大天,宏致,6,22,-16
 元大大天,炎洲,0,15,-15
 元大大天,00922國泰台灣領袖50,0,15,-15
 元大大天,新日興,4,18,-14
 元大大天,達邁,14,28,-14
 元大大天,精成科,4,18,-14
 元大大天,國光生,2,16,-14
 元大大天,華南金,0,13,-13
 元大大天,台船,0,13,-13
 元大大天,華紙,0,12,-12
 元大大天,康舒,0,12,-12
 元大大天,百一,0,12,-12
 元大大天,華榮,1,12,-11
 元大大天,瀚宇博,0,11,-11
 元大大天,定穎投控,0,10,-10
 元大大天,全台,0,10,-10
 元大大天,久裕,0,10,-10
 元大大天,00664R國泰臺灣加權反1,0,10,-10
 元大大天,萬泰科,0,10,-10
 元大大天,富鼎,0,10,-10
 元大大天,友達,2,12,-10
華南台南,泰金寶-DR,150,36,114
華南台南,興能高,85,28,57
華南台南,聯電,57,10,47
華南台南,晶技,40,0,40
華南台南,宏達電,335,295,40
華南台南,昇陽半導體,49,12,37
華南台南,新光鋼,36,0,36
華南台南,00688L國泰20年美債正2,33,0,33
華南台南,眾達-KY,64,33,31
華南台南,台揚,34,4,30
華南台南,新盛力,69,41,28
華南台南,00715L期街口布蘭特正2,33,6,27
華南台南,威致,26,0,26
華南台南,英業達,27,1,26
華南台南,中再保,25,0,25
華南台南,00878國泰永續高股息,25,1,24
華南台南,金雨,22,0,22
華南台南,00637L元大滬深300正2,21,0,21
華南台南,國統,21,0,21
華南台南,00919群益台灣精選高息,19,1,18
華南台南,力山,16,0,16
華南台南,可成,29,13,16
華南台南,環宇-KY,32,19,13
華南台南,玉晶光,13,0,13
華南台南,東台,11,0,11
華南台南,安國,11,0,11
華南台南,萬潤,14,4,10
華南台南,00882中信中國高股息,10,0,10
華南台南,00953B群益優選非投等債,10,0,10
華南台南,氣立,10,0,10
華南台南,陽明,40,31,9
華南台南,富威電力,7,0,7
華南台南,緯創,8,2,6
華南台南,宏��,7,1,6
華南台南,信錦,6,0,6
華南台南,永昕,6,0,6
華南台南,亞泰,8,2,6
華南台南,邁達特,6,0,6
華南台南,00918大華優利高填息30,17,12,5
華南台南,聯光通,14,9,5
華南台南,亞光,16,11,5
華南台南,00687B國泰20年美債,6,1,5
華南台南,00665L富邦�琤肭磪囓�2,5,0,5
華南台南,00945B凱基美國非投等債,5,0,5
華南台南,華通,20,15,5
華南台南,彰銀,5,0,5
華南台南,2883B凱基金乙特,5,0,5
華南台南,艾訊,5,0,5
華南台南,力成,5,0,5
華南台南,台新金,7,2,5
華南台南,長榮航,1,172,-171
華南台南,欣銓,7,131,-124
華南台南,玉山金,10,74,-64
華南台南,00965元大航太防衛科技,2,54,-52
華南台南,元大台灣50,0,41,-41
華南台南,育富,0,40,-40
華南台南,北基,0,40,-40
華南台南,00951台新日本半導體,1,38,-37
華南台南,00940元大台灣價值高息,1,36,-35
華南台南,達邁,7,39,-32
華南台南,光寶科,3,35,-32
華南台南,00929復華台灣科技優息,5,35,-30
華南台南,達運光電,1,27,-26
華南台南,安集,0,23,-23
華南台南,大成鋼,12,34,-22
華南台南,建通,0,22,-22
華南台南,昇達科,13,29,-16
華南台南,騰輝電子-KY,1,16,-15
華南台南,昆盈,3,16,-13
華南台南,華南金,0,13,-13
華南台南,凱基金,2,14,-12
華南台南,華新,0,11,-11
華南台南,台船,0,11,-11
華南台南,日月光投控,1,12,-11
華南台南,00933B國泰10Y+金融債,0,10,-10
華南台南,00936台新永續高息中小,0,10,-10
華南台南,名軒,6,16,-10
華南台南,辛耘,0,10,-10
華南台南,康那香,0,10,-10
華南台南,順達,4,14,-10
華南台南,神達,19,28,-9
華南台南,精剛,2,10,-8
華南台南,中鋼,24,32,-8
華南台南,00887永豐中國科技50大,0,7,-7
華南台南,弘塑,0,7,-7
華南台南,富世達,14,20,-6
華南台南,台積電,15,21,-6
華南台南,華星光,18,24,-6
華南台南,立隆電,9,15,-6
華南台南,00922國泰台灣領袖50,0,5,-5
華南台南,00662富邦NASDAQ,0,5,-5
華南台南,台泥,1,6,-5
華南台南,華泰,0,5,-5
華南台南,亞航,0,5,-5
華南台南,國票金,0,5,-5
華南台南,南仁湖,0,5,-5
華南台南,頎邦,0,5,-5
華南台南,雷科,0,5,-5
華南台南,龍德造船,0,5,-5
華南台南,00946群益科技高息成長,0,5,-5
兆豐台南,泰金寶-DR,474,49,425
兆豐台南,聯電,166,25,141
兆豐台南,中鋼,68,1,67
兆豐台南,台化,33,0,33
兆豐台南,00637L元大滬深300正2,33,2,31
兆豐台南,00931B統一美債20年,21,0,21
兆豐台南,00960野村全球航運龍頭,20,0,20
兆豐台南,00882中信中國高股息,17,0,17
兆豐台南,金寶,17,0,17
兆豐台南,力積電,109,94,15
兆豐台南,00680L元大美債20正2,14,0,14
兆豐台南,元大台灣50,21,8,13
兆豐台南,00900富邦特選高股息30,10,0,10
兆豐台南,00655L國泰中國A50正2,10,0,10
兆豐台南,00673R期元大S＆P原油反1,50,40,10
兆豐台南,美食-KY,10,0,10
兆豐台南,州巧,15,5,10
兆豐台南,兆豐金,10,0,10
兆豐台南,00679B元大美債20年,10,1,9
兆豐台南,00922國泰台灣領袖50,10,1,9
兆豐台南,台揚,10,1,9
兆豐台南,00687B國泰20年美債,9,1,8
兆豐台南,連展投控,8,0,8
兆豐台南,虹堡,8,0,8
兆豐台南,宏��,18,11,7
兆豐台南,建大,7,0,7
兆豐台南,新漢,10,3,7
兆豐台南,00632R元大台灣50反1,6,0,6
兆豐台南,00934中信成長高股息,10,4,6
兆豐台南,興能高,60,54,6
兆豐台南,益航,6,0,6
兆豐台南,00795B中信美國公債20年,5,0,5
兆豐台南,00930永豐ESG低碳高息,5,0,5
兆豐台南,亞泥,5,0,5
兆豐台南,亞翔,17,12,5
兆豐台南,00918大華優利高填息30,4,0,4
兆豐台南,欣興,4,0,4
兆豐台南,00891中信關鍵半導體,4,0,4
兆豐台南,英業達,11,7,4
兆豐台南,偉詮電,4,0,4
兆豐台南,陽明,12,8,4
兆豐台南,海華,4,0,4
兆豐台南,寶緯,4,0,4
兆豐台南,國精化,4,0,4
兆豐台南,邁達特,4,0,4
兆豐台南,合庫金,4,0,4
兆豐台南,00919群益台灣精選高息,12,9,3
兆豐台南,加百裕,14,11,3
兆豐台南,00959B大華投等美債15Y+,3,0,3
兆豐台南,汎銓,4,1,3
兆豐台南,00715L期街口布蘭特正2,0,220,-220
兆豐台南,00980B台新特選IG債10+,10,205,-195
兆豐台南,00712復華富時不動產,0,170,-170
兆豐台南,長榮航,14,68,-54
兆豐台南,大成鋼,5,49,-44
兆豐台南,神達,50,88,-38
兆豐台南,00940元大台灣價值高息,0,36,-36
兆豐台南,臺企銀,0,35,-35
兆豐台南,北基,0,30,-30
兆豐台南,十銓,0,27,-27
兆豐台南,00935野村臺灣新科技50,0,25,-25
兆豐台南,華新,0,25,-25
兆豐台南,鈺齊-KY,1,25,-24
兆豐台南,00929復華台灣科技優息,1,25,-24
兆豐台南,00965元大航太防衛科技,0,22,-22
兆豐台南,台積電,14,35,-21
兆豐台南,中鴻,0,20,-20
兆豐台南,欣銓,7,21,-14
兆豐台南,日電貿,0,12,-12
兆豐台南,正達,0,12,-12
兆豐台南,00757統一FANG+,1,12,-11
兆豐台南,長榮,0,11,-11
兆豐台南,鴻海,3,13,-10
兆豐台南,友達,0,10,-10
兆豐台南,朋億*,0,10,-10
兆豐台南,耿鼎,0,10,-10
兆豐台南,奇鋐,3,13,-10
兆豐台南,台聚,0,10,-10
兆豐台南,華夏,0,10,-10
兆豐台南,台苯,0,10,-10
兆豐台南,國喬,0,10,-10
兆豐台南,聯成,0,10,-10
兆豐台南,台境*,0,10,-10
兆豐台南,00937B群益ESG投等債20,20,30,-10
兆豐台南,中華,0,9,-9
兆豐台南,凱基金,0,9,-9
兆豐台南,00915凱基優選高股息30,1,10,-9
兆豐台南,健亞,0,8,-8
兆豐台南,中磊,0,8,-8
兆豐台南,台康生技,0,8,-8
兆豐台南,華南金,1,8,-7
兆豐台南,宏達電,14,22,-8
兆豐台南,友訊,0,7,-7
兆豐台南,華航,1,8,-7
兆豐台南,亞航,0,7,-7
兆豐台南,宏致,0,7,-7
兆豐台南,00830國泰費城半導體,0,6,-6
兆豐台南,和大,0,6,-6
兆豐台南,國泰金,0,6,-6
兆豐台南,雙鴻,0,6,-6
兆豐埔墘,來頡,150,2,148
兆豐埔墘,聯電,127,1,126
兆豐埔墘,元大高股息,110,2,108
兆豐埔墘,鈺齊-KY,130,30,100
兆豐埔墘,廣宇,50,2,48
兆豐埔墘,安集,40,0,40
兆豐埔墘,合正,24,0,24
兆豐埔墘,00959B大華投等美債15Y+,21,0,21
兆豐埔墘,台玻,21,0,21
兆豐埔墘,龍德造船,20,0,20
兆豐埔墘,00664R國泰臺灣加權反1,20,0,20
兆豐埔墘,凌陽,20,0,20
兆豐埔墘,順達,24,4,20
兆豐埔墘,和椿,24,4,20
兆豐埔墘,00909國泰數位支付服務,18,0,18
兆豐埔墘,緯創,21,5,16
兆豐埔墘,00693U期街口S＆P黃豆,13,0,13
兆豐埔墘,00878國泰永續高股息,12,0,12
兆豐埔墘,光洋科,11,0,11
兆豐埔墘,新興,10,0,10
兆豐埔墘,得力,10,0,10
兆豐埔墘,00637L元大滬深300正2,10,0,10
兆豐埔墘,華通,10,0,10
兆豐埔墘,全球傳動,11,1,10
兆豐埔墘,世界,10,0,10
兆豐埔墘,昇達科,8,1,7
兆豐埔墘,興能高,15,8,7
兆豐埔墘,00858永豐美國500大,6,0,6
兆豐埔墘,耿鼎,6,0,6
兆豐埔墘,福壽,6,0,6
兆豐埔墘,華邦電,6,0,6
兆豐埔墘,泰金寶-DR,18,13,5
兆豐埔墘,聚陽,7,2,5
兆豐埔墘,遠東新,5,0,5
兆豐埔墘,皇昌,7,2,5
兆豐埔墘,台新金,5,0,5
兆豐埔墘,晟銘電,5,0,5
兆豐埔墘,勝德,5,0,5
兆豐埔墘,達邁,14,9,5
兆豐埔墘,立敦,6,1,5
兆豐埔墘,華航,4,0,4
兆豐埔墘,濱川,4,0,4
兆豐埔墘,久陽,4,0,4
兆豐埔墘,達麗,4,0,4
兆豐埔墘,鴻準,5,1,4
兆豐埔墘,鴻海,10,6,4
兆豐埔墘,00937B群益ESG投等債20,6,3,3
兆豐埔墘,欣興,3,0,3
兆豐埔墘,華星光,4,1,3
兆豐埔墘,00662富邦NASDAQ,3,0,3
兆豐埔墘,立��,1,251,-250
兆豐埔墘,00980B台新特選IG債10+,0,180,-180
兆豐埔墘,精成科,3,111,-108
兆豐埔墘,華南金,0,64,-64
兆豐埔墘,金寶,2,62,-60
兆豐埔墘,迅得,0,50,-50
兆豐埔墘,00650L復華香港正2,0,40,-40
兆豐埔墘,神達,24,56,-32
兆豐埔墘,00929復華台灣科技優息,2,30,-28
兆豐埔墘,00965元大航太防衛科技,0,24,-24
兆豐埔墘,宏達電,21,43,-22
兆豐埔墘,台達電,0,20,-20
兆豐埔墘,英業達,2,21,-19
兆豐埔墘,國泰金,0,16,-16
兆豐埔墘,00887永豐中國科技50大,0,15,-15
兆豐埔墘,正崴,0,11,-11
兆豐埔墘,國票金,0,11,-11
兆豐埔墘,00632R元大台灣50反1,0,10,-10
兆豐埔墘,00922國泰台灣領袖50,0,10,-10
兆豐埔墘,科妍,0,10,-10
兆豐埔墘,南亞科,0,10,-10
兆豐埔墘,力積電,0,10,-10
兆豐埔墘,欣銓,8,17,-9
兆豐埔墘,台積電,2,11,-9
兆豐埔墘,明泰,0,7,-7
兆豐埔墘,彰銀,0,6,-6
兆豐埔墘,00934中信成長高股息,0,6,-6
兆豐埔墘,星宇航空,1,7,-6
兆豐埔墘,京元電子,0,5,-5
兆豐埔墘,前鼎,0,5,-5
兆豐埔墘,榮群,0,5,-5
兆豐埔墘,00900富邦特選高股息30,1,5,-4
兆豐埔墘,富喬,2,6,-4
兆豐埔墘,台塑,3,7,-4
兆豐埔墘,誠研,0,4,-4
兆豐埔墘,宏致,2,6,-4
兆豐埔墘,瀚荃,0,4,-4
兆豐埔墘,華城,3,6,-3
兆豐埔墘,00940元大台灣價值高息,2,5,-3
兆豐埔墘,光寶科,0,3,-3
兆豐埔墘,圓剛,0,3,-3
兆豐埔墘,事欣科,0,3,-3
兆豐埔墘,泰鼎-KY,0,3,-3
兆豐埔墘,柏承,0,3,-3
兆豐埔墘,啟��,0,3,-3
兆豐埔墘,康霈*,1,4,-3
兆豐埔墘,00966B統一ESG投等債15,0,2,-2
兆豐埔墘,00881國泰台灣5G+,0,2,-2
兆豐埔墘,00631L元大台灣50正2,0,2,-2
兆豐埔墘,元大台灣50,1,3,-2
群益丹鳳,00676R富邦臺灣加權反1,80,0,80
群益丹鳳,廣宇,76,1,75
群益丹鳳,聯電,86,19,67
群益丹鳳,00673R期元大S＆P原油反1,28,0,28
群益丹鳳,00937B群益ESG投等債20,29,2,27
群益丹鳳,00932兆豐永續高息等權,20,0,20
群益丹鳳,漢科,20,0,20
群益丹鳳,台泥,14,0,14
群益丹鳳,00922國泰台灣領袖50,25,12,13
群益丹鳳,大中,13,0,13
群益丹鳳,統一證,12,0,12
群益丹鳳,聯合再生,12,0,12
群益丹鳳,00878國泰永續高股息,13,2,11
群益丹鳳,大同,15,5,10
群益丹鳳,元大高股息,12,2,10
群益丹鳳,和碩,10,1,9
群益丹鳳,00882中信中國高股息,9,0,9
群益丹鳳,雷虎,10,1,9
群益丹鳳,環宇-KY,37,29,8
群益丹鳳,華容,8,0,8
群益丹鳳,緯創,12,5,7
群益丹鳳,00679B元大美債20年,5,0,5
群益丹鳳,亞光,10,5,5
群益丹鳳,00965元大航太防衛科技,5,0,5
群益丹鳳,神隆,5,0,5
群益丹鳳,鴻華先進-創,5,0,5
群益丹鳳,英業達,15,10,5
群益丹鳳,偉詮電,5,0,5
群益丹鳳,2882B國泰金乙特,5,0,5
群益丹鳳,合正,5,0,5
群益丹鳳,松上,5,0,5
群益丹鳳,佳世達,5,0,5
群益丹鳳,00915凱基優選高股息30,4,0,4
群益丹鳳,永豐金,4,0,4
群益丹鳳,00687B國泰20年美債,4,0,4
群益丹鳳,冠軍,4,0,4
群益丹鳳,能率,4,0,4
群益丹鳳,宏齊,5,1,4
群益丹鳳,00919群益台灣精選高息,20,16,4
群益丹鳳,凱基金,5,2,3
群益丹鳳,時碩工業,3,0,3
群益丹鳳,兆利,5,2,3
群益丹鳳,00926凱基全球菁英55,3,0,3
群益丹鳳,00708L期元大S＆P黃金正2,3,0,3
群益丹鳳,00910第一金太空衛星,3,0,3
群益丹鳳,00953B群益優選非投等債,3,0,3
群益丹鳳,00958B永豐ESG銀行債15,3,0,3
群益丹鳳,得力,3,0,3
群益丹鳳,裕隆,3,0,3
群益丹鳳,聯穎,3,0,3
群益丹鳳,00980B台新特選IG債10+,0,315,-315
群益丹鳳,亞翔,0,47,-47
群益丹鳳,00929復華台灣科技優息,0,46,-46
群益丹鳳,連展投控,0,30,-30
群益丹鳳,新光金,0,25,-25
群益丹鳳,00940元大台灣價值高息,0,25,-25
群益丹鳳,東鹼,0,24,-24
群益丹鳳,昆盈,11,32,-21
群益丹鳳,00951台新日本半導體,0,20,-20
群益丹鳳,宏達電,125,144,-19
群益丹鳳,神達,30,47,-17
群益丹鳳,歐買尬,1,16,-15
群益丹鳳,00753L中信中國50正2,0,12,-12
群益丹鳳,達邁,16,28,-12
群益丹鳳,台玻,1,11,-10
群益丹鳳,茂矽,0,10,-10
群益丹鳳,泰鼎-KY,0,10,-10
群益丹鳳,00927群益半導體收益,0,9,-9
群益丹鳳,星宇航空,1,10,-9
群益丹鳳,富喬,16,24,-8
群益丹鳳,國巨,0,8,-8
群益丹鳳,鴻準,2,10,-8
群益丹鳳,泰金寶-DR,7,15,-8
群益丹鳳,朋億*,0,7,-7
群益丹鳳,群創,0,7,-7
群益丹鳳,富邦金,0,7,-7
群益丹鳳,雙鴻,4,10,-6
群益丹鳳,台塑,4,10,-6
群益丹鳳,鼎元,1,7,-6
群益丹鳳,西勝,0,6,-6
群益丹鳳,事欣科,0,6,-6
群益丹鳳,友訊,0,6,-6
群益丹鳳,云辰,0,5,-5
群益丹鳳,奇鋐,1,6,-5
群益丹鳳,00706L期元大S＆P日圓正2,0,5,-5
群益丹鳳,新光鋼,0,5,-5
群益丹鳳,光寶科,0,5,-5
群益丹鳳,星通,0,5,-5
群益丹鳳,太景*-KY,0,5,-5
群益丹鳳,誠美材,0,5,-5
群益丹鳳,興能高,100,105,-5
群益丹鳳,大銀微系統,3,7,-4
群益丹鳳,官田鋼,0,4,-4
群益丹鳳,三商壽,1,5,-4
群益丹鳳,富華新,0,4,-4
群益丹鳳,達能,0,4,-4
群益丹鳳,聯茂,0,4,-4
群益丹鳳,立��,3,7,-4
群益丹鳳,聯詠,0,4,-4
群益丹鳳,東元,1,4,-3
富邦新莊,00676R富邦臺灣加權反1,495,35,460
富邦新莊,00665L富邦�琤肭磪囓�2,310,12,298
富邦新莊,華邦電,165,3,162
富邦新莊,聯電,95,28,67
富邦新莊,泰金寶-DR,63,2,61
富邦新莊,00720B元大投資級公司債,60,1,59
富邦新莊,台化,50,1,49
富邦新莊,00919群益台灣精選高息,52,10,42
富邦新莊,00706L期元大S＆P日圓正2,31,0,31
富邦新莊,朋億*,27,0,27
富邦新莊,台塑,31,6,25
富邦新莊,大成鋼,22,0,22
富邦新莊,加百裕,26,5,21
富邦新莊,南亞科,20,0,20
富邦新莊,京元電子,19,0,19
富邦新莊,00882中信中國高股息,17,0,17
富邦新莊,佳能,17,0,17
富邦新莊,欣興,17,1,16
富邦新莊,北基,18,3,15
富邦新莊,宸曜,15,0,15
富邦新莊,育富,15,0,15
富邦新莊,祺驊,15,0,15
富邦新莊,長榮,22,9,13
富邦新莊,00878國泰永續高股息,24,11,13
富邦新莊,00830國泰費城半導體,15,4,11
富邦新莊,英濟,17,6,11
富邦新莊,富華新,11,0,11
富邦新莊,群益證,11,0,11
富邦新莊,友達,12,1,11
富邦新莊,英業達,12,1,11
富邦新莊,00935野村臺灣新科技50,10,0,10
富邦新莊,普安,10,0,10
富邦新莊,中石化,10,0,10
富邦新莊,愛普*,20,10,10
富邦新莊,台勝科,10,0,10
富邦新莊,遠見,10,0,10
富邦新莊,00858永豐美國500大,11,1,10
富邦新莊,金寶,25,16,9
富邦新莊,00915凱基優選高股息30,8,0,8
富邦新莊,眾達-KY,17,9,8
富邦新莊,00932兆豐永續高息等權,8,0,8
富邦新莊,美食-KY,9,1,8
富邦新莊,駿吉-KY,8,0,8
富邦新莊,合庫金,8,0,8
富邦新莊,力積電,41,33,8
富邦新莊,興能高,72,65,7
富邦新莊,旺宏,11,4,7
富邦新莊,訊芯-KY,15,8,7
富邦新莊,00715L期街口布蘭特正2,6,0,6
富邦新莊,綠界科技*,8,2,6
富邦新莊,00637L元大滬深300正2,36,231,-195
富邦新莊,00952凱基台灣AI50,1,100,-99
富邦新莊,致和證,30,84,-54
富邦新莊,元大高股息,4,57,-53
富邦新莊,神達,33,82,-49
富邦新莊,毛寶,9,57,-48
富邦新莊,00930永豐ESG低碳高息,2,47,-45
富邦新莊,中工,0,45,-45
富邦新莊,臺企銀,0,44,-44
富邦新莊,宏達電,64,105,-41
富邦新莊,00905FT臺灣Smart,0,41,-41
富邦新莊,00940元大台灣價值高息,0,39,-39
富邦新莊,中鋼,5,40,-35
富邦新莊,亞泰,0,35,-35
富邦新莊,00877復華中國5G,0,35,-35
富邦新莊,亞光,9,43,-34
富邦新莊,亞翔,2,31,-29
富邦新莊,台新金,3,30,-27
富邦新莊,和椿,9,34,-25
富邦新莊,富喬,0,24,-24
富邦新莊,憶聲,0,23,-23
富邦新莊,友訊,1,23,-22
富邦新莊,華南金,0,22,-22
富邦新莊,00980B台新特選IG債10+,0,21,-21
富邦新莊,長榮航,7,28,-21
富邦新莊,光寶科,1,21,-20
富邦新莊,康和證,0,20,-20
富邦新莊,中信金,15,32,-17
富邦新莊,華航,12,28,-16
富邦新莊,通泰,0,16,-16
富邦新莊,鴻海,9,25,-16
富邦新莊,新日興,2,18,-16
富邦新莊,大亞,1,15,-14
富邦新莊,立��,18,32,-14
富邦新莊,台達電,0,13,-13
富邦新莊,華城,6,19,-13
富邦新莊,元大台灣50,0,13,-13
富邦新莊,奇鋐,2,15,-13
富邦新莊,台積電,2,14,-12
富邦新莊,加捷生醫,0,12,-12
富邦新莊,00929復華台灣科技優息,23,35,-12
富邦新莊,信邦,0,11,-11
富邦新莊,00926凱基全球菁英55,0,11,-11
富邦新莊,欣銓,1,12,-11
富邦新莊,00970B新光BBB投等債20,0,10,-10
富邦新莊,00933B國泰10Y+金融債,1,11,-10
富邦新莊,中環,0,10,-10
富邦新莊,錸德,3,13,-10
富邦新莊,允強,1,11,-10
富邦新莊,台特化,1,11,-10
永豐古亭,00937B群益ESG投等債20,120,9,111
永豐古亭,永豐金,106,1,105
永豐古亭,玉山金,100,5,95
永豐古亭,聯電,47,2,45
永豐古亭,00637L元大滬深300正2,154,125,29
永豐古亭,欣興,38,10,28
永豐古亭,00633L富邦上証正2,30,4,26
永豐古亭,凱基金,24,0,24
永豐古亭,中工,20,0,20
永豐古亭,連展投控,19,0,19
永豐古亭,華航,82,64,18
永豐古亭,群創,21,4,17
永豐古亭,00719B元大美債1-3,16,0,16
永豐古亭,00902中信電池及儲能,15,0,15
永豐古亭,永豐餘,14,0,14
永豐古亭,第一金,12,0,12
永豐古亭,立��,23,11,12
永豐古亭,00753L中信中國50正2,11,0,11
永豐古亭,圓剛,12,1,11
永豐古亭,廣明,11,0,11
永豐古亭,力麒,10,0,10
永豐古亭,00674R期元大S＆P黃金反1,10,0,10
永豐古亭,00665L富邦�琤肭磪囓�2,10,0,10
永豐古亭,00950B凱基A級公司債,10,0,10
永豐古亭,漢翔,10,0,10
永豐古亭,00918大華優利高填息30,11,3,8
永豐古亭,聯德控股-KY,8,0,8
永豐古亭,遠見,8,0,8
永豐古亭,友輝,8,0,8
永豐古亭,尚凡*,8,0,8
永豐古亭,皇昌,8,1,7
永豐古亭,英濟,13,6,7
永豐古亭,能率,7,0,7
永豐古亭,和椿,15,8,7
永豐古亭,高僑,7,0,7
永豐古亭,凱美,24,17,7
永豐古亭,橋椿,6,0,6
永豐古亭,德晉,6,0,6
永豐古亭,萬泰科,6,0,6
永豐古亭,00948B中信優息投資級債,5,0,5
永豐古亭,00933B國泰10Y+金融債,10,5,5
永豐古亭,00959B大華投等美債15Y+,5,0,5
永豐古亭,國喬,5,0,5
永豐古亭,陽程,10,5,5
永豐古亭,精聯,5,0,5
永豐古亭,美琪瑪,5,0,5
永豐古亭,兆豐金,4,0,4
永豐古亭,緯創,12,8,4
永豐古亭,聯成,4,0,4
永豐古亭,台新金,7,3,4
永豐古亭,大同,2,190,-188
永豐古亭,上曜,3,112,-109
永豐古亭,00687B國泰20年美債,0,89,-89
永豐古亭,00673R期元大S＆P原油反1,0,85,-85
永豐古亭,雲豹能源,0,52,-52
永豐古亭,00679B元大美債20年,2,50,-48
永豐古亭,廣達,1,44,-43
永豐古亭,南港,0,41,-41
永豐古亭,華星光,20,59,-39
永豐古亭,00940元大台灣價值高息,0,29,-29
永豐古亭,元太,0,27,-27
永豐古亭,世紀鋼,0,25,-25
永豐古亭,00951台新日本半導體,0,23,-23
永豐古亭,新建,1,24,-23
永豐古亭,00631L元大台灣50正2,19,41,-22
永豐古亭,元大台灣50,1,22,-21
永豐古亭,訊舟,0,20,-20
永豐古亭,宏致,0,20,-20
永豐古亭,東台,0,20,-20
永豐古亭,愛普*,0,20,-20
永豐古亭,研華,0,20,-20
永豐古亭,長榮航,2,21,-19
永豐古亭,臺企銀,0,18,-18
永豐古亭,台積電,9,27,-18
永豐古亭,00882中信中國高股息,193,210,-17
永豐古亭,晟楠,0,15,-15
永豐古亭,00881國泰台灣5G+,0,14,-14
永豐古亭,力積電,7,20,-13
永豐古亭,00895富邦未來車,0,12,-12
永豐古亭,宏達電,9,20,-11
永豐古亭,00877復華中國5G,0,10,-10
永豐古亭,富邦金,8,18,-10
永豐古亭,00892富邦台灣半導體,0,10,-10
永豐古亭,00946群益科技高息成長,0,10,-10
永豐古亭,00963中信全球高股息,0,10,-10
永豐古亭,00965元大航太防衛科技,0,10,-10
永豐古亭,佳格,0,10,-10
永豐古亭,陽明,5,15,-10
永豐古亭,淘帝-KY,0,10,-10
永豐古亭,亞光,8,18,-10
永豐古亭,順達,6,15,-9
永豐古亭,00712復華富時不動產,10,19,-9
永豐古亭,00715L期街口布蘭特正2,0,8,-8
永豐古亭,晶華,0,8,-8
永豐古亭,亞翔,3,11,-8
永豐古亭,新應材,3,10,-7
永豐古亭,00690兆豐藍籌30,0,7,-7
永豐古亭,欣銓,6,13,-7
永豐古亭,神達,27,34,-7
永豐古亭,00858永豐美國500大,2,9,-7
玉山台中,三商壽,3142,9,3133
玉山台中,00712復華富時不動產,409,1,408
玉山台中,新光金,154,16,138
玉山台中,00664R國泰臺灣加權反1,133,0,133
玉山台中,聯電,184,55,129
玉山台中,00636國泰中國A50,101,0,101
玉山台中,富邦金,96,21,75
玉山台中,00937B群益ESG投等債20,85,10,75
玉山台中,三晃,71,1,70
玉山台中,大成鋼,81,12,69
玉山台中,00878國泰永續高股息,97,32,65
玉山台中,宏��,62,1,61
玉山台中,欣興,71,11,60
玉山台中,台燿,55,0,55
玉山台中,元大高股息,62,14,48
玉山台中,長榮航,71,23,48
玉山台中,力積電,117,70,47
玉山台中,00637L元大滬深300正2,506,461,45
玉山台中,台灣虎航,57,12,45
玉山台中,00858永豐美國500大,45,0,45
玉山台中,00680L元大美債20正2,33,0,33
玉山台中,連展投控,40,8,32
玉山台中,緯軟,28,0,28
玉山台中,緯創,41,14,27
玉山台中,森崴能源,27,1,26
玉山台中,00945B凱基美國非投等債,25,2,23
玉山台中,新建,23,0,23
玉山台中,00753L中信中國50正2,23,0,23
玉山台中,晶彩科,22,0,22
玉山台中,華豐,22,0,22
玉山台中,00960野村全球航運龍頭,25,4,21
玉山台中,台虹,21,0,21
玉山台中,今國光,23,2,21
玉山台中,新興,21,0,21
玉山台中,驊訊,24,3,21
玉山台中,中揚光,20,0,20
玉山台中,00852L國泰美國道瓊正2,20,0,20
玉山台中,神達,214,195,19
玉山台中,玉晶光,22,4,18
玉山台中,鴻海,39,23,16
玉山台中,順達,35,20,15
玉山台中,00919群益台灣精選高息,60,45,15
玉山台中,00687B國泰20年美債,22,8,14
玉山台中,濱川,14,0,14
玉山台中,00915凱基優選高股息30,17,3,14
玉山台中,00882中信中國高股息,13,0,13
玉山台中,英濟,40,28,12
玉山台中,前鼎,18,6,12
玉山台中,00909國泰數位支付服務,19,7,12
玉山台中,宏達電,265,254,11
玉山台中,00950B凱基A級公司債,1,239,-238
玉山台中,玉山金,19,233,-214
玉山台中,00929復華台灣科技優息,8,215,-207
玉山台中,泰金寶-DR,45,162,-117
玉山台中,凱基金,1,97,-96
玉山台中,廣明,2,76,-74
玉山台中,00685L群益臺灣加權正2,0,55,-55
玉山台中,00934中信成長高股息,0,55,-55
玉山台中,中鴻,0,50,-50
玉山台中,00673R期元大S＆P原油反1,5,52,-47
玉山台中,台積電,10,51,-41
玉山台中,006208富邦台50,10,48,-38
玉山台中,泰霖,0,30,-30
玉山台中,大同,1,31,-30
玉山台中,華航,6,36,-30
玉山台中,00936台新永續高息中小,0,27,-27
玉山台中,英業達,31,58,-27
玉山台中,00751B元大AAA至A公司債,0,26,-26
玉山台中,00675L富邦臺灣加權正2,9,35,-26
玉山台中,富喬,20,46,-26
玉山台中,華新,2,27,-25
玉山台中,超豐,0,25,-25
玉山台中,均豪,0,22,-22
玉山台中,能率,15,36,-21
玉山台中,00941中信上游半導體,0,21,-21
玉山台中,康舒,0,20,-20
玉山台中,富華新,0,20,-20
玉山台中,元晶,0,20,-20
玉山台中,威盛,20,40,-20
玉山台中,彰銀,0,20,-20
玉山台中,華邦電,0,20,-20
玉山台中,友達,2,21,-19
玉山台中,德晉,4,22,-18
玉山台中,00881國泰台灣5G+,5,22,-17
玉山台中,環宇-KY,60,77,-17
玉山台中,台泥,3,20,-17
玉山台中,台塑,10,26,-16
玉山台中,00631L元大台灣50正2,1,17,-16
玉山台中,中石化,8,23,-15
玉山台中,元大台灣50,10,25,-15
玉山台中,00905FT臺灣Smart,2,17,-15
玉山台中,鈺齊-KY,0,14,-14
玉山台中,正基,0,14,-14
玉山台中,晶技,0,14,-14
玉山台中,00953B群益優選非投等債,30,44,-14
玉山台中,事欣科,1,15,-14
玉山台中,伯特光,1,15,-14
玉山台中,00940元大台灣價值高息,12,26,-14
玉山台中,中信金,11,25,-14
玉山台中,國泰金,2,15,-13
統一平鎮  ,00632R元大台灣50反1,110,5,105
統一平鎮  ,00878國泰永續高股息,86,0,86
統一平鎮  ,聯電,71,7,64
統一平鎮  ,00795B中信美國公債20年,52,0,52
統一平鎮  ,友訊,51,0,51
統一平鎮  ,台灣大,25,0,25
統一平鎮  ,富喬,27,5,22
統一平鎮  ,00715L期街口布蘭特正2,21,0,21
統一平鎮  ,金寶,18,2,16
統一平鎮  ,緯創,13,0,13
統一平鎮  ,華安,11,0,11
統一平鎮  ,00971野村美國研發龍頭,10,0,10
統一平鎮  ,信立,10,0,10
統一平鎮  ,00858永豐美國500大,9,0,9
統一平鎮  ,廣運,10,1,9
統一平鎮  ,00937B群益ESG投等債20,8,0,8
統一平鎮  ,廣達,10,3,7
統一平鎮  ,統一證,7,0,7
統一平鎮  ,僑威,11,4,7
統一平鎮  ,海華,8,1,7
統一平鎮  ,美時,16,10,6
統一平鎮  ,00687B國泰20年美債,6,0,6
統一平鎮  ,立敦,9,3,6
統一平鎮  ,神達,29,23,6
統一平鎮  ,元大金,5,0,5
統一平鎮  ,聯鈞,16,11,5
統一平鎮  ,00713元大台灣高息低波,5,0,5
統一平鎮  ,科妍,5,0,5
統一平鎮  ,正新,5,0,5
統一平鎮  ,旺宏,5,0,5
統一平鎮  ,慶騰,5,0,5
統一平鎮  ,玉晶光,4,0,4
統一平鎮  ,愛之味,4,0,4
統一平鎮  ,英業達,4,0,4
統一平鎮  ,潤弘,4,0,4
統一平鎮  ,亞航,5,1,4
統一平鎮  ,達邁,8,4,4
統一平鎮  ,創意,3,0,3
統一平鎮  ,00882中信中國高股息,3,0,3
統一平鎮  ,00830國泰費城半導體,3,0,3
統一平鎮  ,大成鋼,4,1,3
統一平鎮  ,00688L國泰20年美債正2,3,0,3
統一平鎮  ,00696B富邦美債20年,3,0,3
統一平鎮  ,00918大華優利高填息30,3,0,3
統一平鎮  ,直得,3,0,3
統一平鎮  ,永光,3,0,3
統一平鎮  ,廣宇,5,2,3
統一平鎮  ,京元電子,9,6,3
統一平鎮  ,立德,3,0,3
統一平鎮  ,jpp-KY,3,0,3
統一平鎮  ,玉山金,11,202,-191
統一平鎮  ,00980B台新特選IG債10+,5,115,-110
統一平鎮  ,力積電,30,128,-98
統一平鎮  ,00951台新日本半導體,0,70,-70
統一平鎮  ,宏致,0,47,-47
統一平鎮  ,迅得,4,38,-34
統一平鎮  ,00751B元大AAA至A公司債,0,30,-30
統一平鎮  ,宏和,0,20,-20
統一平鎮  ,群創,4,24,-20
統一平鎮  ,飛宏,0,19,-19
統一平鎮  ,友達,1,20,-19
統一平鎮  ,00929復華台灣科技優息,0,18,-18
統一平鎮  ,欣銓,5,23,-18
統一平鎮  ,宏達電,17,31,-14
統一平鎮  ,泰金寶-DR,5,18,-13
統一平鎮  ,聯茂,0,12,-12
統一平鎮  ,聯華,1,12,-11
統一平鎮  ,威盛,0,11,-11
統一平鎮  ,00662富邦NASDAQ,0,11,-11
統一平鎮  ,日勝生,0,10,-10
統一平鎮  ,聯發科,0,10,-10
統一平鎮  ,長榮航太,0,10,-10
統一平鎮  ,弘憶股,0,10,-10
統一平鎮  ,東捷,0,10,-10
統一平鎮  ,擎亞,0,10,-10
統一平鎮  ,00923群益台ESG低碳50,0,9,-9
統一平鎮  ,英濟,5,14,-9
統一平鎮  ,頎邦,0,9,-9
統一平鎮  ,大同,1,10,-9
統一平鎮  ,雷科,2,10,-8
統一平鎮  ,00757統一FANG+,0,8,-8
統一平鎮  ,櫻花建,0,7,-7
統一平鎮  ,燿華,3,10,-7
統一平鎮  ,006208富邦台50,3,9,-6
統一平鎮  ,00940元大台灣價值高息,2,8,-6
統一平鎮  ,潤隆,1,7,-6
統一平鎮  ,國泰金,0,6,-6
統一平鎮  ,新日興,2,8,-6
統一平鎮  ,台灣虎航,0,6,-6
統一平鎮  ,鈦昇,0,6,-6
統一平鎮  ,立��,0,6,-6
統一平鎮  ,00692富邦公司治理,0,6,-6
統一平鎮  ,鴻準,7,13,-6
統一平鎮  ,順達,2,7,-5
統一平鎮  ,台聚,0,5,-5
統一平鎮  ,華新,0,5,-5
統一平鎮  ,中鋼,0,5,-5
統一平鎮  ,光寶科,2,7,-5
統一平鎮  ,彰銀,0,5,-5
統一平鎮  ,日月光投控,0,5,-5
德信中正,00664R國泰臺灣加權反1,300,0,300
德信中正,00641R富邦日本反1,200,0,200
德信中正,00632R元大台灣50反1,50,0,50
德信中正,新巨,34,0,34
德信中正,菱光,33,0,33
德信中正,00665L富邦�琤肭磪囓�2,26,0,26
德信中正,群創,18,0,18
德信中正,00633L富邦上証正2,15,0,15
德信中正,斐成,13,0,13
德信中正,慧洋-KY,14,1,13
德信中正,欣興,12,0,12
德信中正,事欣科,11,0,11
德信中正,立敦,17,6,11
德信中正,一詮,10,0,10
德信中正,龍德造船,10,0,10
德信中正,聯電,24,15,9
德信中正,聯合再生,9,0,9
德信中正,冠西電,7,0,7
德信中正,台灣高鐵,7,0,7
德信中正,陽明,12,6,6
德信中正,中光電,7,2,5
德信中正,00637L元大滬深300正2,5,0,5
德信中正,00655L國泰中國A50正2,5,0,5
德信中正,00650L復華香港正2,5,0,5
德信中正,00965元大航太防衛科技,5,0,5
德信中正,英業達,7,2,5
德信中正,南亞科,5,0,5
德信中正,貿聯-KY,5,0,5
德信中正,德淵,5,0,5
德信中正,聯光通,7,2,5
德信中正,康那香,5,0,5
德信中正,00949復華日本龍頭,4,0,4
德信中正,台塑,4,0,4
德信中正,00753L中信中國50正2,4,0,4
德信中正,弘凱,4,0,4
德信中正,中鼎,4,0,4
德信中正,神達,14,10,4
德信中正,00752中信中國50,3,0,3
德信中正,大銀微系統,8,5,3
德信中正,華懋,3,0,3
德信中正,鈺創,3,0,3
德信中正,台燿,3,0,3
德信中正,藥華藥,3,0,3
德信中正,大華,3,0,3
德信中正,00882中信中國高股息,2,0,2
德信中正,華新,2,0,2
德信中正,南港,2,0,2
德信中正,宇隆,5,3,2
德信中正,全新,12,10,2
德信中正,永豐金,2,0,2
德信中正,00673R期元大S＆P原油反1,0,499,-499
德信中正,00706L期元大S＆P日圓正2,0,150,-150
德信中正,精成科,82,161,-79
德信中正,海華,1,51,-50
德信中正,偉詮電,0,32,-32
德信中正,力積電,2,26,-24
德信中正,富采,0,18,-18
德信中正,新光金,0,16,-16
德信中正,泰鼎-KY,3,18,-15
德信中正,00887永豐中國科技50大,0,15,-15
德信中正,欣銓,6,21,-15
德信中正,鴻海,2,16,-14
德信中正,錸寶,0,14,-14
德信中正,八貫,0,12,-12
德信中正,00929復華台灣科技優息,0,10,-10
德信中正,燁興,0,10,-10
德信中正,燿華,0,10,-10
德信中正,冠德,0,10,-10
德信中正,泰金寶-DR,20,30,-10
德信中正,00922國泰台灣領袖50,0,9,-9
德信中正,加百裕,2,11,-9
德信中正,天剛,0,9,-9
德信中正,日月光投控,1,8,-7
德信中正,華城,3,10,-7
德信中正,大亞,0,7,-7
德信中正,長榮航,4,11,-7
德信中正,00631L元大台灣50正2,0,6,-6
德信中正,00910第一金太空衛星,2,8,-6
德信中正,中華化,0,6,-6
德信中正,金寶,1,7,-6
德信中正,大同,3,9,-6
德信中正,亞航,0,6,-6
德信中正,興能高,6,12,-6
德信中正,00687B國泰20年美債,10,15,-5
德信中正,元大高股息,2,7,-5
德信中正,彰銀,0,5,-5
德信中正,訊舟,0,5,-5
德信中正,景碩,0,5,-5
德信中正,英濟,12,17,-5
德信中正,006208富邦台50,0,4,-4
德信中正,上銀,4,8,-4
德信中正,鴻準,1,5,-4
德信中正,雲品,0,4,-4
德信中正,中信金,0,4,-4
德信中正,穎漢,0,4,-4
德信中正,ITH-KY,0,4,-4
德信中正,雷虎,6,10,-4
德信中正,富邦金,0,3,-3
德信中正,東聯,0,3,-3
德信中正,00940元大台灣價值高息,0,3,-3
 元大北府,聯電,249,67,182
 元大北府,00953B群益優選非投等債,147,0,147
 元大北府,元翎,101,7,94
 元大北府,00937B群益ESG投等債20,98,20,78
 元大北府,00919群益台灣精選高息,72,1,71
 元大北府,00637L元大滬深300正2,51,2,49
 元大北府,00878國泰永續高股息,42,0,42
 元大北府,元大高股息,51,10,41
 元大北府,宏達電,130,96,34
 元大北府,00945B凱基美國非投等債,33,0,33
 元大北府,南紡,29,0,29
 元大北府,泰金寶-DR,31,4,27
 元大北府,00680L元大美債20正2,27,0,27
 元大北府,晶技,24,2,22
 元大北府,和桐,17,2,15
 元大北府,緯創,22,8,14
 元大北府,兆豐金,14,0,14
 元大北府,亞光,22,10,12
 元大北府,高端疫苗,12,0,12
 元大北府,00650L復華香港正2,11,0,11
 元大北府,和椿,35,24,11
 元大北府,大成鋼,30,20,10
 元大北府,亞力,10,0,10
 元大北府,00941中信上游半導體,12,2,10
 元大北府,三商,10,0,10
 元大北府,達邁,34,24,10
 元大北府,元大台灣50,15,5,10
 元大北府,宏齊,45,36,9
 元大北府,00918大華優利高填息30,9,0,9
 元大北府,元晶,10,1,9
 元大北府,光環,12,3,9
 元大北府,00910第一金太空衛星,9,0,9
 元大北府,百和,8,0,8
 元大北府,夏都,10,2,8
 元大北府,聯鈞,44,37,7
 元大北府,宏捷科,7,0,7
 元大北府,海華,12,6,6
 元大北府,台化,6,0,6
 元大北府,昇陽半導體,6,0,6
 元大北府,00715L期街口布蘭特正2,6,0,6
 元大北府,新興,11,5,6
 元大北府,彰銀,6,0,6
 元大北府,00687B國泰20年美債,5,0,5
 元大北府,00935野村臺灣新科技50,5,0,5
 元大北府,漢平,5,0,5
 元大北府,00753L中信中國50正2,5,0,5
 元大北府,進泰電子,5,0,5
 元大北府,旺旺保,5,0,5
 元大北府,億光,5,0,5
 元大北府,智擎,5,0,5
 元大北府,00940元大台灣價值高息,6,307,-301
 元大北府,00951台新日本半導體,1,114,-113
 元大北府,00965元大航太防衛科技,0,101,-101
 元大北府,00929復華台灣科技優息,5,70,-65
 元大北府,力積電,42,104,-62
 元大北府,南亞科,1,52,-51
 元大北府,00882中信中國高股息,16,67,-51
 元大北府,精成科,12,59,-47
 元大北府,三商壽,1,39,-38
 元大北府,鴻海,13,47,-34
 元大北府,智邦,0,34,-34
 元大北府,台積電,5,37,-32
 元大北府,寶成,0,30,-30
 元大北府,凱基金,1,30,-29
 元大北府,00673R期元大S＆P原油反1,6,30,-24
 元大北府,00905FT臺灣Smart,1,25,-24
 元大北府,台新金,6,29,-23
 元大北府,新盛力,63,85,-22
 元大北府,台揚,3,25,-22
 元大北府,00948B中信優息投資級債,0,21,-21
 元大北府,華經,0,21,-21
 元大北府,愛地雅,0,20,-20
 元大北府,大同,1,21,-20
 元大北府,00923群益台ESG低碳50,0,19,-19
 元大北府,00852L國泰美國道瓊正2,0,18,-18
 元大北府,00946群益科技高息成長,0,17,-17
 元大北府,精英,0,15,-15
 元大北府,00936台新永續高息中小,0,15,-15
 元大北府,00877復華中國5G,0,14,-14
 元大北府,國建,0,14,-14
 元大北府,00679B元大美債20年,1,14,-13
 元大北府,宏致,31,43,-12
 元大北府,和成,0,12,-12
 元大北府,大亞,0,12,-12
 元大北府,光寶科,1,12,-11
 元大北府,廣達,3,14,-11
 元大北府,00850元大臺灣ESG永續,0,10,-10
 元大北府,日月光投控,0,10,-10
 元大北府,順德,0,10,-10
 元大北府,力麗,0,10,-10
 元大北府,順達,3,12,-9
 元大北府,台聚,1,10,-9
 元大北府,誠美材,0,9,-9
 元大北府,東台,1,10,-9
 元大北府,新日興,4,13,-9
 元大北府,群創,1,10,-9
 元大北府,南茂,0,8,-8
 元大北府,中鋼,7,15,-8
 元大北府,00655L國泰中國A50正2,3,11,-8
 元大北府,萬海,0,8,-8
國票南崁,昇達科,115,75,40
國票南崁,00637L元大滬深300正2,51,16,35
國票南崁,聯電,35,0,35
國票南崁,岱宇,30,0,30
國票南崁,00753L中信中國50正2,30,0,30
國票南崁,擎亞,30,0,30
國票南崁,00882中信中國高股息,24,0,24
國票南崁,中再保,20,0,20
國票南崁,誠美材,20,0,20
國票南崁,00878國泰永續高股息,24,4,20
國票南崁,皇將,18,0,18
國票南崁,欣興,19,2,17
國票南崁,順達,38,22,16
國票南崁,00960野村全球航運龍頭,15,0,15
國票南崁,加百裕,17,6,11
國票南崁,百和興業-KY,14,3,11
國票南崁,00941中信上游半導體,10,0,10
國票南崁,燁輝,10,0,10
國票南崁,榮運,10,0,10
國票南崁,00918大華優利高填息30,9,0,9
國票南崁,兆豐金,8,0,8
國票南崁,中鋼,7,1,6
國票南崁,聯合再生,6,0,6
國票南崁,佳能,5,0,5
國票南崁,00904新光臺灣半導體30,5,0,5
國票南崁,00772B中信高評級公司債,5,0,5
國票南崁,怡利電,5,0,5
國票南崁,元大金,5,0,5
國票南崁,永崴投控,5,0,5
國票南崁,新應材,5,0,5
國票南崁,能率,5,0,5
國票南崁,驊訊,8,3,5
國票南崁,元大高股息,16,12,4
國票南崁,科妍,17,13,4
國票南崁,緯創,5,1,4
國票南崁,巨大,4,0,4
國票南崁,廣達,6,3,3
國票南崁,宏��,3,0,3
國票南崁,英業達,3,0,3
國票南崁,美食-KY,4,1,3
國票南崁,彰銀,3,0,3
國票南崁,偉訓,3,0,3
國票南崁,英濟,4,1,3
國票南崁,立敦,14,11,3
國票南崁,環球晶,3,0,3
國票南崁,澤米,3,0,3
國票南崁,新漢,3,0,3
國票南崁,建漢,4,1,3
國票南崁,凱美,5,2,3
國票南崁,亞光,2,0,2
國票南崁,00929復華台灣科技優息,3,112,-109
國票南崁,力積電,78,137,-59
國票南崁,北基,0,57,-57
國票南崁,富喬,33,89,-56
國票南崁,新日興,3,59,-56
國票南崁,眾達-KY,15,59,-44
國票南崁,00940元大台灣價值高息,5,47,-42
國票南崁,華星光,10,49,-39
國票南崁,宏達電,42,78,-36
國票南崁,00971野村美國研發龍頭,0,30,-30
國票南崁,00930永豐ESG低碳高息,0,22,-22
國票南崁,立隆電,16,37,-21
國票南崁,00751B元大AAA至A公司債,0,20,-20
國票南崁,遠東銀,12,30,-18
國票南崁,新盛力,19,37,-18
國票南崁,中石化,5,20,-15
國票南崁,00919群益台灣精選高息,2,16,-14
國票南崁,大同,0,13,-13
國票南崁,台康生技,1,13,-12
國票南崁,神達,17,29,-12
國票南崁,00881國泰台灣5G+,0,11,-11
國票南崁,廣宇,1,12,-11
國票南崁,海華,10,21,-11
國票南崁,連展投控,10,21,-11
國票南崁,大亞,0,10,-10
國票南崁,中華,0,10,-10
國票南崁,華經,0,10,-10
國票南崁,新光金,0,10,-10
國票南崁,宏致,1,10,-9
國票南崁,優盛,0,9,-9
國票南崁,伊雲谷,1,8,-7
國票南崁,長榮航,0,6,-6
國票南崁,晶華,0,6,-6
國票南崁,凱崴,0,6,-6
國票南崁,穎崴,0,6,-6
國票南崁,00679B元大美債20年,1,6,-5
國票南崁,華紙,0,5,-5
國票南崁,泰茂,0,5,-5
國票南崁,精元,0,5,-5
國票南崁,友達,0,5,-5
國票南崁,宜特,0,5,-5
國票南崁,同致,0,5,-5
國票南崁,承業醫,0,5,-5
國票南崁,泰金寶-DR,231,236,-5
國票南崁,晟德,0,4,-4
國票南崁,如興,0,4,-4
國票南崁,汎銓,0,4,-4
國票南崁,台達電,0,4,-4
國票南崁,星宇航空,0,4,-4
國票南崁,群創,1,5,-4
 元大仁愛,中信金,1002,6,996
 元大仁愛,00632R元大台灣50反1,155,0,155
 元大仁愛,聯電,142,82,60
 元大仁愛,00753L中信中國50正2,50,0,50
 元大仁愛,力積電,71,27,44
 元大仁愛,永豐金,42,2,40
 元大仁愛,00637L元大滬深300正2,45,9,36
 元大仁愛,遠百,29,1,28
 元大仁愛,上銀,38,12,26
 元大仁愛,00646元大S＆P500,24,0,24
 元大仁愛,中鋼,26,3,23
 元大仁愛,00937B群益ESG投等債20,22,0,22
 元大仁愛,三商壽,22,0,22
 元大仁愛,00918大華優利高填息30,20,0,20
 元大仁愛,國精化,20,0,20
 元大仁愛,泰鼎-KY,20,0,20
 元大仁愛,光鋐,20,0,20
 元大仁愛,00679B元大美債20年,25,7,18
 元大仁愛,聯鈞,31,15,16
 元大仁愛,鴻海,18,3,15
 元大仁愛,00878國泰永續高股息,16,1,15
 元大仁愛,遠東銀,14,0,14
 元大仁愛,00905FT臺灣Smart,14,1,13
 元大仁愛,富采,15,2,13
 元大仁愛,廣達,16,3,13
 元大仁愛,僑威,18,6,12
 元大仁愛,精材,15,4,11
 元大仁愛,立積,12,1,11
 元大仁愛,華星光,35,24,11
 元大仁愛,聯合再生,11,0,11
 元大仁愛,00858永豐美國500大,10,0,10
 元大仁愛,00917中信特選金融,10,0,10
 元大仁愛,00971野村美國研發龍頭,10,0,10
 元大仁愛,直得,10,0,10
 元大仁愛,宏��,10,0,10
 元大仁愛,威盛,10,0,10
 元大仁愛,事欣科,10,0,10
 元大仁愛,欣興,16,7,9
 元大仁愛,達邁,16,7,9
 元大仁愛,緯創,23,14,9
 元大仁愛,陽明,10,2,8
 元大仁愛,矽統,13,5,8
 元大仁愛,00881國泰台灣5G+,8,0,8
 元大仁愛,亞光,8,0,8
 元大仁愛,志強-KY,8,1,7
 元大仁愛,廣宇,8,1,7
 元大仁愛,第一金,7,0,7
 元大仁愛,00912中信臺灣智慧50,6,0,6
 元大仁愛,和勤,6,0,6
 元大仁愛,東台,6,0,6
 元大仁愛,台中銀,0,126,-126
 元大仁愛,00929復華台灣科技優息,1,97,-96
 元大仁愛,00940元大台灣價值高息,11,93,-82
 元大仁愛,00671R富邦NASDAQ反1,0,80,-80
 元大仁愛,00664R國泰臺灣加權反1,0,80,-80
 元大仁愛,敬鵬,0,73,-73
 元大仁愛,00951台新日本半導體,0,65,-65
 元大仁愛,新光金,2,61,-59
 元大仁愛,00965元大航太防衛科技,0,54,-54
 元大仁愛,華航,0,51,-51
 元大仁愛,能率網通,0,40,-40
 元大仁愛,智邦,9,44,-35
 元大仁愛,00919群益台灣精選高息,10,43,-33
 元大仁愛,裕隆,0,30,-30
 元大仁愛,友達,5,35,-30
 元大仁愛,和椿,4,33,-29
 元大仁愛,上詮,0,26,-26
 元大仁愛,矽格,0,25,-25
 元大仁愛,長榮航,4,27,-23
 元大仁愛,00922國泰台灣領袖50,0,21,-21
 元大仁愛,00680L元大美債20正2,0,20,-20
 元大仁愛,00713元大台灣高息低波,4,24,-20
 元大仁愛,00688L國泰20年美債正2,0,20,-20
 元大仁愛,愛之味,0,20,-20
 元大仁愛,儒鴻,0,20,-20
 元大仁愛,合一,1,21,-20
 元大仁愛,時碩工業,4,20,-16
 元大仁愛,立��,15,31,-16
 元大仁愛,立端,0,15,-15
 元大仁愛,群創,2,17,-15
 元大仁愛,富喬,54,68,-14
 元大仁愛,台積電,3,17,-14
 元大仁愛,大同,2,16,-14
 元大仁愛,欣銓,33,47,-14
 元大仁愛,立隆電,19,30,-11
 元大仁愛,頎邦,0,11,-11
 元大仁愛,英業達,5,16,-11
 元大仁愛,華南金,5,15,-10
 元大仁愛,南茂,0,10,-10
 元大仁愛,中鴻,0,10,-10
 元大仁愛,均豪,0,10,-10
 元大仁愛,信錦,0,10,-10
 元大仁愛,永光,0,10,-10
 元大仁愛,宏遠證,0,10,-10
 元大仁愛,富威電力,0,10,-10
 元大仁愛,汎銓,0,10,-10
 元大仁愛,00910第一金太空衛星,2,12,-10
 元大仁愛,00708L期元大S＆P黃金正2,0,9,-9
 元大仁愛,亞翔,5,13,-8
 元大仁愛,興能高,28,36,-8
 元大大灣,聯電,173,30,143
 元大大灣,華通,100,0,100
 元大大灣,00637L元大滬深300正2,74,0,74
 元大大灣,中石化,71,6,65
 元大大灣,00878國泰永續高股息,73,37,36
 元大大灣,新興,40,4,36
 元大大灣,彰銀,25,0,25
 元大大灣,元大高股息,47,24,23
 元大大灣,微星,20,0,20
 元大大灣,00706L期元大S＆P日圓正2,19,0,19
 元大大灣,華新,25,7,18
 元大大灣,三晃,16,0,16
 元大大灣,長榮航,22,7,15
 元大大灣,合庫金,15,0,15
 元大大灣,00937B群益ESG投等債20,25,10,15
 元大大灣,達邁,31,17,14
 元大大灣,中環,12,0,12
 元大大灣,00971野村美國研發龍頭,11,0,11
 元大大灣,力積電,103,92,11
 元大大灣,新纖,10,0,10
 元大大灣,旺宏,10,0,10
 元大大灣,大銀微系統,10,1,9
 元大大灣,牧東,9,0,9
 元大大灣,立敦,10,1,9
 元大大灣,日友,8,0,8
 元大大灣,台塑,13,5,8
 元大大灣,訊達,8,0,8
 元大大灣,正基,7,0,7
 元大大灣,亞力,7,1,6
 元大大灣,亞光,10,4,6
 元大大灣,00918大華優利高填息30,10,4,6
 元大大灣,永捷,6,0,6
 元大大灣,中信金,7,1,6
 元大大灣,立��,24,18,6
 元大大灣,00919群益台灣精選高息,30,25,5
 元大大灣,永豐金,5,0,5
 元大大灣,欣興,6,1,5
 元大大灣,聯合再生,14,9,5
 元大大灣,00679B元大美債20年,5,0,5
 元大大灣,第一金,5,0,5
 元大大灣,昆盈,8,3,5
 元大大灣,長榮航太,5,0,5
 元大大灣,台灣大,5,0,5
 元大大灣,錸德,5,0,5
 元大大灣,全科,5,0,5
 元大大灣,00674R期元大S＆P黃金反1,5,0,5
 元大大灣,大同,12,7,5
 元大大灣,晶睿,6,1,5
 元大大灣,凱崴,5,0,5
 元大大灣,訊映,5,0,5
 元大大灣,00676R富邦臺灣加權反1,0,1151,-1151
 元大大灣,00664R國泰臺灣加權反1,0,400,-400
 元大大灣,00733富邦臺灣中小,0,141,-141
 元大大灣,00772B中信高評級公司債,0,81,-81
 元大大灣,00952凱基台灣AI50,0,78,-78
 元大大灣,00946群益科技高息成長,0,63,-63
 元大大灣,友達,0,51,-51
 元大大灣,臺企銀,3,50,-47
 元大大灣,00929復華台灣科技優息,9,50,-41
 元大大灣,00712復華富時不動產,0,38,-38
 元大大灣,中鋼,8,39,-31
 元大大灣,00941中信上游半導體,0,31,-31
 元大大灣,00673R期元大S＆P原油反1,0,30,-30
 元大大灣,神達,69,97,-28
 元大大灣,00905FT臺灣Smart,0,27,-27
 元大大灣,00940元大台灣價值高息,4,30,-26
 元大大灣,00939統一台灣高息動能,0,25,-25
 元大大灣,毅嘉,0,24,-24
 元大大灣,華航,0,23,-23
 元大大灣,00965元大航太防衛科技,5,27,-22
 元大大灣,華南金,0,22,-22
 元大大灣,台新金,1,20,-19
 元大大灣,00680L元大美債20正2,1,20,-19
 元大大灣,泰金寶-DR,140,158,-18
 元大大灣,友訊,2,20,-18
 元大大灣,羅昇,0,16,-16
 元大大灣,宏致,2,17,-15
 元大大灣,00891中信關鍵半導體,0,13,-13
 元大大灣,興能高,68,80,-12
 元大大灣,00725B國泰投資級公司債,0,12,-12
 元大大灣,台積電,3,15,-12
 元大大灣,亞翔,3,14,-11
 元大大灣,正崴,1,12,-11
 元大大灣,富邦金,0,10,-10
 元大大灣,精金,0,10,-10
 元大大灣,凱基金,2,11,-9
 元大大灣,瑞軒,0,9,-9
 元大大灣,榮剛,0,9,-9
 元大大灣,駿吉-KY,0,9,-9
 元大大灣,群創,13,21,-8
 元大大灣,欣銓,7,15,-8
 元大大灣,新光金,0,8,-8
 元大大灣,8349A�矬ㄔ玼S,0,8,-8
 元大大灣,華星光,36,43,-7
 元大大灣,彰源,0,7,-7
 元大大灣,富采,0,7,-7
 元大大灣,00642U期元大S＆P石油,0,7,-7
 元大大灣,憶聲,0,7,-7
 元大大灣,00922國泰台灣領袖50,1,7,-6
 元大大灣,00909國泰數位支付服務,0,6,-6
美好高雄,蜜望實,35,0,35
美好高雄,00919群益台灣精選高息,15,0,15
美好高雄,泰金寶-DR,15,0,15
美好高雄,鴻海,14,2,12
美好高雄,富采,11,1,10
美好高雄,銳澤,5,0,5
美好高雄,瀚宇博,5,0,5
美好高雄,立敦,5,0,5
美好高雄,尚凡*,3,0,3
美好高雄,聯電,14,12,2
美好高雄,力特,2,0,2
美好高雄,景碩,2,0,2
美好高雄,禾瑞亞,2,0,2
美好高雄,廣錠,2,0,2
美好高雄,擎亞,4,2,2
美好高雄,00878國泰永續高股息,2,0,2
美好高雄,神達,10,9,1
美好高雄,波若威,3,2,1
美好高雄,大成鋼,1,0,1
美好高雄,興勤,1,0,1
美好高雄,揚博,1,0,1
美好高雄,佳和,1,0,1
美好高雄,00932兆豐永續高息等權,1,0,1
美好高雄,00905FT臺灣Smart,1,0,1
美好高雄,00637L元大滬深300正2,1,0,1
美好高雄,華邦電,1,0,1
美好高雄,川寶,1,0,1
美好高雄,亞力,1,0,1
美好高雄,華新,1,0,1
美好高雄,神基,1,0,1
美好高雄,威強電,1,0,1
美好高雄,揚智,1,0,1
美好高雄,玉晶光,1,0,1
美好高雄,世禾,1,0,1
美好高雄,嘉威,1,0,1
美好高雄,穎漢,1,0,1
美好高雄,上品,1,0,1
美好高雄,世界,1,0,1
美好高雄,中光電,1,0,1
美好高雄,萬潤,1,0,1
美好高雄,驊訊,1,0,1
美好高雄,台灣虎航,1,0,1
美好高雄,三商壽,1,0,1
美好高雄,直得,1,0,1
美好高雄,聯合再生,0,0,0
美好高雄,全新,0,0,0
美好高雄,大亞,0,0,0
美好高雄,日月光投控,1,1,0
美好高雄,00712復華富時不動產,0,0,0
美好高雄,LINEPAY,0,0,0
美好高雄,友達,0,50,-50
美好高雄,福懋油,0,30,-30
美好高雄,00929復華台灣科技優息,0,15,-15
美好高雄,彰銀,0,11,-11
美好高雄,大同,0,9,-9
美好高雄,榮剛,0,8,-8
美好高雄,富邦金,0,6,-6
美好高雄,官田鋼,0,5,-5
美好高雄,高雄銀,0,5,-5
美好高雄,宏致,0,5,-5
美好高雄,聯光通,0,4,-4
美好高雄,長榮航,0,3,-3
美好高雄,聖暉*,0,3,-3
美好高雄,愛之味,0,2,-2
美好高雄,00646元大S＆P500,0,2,-2
美好高雄,潤隆,0,2,-2
美好高雄,瑞基,0,2,-2
美好高雄,桂盟,0,2,-2
美好高雄,亞翔,1,3,-2
美好高雄,台積電,0,1,-1
美好高雄,台光電,0,1,-1
美好高雄,中鋼,0,1,-1
美好高雄,川湖,1,2,-1
美好高雄,長榮,0,1,-1
美好高雄,華航,0,1,-1
美好高雄,第一保,0,1,-1
美好高雄,僑威,0,1,-1
美好高雄,艾訊,0,1,-1
美好高雄,大綜,0,1,-1
美好高雄,順達,1,2,-1
美好高雄,欣銓,0,1,-1
美好高雄,彬台,0,1,-1
美好高雄,晶彩科,0,1,-1
美好高雄,牧德,0,1,-1
美好高雄,磐儀,0,1,-1
美好高雄,海華,0,1,-1
美好高雄,臻鼎-KY,0,1,-1
美好高雄,訊連,0,1,-1
美好高雄,高技,0,1,-1
美好高雄,廣明,0,1,-1
美好高雄,盛群,0,1,-1
美好高雄,台燿,0,1,-1
美好高雄,興能高,0,1,-1
美好高雄,雲豹能源,0,1,-1
美好高雄,大世科,0,1,-1
美好高雄,國統,0,1,-1
美好高雄,英業達,0,1,-1
美好高雄,元大台灣50,0,1,-1
美好高雄,所羅門,1,1,0
美好高雄,精成科,0,0,0
康和延平,台灣虎航,350,0,350
康和延平,眾達-KY,223,15,208
康和延平,金寶,200,0,200
康和延平,達興材料,135,1,134
康和延平,華星光,88,4,84
康和延平,力積電,41,9,32
康和延平,迅得,30,0,30
康和延平,00933B國泰10Y+金融債,25,1,24
康和延平,00673R期元大S＆P原油反1,20,0,20
康和延平,精成科,29,9,20
康和延平,奇鋐,28,10,18
康和延平,昇達科,20,5,15
康和延平,亞泥,10,0,10
康和延平,遠東新,10,0,10
康和延平,富邦金,10,0,10
康和延平,IET-KY,10,0,10
康和延平,聯鈞,10,2,8
康和延平,AES-KY,12,4,8
康和延平,亞翔,9,2,7
康和延平,新盛力,17,11,6
康和延平,宏齊,6,0,6
康和延平,00636國泰中國A50,10,5,5
康和延平,泰鼎-KY,5,0,5
康和延平,欣興,5,0,5
康和延平,創威,4,0,4
康和延平,00830國泰費城半導體,3,0,3
康和延平,富喬,6,3,3
康和延平,宏普,3,0,3
康和延平,連展投控,3,0,3
康和延平,富采,5,2,3
康和延平,華安,3,0,3
康和延平,錼創科技-KY創,3,0,3
康和延平,IKKA-KY,3,0,3
康和延平,緯創,3,0,3
康和延平,立��,2,0,2
康和延平,川湖,2,0,2
康和延平,鴻華先進-創,2,0,2
康和延平,光寶科,2,0,2
康和延平,台揚,2,0,2
康和延平,毅嘉,2,0,2
康和延平,皇昌,4,2,2
康和延平,華航,5,3,2
康和延平,科風,2,0,2
康和延平,新唐,2,0,2
康和延平,詮欣,2,0,2
康和延平,力成,3,1,2
康和延平,光聖,4,2,2
康和延平,天宇,2,0,2
康和延平,彬台,2,0,2
康和延平,00919群益台灣精選高息,1,0,1
康和延平,鴻海,6,143,-137
康和延平,定穎投控,0,101,-101
康和延平,偉詮電,0,96,-96
康和延平,旺矽,0,91,-91
康和延平,創意,2,62,-60
康和延平,致新,0,46,-46
康和延平,00965元大航太防衛科技,0,43,-43
康和延平,精材,8,51,-43
康和延平,00632R元大台灣50反1,0,35,-35
康和延平,宏達電,37,70,-33
康和延平,加百裕,0,27,-27
康和延平,藥華藥,0,22,-22
康和延平,緯穎,0,22,-22
康和延平,燿華,0,21,-21
康和延平,智原,0,20,-20
康和延平,神達,45,65,-20
康和延平,00941中信上游半導體,0,20,-20
康和延平,德晉,0,20,-20
康和延平,永崴投控,0,20,-20
康和延平,尚凡*,0,16,-16
康和延平,00877復華中國5G,0,15,-15
康和延平,華邦電,2,16,-14
康和延平,長榮航,1,15,-14
康和延平,東浦,8,21,-13
康和延平,彰銀,5,15,-10
康和延平,潤泰新,0,10,-10
康和延平,00929復華台灣科技優息,0,10,-10
康和延平,廣宇,40,47,-7
康和延平,達邁,11,18,-7
康和延平,立端,0,7,-7
康和延平,全球傳動,5,11,-6
康和延平,亞力,0,5,-5
康和延平,東元,0,5,-5
康和延平,矽統,0,5,-5
康和延平,聯亞,0,5,-5
康和延平,榮剛,0,5,-5
康和延平,訊達,0,5,-5
康和延平,聯電,7,11,-4
康和延平,台達化,0,4,-4
康和延平,00911兆豐洲際半導體,0,4,-4
康和延平,佳世達,0,4,-4
康和延平,西勝,0,4,-4
康和延平,台積電,0,4,-4
康和延平,欣銓,11,14,-3
康和延平,鴻準,0,3,-3
康和延平,辛耘,0,3,-3
康和延平,大銀微系統,17,20,-3
康和延平,振樺電,0,3,-3
康和延平,新漢,1,4,-3
康和延平,大同,1,3,-2
合庫新竹,00665L富邦�琤肭磪囓�2,200,0,200
合庫新竹,力積電,188,19,169
合庫新竹,泰金寶-DR,151,8,143
合庫新竹,聯電,94,5,89
合庫新竹,00679B元大美債20年,62,11,51
合庫新竹,00878國泰永續高股息,32,1,31
合庫新竹,緯創,29,5,24
合庫新竹,00950B凱基A級公司債,22,0,22
合庫新竹,聯嘉,21,0,21
合庫新竹,矽格,20,0,20
合庫新竹,00959B大華投等美債15Y+,18,0,18
合庫新竹,00637L元大滬深300正2,17,1,16
合庫新竹,台塑,16,2,14
合庫新竹,華邦電,12,1,11
合庫新竹,興能高,179,168,11
合庫新竹,00795B中信美國公債20年,10,0,10
合庫新竹,00680L元大美債20正2,10,0,10
合庫新竹,00725B國泰投資級公司債,10,0,10
合庫新竹,00713元大台灣高息低波,10,0,10
合庫新竹,00756B群益投等新興公債,10,0,10
合庫新竹,台玻,10,0,10
合庫新竹,00850元大臺灣ESG永續,9,0,9
合庫新竹,欣興,9,1,8
合庫新竹,00655L國泰中國A50正2,8,0,8
合庫新竹,南亞,9,1,8
合庫新竹,中光電,8,0,8
合庫新竹,富喬,12,4,8
合庫新竹,統一,7,0,7
合庫新竹,新盛力,45,38,7
合庫新竹,鈺太,7,0,7
合庫新竹,力成,6,0,6
合庫新竹,統一超,6,0,6
合庫新竹,雷虎,6,0,6
合庫新竹,技嘉,5,0,5
合庫新竹,燁興,5,0,5
合庫新竹,聯陽,5,0,5
合庫新竹,台灣虎航,7,3,4
合庫新竹,中磊,5,1,4
合庫新竹,00918大華優利高填息30,4,0,4
合庫新竹,騰輝電子-KY,5,1,4
合庫新竹,00881國泰台灣5G+,5,1,4
合庫新竹,00937B群益ESG投等債20,6,2,4
合庫新竹,金寶,5,1,4
合庫新竹,佳能,9,5,4
合庫新竹,達邁,11,7,4
合庫新竹,上海商銀,4,0,4
合庫新竹,00757統一FANG+,4,0,4
合庫新竹,緯穎,3,0,3
合庫新竹,創惟,3,0,3
合庫新竹,00924復華S＆P500成長,3,0,3
合庫新竹,凱基金,0,85,-85
合庫新竹,華晶科,0,80,-80
合庫新竹,昇達科,14,71,-57
合庫新竹,廣宇,1,55,-54
合庫新竹,國票金,0,50,-50
合庫新竹,00929復華台灣科技優息,0,38,-38
合庫新竹,ITH-KY,5,40,-35
合庫新竹,00922國泰台灣領袖50,3,38,-35
合庫新竹,群創,2,31,-29
合庫新竹,006208富邦台50,2,27,-25
合庫新竹,00650L復華香港正2,0,24,-24
合庫新竹,912000晨訊科-DR,0,21,-21
合庫新竹,中石化,0,20,-20
合庫新竹,宏達電,113,131,-18
合庫新竹,和椿,5,23,-18
合庫新竹,日月光投控,0,16,-16
合庫新竹,00919群益台灣精選高息,18,34,-16
合庫新竹,華建,0,15,-15
合庫新竹,長榮航,0,15,-15
合庫新竹,00951台新日本半導體,0,13,-13
合庫新竹,燿華,0,13,-13
合庫新竹,長榮,1,14,-13
合庫新竹,聯詠,0,12,-12
合庫新竹,00948B中信優息投資級債,0,12,-12
合庫新竹,萬海,0,12,-12
合庫新竹,凱美,2,12,-10
合庫新竹,和大,0,10,-10
合庫新竹,凌群,0,10,-10
合庫新竹,國產,0,10,-10
合庫新竹,櫻花建,0,10,-10
合庫新竹,聯光通,9,19,-10
合庫新竹,神達,110,120,-10
合庫新竹,台積電,4,13,-9
合庫新竹,弘凱,1,10,-9
合庫新竹,智冠,0,9,-9
合庫新竹,聯茂,0,9,-9
合庫新竹,陽明,1,10,-9
合庫新竹,00631L元大台灣50正2,3,12,-9
合庫新竹,00934中信成長高股息,0,8,-8
合庫新竹,台化,0,8,-8
合庫新竹,統新,6,14,-8
合庫新竹,雲品,0,7,-7
合庫新竹,南亞科,0,6,-6
合庫新竹,玉山金,0,6,-6
合庫新竹,精成科,2,8,-6
合庫新竹,華南金,0,5,-5
合庫新竹,富采,1,6,-5
合庫新竹,00933B國泰10Y+金融債,0,5,-5
合庫新竹,00900富邦特選高股息30,0,5,-5
合庫新竹,正崴,0,5,-5
致和台北,英業達,65,0,65
致和台北,00686R群益臺灣加權反1,50,0,50
致和台北,漢科,48,0,48
致和台北,致茂,35,0,35
致和台北,群創,22,2,20
致和台北,聯電,11,0,11
致和台北,德晉,10,0,10
致和台北,雄獅,10,0,10
致和台北,中環,10,0,10
致和台北,和益,8,0,8
致和台北,宏齊,6,0,6
致和台北,華星光,5,0,5
致和台北,台揚,4,0,4
致和台北,華通,4,0,4
致和台北,泰鼎-KY,4,0,4
致和台北,朋程,4,0,4
致和台北,聯鈞,3,0,3
致和台北,浪凡,3,0,3
致和台北,英濟,2,0,2
致和台北,立敦,2,0,2
致和台北,達運光電,2,0,2
致和台北,世禾,1,0,1
致和台北,慧洋-KY,1,0,1
致和台北,中航,1,0,1
致和台北,宏達電,2,1,1
致和台北,00919群益台灣精選高息,1,0,1
致和台北,00858永豐美國500大,1,0,1
致和台北,006208富邦台50,1,0,1
致和台北,東聯,1,0,1
致和台北,台積電,1,0,1
致和台北,世芯-KY,1,0,1
致和台北,貿聯-KY,1,0,1
致和台北,瑞基,1,0,1
致和台北,寶碩,1,0,1
致和台北,高僑,1,0,1
致和台北,訊芯-KY,2,1,1
致和台北,昇陽半導體,1,0,1
致和台北,南茂,1,0,1
致和台北,緯穎,0,0,0
致和台北,國巨,0,0,0
致和台北,閎康,0,0,0
致和台北,00934中信成長高股息,0,105,-105
致和台北,佳世達,0,60,-60
致和台北,00929復華台灣科技優息,0,26,-26
致和台北,富邦金,0,13,-13
致和台北,日電貿,0,10,-10
致和台北,鈞興-KY,0,10,-10
致和台北,力積電,0,6,-6
致和台北,宏致,0,5,-5
致和台北,圓剛,0,5,-5
致和台北,神達,0,5,-5
致和台北,長榮航,0,4,-4
致和台北,長園科,0,4,-4
致和台北,金山電,0,4,-4
致和台北,雙鴻,1,4,-3
致和台北,昇達科,0,2,-2
致和台北,光寶科,0,2,-2
致和台北,鴻海,0,2,-2
致和台北,友訊,0,2,-2
致和台北,興能高,0,2,-2
致和台北,玉山金,0,1,-1
致和台北,凱美,0,1,-1
致和台北,華航,0,1,-1
致和台北,裕民,0,1,-1
致和台北,鴻準,0,1,-1
致和台北,東浦,0,1,-1
致和台北,原相,0,1,-1
致和台北,先進光,6,7,-1
致和台北,優盛,0,1,-1
致和台北,緯軟,0,1,-1
致和台北,松翰,0,1,-1
致和台北,志強-KY,0,1,-1
致和台北,致和證,0,0,0
致和台北,神基,0,0,0
致和台北,台達電,0,0,0
致和台北,長榮,0,0,0
統一高雄  ,00937B群益ESG投等債20,437,6,431
統一高雄  ,泰金寶-DR,341,0,341
統一高雄  ,00725B國泰投資級公司債,111,0,111
統一高雄  ,00673R期元大S＆P原油反1,100,0,100
統一高雄  ,台新金,50,0,50
統一高雄  ,能率,33,0,33
統一高雄  ,台產,30,0,30
統一高雄  ,圓剛,31,2,29
統一高雄  ,聯電,30,2,28
統一高雄  ,00687B國泰20年美債,30,4,26
統一高雄  ,億泰,25,0,25
統一高雄  ,00637L元大滬深300正2,21,0,21
統一高雄  ,00950B凱基A級公司債,20,0,20
統一高雄  ,00969B元大零息超長美債,20,0,20
統一高雄  ,00919群益台灣精選高息,19,0,19
統一高雄  ,雅茗-KY,18,0,18
統一高雄  ,立敦,26,9,17
統一高雄  ,00757統一FANG+,21,4,17
統一高雄  ,廣達,17,1,16
統一高雄  ,英業達,20,5,15
統一高雄  ,正達,16,1,15
統一高雄  ,安集,15,0,15
統一高雄  ,00632R元大台灣50反1,73,60,13
統一高雄  ,台灣大,13,0,13
統一高雄  ,邦泰,13,0,13
統一高雄  ,玉晶光,12,0,12
統一高雄  ,錸德,13,1,12
統一高雄  ,台星科,13,1,12
統一高雄  ,鴻海,21,9,12
統一高雄  ,聯鈞,155,144,11
統一高雄  ,00692富邦公司治理,11,0,11
統一高雄  ,00679B元大美債20年,10,0,10
統一高雄  ,00918大華優利高填息30,10,0,10
統一高雄  ,台化,10,0,10
統一高雄  ,駿吉-KY,10,0,10
統一高雄  ,合機,10,0,10
統一高雄  ,鼎元,10,0,10
統一高雄  ,新日興,21,11,10
統一高雄  ,太景*-KY,10,0,10
統一高雄  ,浪凡,10,0,10
統一高雄  ,台塑化,10,0,10
統一高雄  ,中鼎,10,0,10
統一高雄  ,神達,84,75,9
統一高雄  ,立積,10,1,9
統一高雄  ,台泥,8,0,8
統一高雄  ,台塑,10,2,8
統一高雄  ,華航,18,10,8
統一高雄  ,緯創,10,3,7
統一高雄  ,00910第一金太空衛星,7,0,7
統一高雄  ,川飛,7,0,7
統一高雄  ,00948B中信優息投資級債,0,400,-400
統一高雄  ,合正,0,161,-161
統一高雄  ,00980B台新特選IG債10+,20,161,-141
統一高雄  ,020030統一智慧電動車N,0,70,-70
統一高雄  ,凱基金,0,70,-70
統一高雄  ,新光金,0,61,-61
統一高雄  ,00650L復華香港正2,0,60,-60
統一高雄  ,華新,0,36,-36
統一高雄  ,00935野村臺灣新科技50,0,30,-30
統一高雄  ,00940元大台灣價值高息,0,30,-30
統一高雄  ,冠軍,0,30,-30
統一高雄  ,友達,0,28,-28
統一高雄  ,富邦金,0,25,-25
統一高雄  ,中美晶,0,24,-24
統一高雄  ,東聯,0,21,-21
統一高雄  ,00896中信綠能及電動車,1,20,-19
統一高雄  ,00971野村美國研發龍頭,3,21,-18
統一高雄  ,新盛力,37,53,-16
統一高雄  ,00915凱基優選高股息30,0,16,-16
統一高雄  ,興能高,221,236,-15
統一高雄  ,00631L元大台灣50正2,0,14,-14
統一高雄  ,國泰金,0,13,-13
統一高雄  ,彰銀,0,12,-12
統一高雄  ,00661元大日經225,0,12,-12
統一高雄  ,旺宏,0,12,-12
統一高雄  ,中鋼,14,25,-11
統一高雄  ,擎亞,0,11,-11
統一高雄  ,華南金,0,10,-10
統一高雄  ,00951台新日本半導體,0,10,-10
統一高雄  ,020025統一亞洲半導體N,0,10,-10
統一高雄  ,欣銓,4,14,-10
統一高雄  ,達邁,31,41,-10
統一高雄  ,乙盛-KY,0,10,-10
統一高雄  ,鴻準,1,10,-9
統一高雄  ,玉山金,0,9,-9
統一高雄  ,信邦,0,9,-9
統一高雄  ,皇龍,0,9,-9
統一高雄  ,金洲,0,9,-9
統一高雄  ,東生華,0,9,-9
統一高雄  ,00893國泰智能電動車,0,8,-8
統一高雄  ,00909國泰數位支付服務,3,11,-8
統一高雄  ,燁興,2,10,-8
統一高雄  ,菱生,0,8,-8
統一高雄  ,定穎投控,0,8,-8
統一高雄  ,臻鼎-KY,0,8,-8
統一高雄  ,隆大,0,8,-8
統一高雄  ,東捷,2,10,-8
統一高雄  ,亞翔,0,7,-7
統一高雄  ,台積電,4,11,-7
統一高雄  ,日月光投控,0,6,-6
土銀台南,致和證,60,0,60
土銀台南,聯光通,50,0,50
土銀台南,聯電,45,0,45
土銀台南,00757統一FANG+,36,0,36
土銀台南,亞泰,33,0,33
土銀台南,榮成,30,0,30
土銀台南,聯成,30,0,30
土銀台南,006208富邦台50,31,10,21
土銀台南,富喬,18,0,18
土銀台南,新建,18,0,18
土銀台南,緯創,20,6,14
土銀台南,台塑,27,15,12
土銀台南,中信金,13,1,12
土銀台南,寶成,15,3,12
土銀台南,宏��,10,0,10
土銀台南,佳能,10,0,10
土銀台南,東森,10,0,10
土銀台南,景碩,10,0,10
土銀台南,00919群益台灣精選高息,9,0,9
土銀台南,富邦科技,8,0,8
土銀台南,00945B凱基美國非投等債,6,0,6
土銀台南,00922國泰台灣領袖50,7,1,6
土銀台南,元大台灣50,8,2,6
土銀台南,邁達特,6,0,6
土銀台南,00637L元大滬深300正2,5,0,5
土銀台南,友訊,5,0,5
土銀台南,矽統,5,0,5
土銀台南,合庫金,5,0,5
土銀台南,大田,5,0,5
土銀台南,台泥,4,0,4
土銀台南,得力,4,0,4
土銀台南,世界,4,0,4
土銀台南,00687B國泰20年美債,3,0,3
土銀台南,欣興,3,0,3
土銀台南,00655L國泰中國A50正2,3,0,3
土銀台南,達邁,3,0,3
土銀台南,中光電,3,0,3
土銀台南,00937B群益ESG投等債20,2,0,2
土銀台南,00971野村美國研發龍頭,2,0,2
土銀台南,00633L富邦上証正2,2,0,2
土銀台南,00878國泰永續高股息,52,50,2
土銀台南,00858永豐美國500大,2,0,2
土銀台南,聲寶,2,0,2
土銀台南,陽明,17,15,2
土銀台南,萬海,3,1,2
土銀台南,元大金,2,0,2
土銀台南,聯鈞,4,2,2
土銀台南,精拓科,2,0,2
土銀台南,系統電,2,0,2
土銀台南,創惟,2,0,2
土銀台南,00950B凱基A級公司債,0,150,-150
土銀台南,台中銀,4,94,-90
土銀台南,00740B富邦全球投等債,0,70,-70
土銀台南,00881國泰台灣5G+,0,50,-50
土銀台南,長榮航,14,51,-37
土銀台南,日月光投控,1,35,-34
土銀台南,凱基金,0,33,-33
土銀台南,力積電,0,23,-23
土銀台南,台新金,0,10,-10
土銀台南,華星光,5,15,-10
土銀台南,宏致,1,10,-9
土銀台南,00929復華台灣科技優息,0,8,-8
土銀台南,澤米,1,9,-8
土銀台南,凱美,0,7,-7
土銀台南,神達,0,6,-6
土銀台南,大同,0,5,-5
土銀台南,超豐,5,10,-5
土銀台南,義隆,0,5,-5
土銀台南,森鉅,0,5,-5
土銀台南,台積電,2,6,-4
土銀台南,士電,0,4,-4
土銀台南,正崴,0,4,-4
土銀台南,長榮,4,8,-4
土銀台南,零壹,0,4,-4
土銀台南,東洋,0,4,-4
土銀台南,華新,2,5,-3
土銀台南,統一,0,3,-3
土銀台南,華南金,4,7,-3
土銀台南,欣銓,1,4,-3
土銀台南,群益期,0,3,-3
土銀台南,瑞儀,0,3,-3
土銀台南,鴻海,2,4,-2
土銀台南,00730富邦臺灣優質高息,0,2,-2
土銀台南,00885富邦越南,0,2,-2
土銀台南,聯華食,0,2,-2
土銀台南,中鋼,0,2,-2
土銀台南,宏達電,23,25,-2
土銀台南,華航,15,17,-2
土銀台南,玉山金,0,2,-2
土銀台南,順達,2,4,-2
土銀台南,環宇-KY,2,4,-2
土銀台南,台半,0,2,-2
土銀台南,騰雲,0,2,-2
土銀台南,吉茂,0,1,-1
土銀台南,東鹼,0,1,-1
土銀台南,卜蜂,0,1,-1
土銀台南,東和鋼鐵,0,1,-1
土銀台南,燁興,0,1,-1
土銀台南,上銀,0,1,-1
土銀台南,中華,0,1,-1
聯邦興中,台中銀,500,1,499
聯邦興中,00962台新AI優息動能,83,0,83
聯邦興中,興能高,146,83,63
聯邦興中,00679B元大美債20年,40,0,40
聯邦興中,聯電,38,0,38
聯邦興中,00673R期元大S＆P原油反1,30,0,30
聯邦興中,新光金,20,0,20
聯邦興中,00948B中信優息投資級債,17,0,17
聯邦興中,鴻海,21,5,16
聯邦興中,緯創,18,2,16
聯邦興中,萬潤,14,0,14
聯邦興中,00753L中信中國50正2,12,0,12
聯邦興中,聯發科,10,0,10
聯邦興中,00882中信中國高股息,10,0,10
聯邦興中,00639富邦深100,10,0,10
聯邦興中,王道銀行,10,0,10
聯邦興中,加百裕,37,27,10
聯邦興中,精成科,33,24,9
聯邦興中,高僑,8,0,8
聯邦興中,00637L元大滬深300正2,7,0,7
聯邦興中,桂田文創,6,0,6
聯邦興中,南電,6,0,6
聯邦興中,力積電,10,4,6
聯邦興中,上曜,5,0,5
聯邦興中,亞崴,5,0,5
聯邦興中,達邁,17,12,5
聯邦興中,豪勉,5,0,5
聯邦興中,00915凱基優選高股息30,4,0,4
聯邦興中,00937B群益ESG投等債20,5,1,4
聯邦興中,宏��,4,0,4
聯邦興中,長榮航,4,0,4
聯邦興中,兆豐金,4,0,4
聯邦興中,00919群益台灣精選高息,3,0,3
聯邦興中,合庫金,4,1,3
聯邦興中,金山電,3,0,3
聯邦興中,00960野村全球航運龍頭,3,0,3
聯邦興中,00918大華優利高填息30,3,0,3
聯邦興中,立隆電,4,1,3
聯邦興中,友輝,3,0,3
聯邦興中,弘凱,3,0,3
聯邦興中,台新金,2,0,2
聯邦興中,欣興,3,1,2
聯邦興中,友達,2,0,2
聯邦興中,00642U期元大S＆P石油,2,0,2
聯邦興中,00900富邦特選高股息30,2,0,2
聯邦興中,00858永豐美國500大,2,0,2
聯邦興中,濱川,2,0,2
聯邦興中,合機,2,0,2
聯邦興中,金寶,2,0,2
聯邦興中,台揚,2,0,2
聯邦興中,00946群益科技高息成長,0,91,-91
聯邦興中,00680L元大美債20正2,0,60,-60
聯邦興中,中光電,0,55,-55
聯邦興中,00929復華台灣科技優息,0,17,-17
聯邦興中,台積電,4,20,-16
聯邦興中,00712復華富時不動產,1,16,-15
聯邦興中,00934中信成長高股息,0,14,-14
聯邦興中,欣銓,1,11,-10
聯邦興中,興富發,0,10,-10
聯邦興中,華星光,17,27,-10
聯邦興中,首利,0,10,-10
聯邦興中,中信金,0,10,-10
聯邦興中,鑽石投資,0,10,-10
聯邦興中,00940元大台灣價值高息,0,7,-7
聯邦興中,神達,61,67,-6
聯邦興中,00887永豐中國科技50大,0,5,-5
聯邦興中,中電,0,5,-5
聯邦興中,日月光投控,0,5,-5
聯邦興中,新盛力,28,33,-5
聯邦興中,達麗,0,4,-4
聯邦興中,00951台新日本半導體,0,4,-4
聯邦興中,台玻,1,5,-4
聯邦興中,星宇航空,1,5,-4
聯邦興中,新日興,0,4,-4
聯邦興中,訊芯-KY,2,6,-4
聯邦興中,宇隆,2,5,-3
聯邦興中,遠東銀,0,3,-3
聯邦興中,大立,0,3,-3
聯邦興中,朋億*,0,3,-3
聯邦興中,台塑,1,4,-3
聯邦興中,波若威,1,3,-2
聯邦興中,006208富邦台50,0,3,-3
聯邦興中,00878國泰永續高股息,10,12,-2
聯邦興中,大同,0,2,-2
聯邦興中,聯亞,0,2,-2
聯邦興中,國泰金,0,2,-2
聯邦興中,廣達,0,2,-2
聯邦興中,00675L富邦臺灣加權正2,0,2,-2
聯邦興中,00910第一金太空衛星,0,2,-2
聯邦興中,宏遠,0,2,-2
聯邦興中,合富-KY,0,2,-2
聯邦興中,創惟,1,3,-2
聯邦興中,南茂,1,3,-2
聯邦興中,世紀鋼,0,2,-2
聯邦興中,國統,0,2,-2
聯邦興中,00830國泰費城半導體,0,2,-2
聯邦興中,晟銘電,0,2,-2
聯邦興中,緯穎,3,4,-1
聯邦興中,00926凱基全球菁英55,0,1,-1
聯邦興中,00631L元大台灣50正2,0,1,-1
玉山數位,00676R富邦臺灣加權反1,152,0,152
玉山數位,聯電,124,13,111
玉山數位,元大高股息,85,41,44
玉山數位,00919群益台灣精選高息,72,32,40
玉山數位,泰金寶-DR,46,9,37
玉山數位,00937B群益ESG投等債20,49,14,35
玉山數位,00688L國泰20年美債正2,34,0,34
玉山數位,大中,33,0,33
玉山數位,力積電,33,6,27
玉山數位,00918大華優利高填息30,42,16,26
玉山數位,光鋐,24,0,24
玉山數位,緯創,33,9,24
玉山數位,精材,20,1,19
玉山數位,00858永豐美國500大,18,0,18
玉山數位,廣達,16,1,15
玉山數位,00915凱基優選高股息30,16,2,14
玉山數位,宏齊,20,6,14
玉山數位,00687B國泰20年美債,15,3,12
玉山數位,金寶,12,0,12
玉山數位,00953B群益優選非投等債,12,1,11
玉山數位,00680L元大美債20正2,11,0,11
玉山數位,00959B大華投等美債15Y+,11,0,11
玉山數位,菱光,10,0,10
玉山數位,00980B台新特選IG債10+,10,0,10
玉山數位,大洋,10,0,10
玉山數位,乙盛-KY,10,0,10
玉山數位,00969B元大零息超長美債,10,0,10
玉山數位,00719B元大美債1-3,10,0,10
玉山數位,00731復華富時高息低波,10,0,10
玉山數位,00885富邦越南,9,0,9
玉山數位,兆勁,11,2,9
玉山數位,威盛,9,1,8
玉山數位,00637L元大滬深300正2,8,0,8
玉山數位,00882中信中國高股息,7,0,7
玉山數位,眾達-KY,40,32,8
玉山數位,00712復華富時不動產,7,0,7
玉山數位,00772B中信高評級公司債,7,0,7
玉山數位,富野,17,10,7
玉山數位,雷虎,29,22,7
玉山數位,富喬,28,21,7
玉山數位,永豐金,6,0,6
玉山數位,00636國泰中國A50,6,0,6
玉山數位,連展投控,11,5,6
玉山數位,立德,6,0,6
玉山數位,強生,6,0,6
玉山數位,00632R元大台灣50反1,6,0,6
玉山數位,中光電,12,6,6
玉山數位,00971野村美國研發龍頭,7,1,6
玉山數位,亞光,10,5,5
玉山數位,信邦,5,0,5
玉山數位,00941中信上游半導體,0,71,-71
玉山數位,00929復華台灣科技優息,52,120,-68
玉山數位,新盛力,50,115,-65
玉山數位,00944野村趨勢動能高息,0,55,-55
玉山數位,輔信,0,50,-50
玉山數位,00940元大台灣價值高息,26,74,-48
玉山數位,00878國泰永續高股息,80,118,-38
玉山數位,00935野村臺灣新科技50,4,41,-37
玉山數位,00675L富邦臺灣加權正2,4,40,-36
玉山數位,00954中信日本半導體,0,35,-35
玉山數位,擎亞,20,52,-32
玉山數位,00922國泰台灣領袖50,9,39,-30
玉山數位,00692富邦公司治理,0,30,-30
玉山數位,006208富邦台50,34,62,-28
玉山數位,元大台灣50,7,32,-25
玉山數位,00933B國泰10Y+金融債,3,27,-24
玉山數位,凱基金,1,23,-22
玉山數位,歐買尬,0,21,-21
玉山數位,新光金,2,23,-21
玉山數位,00923群益台ESG低碳50,3,23,-20
玉山數位,星宇航空,3,21,-18
玉山數位,百和興業-KY,0,18,-18
玉山數位,欣銓,4,19,-15
玉山數位,弘凱,0,15,-15
玉山數位,中鋼,7,19,-12
玉山數位,00943兆豐電子高息等權,1,13,-12
玉山數位,00934中信成長高股息,0,12,-12
玉山數位,宏達電,96,108,-12
玉山數位,宏致,24,36,-12
玉山數位,00635U期元大S＆P黃金,0,12,-12
玉山數位,興能高,106,118,-12
玉山數位,東陽,0,12,-12
玉山數位,加百裕,34,44,-10
玉山數位,臺企銀,1,11,-10
玉山數位,00936台新永續高息中小,0,10,-10
玉山數位,台積電,7,17,-10
玉山數位,艾訊,0,10,-10
玉山數位,00960野村全球航運龍頭,0,10,-10
玉山數位,00939統一台灣高息動能,0,9,-9
玉山數位,柏承,0,9,-9
玉山數位,環宇-KY,36,44,-8
玉山數位,00715L期街口布蘭特正2,2,10,-8
玉山數位,聯上,0,7,-7
玉山數位,英濟,31,38,-7
玉山數位,00951台新日本半導體,0,7,-7
玉山數位,僑威,3,10,-7
玉山數位,友達,18,25,-7
玉山數位,台灣虎航,1,8,-7
玉山數位,00926凱基全球菁英55,2,8,-6
玉山數位,00931B統一美債20年,3,9,-6
康和板橋,00858永豐美國500大,180,0,180
康和板橋,聯電,204,34,170
康和板橋,力成,71,8,63
康和板橋,大同,110,66,44
康和板橋,太子,35,1,34
康和板橋,00725B國泰投資級公司債,32,0,32
康和板橋,00882中信中國高股息,20,0,20
康和板橋,00665L富邦�琤肭磪囓�2,20,0,20
康和板橋,00680L元大美債20正2,20,0,20
康和板橋,湧德,20,0,20
康和板橋,00637L元大滬深300正2,33,15,18
康和板橋,00633L富邦上証正2,26,10,16
康和板橋,00687B國泰20年美債,25,10,15
康和板橋,00679B元大美債20年,15,0,15
康和板橋,富喬,21,7,14
康和板橋,光寶科,16,4,12
康和板橋,廣宇,14,2,12
康和板橋,00922國泰台灣領袖50,12,0,12
康和板橋,華南金,17,5,12
康和板橋,所羅門,11,1,10
康和板橋,前鼎,16,6,10
康和板橋,立端,10,0,10
康和板橋,加百裕,20,11,9
康和板橋,立積,9,0,9
康和板橋,00753L中信中國50正2,15,7,8
康和板橋,兆豐金,8,0,8
康和板橋,台塑化,11,3,8
康和板橋,友達,9,1,8
康和板橋,立敦,20,13,7
康和板橋,東洋,7,0,7
康和板橋,東元,10,3,7
康和板橋,緯穎,6,0,6
康和板橋,建舜電,6,0,6
康和板橋,瑞軒,6,0,6
康和板橋,冠軍,5,0,5
康和板橋,00965元大航太防衛科技,5,0,5
康和板橋,台泥,5,0,5
康和板橋,展�眥篕�,5,0,5
康和板橋,00937B群益ESG投等債20,256,251,5
康和板橋,新唐,5,0,5
康和板橋,創威,6,1,5
康和板橋,00941中信上游半導體,5,0,5
康和板橋,興能高,41,36,5
康和板橋,鴻準,8,3,5
康和板橋,合勤控,4,0,4
康和板橋,視陽,4,0,4
康和板橋,榮運,4,0,4
康和板橋,裕隆,4,0,4
康和板橋,今皓,4,0,4
康和板橋,濟生,4,0,4
康和板橋,00671R富邦NASDAQ反1,1,300,-299
康和板橋,00918大華優利高填息30,0,270,-270
康和板橋,宏達電,191,405,-214
康和板橋,力積電,17,153,-136
康和板橋,00632R元大台灣50反1,21,151,-130
康和板橋,華航,9,134,-125
康和板橋,欣銓,4,82,-78
康和板橋,波若威,35,78,-43
康和板橋,中信金,1,40,-39
康和板橋,00927群益半導體收益,0,31,-31
康和板橋,神達,216,245,-29
康和板橋,台通,1,29,-28
康和板橋,台積電,1,27,-26
康和板橋,愛山林,0,25,-25
康和板橋,00631L元大台灣50正2,0,21,-21
康和板橋,神基,0,21,-21
康和板橋,佳能,1,21,-20
康和板橋,瑞鼎,0,15,-15
康和板橋,泰金寶-DR,22,37,-15
康和板橋,誠美材,4,18,-14
康和板橋,00881國泰台灣5G+,0,12,-12
康和板橋,長榮,0,12,-12
康和板橋,宏致,1,12,-11
康和板橋,台郡,0,10,-10
康和板橋,00940元大台灣價值高息,0,10,-10
康和板橋,亞聚,0,10,-10
康和板橋,中磊,0,10,-10
康和板橋,彰銀,2,11,-9
康和板橋,元大高股息,2,11,-9
康和板橋,泰鼎-KY,0,9,-9
康和板橋,南茂,7,16,-9
康和板橋,新盛力,28,37,-9
康和板橋,00852L國泰美國道瓊正2,0,8,-8
康和板橋,日月光投控,3,11,-8
康和板橋,台塑,5,12,-7
康和板橋,眾達-KY,25,32,-7
康和板橋,達邁,8,15,-7
康和板橋,凱基金,0,7,-7
康和板橋,中纖,0,7,-7
康和板橋,奇偶,0,7,-7
康和板橋,精成科,18,24,-6
康和板橋,00752中信中國50,0,6,-6
康和板橋,友訊,0,6,-6
康和板橋,聯合再生,2,8,-6
康和板橋,錸德,5,10,-5
康和板橋,大銀微系統,4,9,-5
康和板橋,長榮航,0,5,-5
康和板橋,建錩,0,5,-5
康和板橋,橋椿,0,5,-5
康和板橋,鎰勝,0,5,-5
永全八德,台化,100,4,96
永全八德,00637L元大滬深300正2,71,0,71
永全八德,聯電,73,35,38
永全八德,佳世達,30,0,30
永全八德,永豐金,21,0,21
永全八德,永崴投控,21,1,20
永全八德,00752中信中國50,13,0,13
永全八德,00632R元大台灣50反1,11,0,11
永全八德,廣隆,10,0,10
永全八德,海華,9,0,9
永全八德,雷虎,16,7,9
永全八德,廣達,7,1,6
永全八德,光環,6,0,6
永全八德,威剛,5,0,5
永全八德,南茂,5,0,5
永全八德,中視,5,0,5
永全八德,00753L中信中國50正2,4,0,4
永全八德,佳格,4,0,4
永全八德,宏齊,4,0,4
永全八德,泰金寶-DR,45,41,4
永全八德,台泥,3,0,3
永全八德,00719B元大美債1-3,3,0,3
永全八德,五福,4,1,3
永全八德,聯鈞,9,6,3
永全八德,磐儀,3,0,3
永全八德,高技,3,0,3
永全八德,台通,3,0,3
永全八德,立��,3,0,3
永全八德,寶一,3,0,3
永全八德,亞光,6,4,2
永全八德,旺宏,2,0,2
永全八德,英業達,14,12,2
永全八德,輔信,2,0,2
永全八德,兆豐金,2,0,2
永全八德,三商,2,0,2
永全八德,晶技,2,0,2
永全八德,高鋒,2,0,2
永全八德,宣德,2,0,2
永全八德,鄉林,2,0,2
永全八德,系微,2,0,2
永全八德,愛普*,10,8,2
永全八德,91APP*-KY,2,0,2
永全八德,錸寶,2,0,2
永全八德,至上,2,0,2
永全八德,緯穎,3,1,2
永全八德,大成鋼,3,2,1
永全八德,亞力,1,0,1
永全八德,恆大,1,0,1
永全八德,00903富邦元宇宙,1,0,1
永全八德,00633L富邦上証正2,1,0,1
永全八德,00929復華台灣科技優息,0,205,-205
永全八德,00937B群益ESG投等債20,0,100,-100
永全八德,中環,0,66,-66
永全八德,00948B中信優息投資級債,0,60,-60
永全八德,神達,28,62,-34
永全八德,元大高股息,0,32,-32
永全八德,宏達電,32,63,-31
永全八德,中信金,0,31,-31
永全八德,春源,0,29,-29
永全八德,力積電,1,22,-21
永全八德,00940元大台灣價值高息,0,20,-20
永全八德,台榮,0,20,-20
永全八德,遠東銀,5,25,-20
永全八德,明泰,0,20,-20
永全八德,普誠,0,20,-20
永全八德,00713元大台灣高息低波,1,16,-15
永全八德,鴻海,9,24,-15
永全八德,凱美,1,16,-15
永全八德,欣銓,2,17,-15
永全八德,能率,7,22,-15
永全八德,台積電,4,15,-11
永全八德,金寶,0,11,-11
永全八德,長榮航,0,11,-11
永全八德,華南金,0,11,-11
永全八德,耿鼎,0,10,-10
永全八德,中石化,0,10,-10
永全八德,三陽工業,0,10,-10
永全八德,華泰,0,10,-10
永全八德,彬台,0,10,-10
永全八德,00631L元大台灣50正2,0,8,-8
永全八德,南亞,0,8,-8
永全八德,中興電,1,8,-7
永全八德,00900富邦特選高股息30,0,7,-7
永全八德,中華電,0,7,-7
永全八德,富喬,40,46,-6
永全八德,揚智,0,6,-6
永全八德,緯創,5,11,-6
永全八德,宏致,0,6,-6
永全八德,東洋,0,6,-6
永全八德,00878國泰永續高股息,0,6,-6
永全八德,006208富邦台50,0,5,-5
永全八德,華城,0,5,-5
永全八德,昆盈,1,6,-5
永全八德,譁裕,0,5,-5
永全八德,中光電,2,7,-5
永全八德,美時,0,4,-4
永全八德,科妍,0,4,-4
永全八德,台達化,0,4,-4
永全八德,友訊,0,4,-4
永全八德,燿華,2,6,-4
凱基台中,宏致,118,14,104
凱基台中,聯電,203,111,92
凱基台中,00965元大航太防衛科技,52,10,42
凱基台中,厚生,36,0,36
凱基台中,順達,33,6,27
凱基台中,立隆電,40,19,21
凱基台中,光洋科,20,0,20
凱基台中,新建,20,0,20
凱基台中,緯創,91,76,15
凱基台中,展�眥篕�,15,0,15
凱基台中,英業達,14,0,14
凱基台中,太欣,14,0,14
凱基台中,富喬,18,7,11
凱基台中,大亞,11,0,11
凱基台中,台航,11,0,11
凱基台中,英濟,20,10,10
凱基台中,和椿,26,16,10
凱基台中,00693U期街口S＆P黃豆,10,0,10
凱基台中,00637L元大滬深300正2,215,205,10
凱基台中,00633L富邦上証正2,55,45,10
凱基台中,00918大華優利高填息30,10,0,10
凱基台中,良維,10,0,10
凱基台中,中鼎,10,0,10
凱基台中,立敦,31,22,9
凱基台中,正崴,10,2,8
凱基台中,00945B凱基美國非投等債,8,1,7
凱基台中,鴻準,11,4,7
凱基台中,國泰金,7,1,6
凱基台中,大銀微系統,14,8,6
凱基台中,00953B群益優選非投等債,5,0,5
凱基台中,00655L國泰中國A50正2,5,0,5
凱基台中,00937B群益ESG投等債20,5,0,5
凱基台中,信錦,5,0,5
凱基台中,麗正,5,0,5
凱基台中,競國,5,0,5
凱基台中,精成科,15,10,5
凱基台中,澤米,5,0,5
凱基台中,精星,5,0,5
凱基台中,中興電,4,0,4
凱基台中,00882中信中國高股息,4,0,4
凱基台中,藍天,4,0,4
凱基台中,易飛網,4,0,4
凱基台中,亞翔,18,14,4
凱基台中,百和興業-KY,4,0,4
凱基台中,康那香,4,0,4
凱基台中,濟生,4,0,4
凱基台中,玉晶光,4,1,3
凱基台中,00725B國泰投資級公司債,3,0,3
凱基台中,聯華,3,0,3
凱基台中,亞力,3,0,3
凱基台中,00971野村美國研發龍頭,2,326,-324
凱基台中,福裕,0,96,-96
凱基台中,00712復華富時不動產,1,88,-87
凱基台中,00980B台新特選IG債10+,10,72,-62
凱基台中,00642U期元大S＆P石油,0,50,-50
凱基台中,中租-KY,0,50,-50
凱基台中,00878國泰永續高股息,12,58,-46
凱基台中,00929復華台灣科技優息,1,35,-34
凱基台中,泰金寶-DR,19,52,-33
凱基台中,神達,58,88,-30
凱基台中,彰銀,15,42,-27
凱基台中,元大高股息,19,44,-25
凱基台中,台塑,4,28,-24
凱基台中,新光金,0,23,-23
凱基台中,00946群益科技高息成長,0,20,-20
凱基台中,中光電,25,45,-20
凱基台中,凱基金,9,28,-19
凱基台中,新復興,1,20,-19
凱基台中,00687B國泰20年美債,3,19,-16
凱基台中,台泥,5,21,-16
凱基台中,台積電,129,145,-16
凱基台中,台玻,0,15,-15
凱基台中,富采,10,24,-14
凱基台中,寶碩,0,14,-14
凱基台中,友達,2,16,-14
凱基台中,00940元大台灣價值高息,0,13,-13
凱基台中,新日興,3,16,-13
凱基台中,欣銓,4,16,-12
凱基台中,00881國泰台灣5G+,0,12,-12
凱基台中,中鴻,0,12,-12
凱基台中,興能高,38,50,-12
凱基台中,元大台灣50,0,12,-12
凱基台中,宏達電,32,43,-11
凱基台中,長榮航,3,14,-11
凱基台中,圓剛,2,13,-11
凱基台中,達邁,15,26,-11
凱基台中,00892富邦台灣半導體,0,10,-10
凱基台中,00688L國泰20年美債正2,0,10,-10
凱基台中,致和證,0,10,-10
凱基台中,來億-KY,1,11,-10
凱基台中,世界,1,10,-9
凱基台中,力積電,28,37,-9
凱基台中,00679B元大美債20年,1,10,-9
凱基台中,華航,1,9,-8
凱基台中,00891中信關鍵半導體,1,9,-8
凱基台中,友訊,2,10,-8
凱基台中,兆豐金,0,7,-7
凱基台中,00893國泰智能電動車,0,7,-7
凱基台中,00701國泰股利精選30,0,7,-7
凱基台中,00905FT臺灣Smart,0,7,-7
 元富新店,聯電,468,22,446
 元富新店,00708L期元大S＆P黃金正2,300,0,300
 元富新店,00937B群益ESG投等債20,72,0,72
 元富新店,00910第一金太空衛星,51,4,47
 元富新店,00878國泰永續高股息,51,8,43
 元富新店,00918大華優利高填息30,41,0,41
 元富新店,00637L元大滬深300正2,54,15,39
 元富新店,00922國泰台灣領袖50,35,0,35
 元富新店,00971野村美國研發龍頭,31,1,30
 元富新店,力積電,54,27,27
 元富新店,州巧,25,0,25
 元富新店,聯寶,20,0,20
 元富新店,新漢,18,0,18
 元富新店,00830國泰費城半導體,17,0,17
 元富新店,廣運,16,0,16
 元富新店,皇昌,15,0,15
 元富新店,康霈*,11,0,11
 元富新店,佳能,33,23,10
 元富新店,金寶,10,0,10
 元富新店,00706L期元大S＆P日圓正2,10,0,10
 元富新店,中環,10,0,10
 元富新店,三商壽,10,0,10
 元富新店,泰鼎-KY,10,0,10
 元富新店,陽明,9,0,9
 元富新店,中租-KY,9,0,9
 元富新店,正崴,11,2,9
 元富新店,台泥,9,0,9
 元富新店,兆豐金,8,0,8
 元富新店,00632R元大台灣50反1,12,4,8
 元富新店,高力,10,2,8
 元富新店,緯創,19,12,7
 元富新店,文曄,8,1,7
 元富新店,太欣,6,0,6
 元富新店,訊芯-KY,12,6,6
 元富新店,鴻準,22,17,5
 元富新店,技嘉,5,0,5
 元富新店,00919群益台灣精選高息,5,0,5
 元富新店,00720B元大投資級公司債,5,0,5
 元富新店,華新,5,0,5
 元富新店,上曜,5,0,5
 元富新店,大聯大,5,0,5
 元富新店,和大,5,0,5
 元富新店,興富發,5,0,5
 元富新店,東陽,5,0,5
 元富新店,鉅祥,5,0,5
 元富新店,廣達,7,2,5
 元富新店,00858永豐美國500大,5,0,5
 元富新店,亞光,7,3,4
 元富新店,欣興,6,2,4
 元富新店,00701國泰股利精選30,4,0,4
 元富新店,00980B台新特選IG債10+,0,461,-461
 元富新店,00891中信關鍵半導體,0,101,-101
 元富新店,00930永豐ESG低碳高息,0,100,-100
 元富新店,00900富邦特選高股息30,1,100,-99
 元富新店,王道銀行,3,88,-85
 元富新店,神達,24,96,-72
 元富新店,欣銓,1,38,-37
 元富新店,華興,0,35,-35
 元富新店,凱基金,1,33,-32
 元富新店,威健,0,32,-32
 元富新店,國票金,0,30,-30
 元富新店,國統,0,30,-30
 元富新店,00665L富邦�琤肭磪囓�2,2,30,-28
 元富新店,健亞,0,25,-25
 元富新店,00934中信成長高股息,0,25,-25
 元富新店,昇陽半導體,0,23,-23
 元富新店,順達,12,34,-22
 元富新店,佳和,1,23,-22
 元富新店,00970B新光BBB投等債20,0,20,-20
 元富新店,立��,3,23,-20
 元富新店,00963中信全球高股息,0,19,-19
 元富新店,精成科,10,27,-17
 元富新店,連展投控,3,20,-17
 元富新店,元大台灣50,1,17,-16
 元富新店,00673R期元大S＆P原油反1,10,25,-15
 元富新店,00877復華中國5G,0,15,-15
 元富新店,新纖,0,15,-15
 元富新店,宏致,0,13,-13
 元富新店,凱美,5,18,-13
 元富新店,新盛力,96,109,-13
 元富新店,台積電,5,18,-13
 元富新店,全漢,0,12,-12
 元富新店,威強電,0,12,-12
 元富新店,訊舟,0,12,-12
 元富新店,富喬,2,13,-11
 元富新店,威盛,0,11,-11
 元富新店,勤凱,0,11,-11
 元富新店,新日興,12,22,-10
 元富新店,遠東新,0,10,-10
 元富新店,00932兆豐永續高息等權,0,10,-10
 元富新店,中石化,0,10,-10
 元富新店,遠東銀,0,10,-10
 元富新店,00941中信上游半導體,0,10,-10
 元富新店,星宇航空,10,20,-10
 元富新店,00885富邦越南,0,10,-10
 元富新店,00680L元大美債20正2,0,10,-10
 元富新店,茂迪,0,10,-10
 元富新店,00881國泰台灣5G+,0,10,-10
 元富新店,旺宏,1,10,-9
 元富新店,00951台新日本半導體,0,9,-9
第一員林,00676R富邦臺灣加權反1,2525,0,2525
第一員林,聯電,232,17,215
第一員林,群創,134,6,128
第一員林,華新,100,0,100
第一員林,00937B群益ESG投等債20,66,0,66
第一員林,00932兆豐永續高息等權,56,1,55
第一員林,00637L元大滬深300正2,45,5,40
第一員林,元大高股息,34,0,34
第一員林,00646元大S＆P500,22,0,22
第一員林,00673R期元大S＆P原油反1,20,0,20
第一員林,00665L富邦�琤肭磪囓�2,70,50,20
第一員林,00919群益台灣精選高息,19,2,17
第一員林,00687B國泰20年美債,15,0,15
第一員林,友達,17,3,14
第一員林,00632R元大台灣50反1,12,0,12
第一員林,宏��,12,0,12
第一員林,美律,26,14,12
第一員林,00878國泰永續高股息,23,12,11
第一員林,山林水,11,0,11
第一員林,晶技,10,0,10
第一員林,00924復華S＆P500成長,10,0,10
第一員林,00950B凱基A級公司債,10,0,10
第一員林,台化,10,0,10
第一員林,美隆電,10,0,10
第一員林,00633L富邦上証正2,8,0,8
第一員林,聯合再生,8,0,8
第一員林,緯創,11,4,7
第一員林,00918大華優利高填息30,7,0,7
第一員林,技嘉,7,0,7
第一員林,建準,7,0,7
第一員林,成霖,7,0,7
第一員林,精材,6,1,5
第一員林,00722B群益投資級電信債,5,0,5
第一員林,士電,5,0,5
第一員林,勤美,5,0,5
第一員林,冠德,6,1,5
第一員林,農林,5,0,5
第一員林,立軒,5,0,5
第一員林,擎亞,5,0,5
第一員林,百和興業-KY,5,0,5
第一員林,鴻海,11,6,5
第一員林,毛寶,4,0,4
第一員林,敬鵬,4,0,4
第一員林,第一金,4,0,4
第一員林,隆銘綠能,4,0,4
第一員林,欣興,4,0,4
第一員林,彬台,6,2,4
第一員林,富采,4,0,4
第一員林,亞泰,5,1,4
第一員林,力積電,19,15,4
第一員林,00688L國泰20年美債正2,0,1000,-1000
第一員林,泰金寶-DR,1,310,-309
第一員林,00679B元大美債20年,5,261,-256
第一員林,台中銀,0,114,-114
第一員林,中鴻,10,108,-98
第一員林,鈺齊-KY,0,84,-84
第一員林,三一東林,0,55,-55
第一員林,中環,0,50,-50
第一員林,00940元大台灣價值高息,0,45,-45
第一員林,00922國泰台灣領袖50,0,37,-37
第一員林,00934中信成長高股息,0,32,-32
第一員林,立��,0,30,-30
第一員林,00929復華台灣科技優息,1,31,-30
第一員林,00933B國泰10Y+金融債,0,27,-27
第一員林,華城,16,40,-24
第一員林,00887永豐中國科技50大,2,22,-20
第一員林,00900富邦特選高股息30,0,20,-20
第一員林,00948B中信優息投資級債,0,20,-20
第一員林,00892富邦台灣半導體,0,18,-18
第一員林,00905FT臺灣Smart,0,18,-18
第一員林,星宇航空,1,18,-17
第一員林,00946群益科技高息成長,0,12,-12
第一員林,恆大,0,12,-12
第一員林,興能高,12,23,-11
第一員林,宏達電,12,23,-11
第一員林,00891中信關鍵半導體,0,10,-10
第一員林,彰銀,0,10,-10
第一員林,元大金,0,10,-10
第一員林,欣銓,4,14,-10
第一員林,伊雲谷,0,10,-10
第一員林,建暐,0,10,-10
第一員林,台積電,1,11,-10
第一員林,00960野村全球航運龍頭,11,20,-9
第一員林,聚隆,0,9,-9
第一員林,九豪,0,9,-9
第一員林,潤泰全,0,8,-8
第一員林,美德醫療-DR,2,10,-8
第一員林,大同,5,13,-8
第一員林,台達電,0,7,-7
第一員林,中磊,0,7,-7
第一員林,宏齊,0,7,-7
第一員林,台灣虎航,0,7,-7
第一員林,環宇-KY,16,23,-7
第一員林,00675L富邦臺灣加權正2,0,6,-6
第一員林,英業達,1,7,-6
第一員林,興勤,1,7,-6
第一員林,六角,0,6,-6
第一員林,聯上,0,6,-6
第一員林,國光生,0,6,-6
第一員林,元大台灣50,1,7,-6
宏遠新化,聯電,150,39,111
宏遠新化,台虹,22,0,22
宏遠新化,泰金寶-DR,15,0,15
宏遠新化,00937B群益ESG投等債20,11,0,11
宏遠新化,00915凱基優選高股息30,11,0,11
宏遠新化,00673R期元大S＆P原油反1,10,0,10
宏遠新化,00752中信中國50,10,0,10
宏遠新化,由田,10,0,10
宏遠新化,合一,10,0,10
宏遠新化,912000晨訊科-DR,10,0,10
宏遠新化,眾達-KY,8,0,8
宏遠新化,凱美,9,1,8
宏遠新化,00687B國泰20年美債,8,0,8
宏遠新化,00918大華優利高填息30,7,0,7
宏遠新化,台灣虎航,10,3,7
宏遠新化,00878國泰永續高股息,7,0,7
宏遠新化,上詮,7,0,7
宏遠新化,英業達,10,4,6
宏遠新化,00950B凱基A級公司債,6,0,6
宏遠新化,00639富邦深100,6,0,6
宏遠新化,00643群益深証中小,5,0,5
宏遠新化,美時,5,0,5
宏遠新化,超豐,5,0,5
宏遠新化,牧德,5,0,5
宏遠新化,均豪,5,0,5
宏遠新化,瀚宇博,5,0,5
宏遠新化,元大高股息,4,0,4
宏遠新化,00679B元大美債20年,4,0,4
宏遠新化,中鋼,5,1,4
宏遠新化,怡利電,4,0,4
宏遠新化,寶緯,4,0,4
宏遠新化,興能高,11,7,4
宏遠新化,00909國泰數位支付服務,4,0,4
宏遠新化,00942B台新美A公司債20+,3,0,3
宏遠新化,中興電,3,0,3
宏遠新化,冠西電,5,2,3
宏遠新化,英濟,3,0,3
宏遠新化,台境*,3,0,3
宏遠新化,00830國泰費城半導體,2,0,2
宏遠新化,00891中信關鍵半導體,2,0,2
宏遠新化,00646元大S＆P500,2,0,2
宏遠新化,廣隆,2,0,2
宏遠新化,台船,2,0,2
宏遠新化,美律,2,0,2
宏遠新化,欣興,2,0,2
宏遠新化,順達,3,1,2
宏遠新化,精材,2,0,2
宏遠新化,振發,2,0,2
宏遠新化,致和證,2,0,2
宏遠新化,全譜,2,0,2
宏遠新化,凱基金,0,52,-52
宏遠新化,華航,0,40,-40
宏遠新化,友訊,0,35,-35
宏遠新化,長榮航,0,20,-20
宏遠新化,第一金,0,18,-18
宏遠新化,環泥,0,15,-15
宏遠新化,弘凱,0,15,-15
宏遠新化,裕隆,0,12,-12
宏遠新化,神達,17,29,-12
宏遠新化,昆盈,1,12,-11
宏遠新化,日月光投控,2,13,-11
宏遠新化,力積電,19,30,-11
宏遠新化,00929復華台灣科技優息,0,11,-11
宏遠新化,00959B大華投等美債15Y+,0,10,-10
宏遠新化,元晶,0,10,-10
宏遠新化,台塑,11,21,-10
宏遠新化,00887永豐中國科技50大,0,9,-9
宏遠新化,精英,0,7,-7
宏遠新化,宏達電,11,18,-7
宏遠新化,鼎天,0,7,-7
宏遠新化,新光金,0,7,-7
宏遠新化,00905FT臺灣Smart,1,7,-6
宏遠新化,00936台新永續高息中小,0,5,-5
宏遠新化,一詮,0,5,-5
宏遠新化,三商壽,0,5,-5
宏遠新化,欣銓,5,10,-5
宏遠新化,連展投控,10,15,-5
宏遠新化,全球傳動,0,5,-5
宏遠新化,立��,0,5,-5
宏遠新化,00941中信上游半導體,0,4,-4
宏遠新化,中信金,0,4,-4
宏遠新化,康舒,0,4,-4
宏遠新化,富威電力,1,5,-4
宏遠新化,雷虎,3,7,-4
宏遠新化,新纖,0,3,-3
宏遠新化,名軒,0,3,-3
宏遠新化,光寶科,0,3,-3
宏遠新化,佳能,0,3,-3
宏遠新化,揚博,0,3,-3
宏遠新化,富邦金,0,3,-3
宏遠新化,聯合再生,0,3,-3
宏遠新化,新盛力,4,7,-3
宏遠新化,亞翔,1,4,-3
宏遠新化,和椿,4,7,-3
宏遠新化,千附精密,0,3,-3
宏遠新化,明安,0,3,-3
宏遠新化,波若威,8,11,-3
宏遠新化,00910第一金太空衛星,0,2,-2
宏遠新化,中石化,0,2,-2
宏遠新化,富喬,1,3,-2
凱基虎尾,00673R期元大S＆P原油反1,80,0,80
凱基虎尾,宏��,55,0,55
凱基虎尾,聯電,135,99,36
凱基虎尾,蜜望實,33,0,33
凱基虎尾,00878國泰永續高股息,28,1,27
凱基虎尾,聯光通,41,18,23
凱基虎尾,元大高股息,20,0,20
凱基虎尾,中磊,20,0,20
凱基虎尾,艾訊,20,0,20
凱基虎尾,00646元大S＆P500,20,1,19
凱基虎尾,00915凱基優選高股息30,16,0,16
凱基虎尾,立端,15,0,15
凱基虎尾,啟��,15,0,15
凱基虎尾,汎銓,15,0,15
凱基虎尾,00881國泰台灣5G+,16,2,14
凱基虎尾,海灣,12,0,12
凱基虎尾,00715L期街口布蘭特正2,10,0,10
凱基虎尾,00669R國泰美國道瓊反1,10,0,10
凱基虎尾,新興,10,0,10
凱基虎尾,正德,10,0,10
凱基虎尾,中鋼,15,7,8
凱基虎尾,英業達,9,1,8
凱基虎尾,00953B群益優選非投等債,8,0,8
凱基虎尾,00830國泰費城半導體,8,1,7
凱基虎尾,光洋科,8,1,7
凱基虎尾,統一證,6,0,6
凱基虎尾,亞光,14,8,6
凱基虎尾,威剛,6,0,6
凱基虎尾,台積電,22,17,5
凱基虎尾,00948B中信優息投資級債,5,0,5
凱基虎尾,聯華,7,2,5
凱基虎尾,技嘉,5,0,5
凱基虎尾,中信金,12,7,5
凱基虎尾,海華,6,1,5
凱基虎尾,久正,5,0,5
凱基虎尾,00960野村全球航運龍頭,4,0,4
凱基虎尾,全新,5,1,4
凱基虎尾,連展投控,4,0,4
凱基虎尾,力成,4,0,4
凱基虎尾,立��,5,1,4
凱基虎尾,金益鼎,4,0,4
凱基虎尾,金麗-KY,14,10,4
凱基虎尾,欣興,29,25,4
凱基虎尾,00919群益台灣精選高息,8,5,3
凱基虎尾,鴻海,4,1,3
凱基虎尾,00918大華優利高填息30,3,0,3
凱基虎尾,聯鈞,17,14,3
凱基虎尾,單井,3,0,3
凱基虎尾,聯合再生,3,0,3
凱基虎尾,宏致,8,5,3
凱基虎尾,力積電,30,338,-308
凱基虎尾,00980B台新特選IG債10+,1,190,-189
凱基虎尾,精金,0,100,-100
凱基虎尾,00934中信成長高股息,0,65,-65
凱基虎尾,華南金,0,61,-61
凱基虎尾,宜新實業,0,60,-60
凱基虎尾,巧新,0,40,-40
凱基虎尾,和椿,0,38,-38
凱基虎尾,台塑,0,36,-36
凱基虎尾,華航,5,36,-31
凱基虎尾,佳能,0,31,-31
凱基虎尾,寶成,0,31,-31
凱基虎尾,00951台新日本半導體,0,30,-30
凱基虎尾,大銀微系統,1,30,-29
凱基虎尾,得力,0,25,-25
凱基虎尾,泰金寶-DR,12,35,-23
凱基虎尾,昆盈,0,21,-21
凱基虎尾,神達,61,82,-21
凱基虎尾,新產,0,20,-20
凱基虎尾,陽明,0,19,-19
凱基虎尾,映泰,2,20,-18
凱基虎尾,00941中信上游半導體,0,16,-16
凱基虎尾,00877復華中國5G,0,15,-15
凱基虎尾,緯創,6,21,-15
凱基虎尾,達運光電,0,15,-15
凱基虎尾,萬海,2,17,-15
凱基虎尾,00929復華台灣科技優息,0,15,-15
凱基虎尾,富邦金,0,14,-14
凱基虎尾,元太,0,14,-14
凱基虎尾,00947台新臺灣IC設計,0,13,-13
凱基虎尾,能率,13,26,-13
凱基虎尾,宏達電,27,38,-11
凱基虎尾,00909國泰數位支付服務,0,10,-10
凱基虎尾,新纖,0,10,-10
凱基虎尾,大將,0,10,-10
凱基虎尾,菱光,0,10,-10
凱基虎尾,眾達-KY,17,26,-9
凱基虎尾,新盛力,17,25,-8
凱基虎尾,環宇-KY,1,8,-7
凱基虎尾,凱基金,0,7,-7
凱基虎尾,瀚荃,0,7,-7
凱基虎尾,興能高,20,27,-7
凱基虎尾,誠美材,2,8,-6
凱基虎尾,華通,6,12,-6
凱基虎尾,00923群益台ESG低碳50,0,5,-5
凱基虎尾,00954中信日本半導體,0,5,-5
凱基虎尾,00959B大華投等美債15Y+,0,5,-5
凱基虎尾,欣銓,0,5,-5
凱基虎尾,湧德,0,5,-5
凱基虎尾,新唐,0,5,-5
合庫高雄,00688L國泰20年美債正2,200,0,200
合庫高雄,聯電,177,9,168
合庫高雄,邦泰,110,0,110
合庫高雄,00720B元大投資級公司債,100,0,100
合庫高雄,00686R群益臺灣加權反1,95,0,95
合庫高雄,00637L元大滬深300正2,75,0,75
合庫高雄,力積電,235,181,54
合庫高雄,00882中信中國高股息,51,0,51
合庫高雄,00919群益台灣精選高息,43,0,43
合庫高雄,堤維西,43,2,41
合庫高雄,得力,33,0,33
合庫高雄,環宇-KY,45,14,31
合庫高雄,榮運,30,0,30
合庫高雄,00795B中信美國公債20年,30,0,30
合庫高雄,事欣科,30,2,28
合庫高雄,眾達-KY,43,17,26
合庫高雄,燿華,30,4,26
合庫高雄,00937B群益ESG投等債20,25,0,25
合庫高雄,廣達,31,7,24
合庫高雄,中石化,28,4,24
合庫高雄,00918大華優利高填息30,23,0,23
合庫高雄,00687B國泰20年美債,23,0,23
合庫高雄,信立,21,0,21
合庫高雄,大亞,20,0,20
合庫高雄,允強,20,0,20
合庫高雄,台揚,20,0,20
合庫高雄,中鋼,26,7,19
合庫高雄,大銀微系統,43,25,18
合庫高雄,宏達電,38,20,18
合庫高雄,00675L富邦臺灣加權正2,22,6,16
合庫高雄,南亞科,17,2,15
合庫高雄,大成鋼,16,2,14
合庫高雄,力成,14,0,14
合庫高雄,00971野村美國研發龍頭,13,0,13
合庫高雄,00713元大台灣高息低波,12,1,11
合庫高雄,台塑,11,0,11
合庫高雄,優群,10,0,10
合庫高雄,00852L國泰美國道瓊正2,10,0,10
合庫高雄,上曜,10,0,10
合庫高雄,富喬,18,8,10
合庫高雄,茂迪,10,0,10
合庫高雄,006208富邦台50,17,7,10
合庫高雄,圓剛,15,6,9
合庫高雄,00633L富邦上証正2,9,0,9
合庫高雄,為升,9,0,9
合庫高雄,能率,9,0,9
合庫高雄,華星光,41,32,9
合庫高雄,仁寶,10,2,8
合庫高雄,華電網,8,0,8
合庫高雄,欣興,12,4,8
合庫高雄,00929復華台灣科技優息,0,212,-212
合庫高雄,元大高股息,15,203,-188
合庫高雄,00965元大航太防衛科技,0,100,-100
合庫高雄,三晃,0,100,-100
合庫高雄,00631L元大台灣50正2,0,87,-87
合庫高雄,00940元大台灣價值高息,0,86,-86
合庫高雄,陽程,0,60,-60
合庫高雄,00715L期街口布蘭特正2,1,60,-59
合庫高雄,00936台新永續高息中小,0,53,-53
合庫高雄,日月光投控,8,50,-42
合庫高雄,新光金,6,47,-41
合庫高雄,華紙,0,40,-40
合庫高雄,中鴻,2,41,-39
合庫高雄,華南金,1,40,-39
合庫高雄,00878國泰永續高股息,9,47,-38
合庫高雄,友訊,6,38,-32
合庫高雄,宏致,1,28,-27
合庫高雄,潤泰新,0,25,-25
合庫高雄,矽格,0,25,-25
合庫高雄,神達,46,71,-25
合庫高雄,元大台灣50,1,25,-24
合庫高雄,00757統一FANG+,10,34,-24
合庫高雄,穎漢,5,28,-23
合庫高雄,00948B中信優息投資級債,0,21,-21
合庫高雄,擎亞,18,38,-20
合庫高雄,連展投控,0,19,-19
合庫高雄,雷虎,0,17,-17
合庫高雄,泰金寶-DR,13,30,-17
合庫高雄,新建,3,20,-17
合庫高雄,中信金,0,17,-17
合庫高雄,00934中信成長高股息,0,16,-16
合庫高雄,廣宇,0,16,-16
合庫高雄,00980B台新特選IG債10+,0,16,-16
合庫高雄,陽明,22,38,-16
合庫高雄,旭然,0,15,-15
合庫高雄,台積電,14,29,-15
合庫高雄,友達,0,13,-13
合庫高雄,大同,2,14,-12
合庫高雄,北基,0,12,-12
合庫高雄,鼎元,0,12,-12
合庫高雄,00712復華富時不動產,5,17,-12
合庫高雄,順達,25,37,-12
合庫高雄,華泰,0,11,-11
合庫高雄,寶成,0,11,-11
合庫高雄,神基,0,10,-10
合庫高雄,台新金,0,10,-10
合庫高雄,群創,0,10,-10
合庫高雄,通泰,0,10,-10
合庫高雄,佰鴻,0,10,-10
合庫高雄,凱基金,19,29,-10
 元富永和,神達,217,109,108
 元富永和,00706L期元大S＆P日圓正2,87,0,87
 元富永和,點序,49,1,48
 元富永和,00632R元大台灣50反1,37,0,37
 元富永和,聯電,36,0,36
 元富永和,廣達,26,1,25
 元富永和,新日興,38,16,22
 元富永和,華新,20,0,20
 元富永和,群創,20,0,20
 元富永和,堤維西,24,5,19
 元富永和,00919群益台灣精選高息,26,8,18
 元富永和,華邦電,20,2,18
 元富永和,漢唐,25,8,17
 元富永和,晶呈科技,16,0,16
 元富永和,飛宏,12,0,12
 元富永和,興能高,51,39,12
 元富永和,僑威,12,1,11
 元富永和,朋億*,22,11,11
 元富永和,00937B群益ESG投等債20,10,0,10
 元富永和,00882中信中國高股息,11,0,11
 元富永和,精成科,15,5,10
 元富永和,00687B國泰20年美債,10,0,10
 元富永和,岱宇,10,0,10
 元富永和,宏��,10,0,10
 元富永和,瑞軒,10,0,10
 元富永和,順德,9,0,9
 元富永和,廣明,9,0,9
 元富永和,元大高股息,8,0,8
 元富永和,00636國泰中國A50,8,0,8
 元富永和,泰金寶-DR,19,11,8
 元富永和,台塑,7,0,7
 元富永和,耿鼎,7,0,7
 元富永和,欣銓,44,37,7
 元富永和,光麗-KY,7,0,7
 元富永和,緯創,13,6,7
 元富永和,00878國泰永續高股息,6,0,6
 元富永和,欣興,6,0,6
 元富永和,亞光,24,18,6
 元富永和,00757統一FANG+,5,0,5
 元富永和,富喬,9,4,5
 元富永和,達興材料,6,1,5
 元富永和,00852L國泰美國道瓊正2,5,0,5
 元富永和,東鹼,5,0,5
 元富永和,全新,6,1,5
 元富永和,台積電,14,10,4
 元富永和,00946群益科技高息成長,4,0,4
 元富永和,中環,5,1,4
 元富永和,英業達,6,2,4
 元富永和,宏達電,27,23,4
 元富永和,德律,4,0,4
 元富永和,00980B台新特選IG債10+,0,405,-405
 元富永和,訊達,0,170,-170
 元富永和,達邁,97,199,-102
 元富永和,00680L元大美債20正2,0,40,-40
 元富永和,00753L中信中國50正2,0,32,-32
 元富永和,力積電,8,38,-30
 元富永和,志超,0,30,-30
 元富永和,宏致,0,29,-29
 元富永和,南茂,2,31,-29
 元富永和,富晶通,0,27,-27
 元富永和,瑞鼎,0,20,-20
 元富永和,元晶,0,20,-20
 元富永和,00665L富邦�琤肭磪囓�2,0,19,-19
 元富永和,洋基工程,0,18,-18
 元富永和,00922國泰台灣領袖50,0,17,-17
 元富永和,彩晶,0,15,-15
 元富永和,日月光投控,0,14,-14
 元富永和,連展投控,0,14,-14
 元富永和,00673R期元大S＆P原油反1,0,13,-13
 元富永和,00926凱基全球菁英55,0,13,-13
 元富永和,凱美,7,19,-12
 元富永和,濱川,11,22,-11
 元富永和,恩德,0,11,-11
 元富永和,00929復華台灣科技優息,0,10,-10
 元富永和,00676R富邦臺灣加權反1,20,30,-10
 元富永和,榮剛,0,10,-10
 元富永和,華城,0,9,-9
 元富永和,中磊,0,8,-8
 元富永和,長榮,4,12,-8
 元富永和,00637L元大滬深300正2,0,7,-7
 元富永和,恆大,5,12,-7
 元富永和,聯光通,12,19,-7
 元富永和,友訊,0,6,-6
 元富永和,台塑化,1,7,-6
 元富永和,訊芯-KY,1,7,-6
 元富永和,元大台灣50,1,7,-6
 元富永和,奇鋐,1,7,-6
 元富永和,華航,1,6,-5
 元富永和,00675L富邦臺灣加權正2,2,7,-5
 元富永和,00941中信上游半導體,0,5,-5
 元富永和,燿華,1,6,-5
 元富永和,致伸,0,5,-5
 元富永和,寶一,0,5,-5
 元富永和,北基,0,5,-5
 元富永和,精材,4,9,-5
 元富永和,台苯,0,4,-4
 元富永和,凱基金,0,4,-4
 元富永和,晟田,0,4,-4
 元富永和,富邦金,2,6,-4
 元富永和,00940元大台灣價值高息,10,14,-4
華南彰化,聯電,127,23,104
華南彰化,冠好,67,0,67
華南彰化,弘裕,50,0,50
華南彰化,力山,47,0,47
華南彰化,00937B群益ESG投等債20,54,14,40
華南彰化,00632R元大台灣50反1,35,0,35
華南彰化,00673R期元大S＆P原油反1,34,0,34
華南彰化,00669R國泰美國道瓊反1,30,0,30
華南彰化,虹光,28,0,28
華南彰化,00675L富邦臺灣加權正2,23,0,23
華南彰化,00637L元大滬深300正2,30,8,22
華南彰化,00648R元大S＆P500反1,20,0,20
華南彰化,群創,21,1,20
華南彰化,寶成,20,0,20
華南彰化,元大高股息,22,2,20
華南彰化,隆大,19,0,19
華南彰化,宏齊,17,0,17
華南彰化,濱川,16,0,16
華南彰化,00665L富邦�琤肭磪囓�2,15,0,15
華南彰化,富邦金,20,6,14
華南彰化,英業達,14,1,13
華南彰化,茂迪,12,0,12
華南彰化,台揚,13,2,11
華南彰化,鴻海,16,5,11
華南彰化,00753L中信中國50正2,13,3,10
華南彰化,00959B大華投等美債15Y+,10,0,10
華南彰化,台玻,10,0,10
華南彰化,富采,10,0,10
華南彰化,茂綸,10,0,10
華南彰化,緯創,19,9,10
華南彰化,廣宇,13,4,9
華南彰化,廣達,16,7,9
華南彰化,英濟,22,13,9
華南彰化,凌陽,8,0,8
華南彰化,山富,8,0,8
華南彰化,合庫金,8,0,8
華南彰化,凌通,7,0,7
華南彰化,00960野村全球航運龍頭,7,0,7
華南彰化,冠德,6,0,6
華南彰化,千興,6,0,6
華南彰化,00830國泰費城半導體,7,1,6
華南彰化,正新,5,0,5
華南彰化,00945B凱基美國非投等債,5,0,5
華南彰化,台塑,7,2,5
華南彰化,聯上發,5,0,5
華南彰化,欣興,7,2,5
華南彰化,威剛,5,0,5
華南彰化,聯合再生,5,0,5
華南彰化,加捷生醫,5,0,5
華南彰化,健喬,5,0,5
華南彰化,富喬,70,184,-114
華南彰化,00971野村美國研發龍頭,2,65,-63
華南彰化,新光金,0,56,-56
華南彰化,世紀鋼,0,50,-50
華南彰化,泰金寶-DR,11,57,-46
華南彰化,00687B國泰20年美債,1,42,-41
華南彰化,00965元大航太防衛科技,0,31,-31
華南彰化,00679B元大美債20年,12,40,-28
華南彰化,00929復華台灣科技優息,2,30,-28
華南彰化,00946群益科技高息成長,0,27,-27
華南彰化,順達,3,28,-25
華南彰化,雲品,0,25,-25
華南彰化,遠東銀,0,25,-25
華南彰化,00712復華富時不動產,0,25,-25
華南彰化,中鴻,0,24,-24
華南彰化,欣銓,1,25,-24
華南彰化,中石化,0,21,-21
華南彰化,國泰金,1,21,-20
華南彰化,00944野村趨勢動能高息,0,20,-20
華南彰化,北基,0,20,-20
華南彰化,華航,0,19,-19
華南彰化,玉山金,2,20,-18
華南彰化,允強,0,18,-18
華南彰化,華邦電,2,20,-18
華南彰化,神達,38,55,-17
華南彰化,大眾控,0,15,-15
華南彰化,中信金,5,20,-15
華南彰化,華南金,7,21,-14
華南彰化,00935野村臺灣新科技50,1,15,-14
華南彰化,新盛力,21,35,-14
華南彰化,伊雲谷,0,14,-14
華南彰化,興能高,32,45,-13
華南彰化,宏達電,102,115,-13
華南彰化,00919群益台灣精選高息,3,16,-13
華南彰化,力積電,21,33,-12
華南彰化,奇鋐,1,12,-11
華南彰化,台積電,4,15,-11
華南彰化,00940元大台灣價值高息,2,13,-11
華南彰化,00653L富邦印度正2,0,10,-10
華南彰化,00951台新日本半導體,0,10,-10
華南彰化,中環,0,10,-10
華南彰化,凱基金,0,10,-10
華南彰化,光鋐,0,10,-10
華南彰化,訊芯-KY,3,13,-10
華南彰化,長榮,1,11,-10
華南彰化,台新金,2,12,-10
華南彰化,西勝,2,11,-9
華南彰化,立隆電,11,19,-8
華南彰化,00706L期元大S＆P日圓正2,0,7,-7
華南彰化,00891中信關鍵半導體,0,7,-7
統一金門  ,立��,71,12,59
統一金門  ,台聚,40,0,40
統一金門  ,興能高,32,11,21
統一金門  ,燿華,30,10,20
統一金門  ,力積電,30,10,20
統一金門  ,聯電,24,5,19
統一金門  ,鴻海,15,3,12
統一金門  ,金寶,10,0,10
統一金門  ,神盾,10,0,10
統一金門  ,台新金,9,0,9
統一金門  ,昆盈,20,12,8
統一金門  ,瀚宇博,8,0,8
統一金門  ,00665L富邦�琤肭磪囓�2,6,0,6
統一金門  ,僑威,6,0,6
統一金門  ,緯創,7,1,6
統一金門  ,玉山金,6,0,6
統一金門  ,元大高股息,5,0,5
統一金門  ,00715L期街口布蘭特正2,5,0,5
統一金門  ,友達,5,0,5
統一金門  ,美律,5,0,5
統一金門  ,聯合再生,5,0,5
統一金門  ,精成科,5,0,5
統一金門  ,00919群益台灣精選高息,4,0,4
統一金門  ,華邦電,5,1,4
統一金門  ,00878國泰永續高股息,3,0,3
統一金門  ,00753L中信中國50正2,3,0,3
統一金門  ,大成鋼,3,0,3
統一金門  ,廣達,5,2,3
統一金門  ,新盛力,18,15,3
統一金門  ,技嘉,2,0,2
統一金門  ,00858永豐美國500大,2,0,2
統一金門  ,00937B群益ESG投等債20,2,0,2
統一金門  ,易威,2,0,2
統一金門  ,雲品,2,0,2
統一金門  ,建漢,2,0,2
統一金門  ,融程電,2,0,2
統一金門  ,台半,2,0,2
統一金門  ,宏齊,2,0,2
統一金門  ,達麗,2,0,2
統一金門  ,雷科,2,0,2
統一金門  ,和椿,4,2,2
統一金門  ,恆大,1,0,1
統一金門  ,00959B大華投等美債15Y+,1,0,1
統一金門  ,00706L期元大S＆P日圓正2,1,0,1
統一金門  ,00687B國泰20年美債,1,0,1
統一金門  ,00650L復華香港正2,1,0,1
統一金門  ,00720B元大投資級公司債,1,0,1
統一金門  ,00862B中信投資級公司債,1,0,1
統一金門  ,00772B中信高評級公司債,1,0,1
統一金門  ,00910第一金太空衛星,1,0,1
統一金門  ,00980B台新特選IG債10+,3,59,-56
統一金門  ,00670L富邦NASDAQ正2,0,35,-35
統一金門  ,光罩,0,25,-25
統一金門  ,00637L元大滬深300正2,77,100,-23
統一金門  ,00946群益科技高息成長,0,20,-20
統一金門  ,00647L元大S＆P500正2,0,20,-20
統一金門  ,宏達電,19,39,-20
統一金門  ,達邁,2,22,-20
統一金門  ,宏致,0,18,-18
統一金門  ,00892富邦台灣半導體,0,17,-17
統一金門  ,台塑,0,15,-15
統一金門  ,00662富邦NASDAQ,0,10,-10
統一金門  ,00646元大S＆P500,0,10,-10
統一金門  ,順達,3,13,-10
統一金門  ,宏��,0,9,-9
統一金門  ,00632R元大台灣50反1,0,7,-7
統一金門  ,中鋼,4,10,-6
統一金門  ,旺宏,0,6,-6
統一金門  ,台星科,0,6,-6
統一金門  ,艾笛森,0,6,-6
統一金門  ,事欣科,0,5,-5
統一金門  ,00941中信上游半導體,0,4,-4
統一金門  ,仁寶,0,4,-4
統一金門  ,廣宇,0,4,-4
統一金門  ,新日興,1,5,-4
統一金門  ,展達,0,4,-4
統一金門  ,眾達-KY,3,7,-4
統一金門  ,瑞祺電通,0,4,-4
統一金門  ,建德工業,0,4,-4
統一金門  ,宸曜,0,4,-4
統一金門  ,台積電,0,3,-3
統一金門  ,大將,0,3,-3
統一金門  ,亞力,0,3,-3
統一金門  ,長榮,0,3,-3
統一金門  ,森崴能源,1,4,-3
統一金門  ,雲豹能源,0,3,-3
統一金門  ,元大台灣50,0,3,-3
統一金門  ,00881國泰台灣5G+,0,2,-2
統一金門  ,光寶科,0,2,-2
統一金門  ,台達電,0,2,-2
統一金門  ,國泰金,0,2,-2
統一金門  ,全球傳動,0,2,-2
統一金門  ,亞翔,1,3,-2
統一金門  ,雷虎,0,2,-2
統一金門  ,南電,0,2,-2
統一金門  ,泰金寶-DR,2,4,-2
統一金門  ,006208富邦台50,0,2,-2
統一金門  ,波若威,1,3,-2
統一金門  ,和碩,0,1,-1
統一金門  ,聯鈞,5,6,-1
富邦板橋,神達,1776,346,1430
富邦板橋,新盛力,534,167,367
富邦板橋,聯電,460,98,362
富邦板橋,順達,277,48,229
富邦板橋,皇昌,181,25,156
富邦板橋,00878國泰永續高股息,158,55,103
富邦板橋,元大高股息,132,31,101
富邦板橋,00926凱基全球菁英55,103,3,100
富邦板橋,00654R富邦印度反1,100,0,100
富邦板橋,宏��,98,7,91
富邦板橋,台新金,91,9,82
富邦板橋,高端疫苗,78,0,78
富邦板橋,台郡,75,4,71
富邦板橋,彰銀,77,6,71
富邦板橋,合庫金,79,9,70
富邦板橋,00637L元大滬深300正2,82,18,64
富邦板橋,緯創,120,58,62
富邦板橋,00633L富邦上証正2,59,0,59
富邦板橋,00673R期元大S＆P原油反1,55,0,55
富邦板橋,萬泰科,53,0,53
富邦板橋,00945B凱基美國非投等債,51,0,51
富邦板橋,00971野村美國研發龍頭,67,20,47
富邦板橋,欣興,53,6,47
富邦板橋,泰金寶-DR,76,29,47
富邦板橋,中信金,50,8,42
富邦板橋,00753L中信中國50正2,41,0,41
富邦板橋,00712復華富時不動產,46,9,37
富邦板橋,潤泰全,36,1,35
富邦板橋,能率,41,9,32
富邦板橋,00687B國泰20年美債,43,11,32
富邦板橋,光聖,30,0,30
富邦板橋,新日興,127,98,29
富邦板橋,淳安,30,1,29
富邦板橋,立��,97,68,29
富邦板橋,00655L國泰中國A50正2,78,50,28
富邦板橋,00933B國泰10Y+金融債,31,3,28
富邦板橋,前鼎,67,40,27
富邦板橋,亞光,73,46,27
富邦板橋,00881國泰台灣5G+,34,8,26
富邦板橋,00738U期元大道瓊白銀,32,6,26
富邦板橋,00692富邦公司治理,46,21,25
富邦板橋,鴻海,72,47,25
富邦板橋,兆豐金,29,5,24
富邦板橋,乙盛-KY,30,7,23
富邦板橋,00632R元大台灣50反1,26,5,21
富邦板橋,科風,20,0,20
富邦板橋,全球傳動,23,3,20
富邦板橋,連展投控,84,64,20
富邦板橋,京元電子,28,8,20
富邦板橋,立敦,97,78,19
富邦板橋,00980B台新特選IG債10+,25,518,-493
富邦板橋,00887永豐中國科技50大,5,316,-311
富邦板橋,00720B元大投資級公司債,7,306,-299
富邦板橋,00929復華台灣科技優息,8,173,-165
富邦板橋,00940元大台灣價值高息,9,162,-153
富邦板橋,宏達電,166,295,-129
富邦板橋,00679B元大美債20年,40,125,-85
富邦板橋,華邦電,3,80,-77
富邦板橋,元大台灣50,15,92,-77
富邦板橋,新光金,2,75,-73
富邦板橋,群創,18,91,-73
富邦板橋,宏致,27,94,-67
富邦板橋,仁寶,9,69,-60
富邦板橋,新光鋼,0,60,-60
富邦板橋,勤美,0,58,-58
富邦板橋,凌陽,0,57,-57
富邦板橋,國票金,25,81,-56
富邦板橋,和碩,1,55,-54
富邦板橋,華航,67,120,-53
富邦板橋,00934中信成長高股息,0,52,-52
富邦板橋,信立,0,50,-50
富邦板橋,00937B群益ESG投等債20,73,123,-50
富邦板橋,00665L富邦�琤肭磪囓�2,7,52,-45
富邦板橋,00941中信上游半導體,3,46,-43
富邦板橋,00922國泰台灣領袖50,109,152,-43
富邦板橋,00949復華日本龍頭,2,44,-42
富邦板橋,00713元大台灣高息低波,17,57,-40
富邦板橋,新纖,0,40,-40
富邦板橋,昇陽半導體,25,65,-40
富邦板橋,波若威,106,145,-39
富邦板橋,欣銓,30,68,-38
富邦板橋,富邦金,4,41,-37
富邦板橋,冠軍,0,35,-35
富邦板橋,宏觀,0,35,-35
富邦板橋,志強-KY,4,36,-32
富邦板橋,亞翔,18,50,-32
富邦板橋,鴻準,17,47,-30
富邦板橋,明安,1,30,-29
富邦板橋,寶德,0,28,-28
富邦板橋,台泥,31,59,-28
富邦板橋,富喬,161,188,-27
富邦板橋,錸德,34,61,-27
富邦板橋,華城,8,34,-26
富邦板橋,00772B中信高評級公司債,6,32,-26
富邦板橋,凱基金,31,57,-26
富邦板橋,00905FT臺灣Smart,1,26,-25
富邦板橋,00877復華中國5G,2,26,-24
富邦板橋,日月光投控,3,26,-23
富邦板橋,文曄,5,28,-23
富邦板橋,燿華,14,36,-22
致和崇德,聯電,75,5,70
致和崇德,群創,39,2,37
致和崇德,00637L元大滬深300正2,33,1,32
致和崇德,台化,17,0,17
致和崇德,南茂,15,1,14
致和崇德,宏��,14,1,13
致和崇德,英業達,24,12,12
致和崇德,凌群,11,0,11
致和崇德,精金,10,0,10
致和崇德,弘憶股,10,0,10
致和崇德,凌巨,10,0,10
致和崇德,第一金,10,1,9
致和崇德,能率網通,9,0,9
致和崇德,寶成,10,1,9
致和崇德,鴻海,15,7,8
致和崇德,長華*,8,0,8
致和崇德,泰金寶-DR,12,5,7
致和崇德,新盛力,9,3,6
致和崇德,首利,6,0,6
致和崇德,欣銓,8,2,6
致和崇德,環宇-KY,11,5,6
致和崇德,明安,6,0,6
致和崇德,濱川,6,0,6
致和崇德,聯成,5,0,5
致和崇德,廣達,7,2,5
致和崇德,彰銀,5,0,5
致和崇德,三商壽,5,0,5
致和崇德,健和興,5,0,5
致和崇德,緯創,9,4,5
致和崇德,豪勉,5,0,5
致和崇德,亞翔,8,3,5
致和崇德,欣興,4,0,4
致和崇德,00918大華優利高填息30,4,0,4
致和崇德,遠東銀,4,0,4
致和崇德,健椿,4,0,4
致和崇德,合庫金,4,0,4
致和崇德,00687B國泰20年美債,3,0,3
致和崇德,中環,3,0,3
致和崇德,鴻準,4,1,3
致和崇德,技嘉,4,1,3
致和崇德,晶彩科,4,1,3
致和崇德,富晶通,3,0,3
致和崇德,連展投控,7,4,3
致和崇德,國光生,3,0,3
致和崇德,宜鼎,3,0,3
致和崇德,和椿,5,2,3
致和崇德,興能高,26,23,3
致和崇德,中鋼,3,1,2
致和崇德,台燿,2,0,2
致和崇德,海華,2,0,2
致和崇德,創惟,0,158,-158
致和崇德,事欣科,0,41,-41
致和崇德,藥華藥,0,24,-24
致和崇德,神達,22,42,-20
致和崇德,良維,1,14,-13
致和崇德,華夏,0,12,-12
致和崇德,競國,1,13,-12
致和崇德,中華電,0,12,-12
致和崇德,華邦電,1,12,-11
致和崇德,友達,7,18,-11
致和崇德,訊舟,0,11,-11
致和崇德,力積電,19,30,-11
致和崇德,台南,0,10,-10
致和崇德,大成鋼,6,16,-10
致和崇德,華南金,0,10,-10
致和崇德,富邦金,0,10,-10
致和崇德,ITH-KY,0,10,-10
致和崇德,00936台新永續高息中小,0,9,-9
致和崇德,陽明,0,9,-9
致和崇德,金寶,1,9,-8
致和崇德,彩晶,0,8,-8
致和崇德,00929復華台灣科技優息,0,7,-7
致和崇德,臺企銀,0,7,-7
致和崇德,日月光投控,1,7,-6
致和崇德,宏達電,23,29,-6
致和崇德,康和證,0,6,-6
致和崇德,力智,0,6,-6
致和崇德,台積電,3,8,-5
致和崇德,宏致,0,5,-5
致和崇德,鈺齊-KY,2,7,-5
致和崇德,00922國泰台灣領袖50,0,5,-5
致和崇德,00909國泰數位支付服務,0,5,-5
致和崇德,00688L國泰20年美債正2,0,5,-5
致和崇德,00680L元大美債20正2,10,15,-5
致和崇德,00665L富邦�琤肭磪囓�2,0,5,-5
致和崇德,圓剛,1,6,-5
致和崇德,建通,0,5,-5
致和崇德,聯上發,0,5,-5
致和崇德,凱基金,0,5,-5
致和崇德,2897B王道銀乙特,0,5,-5
致和崇德,致和證,5,10,-5
致和崇德,南電,5,10,-5
致和崇德,006208富邦台50,1,5,-4
致和崇德,仁寶,0,4,-4
致和崇德,精技,0,4,-4
致和崇德,益航,0,4,-4
致和崇德,鴻名,0,4,-4
致和崇德,聯光通,1,5,-4
致和崇德,眾達-KY,6,10,-4
致和崇德,群益證,0,4,-4
康和屏東,三商壽,40,0,40
康和屏東,台揚,27,2,25
康和屏東,永彰,25,0,25
康和屏東,英業達,24,0,24
康和屏東,聯電,27,11,16
康和屏東,00637L元大滬深300正2,7,0,7
康和屏東,英濟,15,8,7
康和屏東,中鋼,10,4,6
康和屏東,佳必琪,6,0,6
康和屏東,兆豐金,5,0,5
康和屏東,00923群益台ESG低碳50,5,0,5
康和屏東,華南金,5,0,5
康和屏東,穎漢,5,0,5
康和屏東,大銀微系統,6,1,5
康和屏東,神基,5,1,4
康和屏東,精成科,14,10,4
康和屏東,華邦電,3,0,3
康和屏東,00665L富邦�琤肭磪囓�2,3,0,3
康和屏東,新日興,3,0,3
康和屏東,家登,3,0,3
康和屏東,三陽工業,2,0,2
康和屏東,欣興,3,1,2
康和屏東,聯亞,2,0,2
康和屏東,海華,2,0,2
康和屏東,伊雲谷,2,0,2
康和屏東,陽明,18,17,1
康和屏東,00922國泰台灣領袖50,1,0,1
康和屏東,佳能,4,3,1
康和屏東,金寶,2,1,1
康和屏東,英利-KY,1,0,1
康和屏東,三芳,1,0,1
康和屏東,00924復華S＆P500成長,1,0,1
康和屏東,廣達,1,0,1
康和屏東,富邦金,1,0,1
康和屏東,日電貿,1,0,1
康和屏東,加百裕,18,17,1
康和屏東,崧騰,1,0,1
康和屏東,世禾,1,0,1
康和屏東,貿聯-KY,1,0,1
康和屏東,全球傳動,1,0,1
康和屏東,眾達-KY,23,22,1
康和屏東,華容,1,0,1
康和屏東,鳳凰,1,0,1
康和屏東,立敦,51,50,1
康和屏東,驊訊,1,0,1
康和屏東,台燿,1,0,1
康和屏東,迅得,1,0,1
康和屏東,GIS-KY,1,0,1
康和屏東,保瑞,1,0,1
康和屏東,穎崴,1,0,1
康和屏東,富喬,2,51,-49
康和屏東,宏達電,38,61,-23
康和屏東,00970B新光BBB投等債20,0,20,-20
康和屏東,台灣虎航,0,15,-15
康和屏東,00939統一台灣高息動能,0,12,-12
康和屏東,磐儀,0,12,-12
康和屏東,美亞,0,10,-10
康和屏東,友達,0,10,-10
康和屏東,燦星旅,0,10,-10
康和屏東,興能高,92,101,-9
康和屏東,濱川,1,6,-5
康和屏東,順達,0,5,-5
康和屏東,台半,0,5,-5
康和屏東,鴻海,10,15,-5
康和屏東,00918大華優利高填息30,0,4,-4
康和屏東,神達,47,50,-3
康和屏東,燿華,0,3,-3
康和屏東,光寶科,0,3,-3
康和屏東,長華*,2,5,-3
康和屏東,擎亞,12,15,-3
康和屏東,00631L元大台灣50正2,0,2,-2
康和屏東,長榮航,0,2,-2
康和屏東,日月光投控,0,2,-2
康和屏東,宏觀,0,2,-2
康和屏東,朋億*,2,4,-2
康和屏東,華城,2,4,-2
康和屏東,廣運,0,1,-1
康和屏東,欣銓,4,5,-1
康和屏東,佳世達,3,4,-1
康和屏東,仁寶,0,1,-1
康和屏東,中環,0,1,-1
康和屏東,00881國泰台灣5G+,0,1,-1
康和屏東,華通,0,1,-1
康和屏東,訊聯,0,1,-1
康和屏東,中電,0,1,-1
康和屏東,和勤,0,1,-1
康和屏東,遠東新,0,1,-1
康和屏東,威盛,0,1,-1
康和屏東,華經,0,1,-1
康和屏東,聯邦銀,0,1,-1
康和屏東,遠東銀,0,1,-1
康和屏東,遠百,0,1,-1
康和屏東,奇鋐,0,1,-1
康和屏東,緯創,2,3,-1
康和屏東,宜特,0,1,-1
康和屏東,前鼎,0,1,-1
康和屏東,華星光,6,7,-1
康和屏東,虹堡,0,1,-1
康和屏東,國眾,0,1,-1
康和屏東,和椿,47,48,-1
兆豐鹿港,00637L元大滬深300正2,297,64,233
兆豐鹿港,聯電,174,17,157
兆豐鹿港,台積電,86,13,73
兆豐鹿港,宏��,48,0,48
兆豐鹿港,00937B群益ESG投等債20,30,2,28
兆豐鹿港,緯創,41,13,28
兆豐鹿港,力積電,47,20,27
兆豐鹿港,00648R元大S＆P500反1,25,0,25
兆豐鹿港,中石化,35,10,25
兆豐鹿港,群創,25,2,23
兆豐鹿港,英濟,23,1,22
兆豐鹿港,00945B凱基美國非投等債,22,0,22
兆豐鹿港,台玻,22,2,20
兆豐鹿港,三商,20,0,20
兆豐鹿港,憶聲,20,0,20
兆豐鹿港,00878國泰永續高股息,24,5,19
兆豐鹿港,凱基金,35,17,18
兆豐鹿港,力成,18,1,17
兆豐鹿港,台塑化,19,2,17
兆豐鹿港,元大高股息,18,1,17
兆豐鹿港,凱美,18,5,13
兆豐鹿港,台塑,14,1,13
兆豐鹿港,京元電子,12,0,12
兆豐鹿港,台化,13,2,11
兆豐鹿港,00772B中信高評級公司債,11,0,11
兆豐鹿港,連展投控,11,0,11
兆豐鹿港,富采,14,3,11
兆豐鹿港,和椿,16,5,11
兆豐鹿港,00919群益台灣精選高息,15,5,10
兆豐鹿港,00673R期元大S＆P原油反1,10,0,10
兆豐鹿港,00715L期街口布蘭特正2,10,0,10
兆豐鹿港,聲寶,10,0,10
兆豐鹿港,長興,10,0,10
兆豐鹿港,台橡,10,0,10
兆豐鹿港,鼎元,10,0,10
兆豐鹿港,宏盛,10,0,10
兆豐鹿港,點序,12,2,10
兆豐鹿港,台虹,11,1,10
兆豐鹿港,上銀,9,0,9
兆豐鹿港,兆赫,9,0,9
兆豐鹿港,新盛力,105,96,9
兆豐鹿港,華邦電,9,1,8
兆豐鹿港,山富,8,0,8
兆豐鹿港,中磊,8,0,8
兆豐鹿港,騰輝電子-KY,9,1,8
兆豐鹿港,佳龍,8,0,8
兆豐鹿港,宇隆,7,0,7
兆豐鹿港,今國光,8,1,7
兆豐鹿港,00757統一FANG+,6,0,6
兆豐鹿港,華晶科,10,4,6
兆豐鹿港,艾訊,0,300,-300
兆豐鹿港,00953B群益優選非投等債,21,160,-139
兆豐鹿港,昇達科,6,127,-121
兆豐鹿港,00980B台新特選IG債10+,60,168,-108
兆豐鹿港,00970B新光BBB投等債20,0,64,-64
兆豐鹿港,好德,3,59,-56
兆豐鹿港,00929復華台灣科技優息,1,38,-37
兆豐鹿港,00632R元大台灣50反1,1,36,-35
兆豐鹿港,冠西電,0,25,-25
兆豐鹿港,玉山金,2,25,-23
兆豐鹿港,大立光,0,21,-21
兆豐鹿港,僑威,1,22,-21
兆豐鹿港,台榮,0,20,-20
兆豐鹿港,南亞科,9,27,-18
兆豐鹿港,英業達,4,21,-17
兆豐鹿港,富邦金,6,23,-17
兆豐鹿港,00830國泰費城半導體,2,19,-17
兆豐鹿港,泰金寶-DR,4,20,-16
兆豐鹿港,杭特,0,15,-15
兆豐鹿港,鴻海,8,21,-13
兆豐鹿港,威剛,0,13,-13
兆豐鹿港,興能高,56,69,-13
兆豐鹿港,擎亞,0,13,-13
兆豐鹿港,00939統一台灣高息動能,0,13,-13
兆豐鹿港,中鋼,7,20,-13
兆豐鹿港,良維,0,12,-12
兆豐鹿港,宏達電,41,53,-12
兆豐鹿港,寶成,1,13,-12
兆豐鹿港,華航,0,10,-10
兆豐鹿港,00680L元大美債20正2,2,12,-10
兆豐鹿港,00688L國泰20年美債正2,0,10,-10
兆豐鹿港,00662富邦NASDAQ,0,10,-10
兆豐鹿港,00888永豐台灣ESG,0,10,-10
兆豐鹿港,中纖,0,10,-10
兆豐鹿港,麗嬰房,0,10,-10
兆豐鹿港,亞電,0,10,-10
兆豐鹿港,華星光,14,23,-9
兆豐鹿港,聯華,1,10,-9
兆豐鹿港,三商壽,1,10,-9
兆豐鹿港,順達,35,44,-9
兆豐鹿港,宏觀,0,9,-9
兆豐鹿港,漢翔,0,8,-8
兆豐鹿港,宏致,20,28,-8
兆豐鹿港,欣銓,1,8,-7
兆豐鹿港,集盛,0,7,-7
兆豐鹿港,神基,0,7,-7
兆豐鹿港,偉訓,0,7,-7
兆豐鹿港,谷崧,0,7,-7
兆豐鹿港,00922國泰台灣領袖50,0,6,-6
兆豐鹿港,00940元大台灣價值高息,1,7,-6
 元大竹科,連展投控,921,389,532
 元大竹科,00687B國泰20年美債,358,1,357
 元大竹科,光環,315,50,265
 元大竹科,台揚,151,1,150
 元大竹科,00665L富邦�琤肭磪囓�2,531,400,131
 元大竹科,00878國泰永續高股息,142,15,127
 元大竹科,欣銓,184,58,126
 元大竹科,00919群益台灣精選高息,112,14,98
 元大竹科,順達,112,24,88
 元大竹科,上詮,90,6,84
 元大竹科,聯電,171,87,84
 元大竹科,玉山金,85,3,82
 元大竹科,恆大,85,5,80
 元大竹科,如興,68,0,68
 元大竹科,富威電力,55,0,55
 元大竹科,00887永豐中國科技50大,50,0,50
 元大竹科,00673R期元大S＆P原油反1,48,0,48
 元大竹科,00911兆豐洲際半導體,47,0,47
 元大竹科,兆豐金,49,3,46
 元大竹科,久昌,45,0,45
 元大竹科,元大高股息,47,5,42
 元大竹科,志強-KY,41,1,40
 元大竹科,00937B群益ESG投等債20,42,6,36
 元大竹科,永豐金,36,1,35
 元大竹科,良維,37,2,35
 元大竹科,杭特,35,0,35
 元大竹科,00753L中信中國50正2,32,0,32
 元大竹科,合庫金,27,0,27
 元大竹科,長榮,28,2,26
 元大竹科,00688L國泰20年美債正2,26,0,26
 元大竹科,00646元大S＆P500,33,10,23
 元大竹科,鴻海,39,17,22
 元大竹科,00864B中信美國公債0-1,22,0,22
 元大竹科,牧東,22,0,22
 元大竹科,台新金,33,12,21
 元大竹科,三商壽,20,0,20
 元大竹科,00643群益深証中小,20,0,20
 元大竹科,00639富邦深100,20,0,20
 元大竹科,00655L國泰中國A50正2,20,0,20
 元大竹科,國票金,20,0,20
 元大竹科,長榮航,19,0,19
 元大竹科,00953B群益優選非投等債,19,0,19
 元大竹科,泰金寶-DR,84,66,18
 元大竹科,00924復華S＆P500成長,17,0,17
 元大竹科,揚智,36,19,17
 元大竹科,友勁,16,0,16
 元大竹科,旺宏,23,7,16
 元大竹科,00664R國泰臺灣加權反1,15,0,15
 元大竹科,十銓,15,0,15
 元大竹科,00905FT臺灣Smart,21,7,14
 元大竹科,立敦,34,357,-323
 元大竹科,00650L復華香港正2,20,300,-280
 元大竹科,00940元大台灣價值高息,38,298,-260
 元大竹科,00965元大航太防衛科技,0,241,-241
 元大竹科,富采,10,203,-193
 元大竹科,力積電,103,258,-155
 元大竹科,擎亞,8,140,-132
 元大竹科,立��,39,163,-124
 元大竹科,萬海,24,132,-108
 元大竹科,00929復華台灣科技優息,16,121,-105
 元大竹科,新盛力,253,344,-91
 元大竹科,00923群益台ESG低碳50,0,75,-75
 元大竹科,佳能,65,132,-67
 元大竹科,00719B元大美債1-3,1,63,-62
 元大竹科,台積電,30,89,-59
 元大竹科,凌巨,10,61,-51
 元大竹科,華邦電,1,50,-49
 元大竹科,友達,0,44,-44
 元大竹科,事欣科,222,263,-41
 元大竹科,00951台新日本半導體,0,40,-40
 元大竹科,超豐,0,31,-31
 元大竹科,IKKA-KY,5,36,-31
 元大竹科,00637L元大滬深300正2,31,62,-31
 元大竹科,精成科,35,65,-30
 元大竹科,長虹,0,29,-29
 元大竹科,00675L富邦臺灣加權正2,6,34,-28
 元大竹科,中華電,0,28,-28
 元大竹科,00631L元大台灣50正2,6,33,-27
 元大竹科,國泰金,0,27,-27
 元大竹科,北極星藥業-KY,0,27,-27
 元大竹科,台塑,15,40,-25
 元大竹科,00954中信日本半導體,0,25,-25
 元大竹科,00685L群益臺灣加權正2,0,25,-25
 元大竹科,華晶科,1,25,-24
 元大竹科,00679B元大美債20年,30,53,-23
 元大竹科,新建,0,23,-23
 元大竹科,南亞,0,22,-22
 元大竹科,00885富邦越南,2,24,-22
 元大竹科,00712復華富時不動產,3,25,-22
 元大竹科,台化,3,24,-21
 元大竹科,能率,1,21,-20
 元大竹科,新日興,21,39,-18
 元大竹科,華友聯,0,18,-18
 元大竹科,元大台灣50,11,28,-17
 元大竹科,006208富邦台50,20,38,-18
 元大竹科,華城,4,21,-17
 元大竹科,中鋼,17,34,-17
 元大竹科,聯鈞,64,80,-16
 元大竹科,興能高,167,182,-15
 元大竹科,燿華,0,15,-15
富邦南港,00633L富邦上証正2,101,0,101
富邦南港,00662富邦NASDAQ,65,0,65
富邦南港,00687B國泰20年美債,64,1,63
富邦南港,立��,62,3,59
富邦南港,00919群益台灣精選高息,60,2,58
富邦南港,聯電,67,11,56
富邦南港,銘旺科,36,0,36
富邦南港,環宇-KY,62,32,30
富邦南港,力成,23,0,23
富邦南港,德晉,22,0,22
富邦南港,00933B國泰10Y+金融債,30,10,20
富邦南港,聰泰,30,13,17
富邦南港,廣達,27,11,16
富邦南港,東陽,15,0,15
富邦南港,英濟,30,15,15
富邦南港,00918大華優利高填息30,17,3,14
富邦南港,00937B群益ESG投等債20,22,10,12
富邦南港,00882中信中國高股息,11,0,11
富邦南港,00637L元大滬深300正2,11,0,11
富邦南港,中鋼,13,2,11
富邦南港,鴻準,11,0,11
富邦南港,凱美,32,21,11
富邦南港,連展投控,12,1,11
富邦南港,台泥,12,2,10
富邦南港,立益物流,10,0,10
富邦南港,台揚,10,0,10
富邦南港,彰銀,9,0,9
富邦南港,全球傳動,8,0,8
富邦南港,錼創科技-KY創,8,0,8
富邦南港,新應材,7,0,7
富邦南港,元大金,10,4,6
富邦南港,南緯,6,0,6
富邦南港,神達,84,78,6
富邦南港,達興材料,7,1,6
富邦南港,長華*,6,0,6
富邦南港,00646元大S＆P500,5,0,5
富邦南港,00949復華日本龍頭,5,0,5
富邦南港,00960野村全球航運龍頭,5,0,5
富邦南港,聯成,5,0,5
富邦南港,南紡,5,0,5
富邦南港,大成鋼,5,0,5
富邦南港,國際中橡,5,0,5
富邦南港,欣厚-KY,5,0,5
富邦南港,上海商銀,5,0,5
富邦南港,訊達,5,0,5
富邦南港,百和興業-KY,5,0,5
富邦南港,00715L期街口布蘭特正2,4,0,4
富邦南港,新建,4,0,4
富邦南港,慧洋-KY,4,0,4
富邦南港,星宇航空,9,5,4
富邦南港,元大高股息,13,112,-99
富邦南港,聯鈞,16,76,-60
富邦南港,00712復華富時不動產,1,56,-55
富邦南港,擎亞,5,53,-48
富邦南港,皇昌,43,85,-42
富邦南港,信立,1,30,-29
富邦南港,00929復華台灣科技優息,0,27,-27
富邦南港,迅得,2,28,-26
富邦南港,華航,2,24,-22
富邦南港,00980B台新特選IG債10+,0,22,-22
富邦南港,00896中信綠能及電動車,0,20,-20
富邦南港,00664R國泰臺灣加權反1,0,20,-20
富邦南港,精成科,8,28,-20
富邦南港,鴻海,2,22,-20
富邦南港,元翎,0,18,-18
富邦南港,力積電,15,32,-17
富邦南港,華南金,0,16,-16
富邦南港,群創,0,16,-16
富邦南港,振發,0,15,-15
富邦南港,新日興,2,16,-14
富邦南港,達邦蛋白,0,14,-14
富邦南港,奇鋐,0,13,-13
富邦南港,安集,1,14,-13
富邦南港,亞翔,1,14,-13
富邦南港,富邦金,1,12,-11
富邦南港,00891中信關鍵半導體,0,10,-10
富邦南港,第一金,0,10,-10
富邦南港,006208富邦台50,0,9,-9
富邦南港,長榮鋼,0,9,-9
富邦南港,欣銓,2,11,-9
富邦南港,興能高,156,164,-8
富邦南港,仁寶,0,8,-8
富邦南港,兆豐金,3,10,-7
富邦南港,朋億*,9,16,-7
富邦南港,台積電,2,9,-7
富邦南港,研揚,0,6,-6
富邦南港,中信金,0,6,-6
富邦南港,00965元大航太防衛科技,0,6,-6
富邦南港,00971野村美國研發龍頭,0,6,-6
富邦南港,IET-KY,0,6,-6
富邦南港,華星光,9,15,-6
富邦南港,欣技,0,6,-6
富邦南港,新盛力,96,102,-6
富邦南港,00935野村臺灣新科技50,0,5,-5
富邦南港,00830國泰費城半導體,5,10,-5
富邦南港,00952凱基台灣AI50,0,5,-5
富邦南港,春源,0,5,-5
富邦南港,金寶,7,12,-5
富邦南港,錸德,0,5,-5
富邦南港,藍天,0,5,-5
華南林口,00673R期元大S＆P原油反1,305,0,305
華南林口,00664R國泰臺灣加權反1,234,0,234
華南林口,聯電,164,30,134
華南林口,00937B群益ESG投等債20,139,10,129
華南林口,台玻,121,2,119
華南林口,中環,100,0,100
華南林口,力積電,134,52,82
華南林口,中鋼,54,8,46
華南林口,00751B元大AAA至A公司債,37,0,37
華南林口,緯創,37,6,31
華南林口,00720B元大投資級公司債,30,0,30
華南林口,00637L元大滬深300正2,30,0,30
華南林口,元大高股息,32,3,29
華南林口,中鴻,31,2,29
華南林口,00878國泰永續高股息,36,12,24
華南林口,00830國泰費城半導體,23,0,23
華南林口,00918大華優利高填息30,20,0,20
華南林口,遠東新,20,0,20
華南林口,華通,23,3,20
華南林口,晶豪科,21,1,20
華南林口,建漢,20,0,20
華南林口,00919群益台灣精選高息,22,2,20
華南林口,晟楠,18,0,18
華南林口,映泰,20,3,17
華南林口,00715L期街口布蘭特正2,16,1,15
華南林口,台郡,15,0,15
華南林口,智捷,15,0,15
華南林口,興能高,54,40,14
華南林口,彬台,13,0,13
華南林口,泰金寶-DR,27,14,13
華南林口,永豐金,12,0,12
華南林口,00687B國泰20年美債,12,0,12
華南林口,新興,11,0,11
華南林口,金麗-KY,11,0,11
華南林口,00753L中信中國50正2,20,10,10
華南林口,00924復華S＆P500成長,10,0,10
華南林口,00959B大華投等美債15Y+,10,0,10
華南林口,瑞軒,10,0,10
華南林口,捷流閥業,10,0,10
華南林口,廣運,10,0,10
華南林口,朋億*,9,0,9
華南林口,慧洋-KY,9,0,9
華南林口,晶呈科技,9,0,9
華南林口,英濟,57,49,8
華南林口,日月光投控,15,8,7
華南林口,和椿,26,19,7
華南林口,英業達,30,24,6
華南林口,環宇-KY,9,3,6
華南林口,彩晶,6,1,5
華南林口,00795B中信美國公債20年,5,0,5
華南林口,華航,3,103,-100
華南林口,大同,5,82,-77
華南林口,宏達電,23,88,-65
華南林口,00929復華台灣科技優息,15,77,-62
華南林口,00954中信日本半導體,0,56,-56
華南林口,建達,0,50,-50
華南林口,神達,51,95,-44
華南林口,00965元大航太防衛科技,0,35,-35
華南林口,群創,0,33,-33
華南林口,00917中信特選金融,0,31,-31
華南林口,希華,0,30,-30
華南林口,00971野村美國研發龍頭,0,29,-29
華南林口,彰銀,0,24,-24
華南林口,00940元大台灣價值高息,1,24,-23
華南林口,達邁,12,35,-23
華南林口,騰輝電子-KY,0,23,-23
華南林口,佰鴻,0,22,-22
華南林口,00680L元大美債20正2,0,20,-20
華南林口,聚亨,10,30,-20
華南林口,00887永豐中國科技50大,2,20,-18
華南林口,台積電,4,20,-16
華南林口,新日興,4,20,-16
華南林口,欣銓,1,16,-15
華南林口,00881國泰台灣5G+,1,16,-15
華南林口,台灣虎航,3,17,-14
華南林口,亞翔,3,17,-14
華南林口,承啟,0,12,-12
華南林口,元大台灣50,1,12,-11
華南林口,國泰金,1,12,-11
華南林口,耿鼎,0,10,-10
華南林口,臺企銀,0,10,-10
華南林口,宏捷科,0,10,-10
華南林口,華南金,0,9,-9
華南林口,中興電,2,10,-8
華南林口,力麗,0,8,-8
華南林口,威盛,3,11,-8
華南林口,友達,0,8,-8
華南林口,佳能,6,13,-7
華南林口,星宇航空,0,7,-7
華南林口,杭特,0,7,-7
華南林口,擎亞,4,11,-7
華南林口,長榮航,0,7,-7
華南林口,奇鋐,1,8,-7
華南林口,美食-KY,0,6,-6
華南林口,矽格,0,6,-6
華南林口,永道-KY,1,7,-6
華南林口,911868同方友友-DR,0,6,-6
華南林口,鴻海,14,20,-6
華南林口,00648R元大S＆P500反1,0,5,-5
華南林口,00676R富邦臺灣加權反1,0,5,-5
 元大上新,聯電,134,14,120
 元大上新,00673R期元大S＆P原油反1,70,0,70
 元大上新,00637L元大滬深300正2,73,6,67
 元大上新,00753L中信中國50正2,50,0,50
 元大上新,元大高股息,34,4,30
 元大上新,00918大華優利高填息30,30,1,29
 元大上新,光環,31,3,28
 元大上新,00633L富邦上証正2,28,7,21
 元大上新,全新,23,2,21
 元大上新,聯光通,28,8,20
 元大上新,創威,20,0,20
 元大上新,擎亞,26,8,18
 元大上新,欣興,23,7,16
 元大上新,中鋼,25,10,15
 元大上新,00632R元大台灣50反1,29,15,14
 元大上新,00679B元大美債20年,16,3,13
 元大上新,00940元大台灣價值高息,20,7,13
 元大上新,勤美,10,0,10
 元大上新,晶睿,11,1,10
 元大上新,綠界科技*,10,0,10
 元大上新,伍豐,10,0,10
 元大上新,鴻準,11,1,10
 元大上新,00688L國泰20年美債正2,9,0,9
 元大上新,精成科,17,8,9
 元大上新,00919群益台灣精選高息,11,3,8
 元大上新,中信金,9,1,8
 元大上新,00878國泰永續高股息,29,22,7
 元大上新,00687B國泰20年美債,7,0,7
 元大上新,凱美,8,1,7
 元大上新,合庫金,11,5,6
 元大上新,00680L元大美債20正2,7,1,6
 元大上新,大成鋼,9,3,6
 元大上新,聯合再生,6,0,6
 元大上新,立��,6,0,6
 元大上新,新興,5,0,5
 元大上新,裕民,5,0,5
 元大上新,兆豐金,5,0,5
 元大上新,晟銘電,21,16,5
 元大上新,奇偶,5,0,5
 元大上新,神達,83,78,5
 元大上新,00881國泰台灣5G+,5,0,5
 元大上新,緯創,13,8,5
 元大上新,海光,4,0,4
 元大上新,長榮航,8,4,4
 元大上新,全漢,4,0,4
 元大上新,東碩,4,0,4
 元大上新,00960野村全球航運龍頭,5,1,4
 元大上新,佳世達,4,0,4
 元大上新,立隆電,8,4,4
 元大上新,萬海,8,5,3
 元大上新,00965元大航太防衛科技,0,196,-196
 元大上新,00929復華台灣科技優息,2,74,-72
 元大上新,宏達電,67,129,-62
 元大上新,00715L期街口布蘭特正2,2,57,-55
 元大上新,00936台新永續高息中小,0,50,-50
 元大上新,00712復華富時不動產,0,40,-40
 元大上新,宏��,2,40,-38
 元大上新,慶騰,0,36,-36
 元大上新,一詮,2,33,-31
 元大上新,華星光,52,82,-30
 元大上新,00941中信上游半導體,0,28,-28
 元大上新,群創,0,27,-27
 元大上新,力積電,27,48,-21
 元大上新,世紀鋼,0,21,-21
 元大上新,台化,0,20,-20
 元大上新,銳澤,0,20,-20
 元大上新,富喬,8,26,-18
 元大上新,台塑,2,20,-18
 元大上新,彰銀,2,20,-18
 元大上新,華航,1,18,-17
 元大上新,亞通,0,12,-12
 元大上新,聯上發,1,12,-11
 元大上新,英濟,8,19,-11
 元大上新,泰鼎-KY,0,11,-11
 元大上新,興能高,77,87,-10
 元大上新,華泰,0,10,-10
 元大上新,華邦電,0,10,-10
 元大上新,華票,0,10,-10
 元大上新,美吉吉-KY,5,15,-10
 元大上新,鴻海,13,23,-10
 元大上新,00922國泰台灣領袖50,2,12,-10
 元大上新,廣達,5,14,-9
 元大上新,南亞科,1,10,-9
 元大上新,邑錡,0,9,-9
 元大上新,新日興,2,10,-8
 元大上新,台積電,3,12,-9
 元大上新,006208富邦台50,2,9,-7
 元大上新,大同,2,8,-6
 元大上新,士電,1,7,-6
 元大上新,中興電,0,6,-6
 元大上新,泰金寶-DR,5,11,-6
 元大上新,00751B元大AAA至A公司債,0,6,-6
 元大上新,日月光投控,0,5,-5
 元大上新,新盛力,60,65,-5
 元大上新,華通,1,6,-5
 元大上新,光寶科,0,5,-5
 元大上新,英業達,9,14,-5
 元大上新,精金,1,6,-5
 元大上新,尼克森,0,5,-5
 元大上新,和碩,0,5,-5
永豐大園,聯電,267,22,245
永豐大園,00980B台新特選IG債10+,150,0,150
永豐大園,00665L富邦�琤肭磪囓�2,150,20,130
永豐大園,旺宏,121,0,121
永豐大園,大同,115,22,93
永豐大園,南茂,66,3,63
永豐大園,00679B元大美債20年,61,0,61
永豐大園,泰金寶-DR,97,41,56
永豐大園,00878國泰永續高股息,48,4,44
永豐大園,康那香,44,0,44
永豐大園,立敦,38,5,33
永豐大園,00970B新光BBB投等債20,31,0,31
永豐大園,台泥,30,0,30
永豐大園,大成鋼,30,1,29
永豐大園,加百裕,48,23,25
永豐大園,陽明,29,6,23
永豐大園,歐買尬,22,0,22
永豐大園,00919群益台灣精選高息,24,2,22
永豐大園,三晃,20,0,20
永豐大園,00671R富邦NASDAQ反1,20,0,20
永豐大園,文曄,21,1,20
永豐大園,00650L復華香港正2,20,0,20
永豐大園,00937B群益ESG投等債20,16,0,16
永豐大園,緯創,30,16,14
永豐大園,00632R元大台灣50反1,13,0,13
永豐大園,永豐金,14,1,13
永豐大園,00942B台新美A公司債20+,13,0,13
永豐大園,亞光,25,12,13
永豐大園,綠界科技*,14,2,12
永豐大園,台塑,41,31,10
永豐大園,鉅祥,10,0,10
永豐大園,永崴投控,10,0,10
永豐大園,南電,10,0,10
永豐大園,大立,10,0,10
永豐大園,00911兆豐洲際半導體,10,0,10
永豐大園,穎漢,9,0,9
永豐大園,九齊,9,0,9
永豐大園,金像電,10,1,9
永豐大園,福壽,8,0,8
永豐大園,英濟,15,7,8
永豐大園,群創,14,7,7
永豐大園,00858永豐美國500大,7,0,7
永豐大園,鴻海,17,10,7
永豐大園,聯鈞,51,44,7
永豐大園,欣興,22,15,7
永豐大園,景碩,6,0,6
永豐大園,兆豐金,6,0,6
永豐大園,雄獅,6,0,6
永豐大園,易發,6,0,6
永豐大園,昇陽半導體,6,0,6
永豐大園,宏達電,98,165,-67
永豐大園,神達,59,110,-51
永豐大園,00882中信中國高股息,18,60,-42
永豐大園,華星光,31,73,-42
永豐大園,00940元大台灣價值高息,0,40,-40
永豐大園,南亞科,1,39,-38
永豐大園,欣銓,1,39,-38
永豐大園,中鴻,3,40,-37
永豐大園,中鋼,5,36,-31
永豐大園,00954中信日本半導體,0,30,-30
永豐大園,瑞祺電通,0,29,-29
永豐大園,英業達,7,36,-29
永豐大園,00929復華台灣科技優息,7,32,-25
永豐大園,超豐,0,25,-25
永豐大園,新光金,2,27,-25
永豐大園,華航,3,27,-24
永豐大園,遠東銀,0,24,-24
永豐大園,00642U期元大S＆P石油,0,24,-24
永豐大園,凱基金,4,27,-23
永豐大園,00960野村全球航運龍頭,3,25,-22
永豐大園,創威,1,23,-22
永豐大園,興能高,62,84,-22
永豐大園,昇貿,0,21,-21
永豐大園,奇鋐,1,22,-21
永豐大園,00951台新日本半導體,0,20,-20
永豐大園,仁寶,2,20,-18
永豐大園,中信金,1,19,-18
永豐大園,迅得,0,15,-15
永豐大園,00971野村美國研發龍頭,4,19,-15
永豐大園,00905FT臺灣Smart,0,15,-15
永豐大園,00950B凱基A級公司債,5,20,-15
永豐大園,富喬,45,60,-15
永豐大園,臻鼎-KY,1,15,-14
永豐大園,聯合再生,1,14,-13
永豐大園,長榮,13,25,-12
永豐大園,華通,1,13,-12
永豐大園,00715L期街口布蘭特正2,3,15,-12
永豐大園,力積電,38,49,-11
永豐大園,頎邦,0,11,-11
永豐大園,大魯閣,0,11,-11
永豐大園,菱光,0,11,-11
永豐大園,華南金,1,11,-10
永豐大園,00631L元大台灣50正2,0,10,-10
永豐大園,允強,0,10,-10
永豐大園,00922國泰台灣領袖50,0,10,-10
永豐大園,00965元大航太防衛科技,0,10,-10
永豐大園,彩晶,0,10,-10
永豐大園,台虹,2,12,-10
永豐大園,00934中信成長高股息,0,9,-9
永豐大園,00892富邦台灣半導體,0,9,-9
華南嘉義,00637L元大滬深300正2,117,2,115
華南嘉義,00673R期元大S＆P原油反1,107,0,107
華南嘉義,00919群益台灣精選高息,36,7,29
華南嘉義,杭特,26,0,26
華南嘉義,00655L國泰中國A50正2,25,0,25
華南嘉義,鴻海,28,4,24
華南嘉義,00937B群益ESG投等債20,21,0,21
華南嘉義,華通,18,2,16
華南嘉義,中鋼,17,1,16
華南嘉義,聯電,25,10,15
華南嘉義,00719B元大美債1-3,14,0,14
華南嘉義,台塑,17,5,12
華南嘉義,台揚,12,0,12
華南嘉義,新盛力,61,49,12
華南嘉義,00753L中信中國50正2,10,0,10
華南嘉義,神達,39,29,10
華南嘉義,崇越,10,0,10
華南嘉義,00940元大台灣價值高息,19,10,9
華南嘉義,桂田文創,9,0,9
華南嘉義,00713元大台灣高息低波,8,0,8
華南嘉義,00953B群益優選非投等債,9,1,8
華南嘉義,麗豐-KY,8,0,8
華南嘉義,00960野村全球航運龍頭,7,0,7
華南嘉義,元大高股息,7,0,7
華南嘉義,南亞科,8,1,7
華南嘉義,凌陽,6,0,6
華南嘉義,亞光,8,2,6
華南嘉義,上銀,8,3,5
華南嘉義,全新,7,2,5
華南嘉義,TPK-KY,5,0,5
華南嘉義,和椿,19,14,5
華南嘉義,驊訊,6,1,5
華南嘉義,台塑化,5,0,5
華南嘉義,雷虎,5,0,5
華南嘉義,立��,7,2,5
華南嘉義,統一,5,0,5
華南嘉義,00632R元大台灣50反1,4,0,4
華南嘉義,00909國泰數位支付服務,4,0,4
華南嘉義,三芳,6,2,4
華南嘉義,正新,4,0,4
華南嘉義,美律,4,0,4
華南嘉義,聯鈞,5,2,3
華南嘉義,緯穎,3,0,3
華南嘉義,欣興,3,0,3
華南嘉義,00915凱基優選高股息30,3,0,3
華南嘉義,愛之味,3,0,3
華南嘉義,友訊,3,0,3
華南嘉義,亞航,4,1,3
華南嘉義,英濟,13,10,3
華南嘉義,眾達-KY,8,5,3
華南嘉義,凱基金,0,618,-618
華南嘉義,00665L富邦�琤肭磪囓�2,6,155,-149
華南嘉義,00688L國泰20年美債正2,0,98,-98
華南嘉義,00929復華台灣科技優息,0,45,-45
華南嘉義,00931B統一美債20年,0,40,-40
華南嘉義,力麗,0,36,-36
華南嘉義,00930永豐ESG低碳高息,0,30,-30
華南嘉義,00924復華S＆P500成長,0,28,-28
華南嘉義,廣達,1,24,-23
華南嘉義,00968B元大優息投等債,0,22,-22
華南嘉義,新光金,1,23,-22
華南嘉義,鼎天,0,20,-20
華南嘉義,大同,2,20,-18
華南嘉義,瑞儀,9,26,-17
華南嘉義,00965元大航太防衛科技,0,15,-15
華南嘉義,聿新科,0,12,-12
華南嘉義,力積電,26,36,-10
華南嘉義,東元,0,10,-10
華南嘉義,宏達電,60,70,-10
華南嘉義,亞翔,1,10,-9
華南嘉義,00971野村美國研發龍頭,1,10,-9
華南嘉義,華南金,0,9,-9
華南嘉義,廣宇,1,9,-8
華南嘉義,00959B大華投等美債15Y+,0,8,-8
華南嘉義,佳世達,1,8,-7
華南嘉義,超豐,0,7,-7
華南嘉義,萬海,0,7,-7
華南嘉義,00757統一FANG+,0,6,-6
華南嘉義,正達,0,6,-6
華南嘉義,湧德,0,6,-6
華南嘉義,朋億*,1,7,-6
華南嘉義,新日興,0,6,-6
華南嘉義,日月光投控,0,5,-5
華南嘉義,欣銓,0,5,-5
華南嘉義,貿聯-KY,0,5,-5
華南嘉義,太景*-KY,0,5,-5
華南嘉義,振發,0,5,-5
華南嘉義,同協,0,5,-5
華南嘉義,聚和,0,5,-5
華南嘉義,台灣虎航,10,15,-5
華南嘉義,00922國泰台灣領袖50,0,4,-4
華南嘉義,鴻準,2,6,-4
華南嘉義,博晟生醫,0,4,-4
華南嘉義,00712復華富時不動產,2,6,-4
華南嘉義,陽明,1,4,-3
華南嘉義,順達,4,7,-3
華南嘉義,聯合再生,0,3,-3
華南嘉義,連展投控,1,4,-3
華南嘉義,泰金寶-DR,42,45,-3
華南嘉義,00675L富邦臺灣加權正2,0,3,-3
 元大新中,聯電,206,38,168
 元大新中,00937B群益ESG投等債20,167,3,164
 元大新中,群創,115,16,99
 元大新中,00891中信關鍵半導體,90,5,85
 元大新中,00637L元大滬深300正2,98,30,68
 元大新中,00858永豐美國500大,43,0,43
 元大新中,金寶,47,10,37
 元大新中,神隆,34,0,34
 元大新中,緯創,41,7,34
 元大新中,00673R期元大S＆P原油反1,32,0,32
 元大新中,00713元大台灣高息低波,33,2,31
 元大新中,00945B凱基美國非投等債,25,0,25
 元大新中,元大高股息,34,9,25
 元大新中,00960野村全球航運龍頭,23,0,23
 元大新中,光洋科,26,4,22
 元大新中,00887永豐中國科技50大,21,1,20
 元大新中,台塑,39,19,20
 元大新中,00687B國泰20年美債,20,0,20
 元大新中,東浦,20,0,20
 元大新中,00722B群益投資級電信債,23,3,20
 元大新中,南亞,32,13,19
 元大新中,00632R元大台灣50反1,20,2,18
 元大新中,友達,19,1,18
 元大新中,華航,26,9,17
 元大新中,00927群益半導體收益,20,3,17
 元大新中,00878國泰永續高股息,29,13,16
 元大新中,00882中信中國高股息,15,0,15
 元大新中,00877復華中國5G,15,0,15
 元大新中,00671R富邦NASDAQ反1,15,0,15
 元大新中,東台,18,5,13
 元大新中,00679B元大美債20年,22,10,12
 元大新中,華星光,58,46,12
 元大新中,玉晶光,10,0,10
 元大新中,上海商銀,10,0,10
 元大新中,高技,10,0,10
 元大新中,三地開發,10,0,10
 元大新中,康那香,12,2,10
 元大新中,台船,10,0,10
 元大新中,星通,10,0,10
 元大新中,00753L中信中國50正2,10,0,10
 元大新中,和成,10,0,10
 元大新中,藍天,10,1,9
 元大新中,晟銘電,11,2,9
 元大新中,星宇航空,11,2,9
 元大新中,聯鈞,48,39,9
 元大新中,昇陽半導體,9,1,8
 元大新中,大成鋼,9,1,8
 元大新中,擎亞,16,8,8
 元大新中,欣興,15,8,7
 元大新中,00830國泰費城半導體,7,0,7
 元大新中,炎洲,0,47,-47
 元大新中,00940元大台灣價值高息,2,48,-46
 元大新中,00922國泰台灣領袖50,1,44,-43
 元大新中,00965元大航太防衛科技,6,46,-40
 元大新中,新光金,2,40,-38
 元大新中,泰藝,0,35,-35
 元大新中,國泰金,2,34,-32
 元大新中,連展投控,0,29,-29
 元大新中,富邦金,1,28,-27
 元大新中,中鴻,2,26,-24
 元大新中,凌華,0,24,-24
 元大新中,00898國泰基因免疫革命,0,21,-21
 元大新中,00712復華富時不動產,0,21,-21
 元大新中,台積電,6,27,-21
 元大新中,00933B國泰10Y+金融債,0,21,-21
 元大新中,英濟,21,40,-19
 元大新中,006208富邦台50,5,24,-19
 元大新中,三商壽,5,23,-18
 元大新中,00919群益台灣精選高息,28,44,-16
 元大新中,南亞科,1,17,-16
 元大新中,陽明,1,16,-15
 元大新中,00757統一FANG+,0,14,-14
 元大新中,仁寶,0,14,-14
 元大新中,僑威,7,21,-14
 元大新中,艾訊,1,14,-13
 元大新中,大亞,0,13,-13
 元大新中,台橡,0,12,-12
 元大新中,鴻準,2,14,-12
 元大新中,大同,3,15,-12
 元大新中,00909國泰數位支付服務,2,13,-11
 元大新中,日月光投控,3,14,-11
 元大新中,圓剛,0,11,-11
 元大新中,台灣虎航,0,11,-11
 元大新中,恆大,4,15,-11
 元大新中,00850元大臺灣ESG永續,0,11,-11
 元大新中,伊雲谷,0,10,-10
 元大新中,菱生,0,10,-10
 元大新中,00900富邦特選高股息30,20,30,-10
 元大新中,00885富邦越南,0,10,-10
 元大新中,00947台新臺灣IC設計,0,10,-10
 元大新中,燿華,1,11,-10
 元大新中,東捷,0,10,-10
 元大新中,神基,8,17,-9
 元大新中,欣銓,14,23,-9
 元大新中,彰銀,2,10,-8
 元大新中,00941中信上游半導體,0,8,-8
 元大新中,良維,0,8,-8
 元大新中,宏達電,136,143,-7
 元大新中,宏致,2,9,-7
 元大新中,玉山金,0,7,-7
富邦南屯,力積電,2383,106,2277
富邦南屯,神達,1144,146,998
富邦南屯,華通,364,12,352
富邦南屯,華星光,697,506,191
富邦南屯,昇達科,252,85,167
富邦南屯,緯創,125,9,116
富邦南屯,新盛力,241,126,115
富邦南屯,欣銓,220,112,108
富邦南屯,宏達電,583,489,94
富邦南屯,創惟,80,9,71
富邦南屯,波若威,100,35,65
富邦南屯,緯軟,63,0,63
富邦南屯,00937B群益ESG投等債20,53,1,52
富邦南屯,志強-KY,51,0,51
富邦南屯,陽明,54,7,47
富邦南屯,00919群益台灣精選高息,57,13,44
富邦南屯,00688L國泰20年美債正2,62,20,42
富邦南屯,華城,44,12,32
富邦南屯,百和,30,0,30
富邦南屯,00882中信中國高股息,29,0,29
富邦南屯,00953B群益優選非投等債,24,2,22
富邦南屯,亞光,31,9,22
富邦南屯,00648R元大S＆P500反1,20,0,20
富邦南屯,興能高,216,196,20
富邦南屯,國喬,20,0,20
富邦南屯,台船,20,0,20
富邦南屯,00878國泰永續高股息,39,20,19
富邦南屯,光聖,70,51,19
富邦南屯,中鋼,34,17,17
富邦南屯,00670L富邦NASDAQ正2,21,5,16
富邦南屯,國碳科,15,0,15
富邦南屯,00905FT臺灣Smart,14,0,14
富邦南屯,元大高股息,33,19,14
富邦南屯,00633L富邦上証正2,13,0,13
富邦南屯,欣興,17,4,13
富邦南屯,立��,13,1,12
富邦南屯,金寶,13,1,12
富邦南屯,長華*,12,0,12
富邦南屯,正達,11,0,11
富邦南屯,華義,11,0,11
富邦南屯,世紀,30,20,10
富邦南屯,00967B元大優息美債,10,0,10
富邦南屯,00952凱基台灣AI50,10,0,10
富邦南屯,中揚光,10,0,10
富邦南屯,微矽電子-創,10,0,10
富邦南屯,岱宇,10,0,10
富邦南屯,00733富邦臺灣中小,12,2,10
富邦南屯,台星科,10,1,9
富邦南屯,00713元大台灣高息低波,13,4,9
富邦南屯,國產,8,0,8
富邦南屯,00680L元大美債20正2,1,3829,-3828
富邦南屯,00929復華台灣科技優息,7,223,-216
富邦南屯,00965元大航太防衛科技,2,144,-142
富邦南屯,興富發,0,131,-131
富邦南屯,中工,0,123,-123
富邦南屯,聯電,127,229,-102
富邦南屯,00980B台新特選IG債10+,0,101,-101
富邦南屯,精成科,23,114,-91
富邦南屯,華邦電,52,113,-61
富邦南屯,00675L富邦臺灣加權正2,5,66,-61
富邦南屯,00631L元大台灣50正2,0,56,-56
富邦南屯,南亞科,1,54,-53
富邦南屯,日月光投控,40,91,-51
富邦南屯,久昌,34,84,-50
富邦南屯,00970B新光BBB投等債20,0,50,-50
富邦南屯,榮群,0,50,-50
富邦南屯,00915凱基優選高股息30,6,54,-48
富邦南屯,聯鈞,123,169,-46
富邦南屯,高技,1,43,-42
富邦南屯,眾達-KY,33,75,-42
富邦南屯,鈺齊-KY,0,41,-41
富邦南屯,凱基金,0,40,-40
富邦南屯,00946群益科技高息成長,0,40,-40
富邦南屯,台塑,30,62,-32
富邦南屯,榮剛,0,31,-31
富邦南屯,華南金,0,31,-31
富邦南屯,聯合再生,0,30,-30
富邦南屯,00712復華富時不動產,10,37,-27
富邦南屯,00940元大台灣價值高息,4,31,-27
富邦南屯,00918大華優利高填息30,13,39,-26
富邦南屯,元晶,0,25,-25
富邦南屯,東泥,0,24,-24
富邦南屯,上銀,8,30,-22
富邦南屯,00662富邦NASDAQ,1,23,-22
富邦南屯,台新金,10,32,-22
富邦南屯,00954中信日本半導體,0,20,-20
富邦南屯,00632R元大台灣50反1,26,45,-19
富邦南屯,友達,4,22,-18
富邦南屯,群創,1,17,-16
富邦南屯,金麗-KY,0,16,-16
富邦南屯,宏致,20,36,-16
富邦南屯,新建,0,16,-16
富邦南屯,00881國泰台灣5G+,1,17,-16
富邦南屯,燿華,1,16,-15
富邦南屯,00912中信臺灣智慧50,0,15,-15
富邦南屯,連展投控,10,24,-14
富邦南屯,國泰金,1,15,-14
富邦南屯,00673R期元大S＆P原油反1,17,31,-14
富邦南屯,大同,3,16,-13
富邦南屯,富邦金,1,15,-14
永豐信義,富喬,655,8,647
永豐信義,友達,100,0,100
永豐信義,系統電,100,0,100
永豐信義,緯創,75,3,72
永豐信義,潤隆,50,0,50
永豐信義,宏致,101,51,50
永豐信義,中租-KY,41,0,41
永豐信義,達興材料,42,2,40
永豐信義,00665L富邦�琤肭磪囓�2,30,0,30
永豐信義,新日興,48,18,30
永豐信義,聯亞,28,0,28
永豐信義,東捷,25,0,25
永豐信義,元晶,22,0,22
永豐信義,00878國泰永續高股息,25,4,21
永豐信義,昆盈,20,0,20
永豐信義,台星科,20,0,20
永豐信義,神準,20,0,20
永豐信義,中鋼,20,3,17
永豐信義,00918大華優利高填息30,16,0,16
永豐信義,波若威,19,3,16
永豐信義,00858永豐美國500大,14,0,14
永豐信義,智邦,16,2,14
永豐信義,金麗科,14,0,14
永豐信義,鈞興-KY,17,3,14
永豐信義,精材,19,6,13
永豐信義,友訊,20,8,12
永豐信義,晟銘電,29,17,12
永豐信義,聯鈞,217,205,12
永豐信義,元大台灣50,12,1,11
永豐信義,00633L富邦上証正2,13,2,11
永豐信義,立隆電,12,1,11
永豐信義,上詮,12,1,11
永豐信義,00948B中信優息投資級債,10,0,10
永豐信義,00753L中信中國50正2,20,10,10
永豐信義,00951台新日本半導體,10,0,10
永豐信義,00953B群益優選非投等債,10,0,10
永豐信義,欣銓,13,3,10
永豐信義,乙盛-KY,10,0,10
永豐信義,捷敏-KY,10,0,10
永豐信義,佳世達,10,1,9
永豐信義,駿吉-KY,8,0,8
永豐信義,磐儀,13,5,8
永豐信義,佳凌,8,0,8
永豐信義,jpp-KY,6,0,6
永豐信義,神達,24,19,5
永豐信義,00915凱基優選高股息30,5,0,5
永豐信義,弘塑,7,2,5
永豐信義,前鼎,5,0,5
永豐信義,聰泰,5,0,5
永豐信義,工信,5,0,5
永豐信義,00965元大航太防衛科技,0,180,-180
永豐信義,佳能,18,154,-136
永豐信義,台灣虎航,4,89,-85
永豐信義,和碩,0,70,-70
永豐信義,環宇-KY,10,73,-63
永豐信義,勤誠,0,63,-63
永豐信義,永豐金,9,70,-61
永豐信義,眾達-KY,17,59,-42
永豐信義,宏達電,3,38,-35
永豐信義,00966B統一ESG投等債15,0,34,-34
永豐信義,能率,1,33,-32
永豐信義,長華*,0,31,-31
永豐信義,00670L富邦NASDAQ正2,0,30,-30
永豐信義,00940元大台灣價值高息,0,24,-24
永豐信義,00637L元大滬深300正2,30,50,-20
永豐信義,金像電,1,21,-20
永豐信義,中櫃,0,19,-19
永豐信義,00926凱基全球菁英55,0,17,-17
永豐信義,群創,5,22,-17
永豐信義,台新金,0,16,-16
永豐信義,006208富邦台50,1,17,-16
永豐信義,偉詮電,0,14,-14
永豐信義,堤維西,2,15,-13
永豐信義,鴻海,5,18,-13
永豐信義,華星光,20,32,-12
永豐信義,鴻準,0,11,-11
永豐信義,華航,0,11,-11
永豐信義,00635U期元大S＆P黃金,0,10,-10
永豐信義,大眾控,0,10,-10
永豐信義,桓達,0,10,-10
永豐信義,00660元大歐洲50,0,9,-9
永豐信義,湧德,0,9,-9
永豐信義,良維,0,9,-9
永豐信義,東元,0,8,-8
永豐信義,國泰金,1,9,-8
永豐信義,原相,0,8,-8
永豐信義,兆利,1,9,-8
永豐信義,永崴投控,0,8,-8
永豐信義,新應材,1,9,-8
永豐信義,建暐,0,7,-7
永豐信義,00929復華台灣科技優息,3,9,-6
永豐信義,00687B國泰20年美債,63,69,-6
永豐信義,中華,0,6,-6
永豐信義,廣宇,6,12,-6
永豐信義,燿華,0,6,-6
永豐信義,旭軟,0,6,-6
永豐信義,茂達,0,6,-6
永豐信義,鈺齊-KY,24,30,-6
永豐信義,奇鋐,8,14,-6
永豐信義,立��,0,5,-5
群益北高,00937B群益ESG投等債20,153,10,143
群益北高,00637L元大滬深300正2,125,2,123
群益北高,彰銀,123,0,123
群益北高,聯電,117,12,105
群益北高,00665L富邦�琤肭磪囓�2,92,32,60
群益北高,旺宏,35,0,35
群益北高,00931B統一美債20年,22,0,22
群益北高,00753L中信中國50正2,21,0,21
群益北高,緯創,21,2,19
群益北高,00633L富邦上証正2,17,0,17
群益北高,00953B群益優選非投等債,16,0,16
群益北高,臻鼎-KY,15,0,15
群益北高,00680L元大美債20正2,14,0,14
群益北高,華容,16,2,14
群益北高,聯合再生,12,0,12
群益北高,大銀微系統,11,1,10
群益北高,00922國泰台灣領袖50,11,1,10
群益北高,00676R富邦臺灣加權反1,10,0,10
群益北高,00719B元大美債1-3,10,0,10
群益北高,00688L國泰20年美債正2,10,0,10
群益北高,川寶,10,0,10
群益北高,官田鋼,10,0,10
群益北高,金山電,16,6,10
群益北高,聯上發,10,1,9
群益北高,新盛力,83,75,8
群益北高,鈦昇,7,0,7
群益北高,00687B國泰20年美債,7,0,7
群益北高,00664R國泰臺灣加權反1,7,0,7
群益北高,00671R富邦NASDAQ反1,7,0,7
群益北高,00900富邦特選高股息30,7,0,7
群益北高,長華*,6,0,6
群益北高,金寶,11,5,6
群益北高,立敦,16,10,6
群益北高,00679B元大美債20年,5,0,5
群益北高,華晶科,5,0,5
群益北高,亞泰,5,0,5
群益北高,松瑞藥,5,0,5
群益北高,00669R國泰美國道瓊反1,5,0,5
群益北高,00648R元大S＆P500反1,5,0,5
群益北高,00918大華優利高填息30,5,0,5
群益北高,英濟,20,15,5
群益北高,中鴻,5,0,5
群益北高,台榮,4,0,4
群益北高,科妍,5,1,4
群益北高,晶心科,4,0,4
群益北高,玉山金,5,1,4
群益北高,日電貿,6,2,4
群益北高,汎銓,5,1,4
群益北高,潤泰新,4,0,4
群益北高,元晶,3,0,3
群益北高,00980B台新特選IG債10+,0,146,-146
群益北高,三商壽,0,110,-110
群益北高,00673R期元大S＆P原油反1,0,58,-58
群益北高,00751B元大AAA至A公司債,1,55,-54
群益北高,宏達電,21,59,-38
群益北高,力積電,2,26,-24
群益北高,00632R元大台灣50反1,14,37,-23
群益北高,00655L國泰中國A50正2,0,20,-20
群益北高,華南金,2,20,-18
群益北高,元大高股息,3,20,-17
群益北高,00675L富邦臺灣加權正2,1,18,-17
群益北高,雷笛克光學,0,15,-15
群益北高,事欣科,1,15,-14
群益北高,宏齊,2,15,-13
群益北高,富采,0,13,-13
群益北高,鴻海,2,14,-12
群益北高,大同,11,23,-12
群益北高,神達,65,77,-12
群益北高,00935野村臺灣新科技50,0,11,-11
群益北高,中鋼,4,15,-11
群益北高,新興,0,11,-11
群益北高,創惟,0,10,-10
群益北高,00919群益台灣精選高息,10,20,-10
群益北高,00905FT臺灣Smart,2,11,-9
群益北高,00934中信成長高股息,0,9,-9
群益北高,中釉,0,9,-9
群益北高,泰金寶-DR,10,18,-8
群益北高,龍德造船,1,8,-7
群益北高,友訊,8,15,-7
群益北高,台新金,13,20,-7
群益北高,志信,0,6,-6
群益北高,昆盈,4,10,-6
群益北高,順達,16,22,-6
群益北高,達邁,16,22,-6
群益北高,00858永豐美國500大,0,6,-6
群益北高,遠東新,0,5,-5
群益北高,00929復華台灣科技優息,2,7,-5
群益北高,2883B凱基金乙特,0,5,-5
群益北高,信昌電,0,5,-5
群益北高,蔚華科,0,5,-5
群益北高,泰碩,0,5,-5
群益北高,九豪,1,6,-5
群益北高,光隆,0,5,-5
群益北高,同協,0,5,-5
群益北高,00631L元大台灣50正2,1,5,-4
群益北高,圓剛,0,4,-4
群益北高,00940元大台灣價值高息,0,4,-4
群益北高,幸福,0,4,-4
群益北高,建通,0,4,-4
群益北高,國泰金,0,4,-4
永豐豐原,00753L中信中國50正2,42,0,42
永豐豐原,中鋼,29,1,28
永豐豐原,00919群益台灣精選高息,23,1,22
永豐豐原,裕隆,22,0,22
永豐豐原,聯電,50,29,21
永豐豐原,中華,20,0,20
永豐豐原,神達,90,71,19
永豐豐原,海華,27,8,19
永豐豐原,緯創,19,2,17
永豐豐原,得力,12,0,12
永豐豐原,華安,12,0,12
永豐豐原,00712復華富時不動產,11,0,11
永豐豐原,00679B元大美債20年,11,1,10
永豐豐原,00693U期街口S＆P黃豆,10,0,10
永豐豐原,統一證,11,1,10
永豐豐原,台灣大,10,0,10
永豐豐原,連展投控,11,2,9
永豐豐原,聯光通,32,24,8
永豐豐原,00713元大台灣高息低波,8,0,8
永豐豐原,00882中信中國高股息,7,0,7
永豐豐原,00937B群益ESG投等債20,7,0,7
永豐豐原,泰金寶-DR,30,23,7
永豐豐原,聯發科,8,1,7
永豐豐原,大成鋼,6,0,6
永豐豐原,台泥,6,0,6
永豐豐原,達邁,23,17,6
永豐豐原,00830國泰費城半導體,5,0,5
永豐豐原,大井泵浦,5,0,5
永豐豐原,00907永豐優息存股,5,0,5
永豐豐原,台化,5,0,5
永豐豐原,亞力,5,0,5
永豐豐原,龍邦,5,0,5
永豐豐原,兆豐金,5,0,5
永豐豐原,王道銀行,6,1,5
永豐豐原,大綜,5,0,5
永豐豐原,鈞興-KY,5,0,5
永豐豐原,台揚,6,1,5
永豐豐原,華航,4,0,4
永豐豐原,00752中信中國50,4,0,4
永豐豐原,中興電,4,0,4
永豐豐原,IKKA-KY,8,4,4
永豐豐原,漢翔,4,0,4
永豐豐原,新日興,16,12,4
永豐豐原,致伸,5,1,4
永豐豐原,新唐,4,0,4
永豐豐原,和椿,7,3,4
永豐豐原,鴻海,4,1,3
永豐豐原,台積電,6,3,3
永豐豐原,台特化,3,0,3
永豐豐原,全新,3,0,3
永豐豐原,00953B群益優選非投等債,3,300,-297
永豐豐原,00680L元大美債20正2,2,101,-99
永豐豐原,00637L元大滬深300正2,12,70,-58
永豐豐原,00929復華台灣科技優息,1,40,-39
永豐豐原,00887永豐中國科技50大,0,33,-33
永豐豐原,興能高,50,77,-27
永豐豐原,00908富邦入息REITs+,0,25,-25
永豐豐原,京元電子,3,25,-22
永豐豐原,00687B國泰20年美債,4,24,-20
永豐豐原,立��,4,23,-19
永豐豐原,00751B元大AAA至A公司債,0,18,-18
永豐豐原,00665L富邦�琤肭磪囓�2,2,20,-18
永豐豐原,006208富邦台50,2,19,-17
永豐豐原,鈺齊-KY,0,15,-15
永豐豐原,廣明,0,15,-15
永豐豐原,新盛力,67,82,-15
永豐豐原,00927群益半導體收益,0,15,-15
永豐豐原,富邦金,0,14,-14
永豐豐原,和碩,1,15,-14
永豐豐原,長榮,1,15,-14
永豐豐原,00885富邦越南,0,13,-13
永豐豐原,00670L富邦NASDAQ正2,0,12,-12
永豐豐原,00858永豐美國500大,3,15,-12
永豐豐原,精成科,5,17,-12
永豐豐原,00725B國泰投資級公司債,0,12,-12
永豐豐原,00934中信成長高股息,0,12,-12
永豐豐原,00924復華S＆P500成長,0,11,-11
永豐豐原,富喬,51,62,-11
永豐豐原,彰銀,0,10,-10
永豐豐原,新漢,0,10,-10
永豐豐原,00632R元大台灣50反1,0,10,-10
永豐豐原,00878國泰永續高股息,2,11,-9
永豐豐原,台灣虎航,0,9,-9
永豐豐原,亞光,9,18,-9
永豐豐原,亞翔,0,9,-9
永豐豐原,力積電,5,13,-8
永豐豐原,台塑,0,8,-8
永豐豐原,強茂,0,8,-8
永豐豐原,朋億*,0,8,-8
永豐豐原,澤米,2,10,-8
永豐豐原,華城,0,7,-7
永豐豐原,宏致,0,7,-7
永豐豐原,華邦電,1,8,-7
永豐豐原,中信金,2,9,-7
永豐豐原,陽明,2,9,-7
永豐豐原,雷虎,2,9,-7
永豐豐原,日月光投控,1,7,-6
永豐豐原,臺企銀,0,6,-6
永豐豐原,立敦,25,31,-6
永豐豐原,鈺太,0,6,-6
法國巴黎,群創,601,75,526
法國巴黎,中信金,544,23,521
法國巴黎,凱基金,621,172,449
法國巴黎,玉山金,622,186,436
法國巴黎,鴻海,524,143,381
法國巴黎,台積電,672,293,379
法國巴黎,台新金,467,121,346
法國巴黎,兆豐金,461,146,315
法國巴黎,矽力*-KY,335,21,314
法國巴黎,國泰金,401,100,301
法國巴黎,中鋼,404,122,282
法國巴黎,富邦金,376,101,275
法國巴黎,英業達,298,33,265
法國巴黎,欣銓,265,0,265
法國巴黎,華新,278,32,246
法國巴黎,仁寶,295,52,243
法國巴黎,元大金,367,128,239
法國巴黎,台泥,315,87,228
法國巴黎,台達電,235,22,213
法國巴黎,第一金,345,138,207
法國巴黎,宏��,213,32,181
法國巴黎,統一,211,53,158
法國巴黎,嘉澤,157,0,157
法國巴黎,友達,223,77,146
法國巴黎,華航,137,0,137
法國巴黎,長榮航,160,30,130
法國巴黎,華南金,235,109,126
法國巴黎,東元,115,0,115
法國巴黎,華邦電,112,0,112
法國巴黎,裕隆,105,0,105
法國巴黎,台化,132,43,89
法國巴黎,永豐金,212,124,88
法國巴黎,群益證,87,0,87
法國巴黎,合庫金,213,131,82
法國巴黎,寶成,139,58,81
法國巴黎,大同,79,0,79
法國巴黎,台塑化,78,0,78
法國巴黎,王品,76,0,76
法國巴黎,台灣大,91,21,70
法國巴黎,中華電,109,40,69
法國巴黎,聯強,81,14,67
法國巴黎,南亞,132,66,66
法國巴黎,遠東新,102,36,66
法國巴黎,國產,66,0,66
法國巴黎,萬海,67,7,60
法國巴黎,光寶科,80,21,59
法國巴黎,中石化,56,0,56
法國巴黎,台塑,87,38,49
法國巴黎,國巨,52,4,48
法國巴黎,聯發科,68,20,48
法國巴黎,廣達,569,2907,-2338
法國巴黎,緯創,120,1133,-1013
法國巴黎,京城銀,0,329,-329
法國巴黎,巨大,0,276,-276
法國巴黎,日月光投控,121,385,-264
法國巴黎,新光金,258,454,-196
法國巴黎,南亞科,13,82,-69
法國巴黎,啟��,0,35,-35
法國巴黎,彰銀,100,133,-33
法國巴黎,金像電,0,22,-22
法國巴黎,亞泥,177,195,-18
法國巴黎,聯詠,22,37,-15
法國巴黎,味王,0,14,-14
法國巴黎,豐泰,7,19,-12
法國巴黎,大成鋼,0,6,-6
法國巴黎,宏達電,2,8,-6
法國巴黎,智原,0,6,-6
法國巴黎,技嘉,11,16,-5
法國巴黎,原相,0,5,-5
法國巴黎,瑞昱,27,31,-4
法國巴黎,上海商銀,63,67,-4
法國巴黎,華碩,33,36,-3
法國巴黎,信邦,0,3,-3
法國巴黎,精材,0,2,-2
法國巴黎,和碩,79,81,-2
法國巴黎,聯電,142,143,-1
法國巴黎,譜瑞-KY,0,1,-1
法國巴黎,億豐,1,2,-1
群益建成,00664R國泰臺灣加權反1,160,0,160
群益建成,00676R富邦臺灣加權反1,120,0,120
群益建成,00953B群益優選非投等債,87,2,85
群益建成,聯電,90,7,83
群益建成,00753L中信中國50正2,72,0,72
群益建成,力成,56,0,56
群益建成,00725B國泰投資級公司債,53,0,53
群益建成,00937B群益ESG投等債20,41,5,36
群益建成,聯發,34,0,34
群益建成,台化,36,6,30
群益建成,00881國泰台灣5G+,30,0,30
群益建成,00641R富邦日本反1,30,0,30
群益建成,00924復華S＆P500成長,30,0,30
群益建成,00715L期街口布蘭特正2,30,1,29
群益建成,友勁,25,0,25
群益建成,00891中信關鍵半導體,24,0,24
群益建成,慧洋-KY,24,0,24
群益建成,00637L元大滬深300正2,22,1,21
群益建成,00688L國泰20年美債正2,20,0,20
群益建成,元大高股息,20,0,20
群益建成,00674R期元大S＆P黃金反1,20,0,20
群益建成,杭特,20,0,20
群益建成,聯嘉,20,0,20
群益建成,00757統一FANG+,20,1,19
群益建成,00919群益台灣精選高息,19,0,19
群益建成,廣達,16,0,16
群益建成,台表科,15,0,15
群益建成,事欣科,14,0,14
群益建成,訊舟,13,0,13
群益建成,大成鋼,35,22,13
群益建成,立��,13,1,12
群益建成,欣興,12,1,11
群益建成,波若威,18,7,11
群益建成,創惟,13,2,11
群益建成,00632R元大台灣50反1,10,0,10
群益建成,00650L復華香港正2,10,0,10
群益建成,00922國泰台灣領袖50,10,0,10
群益建成,友訊,10,0,10
群益建成,鈺邦,10,0,10
群益建成,亞光,13,4,9
群益建成,眾達-KY,26,17,9
群益建成,緯創,22,13,9
群益建成,英業達,9,1,8
群益建成,00665L富邦�琤肭磪囓�2,7,0,7
群益建成,所羅門,7,0,7
群益建成,艾訊,7,0,7
群益建成,和椿,25,18,7
群益建成,南亞科,12,5,7
群益建成,00878國泰永續高股息,9,2,7
群益建成,如興,6,0,6
群益建成,00980B台新特選IG債10+,0,258,-258
群益建成,00751B元大AAA至A公司債,0,100,-100
群益建成,00638R元大滬深300反1,0,80,-80
群益建成,漢翔,0,70,-70
群益建成,00772B中信高評級公司債,0,50,-50
群益建成,00685L群益臺灣加權正2,2,38,-36
群益建成,00945B凱基美國非投等債,1,32,-31
群益建成,00651R復華香港反1,0,30,-30
群益建成,農林,0,30,-30
群益建成,朋億*,0,29,-29
群益建成,玉山金,0,29,-29
群益建成,力積電,2,28,-26
群益建成,00905FT臺灣Smart,10,35,-25
群益建成,台聚,0,20,-20
群益建成,中石化,10,30,-20
群益建成,川寶,0,20,-20
群益建成,偉詮電,0,20,-20
群益建成,欣銓,4,24,-20
群益建成,弘凱,0,20,-20
群益建成,南茂,11,30,-19
群益建成,興能高,58,75,-17
群益建成,鴻海,1,17,-16
群益建成,超豐,0,15,-15
群益建成,00939統一台灣高息動能,0,13,-13
群益建成,凱美,9,21,-12
群益建成,華邦電,3,14,-11
群益建成,國泰金,0,11,-11
群益建成,00935野村臺灣新科技50,4,14,-10
群益建成,00941中信上游半導體,0,10,-10
群益建成,新建,15,25,-10
群益建成,邑錡,0,10,-10
群益建成,永豐金,0,10,-10
群益建成,橘子,10,20,-10
群益建成,金寶,1,10,-9
群益建成,00918大華優利高填息30,1,10,-9
群益建成,晶技,0,9,-9
群益建成,宏遠證,5,14,-9
群益建成,91APP*-KY,0,9,-9
群益建成,宏達電,50,59,-9
群益建成,鴻準,0,8,-8
群益建成,大同,21,29,-8
群益建成,順達,3,11,-8
群益建成,元大台灣50,0,8,-8
群益建成,迅杰,2,10,-8
群益建成,華通,17,24,-7
群益建成,定穎投控,3,10,-7
群益建成,亞聚,0,7,-7
群益建成,神達,40,47,-7
群益建成,集盛,2,8,-6
群益建成,神基,0,6,-6
 元大員林中山,00673R期元大S＆P原油反1,150,0,150
 元大員林中山,00753L中信中國50正2,145,1,144
 元大員林中山,海華,102,2,100
 元大員林中山,聯電,109,31,78
 元大員林中山,元大高股息,42,6,36
 元大員林中山,00932兆豐永續高息等權,30,0,30
 元大員林中山,00967B元大優息美債,25,0,25
 元大員林中山,興能高,108,83,25
 元大員林中山,00687B國泰20年美債,22,0,22
 元大員林中山,00632R元大台灣50反1,22,0,22
 元大員林中山,00852L國泰美國道瓊正2,20,0,20
 元大員林中山,大成鋼,22,3,19
 元大員林中山,00830國泰費城半導體,18,2,16
 元大員林中山,中鴻,16,0,16
 元大員林中山,僑威,22,6,16
 元大員林中山,00915凱基優選高股息30,15,0,15
 元大員林中山,六暉-KY,15,0,15
 元大員林中山,精成科,33,18,15
 元大員林中山,欣興,15,0,15
 元大員林中山,00905FT臺灣Smart,20,6,14
 元大員林中山,00919群益台灣精選高息,32,18,14
 元大員林中山,00918大華優利高填息30,15,2,13
 元大員林中山,精剛,13,0,13
 元大員林中山,富喬,30,17,13
 元大員林中山,彰銀,12,0,12
 元大員林中山,聯鈞,31,20,11
 元大員林中山,仁寶,19,8,11
 元大員林中山,英濟,16,5,11
 元大員林中山,台玻,11,0,11
 元大員林中山,直得,11,0,11
 元大員林中山,00858永豐美國500大,11,0,11
 元大員林中山,環宇-KY,21,11,10
 元大員林中山,海光,10,0,10
 元大員林中山,台灣大,10,0,10
 元大員林中山,00900富邦特選高股息30,10,0,10
 元大員林中山,昇陽半導體,10,1,9
 元大員林中山,00887永豐中國科技50大,8,0,8
 元大員林中山,立��,18,10,8
 元大員林中山,英業達,13,6,7
 元大員林中山,緯創,11,4,7
 元大員林中山,中石化,7,0,7
 元大員林中山,立敦,24,17,7
 元大員林中山,00637L元大滬深300正2,7,0,7
 元大員林中山,星宇航空,7,1,6
 元大員林中山,興富發,6,0,6
 元大員林中山,益航,5,0,5
 元大員林中山,00650L復華香港正2,5,0,5
 元大員林中山,志強-KY,5,0,5
 元大員林中山,華夏,5,0,5
 元大員林中山,00700富邦�琤肭磪�,5,0,5
 元大員林中山,00965元大航太防衛科技,9,172,-163
 元大員林中山,長榮,0,100,-100
 元大員林中山,00941中信上游半導體,0,62,-62
 元大員林中山,00688L國泰20年美債正2,3,62,-59
 元大員林中山,00929復華台灣科技優息,1,59,-58
 元大員林中山,00922國泰台灣領袖50,0,54,-54
 元大員林中山,中鋼,14,61,-47
 元大員林中山,旺宏,12,56,-44
 元大員林中山,00939統一台灣高息動能,0,40,-40
 元大員林中山,鴻海,16,55,-39
 元大員林中山,00878國泰永續高股息,3,41,-38
 元大員林中山,神達,90,124,-34
 元大員林中山,建德工業,0,33,-33
 元大員林中山,00954中信日本半導體,0,30,-30
 元大員林中山,東元,0,30,-30
 元大員林中山,凱基金,2,29,-27
 元大員林中山,00951台新日本半導體,0,27,-27
 元大員林中山,廣宇,3,28,-25
 元大員林中山,台泥,1,25,-24
 元大員林中山,萬海,4,27,-23
 元大員林中山,連展投控,7,29,-22
 元大員林中山,泰金寶-DR,0,17,-17
 元大員林中山,瑞耘,0,16,-16
 元大員林中山,精英,5,20,-15
 元大員林中山,華邦電,1,15,-14
 元大員林中山,富邦金,2,16,-14
 元大員林中山,遠東新,0,13,-13
 元大員林中山,慧洋-KY,7,20,-13
 元大員林中山,長榮航,0,13,-13
 元大員林中山,元大台灣50,2,15,-13
 元大員林中山,日勝化,0,11,-11
 元大員林中山,頎邦,0,10,-10
 元大員林中山,光寶科,0,10,-10
 元大員林中山,00946群益科技高息成長,1,11,-10
 元大員林中山,瑞軒,1,11,-10
 元大員林中山,力麗,0,10,-10
 元大員林中山,00927群益半導體收益,0,10,-10
 元大員林中山,00888永豐台灣ESG,0,10,-10
 元大員林中山,00907永豐優息存股,0,10,-10
 元大員林中山,00893國泰智能電動車,0,10,-10
 元大員林中山,寶成,0,10,-10
 元大員林中山,006208富邦台50,1,10,-9
 元大員林中山,00894中信小資高價30,0,8,-8
 元大員林中山,00679B元大美債20年,7,15,-8
 元大員林中山,大同,3,11,-8
 元大員林中山,亞翔,2,9,-7
 元大員林中山,00696B富邦美債20年,0,7,-7
 元大員林中山,00936台新永續高息中小,0,7,-7
 元大員林中山,谷崧,1,8,-7
 元大員林中山,欣銓,14,20,-6
 企銀竹北 ,旺矽,51,1,50
 企銀竹北 ,力積電,51,2,49
 企銀竹北 ,00924復華S＆P500成長,30,0,30
 企銀竹北 ,聯電,33,14,19
 企銀竹北 ,緯創,17,3,14
 企銀竹北 ,合庫金,11,0,11
 企銀竹北 ,00929復華台灣科技優息,10,0,10
 企銀竹北 ,00680L元大美債20正2,10,0,10
 企銀竹北 ,鴻華先進-創,10,0,10
 企銀竹北 ,遠東銀,10,0,10
 企銀竹北 ,華興,10,0,10
 企銀竹北 ,欣興,9,1,8
 企銀竹北 ,00637L元大滬深300正2,12,4,8
 企銀竹北 ,南茂,8,0,8
 企銀竹北 ,00858永豐美國500大,7,0,7
 企銀竹北 ,台塑,14,7,7
 企銀竹北 ,立敦,10,3,7
 企銀竹北 ,00950B凱基A級公司債,6,0,6
 企銀竹北 ,雍智科技,6,0,6
 企銀竹北 ,00679B元大美債20年,5,0,5
 企銀竹北 ,00927群益半導體收益,5,0,5
 企銀竹北 ,台灣大,5,0,5
 企銀竹北 ,臺慶科,5,0,5
 企銀竹北 ,穎漢,5,0,5
 企銀竹北 ,前鼎,5,0,5
 企銀竹北 ,立��,5,1,4
 企銀竹北 ,臺企銀,4,0,4
 企銀竹北 ,台蠟,3,0,3
 企銀竹北 ,聯華,3,0,3
 企銀竹北 ,元大高股息,7,4,3
 企銀竹北 ,富邦金,5,2,3
 企銀竹北 ,聯鈞,77,74,3
 企銀竹北 ,和椿,5,2,3
 企銀竹北 ,00632R元大台灣50反1,2,0,2
 企銀竹北 ,亞光,2,0,2
 企銀竹北 ,緯穎,3,1,2
 企銀竹北 ,00915凱基優選高股息30,2,0,2
 企銀竹北 ,00687B國泰20年美債,2,0,2
 企銀竹北 ,亞力,2,0,2
 企銀竹北 ,勤美,2,0,2
 企銀竹北 ,英業達,2,0,2
 企銀竹北 ,所羅門,2,0,2
 企銀竹北 ,京元電子,2,0,2
 企銀竹北 ,立隆電,3,1,2
 企銀竹北 ,新建,2,0,2
 企銀竹北 ,萬海,3,1,2
 企銀竹北 ,中再保,2,0,2
 企銀竹北 ,順達,3,1,2
 企銀竹北 ,金麗科,2,0,2
 企銀竹北 ,陽程,2,0,2
 企銀竹北 ,00715L期街口布蘭特正2,20,145,-125
 企銀竹北 ,00919群益台灣精選高息,0,90,-90
 企銀竹北 ,日勝生,0,63,-63
 企銀竹北 ,新盛力,11,66,-55
 企銀竹北 ,精英,0,50,-50
 企銀竹北 ,陸海,0,20,-20
 企銀竹北 ,矽統,1,16,-15
 企銀竹北 ,世禾,0,15,-15
 企銀竹北 ,00731復華富時高息低波,0,10,-10
 企銀竹北 ,00905FT臺灣Smart,0,10,-10
 企銀竹北 ,欣銓,2,12,-10
 企銀竹北 ,台積電,2,11,-9
 企銀竹北 ,00878國泰永續高股息,1,10,-9
 企銀竹北 ,金寶,1,9,-8
 企銀竹北 ,昇陽半導體,6,14,-8
 企銀竹北 ,泰金寶-DR,2,10,-8
 企銀竹北 ,群創,0,7,-7
 企銀竹北 ,中鋼,7,14,-7
 企銀竹北 ,能率網通,0,7,-7
 企銀竹北 ,00751B元大AAA至A公司債,0,6,-6
 企銀竹北 ,技嘉,1,7,-6
 企銀竹北 ,宏達電,4,10,-6
 企銀竹北 ,華星光,22,28,-6
 企銀竹北 ,瑞耘,0,6,-6
 企銀竹北 ,聯策,0,6,-6
 企銀竹北 ,恆大,0,5,-5
 企銀竹北 ,東元,0,5,-5
 企銀竹北 ,毛寶,0,5,-5
 企銀竹北 ,鴻準,0,5,-5
 企銀竹北 ,波若威,5,10,-5
 企銀竹北 ,神達,21,26,-5
 企銀竹北 ,日月光投控,0,5,-5
 企銀竹北 ,宏致,1,5,-4
 企銀竹北 ,中華電,0,4,-4
 企銀竹北 ,華航,1,5,-4
 企銀竹北 ,奇鋐,1,5,-4
 企銀竹北 ,零壹,0,4,-4
 企銀竹北 ,志強-KY,0,4,-4
 企銀竹北 ,華城,0,3,-3
 企銀竹北 ,宜特,0,3,-3
 企銀竹北 ,安集,0,3,-3
 企銀竹北 ,力領科技,0,3,-3
 企銀竹北 ,晶華,0,2,-2
 企銀竹北 ,亞德客-KY,0,2,-2
 企銀竹北 ,信錦,0,2,-2
 企銀竹北 ,00762元大全球AI,0,2,-2
 企銀竹北 ,遠東新,0,2,-2
 企銀竹北 ,00911兆豐洲際半導體,0,2,-2
 企銀竹北 ,台達電,0,2,-2
 企銀竹北 ,友訊,0,2,-2
聯邦忠孝,聯電,56,0,56
聯邦忠孝,00632R元大台灣50反1,50,0,50
聯邦忠孝,慧洋-KY,15,0,15
聯邦忠孝,鴻海,14,2,12
聯邦忠孝,00687B國泰20年美債,11,0,11
聯邦忠孝,亞航,10,0,10
聯邦忠孝,元大高股息,9,0,9
聯邦忠孝,亞翔,11,2,9
聯邦忠孝,精材,12,4,8
聯邦忠孝,青松健康,7,0,7
聯邦忠孝,00965元大航太防衛科技,5,0,5
聯邦忠孝,廣宇,5,0,5
聯邦忠孝,山富,5,0,5
聯邦忠孝,宣德,5,0,5
聯邦忠孝,00637L元大滬深300正2,4,0,4
聯邦忠孝,00671R富邦NASDAQ反1,4,0,4
聯邦忠孝,宏達電,18,14,4
聯邦忠孝,陽明,6,2,4
聯邦忠孝,易飛網,4,0,4
聯邦忠孝,國泰金,3,0,3
聯邦忠孝,00893國泰智能電動車,3,0,3
聯邦忠孝,00676R富邦臺灣加權反1,3,0,3
聯邦忠孝,00662富邦NASDAQ,3,0,3
聯邦忠孝,宇隆,3,0,3
聯邦忠孝,元大金,6,3,3
聯邦忠孝,美達科技,3,0,3
聯邦忠孝,長華*,3,0,3
聯邦忠孝,緯穎,3,1,2
聯邦忠孝,00937B群益ESG投等債20,2,0,2
聯邦忠孝,亞力,2,0,2
聯邦忠孝,長榮鋼,2,0,2
聯邦忠孝,旺宏,2,0,2
聯邦忠孝,宏��,2,0,2
聯邦忠孝,南亞科,2,0,2
聯邦忠孝,欣興,2,0,2
聯邦忠孝,加百裕,6,4,2
聯邦忠孝,富采,3,1,2
聯邦忠孝,華星光,16,14,2
聯邦忠孝,興能高,23,21,2
聯邦忠孝,綠界科技*,2,0,2
聯邦忠孝,00713元大台灣高息低波,2,0,2
聯邦忠孝,緯創,2,0,2
聯邦忠孝,新應材,1,0,1
聯邦忠孝,智原,1,0,1
聯邦忠孝,鈊象,1,0,1
聯邦忠孝,台化,2,1,1
聯邦忠孝,020039元大加權N,1,0,1
聯邦忠孝,00927群益半導體收益,1,0,1
聯邦忠孝,00915凱基優選高股息30,1,0,1
聯邦忠孝,00670L富邦NASDAQ正2,1,0,1
聯邦忠孝,新美齊,0,350,-350
聯邦忠孝,新光金,5,74,-69
聯邦忠孝,華南金,0,58,-58
聯邦忠孝,兆豐金,0,46,-46
聯邦忠孝,00929復華台灣科技優息,0,45,-45
聯邦忠孝,中租-KY,0,36,-36
聯邦忠孝,彰銀,0,31,-31
聯邦忠孝,幃翔,0,28,-28
聯邦忠孝,00751B元大AAA至A公司債,0,23,-23
聯邦忠孝,神達,5,26,-21
聯邦忠孝,玉山金,0,20,-20
聯邦忠孝,00665L富邦�琤肭磪囓�2,0,14,-14
聯邦忠孝,美亞,0,12,-12
聯邦忠孝,臺企銀,0,11,-11
聯邦忠孝,00905FT臺灣Smart,0,10,-10
聯邦忠孝,駿吉-KY,0,10,-10
聯邦忠孝,台新金,0,10,-10
聯邦忠孝,連展投控,0,10,-10
聯邦忠孝,創惟,1,11,-10
聯邦忠孝,佳邦,0,10,-10
聯邦忠孝,泰金寶-DR,5,15,-10
聯邦忠孝,新唐,0,9,-9
聯邦忠孝,富邦金,2,10,-8
聯邦忠孝,南港,0,8,-8
聯邦忠孝,台光電,0,8,-8
聯邦忠孝,長榮航,10,18,-8
聯邦忠孝,聯邦銀,0,8,-8
聯邦忠孝,正達,0,6,-6
聯邦忠孝,達邁,5,11,-6
聯邦忠孝,新盛力,11,17,-6
聯邦忠孝,上洋,0,6,-6
聯邦忠孝,力積電,0,6,-6
聯邦忠孝,00757統一FANG+,0,5,-5
聯邦忠孝,日月光投控,0,5,-5
聯邦忠孝,jpp-KY,0,5,-5
聯邦忠孝,元大期,0,5,-5
聯邦忠孝,神盾,0,5,-5
聯邦忠孝,台達電,1,5,-4
聯邦忠孝,廣達,1,5,-4
聯邦忠孝,波若威,4,8,-4
聯邦忠孝,乙盛-KY,5,9,-4
聯邦忠孝,得利影,3,7,-4
聯邦忠孝,鈺邦,0,4,-4
聯邦忠孝,雷虎,0,4,-4
聯邦忠孝,台塑,9,12,-3
聯邦忠孝,大同,3,6,-3
聯邦忠孝,台表科,0,3,-3
聯邦忠孝,00878國泰永續高股息,1,3,-2
聯邦忠孝,迅得,5,7,-2
聯邦忠孝,宏致,0,2,-2
 元大館前,00632R元大台灣50反1,237,0,237
 元大館前,00637L元大滬深300正2,192,13,179
 元大館前,群益證,151,1,150
 元大館前,漢翔,100,1,99
 元大館前,聯電,122,51,71
 元大館前,佳邦,50,1,49
 元大館前,富野,60,14,46
 元大館前,00731復華富時高息低波,45,0,45
 元大館前,富喬,133,91,42
 元大館前,元大高股息,51,12,39
 元大館前,00687B國泰20年美債,43,6,37
 元大館前,國光生,35,0,35
 元大館前,00713元大台灣高息低波,33,0,33
 元大館前,力積電,69,37,32
 元大館前,兆豐金,30,0,30
 元大館前,00882中信中國高股息,30,7,23
 元大館前,亞泥,23,0,23
 元大館前,00679B元大美債20年,22,2,20
 元大館前,晶技,21,1,20
 元大館前,永固-KY,18,1,17
 元大館前,00919群益台灣精選高息,37,21,16
 元大館前,台泥,15,0,15
 元大館前,佳能,20,5,15
 元大館前,臺企銀,20,5,15
 元大館前,潤泰全,15,1,14
 元大館前,聯詠,15,2,13
 元大館前,晶華,13,0,13
 元大館前,台塑,25,13,12
 元大館前,達邁,43,31,12
 元大館前,美隆電,12,0,12
 元大館前,光環,19,8,11
 元大館前,泓德能源,11,0,11
 元大館前,啟��,16,5,11
 元大館前,波若威,110,99,11
 元大館前,立敦,62,52,10
 元大館前,安瑞-KY,10,0,10
 元大館前,盈正,10,0,10
 元大館前,華邦電,12,2,10
 元大館前,技嘉,13,4,9
 元大館前,台灣虎航,29,20,9
 元大館前,連展投控,9,0,9
 元大館前,新華,9,0,9
 元大館前,宏捷科,9,0,9
 元大館前,00757統一FANG+,8,0,8
 元大館前,楠梓電,8,0,8
 元大館前,中鋼,18,10,8
 元大館前,聯強,7,0,7
 元大館前,新麗,28,21,7
 元大館前,正淩,7,0,7
 元大館前,鈞興-KY,16,9,7
 元大館前,第一金,16,428,-412
 元大館前,元大台灣50,1,307,-306
 元大館前,00940元大台灣價值高息,6,297,-291
 元大館前,00965元大航太防衛科技,7,223,-216
 元大館前,日月光投控,7,145,-138
 元大館前,華南金,0,130,-130
 元大館前,凱基金,7,134,-127
 元大館前,鴻海,14,120,-106
 元大館前,00937B群益ESG投等債20,7,109,-102
 元大館前,友訊,1,103,-102
 元大館前,欣銓,13,105,-92
 元大館前,廣達,18,104,-86
 元大館前,00929復華台灣科技優息,1,60,-59
 元大館前,金寶,17,73,-56
 元大館前,玉山金,3,50,-47
 元大館前,台積電,44,89,-45
 元大館前,國泰金,1,43,-42
 元大館前,華碩,0,40,-40
 元大館前,裕民,22,59,-37
 元大館前,順達,37,73,-36
 元大館前,皇昌,0,34,-34
 元大館前,華航,15,48,-33
 元大館前,國票金,3,35,-32
 元大館前,中環,0,30,-30
 元大館前,00665L富邦�琤肭磪囓�2,0,30,-30
 元大館前,00895富邦未來車,0,30,-30
 元大館前,00753L中信中國50正2,0,30,-30
 元大館前,00915凱基優選高股息30,2,32,-30
 元大館前,台達電,1,28,-27
 元大館前,00903富邦元宇宙,0,25,-25
 元大館前,信錦,2,25,-23
 元大館前,志強-KY,1,21,-20
 元大館前,寶成,1,20,-19
 元大館前,恆大,9,27,-18
 元大館前,泰金寶-DR,228,246,-18
 元大館前,長榮,2,18,-16
 元大館前,京元電子,2,17,-15
 元大館前,矽統,0,15,-15
 元大館前,華城,14,28,-14
 元大館前,良維,1,15,-14
 元大館前,00892富邦台灣半導體,0,14,-14
 元大館前,彰銀,3,16,-13
 元大館前,世紀鋼,2,15,-13
 元大館前,友達,0,13,-13
 元大館前,興富發,0,13,-13
 元大館前,南僑,0,13,-13
 元大館前,中華,0,13,-13
 元大館前,定穎投控,0,12,-12
 元大館前,長榮航,10,21,-11
 元大館前,00795B中信美國公債20年,0,11,-11
富邦員林,00665L富邦�琤肭磪囓�2,328,5,323
富邦員林,00637L元大滬深300正2,309,85,224
富邦員林,聯電,156,40,116
富邦員林,00664R國泰臺灣加權反1,100,0,100
富邦員林,00918大華優利高填息30,67,0,67
富邦員林,00915凱基優選高股息30,42,0,42
富邦員林,00679B元大美債20年,36,0,36
富邦員林,奇偶,43,7,36
富邦員林,元大高股息,37,2,35
富邦員林,台塑,35,4,31
富邦員林,00953B群益優選非投等債,31,0,31
富邦員林,勤美,30,0,30
富邦員林,00706L期元大S＆P日圓正2,25,0,25
富邦員林,緯創,33,8,25
富邦員林,海光,22,1,21
富邦員林,英濟,38,17,21
富邦員林,立隆電,29,9,20
富邦員林,創惟,25,6,19
富邦員林,00858永豐美國500大,19,0,19
富邦員林,南亞,19,2,17
富邦員林,立��,23,6,17
富邦員林,聯光通,78,62,16
富邦員林,欣興,20,5,15
富邦員林,廣明,17,2,15
富邦員林,堤維西,20,5,15
富邦員林,泰金寶-DR,116,101,15
富邦員林,榮群,15,0,15
富邦員林,00878國泰永續高股息,19,5,14
富邦員林,寶緯,14,0,14
富邦員林,華邦電,225,212,13
富邦員林,世界,12,0,12
富邦員林,元晶,12,0,12
富邦員林,基亞,12,0,12
富邦員林,杏輝,11,0,11
富邦員林,00960野村全球航運龍頭,11,0,11
富邦員林,兆豐金,11,1,10
富邦員林,00971野村美國研發龍頭,10,0,10
富邦員林,台塑化,11,1,10
富邦員林,大宇資,10,0,10
富邦員林,00909國泰數位支付服務,17,7,10
富邦員林,華興,10,0,10
富邦員林,晟德,10,0,10
富邦員林,00959B大華投等美債15Y+,10,0,10
富邦員林,環宇-KY,25,15,10
富邦員林,僑威,40,31,9
富邦員林,00940元大台灣價值高息,22,13,9
富邦員林,00900富邦特選高股息30,14,5,9
富邦員林,宏��,8,0,8
富邦員林,00753L中信中國50正2,20,12,8
富邦員林,富旺,8,0,8
富邦員林,00980B台新特選IG債10+,0,637,-637
富邦員林,聯昌,0,90,-90
富邦員林,00965元大航太防衛科技,1,79,-78
富邦員林,00712復華富時不動產,12,70,-58
富邦員林,00954中信日本半導體,0,55,-55
富邦員林,中纖,0,55,-55
富邦員林,00929復華台灣科技優息,0,51,-51
富邦員林,達邁,17,66,-49
富邦員林,00919群益台灣精選高息,7,55,-48
富邦員林,欣銓,9,56,-47
富邦員林,力積電,15,61,-46
富邦員林,00923群益台ESG低碳50,0,45,-45
富邦員林,華通,1,45,-44
富邦員林,金像電,5,45,-40
富邦員林,三商壽,0,39,-39
富邦員林,神達,118,153,-35
富邦員林,陽明,5,38,-33
富邦員林,00673R期元大S＆P原油反1,30,60,-30
富邦員林,00951台新日本半導體,0,28,-28
富邦員林,建準,2,30,-28
富邦員林,大成鋼,3,31,-28
富邦員林,金寶,7,34,-27
富邦員林,宏致,1,24,-23
富邦員林,精成科,20,43,-23
富邦員林,台康生技,2,25,-23
富邦員林,台泥,10,33,-23
富邦員林,台化,12,35,-23
富邦員林,鴻海,22,45,-23
富邦員林,臺企銀,0,22,-22
富邦員林,光寶科,0,21,-21
富邦員林,00935野村臺灣新科技50,0,20,-20
富邦員林,劍湖山,0,20,-20
富邦員林,振曜,2,20,-18
富邦員林,富邦金,2,20,-18
富邦員林,亞翔,2,19,-17
富邦員林,華南金,1,17,-16
富邦員林,燿華,0,16,-16
富邦員林,00970B新光BBB投等債20,0,15,-15
富邦員林,立敦,47,61,-14
富邦員林,00632R元大台灣50反1,14,28,-14
富邦員林,惠特,13,27,-14
富邦員林,00922國泰台灣領袖50,0,13,-13
富邦員林,台揚,2,15,-13
富邦員林,康那香,0,13,-13
富邦員林,英業達,18,31,-13
富邦員林,高鋒,1,13,-12
富邦員林,元大台灣50,2,13,-11
富邦員林,中鋼,19,30,-11
富邦員林,00892富邦台灣半導體,6,17,-11
富邦員林,友訊,0,11,-11
 元大東泰,聯電,214,34,180
 元大東泰,00676R富邦臺灣加權反1,110,10,100
 元大東泰,00980B台新特選IG債10+,100,0,100
 元大東泰,泰金寶-DR,211,141,70
 元大東泰,00680L元大美債20正2,57,2,55
 元大東泰,00632R元大台灣50反1,40,4,36
 元大東泰,華新,38,5,33
 元大東泰,00940元大台灣價值高息,118,86,32
 元大東泰,00637L元大滬深300正2,435,403,32
 元大東泰,00752中信中國50,30,0,30
 元大東泰,三商壽,30,1,29
 元大東泰,00909國泰數位支付服務,22,0,22
 元大東泰,中石化,21,1,20
 元大東泰,00665L富邦�琤肭磪囓�2,20,0,20
 元大東泰,官田鋼,20,0,20
 元大東泰,00687B國泰20年美債,39,20,19
 元大東泰,華通,21,2,19
 元大東泰,興能高,228,210,18
 元大東泰,友達,28,10,18
 元大東泰,台塑,31,14,17
 元大東泰,中鋼,22,6,16
 元大東泰,00922國泰台灣領袖50,25,9,16
 元大東泰,東台,16,0,16
 元大東泰,00937B群益ESG投等債20,31,15,16
 元大東泰,兆豐金,14,0,14
 元大東泰,群創,23,9,14
 元大東泰,00882中信中國高股息,15,1,14
 元大東泰,達邁,20,6,14
 元大東泰,晶彩科,15,1,14
 元大東泰,00951台新日本半導體,13,0,13
 元大東泰,亞光,14,2,12
 元大東泰,00652富邦印度,12,0,12
 元大東泰,金寶,12,1,11
 元大東泰,欣興,11,0,11
 元大東泰,00673R期元大S＆P原油反1,10,0,10
 元大東泰,嘉威,10,0,10
 元大東泰,00753L中信中國50正2,11,1,10
 元大東泰,陽明,21,11,10
 元大東泰,技嘉,9,0,9
 元大東泰,國際中橡,9,0,9
 元大東泰,燿華,10,1,9
 元大東泰,合庫金,9,0,9
 元大東泰,緯創,23,14,9
 元大東泰,廣達,16,7,9
 元大東泰,00918大華優利高填息30,16,8,8
 元大東泰,能率,10,2,8
 元大東泰,統一超,8,0,8
 元大東泰,元大高股息,67,59,8
 元大東泰,振發,7,0,7
 元大東泰,盟立,7,0,7
 元大東泰,凱基金,0,121,-121
 元大東泰,00946群益科技高息成長,12,100,-88
 元大東泰,00635U期元大S＆P黃金,0,85,-85
 元大東泰,00878國泰永續高股息,48,126,-78
 元大東泰,006208富邦台50,5,57,-52
 元大東泰,欣銓,19,69,-50
 元大東泰,友訊,2,50,-48
 元大東泰,00929復華台灣科技優息,1,42,-41
 元大東泰,國泰金,0,37,-37
 元大東泰,宏達電,70,106,-36
 元大東泰,建國,0,35,-35
 元大東泰,臺企銀,2,33,-31
 元大東泰,日月光投控,5,29,-24
 元大東泰,連展投控,10,32,-22
 元大東泰,神達,101,123,-22
 元大東泰,中信金,5,26,-21
 元大東泰,國產,0,20,-20
 元大東泰,華航,7,26,-19
 元大東泰,千興,0,18,-18
 元大東泰,00965元大航太防衛科技,1,18,-17
 元大東泰,台積電,3,19,-16
 元大東泰,華南金,0,16,-16
 元大東泰,鴻海,23,37,-14
 元大東泰,漢翔,0,13,-13
 元大東泰,00679B元大美債20年,3,16,-13
 元大東泰,大亞,0,12,-12
 元大東泰,00730富邦臺灣優質高息,0,11,-11
 元大東泰,良維,0,11,-11
 元大東泰,台達電,2,12,-10
 元大東泰,磐儀,0,10,-10
 元大東泰,王道銀行,0,10,-10
 元大東泰,00892富邦台灣半導體,0,10,-10
 元大東泰,中美晶,12,22,-10
 元大東泰,大同,1,10,-9
 元大東泰,湧德,1,10,-9
 元大東泰,友威科,1,10,-9
 元大東泰,廣宇,0,9,-9
 元大東泰,凌陽,1,10,-9
 元大東泰,大洋-KY,0,9,-9
 元大東泰,大量,0,9,-9
 元大東泰,華邦電,20,29,-9
 元大東泰,華城,4,12,-8
 元大東泰,宏泰,0,8,-8
 元大東泰,廣明,2,10,-8
 元大東泰,00881國泰台灣5G+,0,8,-8
 元大東泰,00757統一FANG+,0,8,-8
 元大東泰,立��,12,20,-8
 元大東泰,元大台灣50,2,10,-8
 元大東泰,宏致,0,8,-8
 元大東泰,00941中信上游半導體,0,7,-7
群益屏東,00637L元大滬深300正2,250,5,245
群益屏東,聯電,78,24,54
群益屏東,遠百,50,0,50
群益屏東,00715L期街口布蘭特正2,30,0,30
群益屏東,富野,21,0,21
群益屏東,00937B群益ESG投等債20,40,20,20
群益屏東,統一實,20,0,20
群益屏東,新盛力,44,27,17
群益屏東,緯創,19,5,14
群益屏東,波若威,31,19,12
群益屏東,英業達,62,51,11
群益屏東,00830國泰費城半導體,11,0,11
群益屏東,00887永豐中國科技50大,10,0,10
群益屏東,台塑,12,2,10
群益屏東,亞航,18,8,10
群益屏東,斐成,10,0,10
群益屏東,力積電,34,24,10
群益屏東,凌巨,10,0,10
群益屏東,尖點,9,0,9
群益屏東,雷虎,10,2,8
群益屏東,連展投控,7,0,7
群益屏東,興能高,68,62,6
群益屏東,00632R元大台灣50反1,5,0,5
群益屏東,三晃,5,0,5
群益屏東,彰源,5,0,5
群益屏東,宏��,5,0,5
群益屏東,冠西電,5,0,5
群益屏東,玉山金,5,0,5
群益屏東,英濟,6,1,5
群益屏東,洋華,5,0,5
群益屏東,合庫金,5,0,5
群益屏東,華孚,5,0,5
群益屏東,長科*,6,1,5
群益屏東,廣達,4,0,4
群益屏東,和椿,27,23,4
群益屏東,00924復華S＆P500成長,4,0,4
群益屏東,亞泥,4,0,4
群益屏東,春源,4,0,4
群益屏東,南亞科,4,0,4
群益屏東,兆豐金,4,0,4
群益屏東,海華,4,0,4
群益屏東,熒茂,4,0,4
群益屏東,立敦,7,3,4
群益屏東,定穎投控,5,1,4
群益屏東,00687B國泰20年美債,3,0,3
群益屏東,亞泰,5,2,3
群益屏東,中美晶,3,0,3
群益屏東,00858永豐美國500大,3,0,3
群益屏東,00948B中信優息投資級債,3,0,3
群益屏東,00966B統一ESG投等債15,3,0,3
群益屏東,00753L中信中國50正2,0,328,-328
群益屏東,00980B台新特選IG債10+,0,125,-125
群益屏東,00665L富邦�琤肭磪囓�2,0,100,-100
群益屏東,金像電,0,62,-62
群益屏東,圓剛,3,63,-60
群益屏東,群創,0,44,-44
群益屏東,泰金寶-DR,11,38,-27
群益屏東,富喬,12,38,-26
群益屏東,00946群益科技高息成長,1,25,-24
群益屏東,冠軍,1,23,-22
群益屏東,00673R期元大S＆P原油反1,0,20,-20
群益屏東,宏達電,40,60,-20
群益屏東,欣銓,10,28,-18
群益屏東,東元,0,18,-18
群益屏東,台泥,0,17,-17
群益屏東,友達,7,23,-16
群益屏東,益登,0,15,-15
群益屏東,耿鼎,0,15,-15
群益屏東,矽統,15,28,-13
群益屏東,金寶,3,15,-12
群益屏東,華邦電,3,15,-12
群益屏東,致伸,0,12,-12
群益屏東,堤維西,5,16,-11
群益屏東,良維,1,12,-11
群益屏東,00919群益台灣精選高息,2,13,-11
群益屏東,00929復華台灣科技優息,0,10,-10
群益屏東,大成鋼,0,10,-10
群益屏東,中環,0,10,-10
群益屏東,凌陽,0,10,-10
群益屏東,陽明,5,15,-10
群益屏東,華票,0,10,-10
群益屏東,如興,0,10,-10
群益屏東,盟立,6,15,-9
群益屏東,西勝,6,15,-9
群益屏東,志信,0,8,-8
群益屏東,華通,10,16,-6
群益屏東,三商電,0,6,-6
群益屏東,益航,0,6,-6
群益屏東,三商壽,0,6,-6
群益屏東,神基,0,6,-6
群益屏東,綠界科技*,0,6,-6
群益屏東,元大高股息,4,10,-6
群益屏東,台積電,0,6,-6
群益屏東,00675L富邦臺灣加權正2,0,5,-5
群益屏東,00940元大台灣價值高息,0,5,-5
群益屏東,宏璟,0,5,-5
群益屏東,宏致,3,8,-5
群益屏東,迅杰,0,5,-5
群益屏東,元太,0,5,-5
群益屏東,寶成,0,5,-5
兆豐大安,東陽,102,0,102
兆豐大安,順達,80,13,67
兆豐大安,波若威,75,10,65
兆豐大安,00648R元大S＆P500反1,50,0,50
兆豐大安,00653L富邦印度正2,41,0,41
兆豐大安,聯電,52,12,40
兆豐大安,00655L國泰中國A50正2,30,0,30
兆豐大安,彬台,21,0,21
兆豐大安,昇陽半導體,23,2,21
兆豐大安,00937B群益ESG投等債20,20,0,20
兆豐大安,泰鼎-KY,20,1,19
兆豐大安,華星光,27,10,17
兆豐大安,新盛力,29,13,16
兆豐大安,00637L元大滬深300正2,21,7,14
兆豐大安,聯鈞,25,12,13
兆豐大安,兆豐金,12,0,12
兆豐大安,寶成,13,1,12
兆豐大安,高技,11,0,11
兆豐大安,00632R元大台灣50反1,10,0,10
兆豐大安,精成科,50,40,10
兆豐大安,長榮航太,10,1,9
兆豐大安,偉訓,19,10,9
兆豐大安,力旺,9,0,9
兆豐大安,偉詮電,9,1,8
兆豐大安,00881國泰台灣5G+,9,1,8
兆豐大安,台塑,12,4,8
兆豐大安,上海商銀,7,0,7
兆豐大安,凱美,7,1,6
兆豐大安,光環,7,1,6
兆豐大安,00687B國泰20年美債,5,0,5
兆豐大安,00770國泰北美科技,5,0,5
兆豐大安,英業達,6,1,5
兆豐大安,00911兆豐洲際半導體,5,0,5
兆豐大安,台泥,5,0,5
兆豐大安,大成鋼,18,13,5
兆豐大安,尚立,5,0,5
兆豐大安,慕康生醫,5,0,5
兆豐大安,立��,46,41,5
兆豐大安,興能高,38,33,5
兆豐大安,環宇-KY,22,17,5
兆豐大安,萬海,4,0,4
兆豐大安,玉晶光,4,0,4
兆豐大安,合騏,4,0,4
兆豐大安,00915凱基優選高股息30,3,0,3
兆豐大安,00671R富邦NASDAQ反1,3,0,3
兆豐大安,遠百,3,0,3
兆豐大安,達邁,6,3,3
兆豐大安,聯光通,13,10,3
兆豐大安,逸達,3,0,3
兆豐大安,00878國泰永續高股息,5,2,3
兆豐大安,華新,0,221,-221
兆豐大安,00877復華中國5G,0,212,-212
兆豐大安,00980B台新特選IG債10+,0,210,-210
兆豐大安,大銀微系統,12,161,-149
兆豐大安,00951台新日本半導體,0,52,-52
兆豐大安,元大台灣50,0,33,-33
兆豐大安,華航,0,23,-23
兆豐大安,眾達-KY,25,46,-21
兆豐大安,00830國泰費城半導體,16,36,-20
兆豐大安,科妍,6,24,-18
兆豐大安,家碩,0,15,-15
兆豐大安,欣銓,12,25,-13
兆豐大安,00706L期元大S＆P日圓正2,0,12,-12
兆豐大安,亞翔,6,17,-11
兆豐大安,康舒,0,11,-11
兆豐大安,鴻海,2,13,-11
兆豐大安,劍麟,0,11,-11
兆豐大安,永豐金,0,11,-11
兆豐大安,006208富邦台50,1,12,-11
兆豐大安,00676R富邦臺灣加權反1,0,10,-10
兆豐大安,國喬,0,10,-10
兆豐大安,虹冠電,0,10,-10
兆豐大安,連展投控,0,10,-10
兆豐大安,承業醫,0,10,-10
兆豐大安,群益證,1,11,-10
兆豐大安,新漢,0,10,-10
兆豐大安,玉山金,1,11,-10
兆豐大安,力積電,0,8,-8
兆豐大安,研華,0,7,-7
兆豐大安,正德,0,7,-7
兆豐大安,弘憶股,0,7,-7
兆豐大安,定穎投控,0,7,-7
兆豐大安,AES-KY,4,11,-7
兆豐大安,群創,0,7,-7
兆豐大安,大亞,1,7,-6
兆豐大安,台塑化,0,6,-6
兆豐大安,南茂,2,8,-6
兆豐大安,長榮航,4,10,-6
兆豐大安,00919群益台灣精選高息,1,7,-6
兆豐大安,友達,0,5,-5
兆豐大安,00688L國泰20年美債正2,0,5,-5
兆豐大安,宏��,7,12,-5
兆豐大安,燿華,0,5,-5
兆豐大安,漢翔,0,5,-5
兆豐大安,雃博,0,5,-5
兆豐大安,達興材料,3,8,-5
兆豐大安,00720B元大投資級公司債,0,4,-4
兆豐大安,中興電,5,9,-4
兆豐大安,新光鋼,0,4,-4
兆豐大安,邁達特,0,4,-4
 元大士林,力積電,2994,339,2655
 元大士林,聯電,555,60,495
 元大士林,欣銓,317,73,244
 元大士林,00969B元大零息超長美債,120,0,120
 元大士林,00679B元大美債20年,85,13,72
 元大士林,萬海,67,1,66
 元大士林,昇陽半導體,58,2,56
 元大士林,連展投控,63,10,53
 元大士林,00912中信臺灣智慧50,49,0,49
 元大士林,00918大華優利高填息30,37,0,37
 元大士林,集盛,31,0,31
 元大士林,00637L元大滬深300正2,51,27,24
 元大士林,00915凱基優選高股息30,23,0,23
 元大士林,00708L期元大S＆P黃金正2,24,2,22
 元大士林,泰金寶-DR,29,7,22
 元大士林,采鈺,24,3,21
 元大士林,英業達,34,14,20
 元大士林,00937B群益ESG投等債20,19,0,19
 元大士林,騰雲,19,0,19
 元大士林,亞光,27,9,18
 元大士林,台化,29,12,17
 元大士林,長盛,17,1,16
 元大士林,00919群益台灣精選高息,22,8,14
 元大士林,中鋼,23,10,13
 元大士林,欣興,16,3,13
 元大士林,廣達,18,5,13
 元大士林,旺宏,13,0,13
 元大士林,新盛力,79,67,12
 元大士林,00687B國泰20年美債,13,1,12
 元大士林,00924復華S＆P500成長,10,0,10
 元大士林,英濟,12,2,10
 元大士林,漢科,10,0,10
 元大士林,磐儀,10,0,10
 元大士林,中碳,10,0,10
 元大士林,2888B新光金乙特,10,0,10
 元大士林,富采,10,1,9
 元大士林,00959B大華投等美債15Y+,9,0,9
 元大士林,00712復華富時不動產,9,1,8
 元大士林,00680L元大美債20正2,17,9,8
 元大士林,仲琦,8,0,8
 元大士林,金寶,11,3,8
 元大士林,凱美,11,4,7
 元大士林,立��,13,6,7
 元大士林,00688L國泰20年美債正2,10,3,7
 元大士林,長佳智能,7,0,7
 元大士林,力成,7,0,7
 元大士林,星通,6,0,6
 元大士林,00676R富邦臺灣加權反1,6,0,6
 元大士林,00636國泰中國A50,6,0,6
 元大士林,中光電,6,0,6
 元大士林,擎亞,80,887,-807
 元大士林,台灣虎航,5,258,-253
 元大士林,00940元大台灣價值高息,1,153,-152
 元大士林,00965元大航太防衛科技,0,129,-129
 元大士林,台新金,2,100,-98
 元大士林,00952凱基台灣AI50,0,96,-96
 元大士林,岳豐,0,80,-80
 元大士林,群創,0,57,-57
 元大士林,神達,193,236,-43
 元大士林,臻鼎-KY,0,41,-41
 元大士林,00673R期元大S＆P原油反1,0,34,-34
 元大士林,臺企銀,0,34,-34
 元大士林,宏達電,42,74,-32
 元大士林,友達,35,61,-26
 元大士林,友訊,1,23,-22
 元大士林,高鋒,0,21,-21
 元大士林,玉山金,0,20,-20
 元大士林,中華,1,21,-20
 元大士林,眾達-KY,35,55,-20
 元大士林,緯創,35,55,-20
 元大士林,光鋐,18,37,-19
 元大士林,兆豐金,4,20,-16
 元大士林,台達電,1,18,-17
 元大士林,大同,9,25,-16
 元大士林,一詮,0,16,-16
 元大士林,台積電,4,20,-16
 元大士林,00945B凱基美國非投等債,0,15,-15
 元大士林,00632R元大台灣50反1,5,20,-15
 元大士林,中信金,2,16,-14
 元大士林,華容,2,15,-13
 元大士林,00936台新永續高息中小,0,13,-13
 元大士林,宏致,4,16,-12
 元大士林,華航,15,27,-12
 元大士林,南亞科,1,13,-12
 元大士林,元大台灣50,4,16,-12
 元大士林,日月光投控,7,18,-11
 元大士林,泰鼎-KY,0,11,-11
 元大士林,鈺齊-KY,0,11,-11
 元大士林,00922國泰台灣領袖50,0,11,-11
 元大士林,國泰金,1,12,-11
 元大士林,00929復華台灣科技優息,4,15,-11
 元大士林,精元,0,10,-10
 元大士林,昇貿,0,10,-10
 元大士林,凱基金,22,32,-10
 元大士林,星雲,0,10,-10
 元大士林,中航,0,10,-10
 元大士林,晶華,0,10,-10
 元大士林,南電,0,10,-10
 元大士林,鴻海,9,19,-10
 元大士林,建達,9,18,-9
兆豐北高,可成,545,0,545
兆豐北高,00950B凱基A級公司債,336,0,336
兆豐北高,宏致,201,29,172
兆豐北高,威盛,157,6,151
兆豐北高,友達,100,18,82
兆豐北高,大成鋼,60,1,59
兆豐北高,聯電,79,23,56
兆豐北高,00918大華優利高填息30,65,10,55
兆豐北高,00679B元大美債20年,58,13,45
兆豐北高,第一金,53,10,43
兆豐北高,00919群益台灣精選高息,92,52,40
兆豐北高,00878國泰永續高股息,55,15,40
兆豐北高,虹冠電,30,0,30
兆豐北高,00936台新永續高息中小,30,1,29
兆豐北高,00915凱基優選高股息30,30,2,28
兆豐北高,昇達科,29,1,28
兆豐北高,三商,25,0,25
兆豐北高,欣興,45,21,24
兆豐北高,宏達電,80,56,24
兆豐北高,00882中信中國高股息,24,0,24
兆豐北高,台新金,25,1,24
兆豐北高,00671R富邦NASDAQ反1,20,0,20
兆豐北高,菱光,21,2,19
兆豐北高,金寶,23,5,18
兆豐北高,力智,17,0,17
兆豐北高,岱宇,17,0,17
兆豐北高,耀勝,14,0,14
兆豐北高,兆豐金,20,6,14
兆豐北高,泰金寶-DR,53,40,13
兆豐北高,00639富邦深100,13,0,13
兆豐北高,00725B國泰投資級公司債,12,0,12
兆豐北高,建新國際,11,0,11
兆豐北高,華邦電,22,11,11
兆豐北高,新潤,10,0,10
兆豐北高,中再保,10,0,10
兆豐北高,00662富邦NASDAQ,10,0,10
兆豐北高,上銀,10,0,10
兆豐北高,00795B中信美國公債20年,10,0,10
兆豐北高,旺宏,10,0,10
兆豐北高,連展投控,11,2,9
兆豐北高,三商家購,9,0,9
兆豐北高,世禾,11,2,9
兆豐北高,環宇-KY,30,21,9
兆豐北高,長榮航,34,25,9
兆豐北高,陽明,30,22,8
兆豐北高,金山電,10,2,8
兆豐北高,柏承,8,0,8
兆豐北高,南茂,8,0,8
兆豐北高,00687B國泰20年美債,11,3,8
兆豐北高,橋椿,8,1,7
兆豐北高,00665L富邦�琤肭磪囓�2,10,301,-291
兆豐北高,中鋼,144,361,-217
兆豐北高,00673R期元大S＆P原油反1,10,200,-190
兆豐北高,00980B台新特選IG債10+,16,175,-159
兆豐北高,00929復華台灣科技優息,1,132,-131
兆豐北高,00637L元大滬深300正2,17,121,-104
兆豐北高,群創,200,292,-92
兆豐北高,立隆電,22,111,-89
兆豐北高,新光金,0,74,-74
兆豐北高,華南金,0,71,-71
兆豐北高,凱基金,1,50,-49
兆豐北高,台塑,6,53,-47
兆豐北高,00940元大台灣價值高息,12,56,-44
兆豐北高,國泰金,1,42,-41
兆豐北高,日月光投控,3,44,-41
兆豐北高,三商壽,0,35,-35
兆豐北高,鴻海,19,51,-32
兆豐北高,欣銓,8,36,-28
兆豐北高,智邦,0,28,-28
兆豐北高,順達,2,29,-27
兆豐北高,元大台灣50,3,30,-27
兆豐北高,台燿,4,30,-26
兆豐北高,神達,49,74,-25
兆豐北高,大亞,0,22,-22
兆豐北高,榮剛,3,24,-21
兆豐北高,00715L期街口布蘭特正2,0,20,-20
兆豐北高,南亞科,0,20,-20
兆豐北高,力積電,41,60,-19
兆豐北高,擎亞,4,22,-18
兆豐北高,新盛力,90,108,-18
兆豐北高,華星光,29,46,-17
兆豐北高,前鼎,4,19,-15
兆豐北高,00937B群益ESG投等債20,33,48,-15
兆豐北高,宏��,2,16,-14
兆豐北高,富邦金,0,14,-14
兆豐北高,毛寶,0,14,-14
兆豐北高,北基,0,14,-14
兆豐北高,中鴻,12,26,-14
兆豐北高,2881B富邦金乙特,0,14,-14
兆豐北高,華航,2,16,-14
兆豐北高,台積電,9,23,-14
兆豐北高,00881國泰台灣5G+,0,13,-13
兆豐北高,00933B國泰10Y+金融債,0,13,-13
兆豐北高,興能高,72,84,-12
兆豐北高,台揚,7,19,-12
兆豐北高,榮運,1,13,-12
兆豐北高,00830國泰費城半導體,1,13,-12
兆豐北高,全球傳動,0,12,-12
兆豐北高,材料-KY,0,12,-12
兆豐北高,遠東新,0,11,-11
台新左楠,聯電,280,87,193
台新左楠,合庫金,111,0,111
台新左楠,元大高股息,92,7,85
台新左楠,聯鈞,93,32,61
台新左楠,00937B群益ESG投等債20,61,5,56
台新左楠,順達,53,17,36
台新左楠,00919群益台灣精選高息,45,17,28
台新左楠,00878國泰永續高股息,38,9,29
台新左楠,群創,47,20,27
台新左楠,00712復華富時不動產,37,10,27
台新左楠,00637L元大滬深300正2,26,0,26
台新左楠,連展投控,29,3,26
台新左楠,元山,22,0,22
台新左楠,汎銓,21,0,21
台新左楠,00858永豐美國500大,23,3,20
台新左楠,00673R期元大S＆P原油反1,20,0,20
台新左楠,立��,31,11,20
台新左楠,台新金,18,0,18
台新左楠,中工,18,0,18
台新左楠,華邦電,20,3,17
台新左楠,00953B群益優選非投等債,16,0,16
台新左楠,00910第一金太空衛星,17,1,16
台新左楠,台榮,15,0,15
台新左楠,京元電子,21,6,15
台新左楠,中美實,14,0,14
台新左楠,宏齊,14,0,14
台新左楠,中信金,16,2,14
台新左楠,00900富邦特選高股息30,13,0,13
台新左楠,瑞軒,12,0,12
台新左楠,00959B大華投等美債15Y+,12,0,12
台新左楠,新光金,24,12,12
台新左楠,乙盛-KY,12,1,11
台新左楠,00940元大台灣價值高息,11,0,11
台新左楠,南茂,37,26,11
台新左楠,佳世達,11,0,11
台新左楠,精成科,16,5,11
台新左楠,英業達,33,23,10
台新左楠,宏旭-KY,10,0,10
台新左楠,新建,10,0,10
台新左楠,00641R富邦日本反1,10,0,10
台新左楠,矽格,15,5,10
台新左楠,凌巨,10,0,10
台新左楠,中鋼,16,7,9
台新左楠,00680L元大美債20正2,9,0,9
台新左楠,臺企銀,9,0,9
台新左楠,鴻海,21,13,8
台新左楠,三聯,8,0,8
台新左楠,00830國泰費城半導體,13,5,8
台新左楠,國際中橡,7,0,7
台新左楠,洋華,7,0,7
台新左楠,力積電,32,246,-214
台新左楠,00980B台新特選IG債10+,15,147,-132
台新左楠,00929復華台灣科技優息,0,128,-128
台新左楠,富邦金,0,104,-104
台新左楠,日月光投控,7,88,-81
台新左楠,2883B凱基金乙特,0,70,-70
台新左楠,華南金,0,68,-68
台新左楠,彬台,1,61,-60
台新左楠,冠德,0,60,-60
台新左楠,00932兆豐永續高息等權,0,50,-50
台新左楠,00946群益科技高息成長,1,45,-44
台新左楠,00887永豐中國科技50大,0,43,-43
台新左楠,華星光,9,52,-43
台新左楠,00931B統一美債20年,0,40,-40
台新左楠,00679B元大美債20年,29,67,-38
台新左楠,00892富邦台灣半導體,0,37,-37
台新左楠,00933B國泰10Y+金融債,0,35,-35
台新左楠,泰金寶-DR,15,49,-34
台新左楠,三商壽,0,30,-30
台新左楠,艾訊,1,31,-30
台新左楠,00927群益半導體收益,6,34,-28
台新左楠,神達,84,108,-24
台新左楠,宏觀,0,22,-22
台新左楠,聚隆,0,22,-22
台新左楠,大同,1,23,-22
台新左楠,中磊,2,23,-21
台新左楠,台塑,15,35,-20
台新左楠,弘裕,5,23,-18
台新左楠,00909國泰數位支付服務,3,21,-18
台新左楠,00941中信上游半導體,0,18,-18
台新左楠,菱光,2,19,-17
台新左楠,友達,4,21,-17
台新左楠,00895富邦未來車,0,16,-16
台新左楠,台積電,4,19,-15
台新左楠,00902中信電池及儲能,0,15,-15
台新左楠,00935野村臺灣新科技50,0,15,-15
台新左楠,00891中信關鍵半導體,0,14,-14
台新左楠,騰輝電子-KY,0,14,-14
台新左楠,華航,2,14,-12
台新左楠,華新,1,13,-12
台新左楠,致伸,0,12,-12
台新左楠,昇達科,16,27,-11
台新左楠,星通,1,12,-11
台新左楠,萬海,0,11,-11
台新左楠,00936台新永續高息中小,0,10,-10
台新左楠,太子,0,10,-10
台新左楠,00958B永豐ESG銀行債15,0,10,-10
台新左楠,00905FT臺灣Smart,0,10,-10
台新左楠,振樺電,10,20,-10
台新左楠,00951台新日本半導體,5,15,-10
亞東新竹 ,遠東銀,321,30,291
亞東新竹 ,聯電,92,0,92
亞東新竹 ,00751B元大AAA至A公司債,50,0,50
亞東新竹 ,聯發,50,0,50
亞東新竹 ,00948B中信優息投資級債,40,0,40
亞東新竹 ,元太,40,2,38
亞東新竹 ,00924復華S＆P500成長,27,0,27
亞東新竹 ,00933B國泰10Y+金融債,10,0,10
亞東新竹 ,高鋒,10,0,10
亞東新竹 ,和椿,10,0,10
亞東新竹 ,國光生,9,0,9
亞東新竹 ,00713元大台灣高息低波,9,1,8
亞東新竹 ,友達,8,0,8
亞東新竹 ,立��,9,2,7
亞東新竹 ,廣達,6,0,6
亞東新竹 ,欣興,8,2,6
亞東新竹 ,緯創,8,2,6
亞東新竹 ,環球晶,5,0,5
亞東新竹 ,00899FT潔淨能源,5,0,5
亞東新竹 ,新盛力,52,47,5
亞東新竹 ,松翰,5,0,5
亞東新竹 ,悅城,5,0,5
亞東新竹 ,00679B元大美債20年,4,0,4
亞東新竹 ,00670L富邦NASDAQ正2,4,0,4
亞東新竹 ,00687B國泰20年美債,4,0,4
亞東新竹 ,00685L群益臺灣加權正2,4,0,4
亞東新竹 ,00633L富邦上証正2,114,110,4
亞東新竹 ,喬福,4,0,4
亞東新竹 ,安瑞-KY,4,0,4
亞東新竹 ,中裕,4,0,4
亞東新竹 ,華星光,5,1,4
亞東新竹 ,00753L中信中國50正2,3,0,3
亞東新竹 ,友訊,3,0,3
亞東新竹 ,宏達電,4,1,3
亞東新竹 ,致和證,3,0,3
亞東新竹 ,裕融,3,0,3
亞東新竹 ,00662富邦NASDAQ,2,0,2
亞東新竹 ,上曜,2,0,2
亞東新竹 ,00903富邦元宇宙,2,0,2
亞東新竹 ,00680L元大美債20正2,2,0,2
亞東新竹 ,元大高股息,2,0,2
亞東新竹 ,潤隆,4,2,2
亞東新竹 ,金寶,2,0,2
亞東新竹 ,新巨,2,0,2
亞東新竹 ,京元電子,2,0,2
亞東新竹 ,奇鋐,2,0,2
亞東新竹 ,亞光,6,4,2
亞東新竹 ,牧德,2,0,2
亞東新竹 ,聯合再生,2,0,2
亞東新竹 ,聯光通,7,5,2
亞東新竹 ,力積電,10,71,-61
亞東新竹 ,台汽電,0,54,-54
亞東新竹 ,華航,0,21,-21
亞東新竹 ,國泰金,0,21,-21
亞東新竹 ,00636國泰中國A50,0,20,-20
亞東新竹 ,日月光投控,0,20,-20
亞東新竹 ,興能高,59,75,-16
亞東新竹 ,御嵿,5,20,-15
亞東新竹 ,遠東新,0,10,-10
亞東新竹 ,006205富邦上証,0,10,-10
亞東新竹 ,南僑,0,10,-10
亞東新竹 ,勝一,0,10,-10
亞東新竹 ,台亞,0,10,-10
亞東新竹 ,天鈺,0,10,-10
亞東新竹 ,ITH-KY,0,10,-10
亞東新竹 ,儒鴻,0,9,-9
亞東新竹 ,鴻海,3,11,-8
亞東新竹 ,友輝,0,8,-8
亞東新竹 ,大同,0,7,-7
亞東新竹 ,台灣虎航,3,10,-7
亞東新竹 ,00919群益台灣精選高息,1,8,-7
亞東新竹 ,神達,15,20,-5
亞東新竹 ,00830國泰費城半導體,0,5,-5
亞東新竹 ,00892富邦台灣半導體,0,5,-5
亞東新竹 ,光罩,0,5,-5
亞東新竹 ,立凱-KY,0,5,-5
亞東新竹 ,凱基金,0,5,-5
亞東新竹 ,盛弘,0,5,-5
亞東新竹 ,台積電,0,5,-5
亞東新竹 ,2883B凱基金乙特,0,4,-4
亞東新竹 ,00895富邦未來車,0,4,-4
亞東新竹 ,00941中信上游半導體,0,4,-4
亞東新竹 ,順達,3,7,-4
亞東新竹 ,宏遠證,0,4,-4
亞東新竹 ,元大台灣50,2,6,-4
亞東新竹 ,新日興,0,4,-4
亞東新竹 ,光寶科,0,3,-3
亞東新竹 ,00631L元大台灣50正2,0,3,-3
亞東新竹 ,訊聯,0,3,-3
亞東新竹 ,智邦,0,3,-3
亞東新竹 ,萬海,0,3,-3
亞東新竹 ,斐成,0,3,-3
亞東新竹 ,鈺緯,0,3,-3
亞東新竹 ,世界,0,3,-3
亞東新竹 ,鈺齊-KY,0,3,-3
亞東新竹 ,漢磊,0,2,-2
亞東新竹 ,00929復華台灣科技優息,3,5,-2
亞東新竹 ,00926凱基全球菁英55,0,2,-2
亞東新竹 ,00720B元大投資級公司債,0,2,-2
亞東新竹 ,華紙,0,2,-2
 元大南勢,00706L期元大S＆P日圓正2,300,0,300
 元大南勢,00953B群益優選非投等債,135,0,135
 元大南勢,00858永豐美國500大,95,0,95
 元大南勢,遠傳,63,0,63
 元大南勢,00637L元大滬深300正2,63,8,55
 元大南勢,00980B台新特選IG債10+,50,0,50
 元大南勢,00878國泰永續高股息,45,2,43
 元大南勢,元大高股息,37,7,30
 元大南勢,00830國泰費城半導體,18,1,17
 元大南勢,慧洋-KY,15,0,15
 元大南勢,00724B群益投資級金融債,14,0,14
 元大南勢,00632R元大台灣50反1,12,0,12
 元大南勢,00919群益台灣精選高息,12,2,10
 元大南勢,00946群益科技高息成長,10,0,10
 元大南勢,00680L元大美債20正2,10,0,10
 元大南勢,臺企銀,10,0,10
 元大南勢,緯創,11,2,9
 元大南勢,凱美,8,0,8
 元大南勢,聯電,48,42,6
 元大南勢,亞光,6,1,5
 元大南勢,00887永豐中國科技50大,5,0,5
 元大南勢,國票金,5,0,5
 元大南勢,事欣科,6,1,5
 元大南勢,松普,5,0,5
 元大南勢,立隆電,4,0,4
 元大南勢,聯合再生,4,0,4
 元大南勢,聯光通,10,6,4
 元大南勢,立敦,10,6,4
 元大南勢,欣興,4,1,3
 元大南勢,廣達,3,0,3
 元大南勢,陽明,3,0,3
 元大南勢,00772B中信高評級公司債,3,0,3
 元大南勢,華邦電,5,2,3
 元大南勢,英業達,4,1,3
 元大南勢,台灣高鐵,3,0,3
 元大南勢,頎邦,3,0,3
 元大南勢,萬潤,3,0,3
 元大南勢,昆盈,5,3,2
 元大南勢,汎銓,2,0,2
 元大南勢,00675L富邦臺灣加權正2,2,0,2
 元大南勢,00905FT臺灣Smart,2,0,2
 元大南勢,00967B元大優息美債,2,0,2
 元大南勢,中興電,2,0,2
 元大南勢,堤維西,4,2,2
 元大南勢,揚智,2,0,2
 元大南勢,連展投控,2,0,2
 元大南勢,環宇-KY,4,2,2
 元大南勢,四維航,2,0,2
 元大南勢,上海商銀,2,0,2
 元大南勢,亞元,2,0,2
 元大南勢,00940元大台灣價值高息,10,165,-155
 元大南勢,00934中信成長高股息,0,130,-130
 元大南勢,00933B國泰10Y+金融債,0,127,-127
 元大南勢,00965元大航太防衛科技,4,107,-103
 元大南勢,00685L群益臺灣加權正2,0,35,-35
 元大南勢,00929復華台灣科技優息,0,33,-33
 元大南勢,00945B凱基美國非投等債,0,33,-33
 元大南勢,鴻準,0,26,-26
 元大南勢,台積電,2,25,-23
 元大南勢,00795B中信美國公債20年,0,20,-20
 元大南勢,00650L復華香港正2,0,20,-20
 元大南勢,00687B國泰20年美債,0,17,-17
 元大南勢,00679B元大美債20年,4,20,-16
 元大南勢,華新,0,16,-16
 元大南勢,00922國泰台灣領袖50,0,15,-15
 元大南勢,三商壽,0,15,-15
 元大南勢,順達,3,18,-15
 元大南勢,長榮航,0,14,-14
 元大南勢,00753L中信中國50正2,29,41,-12
 元大南勢,群創,0,12,-12
 元大南勢,華通,0,11,-11
 元大南勢,欣銓,3,14,-11
 元大南勢,亞力,0,10,-10
 元大南勢,元大金,2,10,-8
 元大南勢,大同,2,10,-8
 元大南勢,中美晶,0,6,-6
 元大南勢,力積電,3,9,-6
 元大南勢,緯穎,0,6,-6
 元大南勢,006208富邦台50,0,6,-6
 元大南勢,凱基金,0,5,-5
 元大南勢,00943兆豐電子高息等權,0,5,-5
 元大南勢,中鋼,1,6,-5
 元大南勢,中華,0,5,-5
 元大南勢,廣宇,0,5,-5
 元大南勢,建漢,0,5,-5
 元大南勢,伍豐,0,5,-5
 元大南勢,華城,3,7,-4
 元大南勢,00931B統一美債20年,0,4,-4
 元大南勢,台亞,0,4,-4
 元大南勢,聯亞,0,4,-4
 元大南勢,倉和,0,4,-4
 元大南勢,宏致,5,8,-3
 元大南勢,00646元大S＆P500,0,3,-3
 元大南勢,東元,0,3,-3
 元大南勢,華榮,0,3,-3
 元大南勢,海光,0,3,-3
 元大南勢,仁寶,0,3,-3
 元大南勢,瑞智,0,3,-3
 元大南勢,華容,0,3,-3
 元大南勢,華星光,11,14,-3
華南潮州,聯電,112,9,103
華南潮州,00706L期元大S＆P日圓正2,93,0,93
華南潮州,緯創,61,3,58
華南潮州,00637L元大滬深300正2,46,10,36
華南潮州,榮群,21,0,21
華南潮州,英業達,27,8,19
華南潮州,精誠,20,1,19
華南潮州,大成鋼,19,1,18
華南潮州,00900富邦特選高股息30,17,0,17
華南潮州,00919群益台灣精選高息,25,8,17
華南潮州,台化,15,0,15
華南潮州,宏遠證,15,0,15
華南潮州,台泥,14,0,14
華南潮州,00878國泰永續高股息,30,17,13
華南潮州,萬泰科,13,0,13
華南潮州,00770國泰北美科技,11,0,11
華南潮州,00852L國泰美國道瓊正2,10,0,10
華南潮州,00633L富邦上証正2,10,0,10
華南潮州,三芳,10,0,10
華南潮州,聯邦銀,10,0,10
華南潮州,安瑞-KY,10,0,10
華南潮州,和椿,20,10,10
華南潮州,國光生,9,0,9
華南潮州,永捷,9,0,9
華南潮州,亞光,10,1,9
華南潮州,陽明,9,1,8
華南潮州,欣興,10,2,8
華南潮州,宏��,9,1,8
華南潮州,00915凱基優選高股息30,8,0,8
華南潮州,00858永豐美國500大,8,0,8
華南潮州,技嘉,12,4,8
華南潮州,加百裕,10,2,8
華南潮州,群益證,8,0,8
華南潮州,宏達電,61,53,8
華南潮州,00830國泰費城半導體,8,0,8
華南潮州,光洋科,7,0,7
華南潮州,台新金,8,1,7
華南潮州,燿華,8,2,6
華南潮州,00882中信中國高股息,6,0,6
華南潮州,00935野村臺灣新科技50,6,0,6
華南潮州,達邁,8,3,5
華南潮州,聯發,5,0,5
華南潮州,東元,10,5,5
華南潮州,健喬,5,0,5
華南潮州,聯德控股-KY,5,0,5
華南潮州,鈺創,5,0,5
華南潮州,擎亞,7,2,5
華南潮州,00632R元大台灣50反1,4,0,4
華南潮州,亞航,4,0,4
華南潮州,00918大華優利高填息30,4,0,4
華南潮州,群創,2,218,-216
華南潮州,泰金寶-DR,42,98,-56
華南潮州,00965元大航太防衛科技,0,52,-52
華南潮州,00971野村美國研發龍頭,0,40,-40
華南潮州,神達,20,57,-37
華南潮州,00940元大台灣價值高息,10,44,-34
華南潮州,亞翔,0,23,-23
華南潮州,00665L富邦�琤肭磪囓�2,0,20,-20
華南潮州,益航,0,20,-20
華南潮州,力積電,15,33,-18
華南潮州,新光金,0,16,-16
華南潮州,華南金,0,15,-15
華南潮州,00929復華台灣科技優息,0,15,-15
華南潮州,鴻海,4,18,-14
華南潮州,華夏,0,13,-13
華南潮州,恆大,8,20,-12
華南潮州,昆盈,0,11,-11
華南潮州,華星光,4,14,-10
華南潮州,00927群益半導體收益,2,12,-10
華南潮州,金像電,0,10,-10
華南潮州,遠見,0,10,-10
華南潮州,事欣科,0,10,-10
華南潮州,新盛力,14,24,-10
華南潮州,友勁,0,10,-10
華南潮州,安集,0,10,-10
華南潮州,能率網通,0,10,-10
華南潮州,高端疫苗,0,9,-9
華南潮州,華邦電,0,9,-9
華南潮州,眾達-KY,9,17,-8
華南潮州,新日興,2,9,-7
華南潮州,00951台新日本半導體,0,7,-7
華南潮州,精剛,0,7,-7
華南潮州,廣宇,0,7,-7
華南潮州,友達,3,10,-7
華南潮州,訊映,0,7,-7
華南潮州,弘凱,0,7,-7
華南潮州,驊訊,2,9,-7
華南潮州,日月光投控,1,7,-6
華南潮州,宏致,2,8,-6
華南潮州,威盛,1,7,-6
華南潮州,強茂,0,6,-6
華南潮州,夆典,0,6,-6
華南潮州,國精化,0,6,-6
華南潮州,北基,0,6,-6
華南潮州,00907永豐優息存股,0,6,-6
華南潮州,大亞,0,6,-6
華南潮州,立��,4,10,-6
華南潮州,矽統,5,11,-6
華南潮州,奇鋐,0,5,-5
華南潮州,00690兆豐藍籌30,0,5,-5
 元富西松,精成科,140,35,105
 元富西松,眾達-KY,67,15,52
 元富西松,波若威,89,48,41
 元富西松,振曜,40,0,40
 元富西松,錸德,40,1,39
 元富西松,元大高股息,40,4,36
 元富西松,新建,31,0,31
 元富西松,承業醫,30,0,30
 元富西松,欣厚-KY,30,0,30
 元富西松,順達,40,12,28
 元富西松,台積電,118,95,23
 元富西松,00757統一FANG+,25,2,23
 元富西松,鴻準,26,7,19
 元富西松,鴻海,23,6,17
 元富西松,00919群益台灣精選高息,16,0,16
 元富西松,長華*,16,0,16
 元富西松,00637L元大滬深300正2,16,1,15
 元富西松,聯電,20,6,14
 元富西松,佳能,14,1,13
 元富西松,龍巖,20,7,13
 元富西松,力積電,27,14,13
 元富西松,偉訓,16,4,12
 元富西松,西勝,12,0,12
 元富西松,建大,12,0,12
 元富西松,世界,10,0,10
 元富西松,旭品,10,0,10
 元富西松,合機,10,0,10
 元富西松,成霖,10,0,10
 元富西松,00888永豐台灣ESG,10,0,10
 元富西松,00706L期元大S＆P日圓正2,10,0,10
 元富西松,00909國泰數位支付服務,10,0,10
 元富西松,亞光,14,5,9
 元富西松,緯創,10,1,9
 元富西松,長榮,9,0,9
 元富西松,三芳,9,1,8
 元富西松,統一證,8,0,8
 元富西松,00951台新日本半導體,8,0,8
 元富西松,京城銀,8,0,8
 元富西松,科妍,7,0,7
 元富西松,泰茂,7,0,7
 元富西松,展達,7,0,7
 元富西松,00878國泰永續高股息,6,0,6
 元富西松,光洋科,21,15,6
 元富西松,群創,6,0,6
 元富西松,日月光投控,7,1,6
 元富西松,華新,5,0,5
 元富西松,廣達,8,3,5
 元富西松,立��,14,9,5
 元富西松,精材,14,9,5
 元富西松,富威電力,6,1,5
 元富西松,00980B台新特選IG債10+,50,1000,-950
 元富西松,宏達電,104,251,-147
 元富西松,泰金寶-DR,6,96,-90
 元富西松,神達,38,102,-64
 元富西松,聯鈞,53,101,-48
 元富西松,新光金,0,34,-34
 元富西松,宏致,6,26,-20
 元富西松,欣銓,23,41,-18
 元富西松,永豐餘,0,16,-16
 元富西松,聯亞,1,16,-15
 元富西松,東浦,0,14,-14
 元富西松,00645富邦日本,1,14,-13
 元富西松,萬泰科,2,15,-13
 元富西松,00953B群益優選非投等債,0,12,-12
 元富西松,國泰金,0,11,-11
 元富西松,訊達,5,16,-11
 元富西松,德晉,9,20,-11
 元富西松,彰銀,0,11,-11
 元富西松,長榮航,3,13,-10
 元富西松,玉山金,0,10,-10
 元富西松,世紀,11,20,-9
 元富西松,00887永豐中國科技50大,0,9,-9
 元富西松,00882中信中國高股息,0,9,-9
 元富西松,00940元大台灣價值高息,0,8,-8
 元富西松,御嵿,0,8,-8
 元富西松,神基,0,8,-8
 元富西松,大成鋼,4,11,-7
 元富西松,光環,4,11,-7
 元富西松,旺矽,1,8,-7
 元富西松,高端疫苗,5,12,-7
 元富西松,新日興,4,10,-6
 元富西松,毛寶,0,6,-6
 元富西松,橋椿,0,6,-6
 元富西松,台達電,1,6,-5
 元富西松,00875國泰網路資安,0,5,-5
 元富西松,日勝生,0,5,-5
 元富西松,三商壽,0,5,-5
 元富西松,台新金,0,5,-5
 元富西松,宏旭-KY,0,5,-5
 元富西松,昇陽半導體,2,7,-5
 元富西松,中鴻,0,5,-5
 元富西松,興能高,46,50,-4
 元富西松,瑞儀,1,5,-4
 元富西松,00929復華台灣科技優息,0,4,-4
 元富西松,中石化,0,4,-4
 元富西松,富喬,38,42,-4
 元富西松,奇鋐,3,7,-4
 元富西松,健喬,0,3,-3
 元富西松,銘旺科,0,3,-3
 元富西松,良維,0,3,-3
兆豐岡山,瀚宇博,59,0,59
兆豐岡山,聯電,55,9,46
兆豐岡山,緯創,46,4,42
兆豐岡山,00937B群益ESG投等債20,47,9,38
兆豐岡山,00909國泰數位支付服務,35,0,35
兆豐岡山,00919群益台灣精選高息,30,2,28
兆豐岡山,笙泉,22,0,22
兆豐岡山,榮科,18,0,18
兆豐岡山,新盛力,45,33,12
兆豐岡山,長華*,12,0,12
兆豐岡山,00933B國泰10Y+金融債,10,0,10
兆豐岡山,00953B群益優選非投等債,10,0,10
兆豐岡山,中環,10,0,10
兆豐岡山,高雄銀,10,0,10
兆豐岡山,榮運,9,0,9
兆豐岡山,中天,8,0,8
兆豐岡山,乙盛-KY,6,0,6
兆豐岡山,精成科,9,3,6
兆豐岡山,00958B永豐ESG銀行債15,5,0,5
兆豐岡山,聯成,5,0,5
兆豐岡山,中鴻,6,1,5
兆豐岡山,全新,6,1,5
兆豐岡山,高鋒,5,0,5
兆豐岡山,興能高,48,43,5
兆豐岡山,綠界科技*,5,0,5
兆豐岡山,台虹,5,0,5
兆豐岡山,00878國泰永續高股息,16,11,5
兆豐岡山,00930永豐ESG低碳高息,4,0,4
兆豐岡山,00713元大台灣高息低波,4,0,4
兆豐岡山,大同,10,6,4
兆豐岡山,廣達,9,5,4
兆豐岡山,京城,4,0,4
兆豐岡山,山富,4,0,4
兆豐岡山,千如,4,0,4
兆豐岡山,欣銓,6,2,4
兆豐岡山,聯合再生,4,0,4
兆豐岡山,慶騰,4,0,4
兆豐岡山,金山電,4,0,4
兆豐岡山,達邁,13,9,4
兆豐岡山,鴻海,12,8,4
兆豐岡山,元大高股息,5,2,3
兆豐岡山,恆大,4,1,3
兆豐岡山,00679B元大美債20年,3,0,3
兆豐岡山,00637L元大滬深300正2,3,0,3
兆豐岡山,中興電,3,0,3
兆豐岡山,喬福,3,0,3
兆豐岡山,富喬,13,10,3
兆豐岡山,佳世達,3,0,3
兆豐岡山,佳能,6,3,3
兆豐岡山,元大金,3,0,3
兆豐岡山,凱基金,0,80,-80
兆豐岡山,力積電,23,91,-68
兆豐岡山,00712復華富時不動產,0,55,-55
兆豐岡山,00980B台新特選IG債10+,0,39,-39
兆豐岡山,00830國泰費城半導體,0,28,-28
兆豐岡山,亞泰,0,23,-23
兆豐岡山,00929復華台灣科技優息,0,23,-23
兆豐岡山,00936台新永續高息中小,0,21,-21
兆豐岡山,凱美,0,20,-20
兆豐岡山,連展投控,0,20,-20
兆豐岡山,燿華,0,15,-15
兆豐岡山,日月光投控,3,15,-12
兆豐岡山,00940元大台灣價值高息,5,17,-12
兆豐岡山,星宇航空,0,12,-12
兆豐岡山,圓剛,0,11,-11
兆豐岡山,新光金,0,11,-11
兆豐岡山,北基,0,10,-10
兆豐岡山,00887永豐中國科技50大,0,10,-10
兆豐岡山,帝寶,0,10,-10
兆豐岡山,和椿,1,10,-9
兆豐岡山,神達,20,28,-8
兆豐岡山,東哥遊艇,0,8,-8
兆豐岡山,00941中信上游半導體,0,7,-7
兆豐岡山,廣宇,3,10,-7
兆豐岡山,友達,0,7,-7
兆豐岡山,宏達電,16,23,-7
兆豐岡山,僑威,0,7,-7
兆豐岡山,優盛,0,6,-6
兆豐岡山,榮剛,0,6,-6
兆豐岡山,長榮,0,6,-6
兆豐岡山,元大台灣50,4,10,-6
兆豐岡山,十銓,0,5,-5
兆豐岡山,00922國泰台灣領袖50,0,4,-4
兆豐岡山,廣明,3,7,-4
兆豐岡山,中石化,1,5,-4
兆豐岡山,00881國泰台灣5G+,0,4,-4
兆豐岡山,臺企銀,6,10,-4
兆豐岡山,景碩,0,4,-4
兆豐岡山,德晉,0,4,-4
兆豐岡山,協易機,0,4,-4
兆豐岡山,006208富邦台50,0,3,-3
兆豐岡山,華星光,4,7,-3
兆豐岡山,00916國泰全球品牌50,0,3,-3
兆豐岡山,00692富邦公司治理,0,3,-3
兆豐岡山,00939統一台灣高息動能,0,3,-3
兆豐岡山,官田鋼,0,3,-3
兆豐岡山,華邦電,0,3,-3
兆豐岡山,南亞科,1,4,-3
兆豐岡山,立隆電,44,47,-3
兆豐岡山,增你強,0,3,-3
 元富虎尾,聯電,162,10,152
 元富虎尾,00632R元大台灣50反1,90,0,90
 元富虎尾,00887永豐中國科技50大,50,0,50
 元富虎尾,台積電,44,9,35
 元富虎尾,華容,30,0,30
 元富虎尾,00637L元大滬深300正2,36,10,26
 元富虎尾,00937B群益ESG投等債20,23,0,23
 元富虎尾,00919群益台灣精選高息,20,1,19
 元富虎尾,00656R國泰中國A50反1,134,116,18
 元富虎尾,裕融,19,1,18
 元富虎尾,育富,14,0,14
 元富虎尾,泰金寶-DR,22,10,12
 元富虎尾,緯創,16,4,12
 元富虎尾,金寶,10,0,10
 元富虎尾,正德,25,15,10
 元富虎尾,大宇資,6,0,6
 元富虎尾,萬旭,6,0,6
 元富虎尾,頎邦,6,0,6
 元富虎尾,元大高股息,6,1,5
 元富虎尾,鴻海,14,8,6
 元富虎尾,00918大華優利高填息30,5,0,5
 元富虎尾,神達,100,95,5
 元富虎尾,亞光,9,4,5
 元富虎尾,台塑,11,6,5
 元富虎尾,00706L期元大S＆P日圓正2,5,0,5
 元富虎尾,00671R富邦NASDAQ反1,5,0,5
 元富虎尾,00900富邦特選高股息30,5,0,5
 元富虎尾,統一,5,0,5
 元富虎尾,泰茂,8,3,5
 元富虎尾,慧洋-KY,5,0,5
 元富虎尾,聯發國際,5,0,5
 元富虎尾,聯鈞,26,21,5
 元富虎尾,揚明光,5,0,5
 元富虎尾,合勤控,5,0,5
 元富虎尾,環宇-KY,23,18,5
 元富虎尾,昇陽半導體,5,0,5
 元富虎尾,欣興,4,0,4
 元富虎尾,聯成,4,0,4
 元富虎尾,宏��,20,16,4
 元富虎尾,建漢,4,0,4
 元富虎尾,正達,5,1,4
 元富虎尾,順達,13,9,4
 元富虎尾,富采,4,0,4
 元富虎尾,力積電,14,10,4
 元富虎尾,大成鋼,4,0,4
 元富虎尾,00905FT臺灣Smart,3,0,3
 元富虎尾,00655L國泰中國A50正2,12,9,3
 元富虎尾,濱川,3,0,3
 元富虎尾,第一銅,3,0,3
 元富虎尾,華泰,3,0,3
 元富虎尾,00980B台新特選IG債10+,0,738,-738
 元富虎尾,00877復華中國5G,9,100,-91
 元富虎尾,00929復華台灣科技優息,0,86,-86
 元富虎尾,00940元大台灣價值高息,0,51,-51
 元富虎尾,凱崴,0,39,-39
 元富虎尾,台化,74,110,-36
 元富虎尾,保瑞,0,34,-34
 元富虎尾,00891中信關鍵半導體,0,23,-23
 元富虎尾,友訊,0,22,-22
 元富虎尾,友達,0,22,-22
 元富虎尾,光環,0,22,-22
 元富虎尾,鴻華先進-創,0,20,-20
 元富虎尾,合一,0,20,-20
 元富虎尾,精確,0,19,-19
 元富虎尾,宏達電,11,30,-19
 元富虎尾,欣銓,8,26,-18
 元富虎尾,台塑化,55,72,-17
 元富虎尾,新光金,0,17,-17
 元富虎尾,加捷生醫,0,15,-15
 元富虎尾,00882中信中國高股息,1,15,-14
 元富虎尾,富邦金,0,12,-12
 元富虎尾,大同,10,22,-12
 元富虎尾,00951台新日本半導體,0,12,-12
 元富虎尾,御嵿,0,11,-11
 元富虎尾,連展投控,3,14,-11
 元富虎尾,福懋油,0,10,-10
 元富虎尾,新纖,0,10,-10
 元富虎尾,揚智,0,10,-10
 元富虎尾,精材,5,15,-10
 元富虎尾,穎漢,10,20,-10
 元富虎尾,金橋,0,10,-10
 元富虎尾,00662富邦NASDAQ,0,10,-10
 元富虎尾,長榮,3,11,-8
 元富虎尾,佳能,2,10,-8
 元富虎尾,南茂,0,8,-8
 元富虎尾,燿華,1,8,-7
 元富虎尾,圓剛,0,7,-7
 元富虎尾,00757統一FANG+,1,8,-7
 元富虎尾,00930永豐ESG低碳高息,0,6,-6
 元富虎尾,瑞軒,0,6,-6
 元富虎尾,彰銀,0,6,-6
 元富虎尾,裕隆,0,5,-5
 元富虎尾,00932兆豐永續高息等權,0,5,-5
 元富虎尾,中華電,0,5,-5
 元富虎尾,麗臺,0,5,-5
 元富虎尾,錦明,0,5,-5
 元富虎尾,宏致,2,7,-5
 元富虎尾,聯光通,0,5,-5
 元富虎尾,泰鼎-KY,0,5,-5
 元富虎尾,友勁,0,5,-5
第一稻埕,緯創,616,5,611
第一稻埕,00937B群益ESG投等債20,104,2,102
第一稻埕,聯電,67,1,66
第一稻埕,宇隆,60,0,60
第一稻埕,00940元大台灣價值高息,50,5,45
第一稻埕,元大高股息,28,0,28
第一稻埕,00878國泰永續高股息,16,0,16
第一稻埕,加百裕,12,1,11
第一稻埕,愛山林,10,0,10
第一稻埕,00881國泰台灣5G+,10,0,10
第一稻埕,00664R國泰臺灣加權反1,10,0,10
第一稻埕,00686R群益臺灣加權反1,10,0,10
第一稻埕,統一,10,0,10
第一稻埕,台灣高鐵,10,0,10
第一稻埕,牧德,10,0,10
第一稻埕,欣銓,11,1,10
第一稻埕,中鋼,10,1,9
第一稻埕,00909國泰數位支付服務,8,0,8
第一稻埕,宜鼎,8,0,8
第一稻埕,圓剛,9,1,8
第一稻埕,昇貿,8,0,8
第一稻埕,新應材,8,1,7
第一稻埕,廣達,7,0,7
第一稻埕,矽格,13,6,7
第一稻埕,技嘉,9,2,7
第一稻埕,00632R元大台灣50反1,6,0,6
第一稻埕,南亞,6,0,6
第一稻埕,昇陽半導體,10,4,6
第一稻埕,00858永豐美國500大,5,0,5
第一稻埕,00642U期元大S＆P石油,5,0,5
第一稻埕,光洋科,5,0,5
第一稻埕,國產,6,1,5
第一稻埕,淘帝-KY,5,0,5
第一稻埕,華盈,5,0,5
第一稻埕,兆利,5,0,5
第一稻埕,聯上,5,0,5
第一稻埕,國光生,5,0,5
第一稻埕,力積電,5,0,5
第一稻埕,00635U期元大S＆P黃金,5,1,4
第一稻埕,和椿,4,0,4
第一稻埕,00679B元大美債20年,5,1,4
第一稻埕,國揚,4,0,4
第一稻埕,王道銀行,4,0,4
第一稻埕,海華,4,0,4
第一稻埕,00713元大台灣高息低波,3,0,3
第一稻埕,00915凱基優選高股息30,3,0,3
第一稻埕,雋揚,3,0,3
第一稻埕,和大,3,0,3
第一稻埕,敬鵬,3,0,3
第一稻埕,遠百,3,0,3
第一稻埕,台化,0,50,-50
第一稻埕,群創,29,70,-41
第一稻埕,所羅門,2,30,-28
第一稻埕,亞翔,2,26,-24
第一稻埕,聯一光,0,20,-20
第一稻埕,00688L國泰20年美債正2,1,20,-19
第一稻埕,00882中信中國高股息,2,20,-18
第一稻埕,00960野村全球航運龍頭,0,16,-16
第一稻埕,00655L國泰中國A50正2,0,15,-15
第一稻埕,凱基金,0,15,-15
第一稻埕,泰金寶-DR,5,20,-15
第一稻埕,台積電,0,15,-15
第一稻埕,00910第一金太空衛星,2,15,-13
第一稻埕,宏致,2,14,-12
第一稻埕,長榮,1,12,-11
第一稻埕,00935野村臺灣新科技50,0,10,-10
第一稻埕,華泰,0,10,-10
第一稻埕,中華電,0,10,-10
第一稻埕,陽明,1,11,-10
第一稻埕,中美晶,0,10,-10
第一稻埕,912000晨訊科-DR,10,20,-10
第一稻埕,大成鋼,1,10,-9
第一稻埕,彰銀,1,10,-9
第一稻埕,00877復華中國5G,0,8,-8
第一稻埕,00722B群益投資級電信債,2,10,-8
第一稻埕,力麗,0,8,-8
第一稻埕,華通,4,11,-7
第一稻埕,菱生,0,7,-7
第一稻埕,尖點,0,7,-7
第一稻埕,神達,26,32,-6
第一稻埕,00929復華台灣科技優息,20,26,-6
第一稻埕,友訊,0,6,-6
第一稻埕,錸德,1,7,-6
第一稻埕,新建,2,8,-6
第一稻埕,富邦金,2,8,-6
第一稻埕,北基,0,6,-6
第一稻埕,台達電,0,5,-5
第一稻埕,富喬,4,9,-5
第一稻埕,00738U期元大道瓊白銀,0,5,-5
第一稻埕,兆豐金,0,5,-5
第一稻埕,磐儀,0,5,-5
第一稻埕,東台,0,5,-5
第一稻埕,合庫金,0,5,-5
第一稻埕,興能高,13,18,-5
第一稻埕,凌巨,0,5,-5
第一稻埕,立敦,4,9,-5
第一稻埕,華星光,4,9,-5
第一稻埕,006208富邦台50,4,8,-4
第一稻埕,00751B元大AAA至A公司債,0,4,-4
第一稻埕,大同,0,4,-4
國泰敦南,聯電,2582,976,1606
國泰敦南,00937B群益ESG投等債20,1538,463,1075
國泰敦南,00878國泰永續高股息,1734,1047,687
國泰敦南,00919群益台灣精選高息,1235,627,608
國泰敦南,00753L中信中國50正2,751,225,526
國泰敦南,00637L元大滬深300正2,1396,896,500
國泰敦南,元大高股息,1115,709,406
國泰敦南,00679B元大美債20年,580,248,332
國泰敦南,00933B國泰10Y+金融債,408,86,322
國泰敦南,緯創,779,460,319
國泰敦南,00858永豐美國500大,362,79,283
國泰敦南,00665L富邦�琤肭磪囓�2,1423,1151,272
國泰敦南,兆豐金,291,30,261
國泰敦南,00882中信中國高股息,354,115,239
國泰敦南,00719B元大美債1-3,250,21,229
國泰敦南,00706L期元大S＆P日圓正2,360,184,176
國泰敦南,00980B台新特選IG債10+,180,20,160
國泰敦南,00918大華優利高填息30,464,314,150
國泰敦南,00971野村美國研發龍頭,220,80,140
國泰敦南,00950B凱基A級公司債,387,255,132
國泰敦南,欣興,303,173,130
國泰敦南,00970B新光BBB投等債20,124,0,124
國泰敦南,英業達,389,269,120
國泰敦南,聯鈞,1384,1267,117
國泰敦南,立��,469,354,115
國泰敦南,三商壽,300,187,113
國泰敦南,永豐金,144,33,111
國泰敦南,合庫金,158,47,111
國泰敦南,00687B國泰20年美債,527,420,107
國泰敦南,大成鋼,306,202,104
國泰敦南,達邁,985,887,98
國泰敦南,00945B凱基美國非投等債,142,45,97
國泰敦南,00917中信特選金融,128,43,85
國泰敦南,偉全,81,0,81
國泰敦南,台產,76,0,76
國泰敦南,昇陽半導體,188,114,74
國泰敦南,00953B群益優選非投等債,564,490,74
國泰敦南,00770國泰北美科技,94,21,73
國泰敦南,00686R群益臺灣加權反1,71,1,70
國泰敦南,00795B中信美國公債20年,86,19,67
國泰敦南,00733富邦臺灣中小,77,11,66
國泰敦南,中鋼,336,270,66
國泰敦南,宏齊,118,55,63
國泰敦南,聯合再生,100,37,63
國泰敦南,海華,168,112,56
國泰敦南,00650L復華香港正2,422,369,53
國泰敦南,00960野村全球航運龍頭,128,76,52
國泰敦南,立隆電,853,801,52
國泰敦南,元大金,77,25,52
國泰敦南,00857B永豐20年美公債,68,18,50
國泰敦南,00940元大台灣價值高息,124,2007,-1883
國泰敦南,00929復華台灣科技優息,213,2012,-1799
國泰敦南,00688L國泰20年美債正2,164,885,-721
國泰敦南,00664R國泰臺灣加權反1,72,710,-638
國泰敦南,神達,2531,3151,-620
國泰敦南,00922國泰台灣領袖50,292,825,-533
國泰敦南,00931B統一美債20年,92,613,-521
國泰敦南,00680L元大美債20正2,220,668,-448
國泰敦南,00951台新日本半導體,14,458,-444
國泰敦南,00941中信上游半導體,20,454,-434
國泰敦南,友達,91,509,-418
國泰敦南,凱基金,69,459,-390
國泰敦南,00673R期元大S＆P原油反1,168,549,-381
國泰敦南,00936台新永續高息中小,9,348,-339
國泰敦南,00632R元大台灣50反1,419,757,-338
國泰敦南,00675L富邦臺灣加權正2,140,463,-323
國泰敦南,興能高,3423,3734,-311
國泰敦南,00939統一台灣高息動能,11,320,-309
國泰敦南,華航,109,409,-300
國泰敦南,00954中信日本半導體,8,288,-280
國泰敦南,國泰金,62,333,-271
國泰敦南,00934中信成長高股息,16,275,-259
國泰敦南,宏達電,2946,3199,-253
國泰敦南,00887永豐中國科技50大,25,272,-247
國泰敦南,宏致,362,596,-234
國泰敦南,台積電,164,391,-227
國泰敦南,友訊,64,291,-227
國泰敦南,00631L元大台灣50正2,152,374,-222
國泰敦南,富邦金,49,267,-218
國泰敦南,環宇-KY,1032,1227,-195
國泰敦南,006208富邦台50,485,679,-194
國泰敦南,日月光投控,82,263,-181
國泰敦南,星宇航空,53,233,-180
國泰敦南,00881國泰台灣5G+,123,301,-178
國泰敦南,欣銓,313,473,-160
國泰敦南,00893國泰智能電動車,47,205,-158
國泰敦南,00685L群益臺灣加權正2,13,169,-156
國泰敦南,00905FT臺灣Smart,165,321,-156
國泰敦南,元大台灣50,219,370,-151
國泰敦南,華通,77,228,-151
國泰敦南,群創,91,240,-149
國泰敦南,大同,61,204,-143
國泰敦南,00757統一FANG+,106,248,-142
國泰敦南,元晶,9,147,-138
國泰敦南,00948B中信優息投資級債,187,324,-137
國泰敦南,長榮,82,218,-136
國泰敦南,00900富邦特選高股息30,35,166,-131
國泰敦南,00730富邦臺灣優質高息,1,132,-131
國泰敦南,00935野村臺灣新科技50,67,198,-131
國泰敦南,台灣虎航,190,320,-130
 元大三重,聯電,53,3,50
 元大三重,台積電,51,3,48
 元大三重,力智,30,0,30
 元大三重,創惟,30,2,28
 元大三重,晟銘電,25,0,25
 元大三重,精材,25,0,25
 元大三重,00953B群益優選非投等債,25,3,22
 元大三重,00637L元大滬深300正2,18,0,18
 元大三重,能率網通,20,2,18
 元大三重,00900富邦特選高股息30,16,0,16
 元大三重,立積,29,13,16
 元大三重,華通,14,0,14
 元大三重,00915凱基優選高股息30,10,0,10
 元大三重,00715L期街口布蘭特正2,10,0,10
 元大三重,00665L富邦�琤肭磪囓�2,10,0,10
 元大三重,00671R富邦NASDAQ反1,10,0,10
 元大三重,宏達電,57,47,10
 元大三重,建漢,10,0,10
 元大三重,00706L期元大S＆P日圓正2,8,0,8
 元大三重,00632R元大台灣50反1,7,0,7
 元大三重,福壽,7,0,7
 元大三重,神達,69,62,7
 元大三重,廣運,9,2,7
 元大三重,眾達-KY,15,9,6
 元大三重,00937B群益ESG投等債20,6,0,6
 元大三重,第一金,10,4,6
 元大三重,00669R國泰美國道瓊反1,5,0,5
 元大三重,國喬,5,0,5
 元大三重,圓剛,39,34,5
 元大三重,永豐金,5,0,5
 元大三重,台特化,5,0,5
 元大三重,擎邦,5,0,5
 元大三重,佳邦,5,0,5
 元大三重,欣興,15,10,5
 元大三重,00858永豐美國500大,4,0,4
 元大三重,中鋼,6,2,4
 元大三重,精成科,5,1,4
 元大三重,00909國泰數位支付服務,4,0,4
 元大三重,興勤,4,0,4
 元大三重,事欣科,37,33,4
 元大三重,00753L中信中國50正2,3,0,3
 元大三重,006208富邦台50,11,8,3
 元大三重,海悅,3,0,3
 元大三重,00712復華富時不動產,3,0,3
 元大三重,00927群益半導體收益,3,0,3
 元大三重,冠西電,3,0,3
 元大三重,希華,3,0,3
 元大三重,昇達科,5,2,3
 元大三重,友威科,3,0,3
 元大三重,全球傳動,3,0,3
 元大三重,00940元大台灣價值高息,0,519,-519
 元大三重,國泰金,31,163,-132
 元大三重,緯創,2,132,-130
 元大三重,台新金,0,100,-100
 元大三重,宏易,0,40,-40
 元大三重,00965元大航太防衛科技,0,30,-30
 元大三重,連展投控,2,30,-28
 元大三重,中信金,0,23,-23
 元大三重,國統,0,21,-21
 元大三重,00762元大全球AI,0,20,-20
 元大三重,富邦金,0,16,-16
 元大三重,00878國泰永續高股息,5,20,-15
 元大三重,臺企銀,0,15,-15
 元大三重,雷科,0,15,-15
 元大三重,亞翔,6,17,-11
 元大三重,新光金,0,11,-11
 元大三重,力積電,4,15,-11
 元大三重,ITH-KY,0,11,-11
 元大三重,亞泥,0,10,-10
 元大三重,皇昌,0,10,-10
 元大三重,元大台灣50,1,9,-8
 元大三重,鴻海,11,19,-8
 元大三重,中興電,0,8,-8
 元大三重,金像電,0,7,-7
 元大三重,大同,0,7,-7
 元大三重,00679B元大美債20年,3,10,-7
 元大三重,華南金,0,6,-6
 元大三重,00905FT臺灣Smart,0,6,-6
 元大三重,台塑,0,6,-6
 元大三重,台玻,1,7,-6
 元大三重,亞光,7,13,-6
 元大三重,00919群益台灣精選高息,10,16,-6
 元大三重,00929復華台灣科技優息,2,8,-6
 元大三重,東森,0,5,-5
 元大三重,光頡,0,5,-5
 元大三重,和碩,0,5,-5
 元大三重,鈺創,0,5,-5
 元大三重,合晶,0,5,-5
 元大三重,來頡,0,5,-5
 元大三重,順達,2,6,-4
 元大三重,銘旺科,0,4,-4
 元大三重,第一保,0,4,-4
 元大三重,波若威,19,23,-4
 元大三重,光環,3,7,-4
 元大三重,雷虎,0,4,-4
 元大三重,00935野村臺灣新科技50,0,3,-3
 元大三重,吉茂,0,3,-3
 元大三重,台揚,4,7,-3
 元大三重,燿華,0,3,-3
 元大三重,皇翔,0,3,-3
 企銀北高 ,新建,118,0,118
 企銀北高 ,00665L富邦�琤肭磪囓�2,100,50,50
 企銀北高 ,00882中信中國高股息,30,0,30
 企銀北高 ,聯電,17,0,17
 企銀北高 ,欣興,13,0,13
 企銀北高 ,星宇航空,10,0,10
 企銀北高 ,永豐金,10,0,10
 企銀北高 ,00918大華優利高填息30,10,2,8
 企銀北高 ,ABC-KY,8,0,8
 企銀北高 ,幸福,6,0,6
 企銀北高 ,00648R元大S＆P500反1,5,0,5
 企銀北高 ,一詮,5,0,5
 企銀北高 ,廣穎,5,0,5
 企銀北高 ,南茂,5,0,5
 企銀北高 ,中鋼,4,0,4
 企銀北高 ,皇昌,4,0,4
 企銀北高 ,長榮航,4,0,4
 企銀北高 ,廣達,3,0,3
 企銀北高 ,英業達,4,1,3
 企銀北高 ,合機,4,1,3
 企銀北高 ,緯創,4,1,3
 企銀北高 ,合庫金,3,0,3
 企銀北高 ,澤米,3,0,3
 企銀北高 ,立��,3,0,3
 企銀北高 ,00919群益台灣精選高息,2,0,2
 企銀北高 ,中鴻,2,0,2
 企銀北高 ,國巨,2,0,2
 企銀北高 ,中環,2,0,2
 企銀北高 ,眾達-KY,3,1,2
 企銀北高 ,力成,2,0,2
 企銀北高 ,長科*,2,0,2
 企銀北高 ,立敦,7,5,2
 企銀北高 ,AES-KY,1,0,1
 企銀北高 ,建通,2,1,1
 企銀北高 ,良得電,1,0,1
 企銀北高 ,長榮,1,0,1
 企銀北高 ,台航,1,0,1
 企銀北高 ,晟銘電,1,0,1
 企銀北高 ,亞光,1,0,1
 企銀北高 ,加百裕,3,2,1
 企銀北高 ,上詮,1,0,1
 企銀北高 ,太景*-KY,1,0,1
 企銀北高 ,東台,1,0,1
 企銀北高 ,達興材料,1,0,1
 企銀北高 ,凌陽創新,1,0,1
 企銀北高 ,中光電,1,0,1
 企銀北高 ,中租-KY,1,0,1
 企銀北高 ,廣運,1,0,1
 企銀北高 ,羅麗芬-KY,1,0,1
 企銀北高 ,中揚光,1,0,1
 企銀北高 ,中石化,0,50,-50
 企銀北高 ,三商壽,0,50,-50
 企銀北高 ,光寶科,0,20,-20
 企銀北高 ,神達,4,24,-20
 企銀北高 ,力積電,0,10,-10
 企銀北高 ,台達電,0,10,-10
 企銀北高 ,00877復華中國5G,0,10,-10
 企銀北高 ,元大高股息,1,7,-6
 企銀北高 ,潤隆,0,5,-5
 企銀北高 ,台塑,1,6,-5
 企銀北高 ,台化,1,6,-5
 企銀北高 ,大聯大,0,5,-5
 企銀北高 ,台灣虎航,0,5,-5
 企銀北高 ,鴻海,2,6,-4
 企銀北高 ,00637L元大滬深300正2,7,11,-4
 企銀北高 ,台積電,0,3,-3
 企銀北高 ,名軒,0,3,-3
 企銀北高 ,00941中信上游半導體,0,3,-3
 企銀北高 ,大同,0,3,-3
 企銀北高 ,友達,0,3,-3
 企銀北高 ,元大台灣50,0,2,-2
 企銀北高 ,華新,0,2,-2
 企銀北高 ,力特,0,2,-2
 企銀北高 ,欣銓,0,2,-2
 企銀北高 ,展達,0,2,-2
 企銀北高 ,明基材,0,2,-2
 企銀北高 ,日月光投控,0,1,-1
 企銀北高 ,奇鋐,0,1,-1
 企銀北高 ,僑威,0,1,-1
 企銀北高 ,錸德,0,1,-1
 企銀北高 ,海悅,1,2,-1
 企銀北高 ,南亞,0,1,-1
 企銀北高 ,濱川,36,37,-1
 企銀北高 ,大亞,0,1,-1
 企銀北高 ,中興電,0,1,-1
 企銀北高 ,00900富邦特選高股息30,0,1,-1
 企銀北高 ,00929復華台灣科技優息,0,1,-1
 企銀北高 ,台泥,0,1,-1
 企銀北高 ,00944野村趨勢動能高息,0,1,-1
 企銀北高 ,技嘉,0,1,-1
 企銀北高 ,怡利電,0,1,-1
 企銀北高 ,宏達電,0,1,-1
 企銀北高 ,裕民,0,1,-1
 企銀北高 ,亞航,0,1,-1
 企銀北高 ,台中銀,0,1,-1
 企銀北高 ,高雄銀,0,1,-1
 企銀北高 ,華南金,0,1,-1
 企銀北高 ,國泰金,0,1,-1
 企銀北高 ,文曄,0,1,-1
 企銀北高 ,晶睿,0,1,-1
台新高雄,聯電,715,127,588
台新高雄,新建,567,17,550
台新高雄,00878國泰永續高股息,238,70,168
台新高雄,緯創,220,109,111
台新高雄,00882中信中國高股息,107,2,105
台新高雄,華通,107,6,101
台新高雄,00751B元大AAA至A公司債,103,3,100
台新高雄,00919群益台灣精選高息,112,16,96
台新高雄,00937B群益ESG投等債20,130,43,87
台新高雄,00706L期元大S＆P日圓正2,77,0,77
台新高雄,00673R期元大S＆P原油反1,169,104,65
台新高雄,00665L富邦�琤肭磪囓�2,70,6,64
台新高雄,00942B台新美A公司債20+,65,6,59
台新高雄,台化,66,15,51
台新高雄,連展投控,60,16,44
台新高雄,欣興,64,20,44
台新高雄,臺企銀,60,17,43
台新高雄,南仁湖,50,8,42
台新高雄,昆盈,48,7,41
台新高雄,00676R富邦臺灣加權反1,40,0,40
台新高雄,神達,462,424,38
台新高雄,00632R元大台灣50反1,146,110,36
台新高雄,聚亨,38,3,35
台新高雄,國光生,40,6,34
台新高雄,00687B國泰20年美債,43,10,33
台新高雄,00953B群益優選非投等債,36,3,33
台新高雄,00753L中信中國50正2,40,7,33
台新高雄,亞光,100,68,32
台新高雄,台郡,30,1,29
台新高雄,新纖,29,0,29
台新高雄,兆豐金,29,2,27
台新高雄,智崴,26,0,26
台新高雄,00959B大華投等美債15Y+,24,0,24
台新高雄,00858永豐美國500大,36,12,24
台新高雄,立��,90,66,24
台新高雄,英業達,47,23,24
台新高雄,久昌,27,4,23
台新高雄,達邁,176,155,21
台新高雄,長華*,20,0,20
台新高雄,尚立,20,0,20
台新高雄,太子,20,0,20
台新高雄,有益,20,0,20
台新高雄,永豐金,21,1,20
台新高雄,統一證,19,0,19
台新高雄,可寧衛,21,2,19
台新高雄,合庫金,21,3,18
台新高雄,00926凱基全球菁英55,19,1,18
台新高雄,00971野村美國研發龍頭,23,5,18
台新高雄,群益證,17,0,17
台新高雄,00924復華S＆P500成長,18,1,17
台新高雄,00951台新日本半導體,1,1320,-1319
台新高雄,新光金,61,548,-487
台新高雄,00980B台新特選IG債10+,142,510,-368
台新高雄,00650L復華香港正2,25,293,-268
台新高雄,00940元大台灣價值高息,14,244,-230
台新高雄,00712復華富時不動產,4,150,-146
台新高雄,00852L國泰美國道瓊正2,2,137,-135
台新高雄,國泰金,5,129,-124
台新高雄,00929復華台灣科技優息,13,127,-114
台新高雄,台塑,62,174,-112
台新高雄,中鋼,26,137,-111
台新高雄,00690兆豐藍籌30,0,110,-110
台新高雄,彰銀,7,111,-104
台新高雄,006208富邦台50,21,106,-85
台新高雄,友達,52,134,-82
台新高雄,華星光,203,266,-63
台新高雄,星宇航空,6,68,-62
台新高雄,華城,15,72,-57
台新高雄,日月光投控,10,57,-47
台新高雄,中信金,24,71,-47
台新高雄,北基,3,50,-47
台新高雄,華航,2,45,-43
台新高雄,欣銓,104,145,-41
台新高雄,00936台新永續高息中小,0,38,-38
台新高雄,群創,12,50,-38
台新高雄,鉅祥,0,36,-36
台新高雄,00922國泰台灣領袖50,5,41,-36
台新高雄,長榮航,12,46,-34
台新高雄,00631L元大台灣50正2,6,39,-33
台新高雄,00891中信關鍵半導體,0,33,-33
台新高雄,元大台灣50,5,38,-33
台新高雄,00670L富邦NASDAQ正2,4,36,-32
台新高雄,銘旺科,0,31,-31
台新高雄,台新金,20,51,-31
台新高雄,統懋,0,30,-30
台新高雄,00965元大航太防衛科技,0,29,-29
台新高雄,百和興業-KY,1,30,-29
台新高雄,宏達電,310,338,-28
台新高雄,力積電,110,138,-28
台新高雄,合晶,0,27,-27
台新高雄,兆勁,0,25,-25
台新高雄,凱基金,4,29,-25
台新高雄,台積電,29,53,-24
台新高雄,白紗科,0,24,-24
台新高雄,00680L元大美債20正2,18,41,-23
台新高雄,00941中信上游半導體,1,24,-23
台新高雄,正達,3,25,-22
台新高雄,陽明,31,53,-22
台新高雄,好樂迪,0,21,-21
台新高雄,00895富邦未來車,1,21,-20
亞東台中 ,00953B群益優選非投等債,99,0,99
亞東台中 ,00662富邦NASDAQ,50,0,50
亞東台中 ,00858永豐美國500大,41,0,41
亞東台中 ,聯成,35,0,35
亞東台中 ,新纖,20,0,20
亞東台中 ,統一實,20,0,20
亞東台中 ,聯電,28,12,16
亞東台中 ,00675L富邦臺灣加權正2,16,0,16
亞東台中 ,百和興業-KY,12,0,12
亞東台中 ,00637L元大滬深300正2,9,0,9
亞東台中 ,富喬,11,3,8
亞東台中 ,006208富邦台50,7,1,6
亞東台中 ,台玻,9,3,6
亞東台中 ,台塑,15,10,5
亞東台中 ,力麗,5,0,5
亞東台中 ,佳能,5,0,5
亞東台中 ,宏達電,9,4,5
亞東台中 ,欣興,4,0,4
亞東台中 ,承啟,4,0,4
亞東台中 ,聯發科,4,0,4
亞東台中 ,台中銀,5,1,4
亞東台中 ,新復興,4,0,4
亞東台中 ,中石化,4,0,4
亞東台中 ,宏��,3,0,3
亞東台中 ,00655L國泰中國A50正2,3,0,3
亞東台中 ,和大,3,0,3
亞東台中 ,日電貿,3,0,3
亞東台中 ,加百裕,3,0,3
亞東台中 ,嘉聯益,6,3,3
亞東台中 ,康霈*,5,2,3
亞東台中 ,第一金,2,0,2
亞東台中 ,00725B國泰投資級公司債,2,0,2
亞東台中 ,00640L富邦日本正2,2,0,2
亞東台中 ,濱川,2,0,2
亞東台中 ,新建,2,0,2
亞東台中 ,全台,2,0,2
亞東台中 ,聯一光,2,0,2
亞東台中 ,汎銓,2,0,2
亞東台中 ,百和,2,0,2
亞東台中 ,緯創,2,0,2
亞東台中 ,環宇-KY,1,0,1
亞東台中 ,前鼎,1,0,1
亞東台中 ,承業醫,1,0,1
亞東台中 ,英業達,6,5,1
亞東台中 ,榮創,1,0,1
亞東台中 ,事欣科,1,0,1
亞東台中 ,力成,1,0,1
亞東台中 ,建大,1,0,1
亞東台中 ,揚智,1,0,1
亞東台中 ,00972野村日本動能高息,1,0,1
亞東台中 ,00919群益台灣精選高息,1,203,-202
亞東台中 ,00954中信日本半導體,0,70,-70
亞東台中 ,00929復華台灣科技優息,3,51,-48
亞東台中 ,展達,0,42,-42
亞東台中 ,力積電,0,33,-33
亞東台中 ,00712復華富時不動產,0,30,-30
亞東台中 ,達運,0,30,-30
亞東台中 ,群創,0,26,-26
亞東台中 ,興能高,0,24,-24
亞東台中 ,00706L期元大S＆P日圓正2,0,20,-20
亞東台中 ,00937B群益ESG投等債20,0,18,-18
亞東台中 ,亞翔,0,17,-17
亞東台中 ,友達,0,17,-17
亞東台中 ,順達,2,17,-15
亞東台中 ,寶成,0,15,-15
亞東台中 ,元大高股息,0,12,-12
亞東台中 ,00881國泰台灣5G+,2,12,-10
亞東台中 ,玉山金,0,10,-10
亞東台中 ,菱光,0,10,-10
亞東台中 ,00753L中信中國50正2,0,9,-9
亞東台中 ,亞聚,0,9,-9
亞東台中 ,00935野村臺灣新科技50,2,10,-8
亞東台中 ,瀧澤科,0,8,-8
亞東台中 ,神達,24,32,-8
亞東台中 ,00909國泰數位支付服務,2,9,-7
亞東台中 ,鴻海,1,8,-7
亞東台中 ,波若威,4,10,-6
亞東台中 ,新盛力,84,90,-6
亞東台中 ,合一,0,6,-6
亞東台中 ,陽明,0,5,-5
亞東台中 ,康和證,0,5,-5
亞東台中 ,精誠,5,10,-5
亞東台中 ,00878國泰永續高股息,4,9,-5
亞東台中 ,00852L國泰美國道瓊正2,2,7,-5
亞東台中 ,00679B元大美債20年,1,5,-4
亞東台中 ,台達電,0,4,-4
亞東台中 ,超豐,0,4,-4
亞東台中 ,凱基金,7,11,-4
亞東台中 ,宏致,1,5,-4
亞東台中 ,龍德造船,0,4,-4
亞東台中 ,神基,0,4,-4
亞東台中 ,彰銀,0,3,-3
亞東台中 ,金寶,4,7,-3
亞東台中 ,華南金,0,3,-3
亞東台中 ,中信金,0,3,-3
亞東台中 ,和碩,0,3,-3
亞東台中 ,明基材,0,3,-3
亞東台中 ,00895富邦未來車,0,3,-3
亞東台中 ,華邦電,0,3,-3
亞東台中 ,台積電,1,3,-2
凱基宜蘭,連展投控,453,0,453
凱基宜蘭,00673R期元大S＆P原油反1,150,0,150
凱基宜蘭,擎亞,79,7,72
凱基宜蘭,00970B新光BBB投等債20,70,0,70
凱基宜蘭,保銳,52,0,52
凱基宜蘭,映泰,50,0,50
凱基宜蘭,和碩,50,1,49
凱基宜蘭,富威電力,48,0,48
凱基宜蘭,朋億*,40,0,40
凱基宜蘭,聯電,52,12,40
凱基宜蘭,台泥,37,0,37
凱基宜蘭,立敦,39,3,36
凱基宜蘭,00919群益台灣精選高息,37,4,33
凱基宜蘭,00953B群益優選非投等債,33,0,33
凱基宜蘭,順藥,33,0,33
凱基宜蘭,彰銀,31,0,31
凱基宜蘭,南亞科,24,0,24
凱基宜蘭,00633L富邦上証正2,23,0,23
凱基宜蘭,英業達,29,7,22
凱基宜蘭,00965元大航太防衛科技,20,0,20
凱基宜蘭,力新,21,1,20
凱基宜蘭,00881國泰台灣5G+,20,3,17
凱基宜蘭,00924復華S＆P500成長,16,0,16
凱基宜蘭,006208富邦台50,14,0,14
凱基宜蘭,元大高股息,13,0,13
凱基宜蘭,友訊,12,0,12
凱基宜蘭,中鋼,25,14,11
凱基宜蘭,00688L國泰20年美債正2,10,0,10
凱基宜蘭,00706L期元大S＆P日圓正2,10,0,10
凱基宜蘭,春源,10,0,10
凱基宜蘭,精材,11,1,10
凱基宜蘭,00910第一金太空衛星,8,0,8
凱基宜蘭,00753L中信中國50正2,8,0,8
凱基宜蘭,國揚,7,0,7
凱基宜蘭,亞翔,16,9,7
凱基宜蘭,泰金寶-DR,7,0,7
凱基宜蘭,恆大,11,5,6
凱基宜蘭,新盛力,27,21,6
凱基宜蘭,興能高,46,40,6
凱基宜蘭,宏旭-KY,6,1,5
凱基宜蘭,日勝生,5,0,5
凱基宜蘭,慧洋-KY,5,0,5
凱基宜蘭,永崴投控,5,0,5
凱基宜蘭,力麒,5,0,5
凱基宜蘭,彩晶,5,0,5
凱基宜蘭,元晶,5,0,5
凱基宜蘭,GIS-KY,5,0,5
凱基宜蘭,長華*,5,0,5
凱基宜蘭,00960野村全球航運龍頭,4,0,4
凱基宜蘭,昆盈,4,0,4
凱基宜蘭,00893國泰智能電動車,0,220,-220
凱基宜蘭,00751B元大AAA至A公司債,0,150,-150
凱基宜蘭,00687B國泰20年美債,1,150,-149
凱基宜蘭,和椿,13,134,-121
凱基宜蘭,力積電,118,236,-118
凱基宜蘭,00937B群益ESG投等債20,3,70,-67
凱基宜蘭,00929復華台灣科技優息,4,51,-47
凱基宜蘭,00980B台新特選IG債10+,0,31,-31
凱基宜蘭,00951台新日本半導體,0,28,-28
凱基宜蘭,能率,3,31,-28
凱基宜蘭,00679B元大美債20年,1,28,-27
凱基宜蘭,00712復華富時不動產,0,26,-26
凱基宜蘭,矽統,0,22,-22
凱基宜蘭,彬台,32,54,-22
凱基宜蘭,群創,0,20,-20
凱基宜蘭,台塑化,0,20,-20
凱基宜蘭,宏��,0,20,-20
凱基宜蘭,00713元大台灣高息低波,0,19,-19
凱基宜蘭,00954中信日本半導體,0,18,-18
凱基宜蘭,富邦金,0,17,-17
凱基宜蘭,可成,0,16,-16
凱基宜蘭,健亞,0,16,-16
凱基宜蘭,環宇-KY,11,27,-16
凱基宜蘭,00665L富邦�琤肭磪囓�2,0,14,-14
凱基宜蘭,00940元大台灣價值高息,16,30,-14
凱基宜蘭,鴻華先進-創,1,15,-14
凱基宜蘭,廣宇,0,14,-14
凱基宜蘭,三商壽,0,14,-14
凱基宜蘭,00650L復華香港正2,0,12,-12
凱基宜蘭,訊舟,0,12,-12
凱基宜蘭,00931B統一美債20年,0,10,-10
凱基宜蘭,00939統一台灣高息動能,0,10,-10
凱基宜蘭,00950B凱基A級公司債,0,10,-10
凱基宜蘭,中鴻,0,10,-10
凱基宜蘭,中再保,0,10,-10
凱基宜蘭,安瑞-KY,0,10,-10
凱基宜蘭,加捷生醫,0,9,-9
凱基宜蘭,燁輝,0,9,-9
凱基宜蘭,波若威,5,14,-9
凱基宜蘭,台星科,2,11,-9
凱基宜蘭,南亞,1,10,-9
凱基宜蘭,聯光通,9,17,-8
凱基宜蘭,國泰金,4,11,-7
凱基宜蘭,宏致,2,8,-6
凱基宜蘭,雷虎,1,7,-6
凱基宜蘭,東捷,0,6,-6
凱基宜蘭,00941中信上游半導體,0,5,-5
凱基宜蘭,00946群益科技高息成長,0,5,-5
凱基宜蘭,00952凱基台灣AI50,0,5,-5
凱基宜蘭,00962台新AI優息動能,0,5,-5
國泰新莊,聯電,384,149,235
國泰新莊,00953B群益優選非投等債,166,4,162
國泰新莊,00937B群益ESG投等債20,99,5,94
國泰新莊,00637L元大滬深300正2,318,231,87
國泰新莊,順達,109,35,74
國泰新莊,港建*,70,0,70
國泰新莊,連展投控,46,0,46
國泰新莊,緯創,61,18,43
國泰新莊,006208富邦台50,60,20,40
國泰新莊,駿吉-KY,38,0,38
國泰新莊,台化,59,26,33
國泰新莊,欣銓,72,41,31
國泰新莊,00687B國泰20年美債,37,9,28
國泰新莊,00918大華優利高填息30,33,5,28
國泰新莊,宏洲,37,10,27
國泰新莊,00900富邦特選高股息30,28,5,23
國泰新莊,磐儀,21,0,21
國泰新莊,00924復華S＆P500成長,23,2,21
國泰新莊,00858永豐美國500大,21,0,21
國泰新莊,華星光,171,150,21
國泰新莊,台灣精銳,20,2,18
國泰新莊,興富發,21,3,18
國泰新莊,兆豐金,22,5,17
國泰新莊,00632R元大台灣50反1,47,31,16
國泰新莊,群益證,16,0,16
國泰新莊,合庫金,16,0,16
國泰新莊,立隆電,64,50,14
國泰新莊,全友,14,0,14
國泰新莊,力山,14,0,14
國泰新莊,宏齊,15,1,14
國泰新莊,00942B台新美A公司債20+,13,0,13
國泰新莊,00655L國泰中國A50正2,13,0,13
國泰新莊,元晶,13,0,13
國泰新莊,力成,14,2,12
國泰新莊,00919群益台灣精選高息,48,36,12
國泰新莊,泰鼎-KY,15,3,12
國泰新莊,欣興,19,7,12
國泰新莊,台塑化,13,1,12
國泰新莊,立敦,58,47,11
國泰新莊,昇陽半導體,14,3,11
國泰新莊,00926凱基全球菁英55,13,2,11
國泰新莊,全球傳動,12,2,10
國泰新莊,元大MSCI金融,10,0,10
國泰新莊,正基,10,0,10
國泰新莊,保銳,10,0,10
國泰新莊,遠東銀,10,0,10
國泰新莊,正達,10,0,10
國泰新莊,00770國泰北美科技,12,2,10
國泰新莊,頎邦,10,0,10
國泰新莊,廣明,9,0,9
國泰新莊,力積電,26,580,-554
國泰新莊,00929復華台灣科技優息,15,246,-231
國泰新莊,富邦金,1,118,-117
國泰新莊,00725B國泰投資級公司債,12,100,-88
國泰新莊,00940元大台灣價值高息,0,87,-87
國泰新莊,華邦電,7,83,-76
國泰新莊,00664R國泰臺灣加權反1,0,75,-75
國泰新莊,00922國泰台灣領袖50,3,73,-70
國泰新莊,神達,204,265,-61
國泰新莊,00881國泰台灣5G+,2,53,-51
國泰新莊,00712復華富時不動產,4,55,-51
國泰新莊,00701國泰股利精選30,1,51,-50
國泰新莊,中信金,1,51,-50
國泰新莊,龍德造船,5,53,-48
國泰新莊,宏致,37,82,-45
國泰新莊,新盛力,201,244,-43
國泰新莊,台積電,17,56,-39
國泰新莊,三商壽,1,40,-39
國泰新莊,華航,3,39,-36
國泰新莊,啟��,3,39,-36
國泰新莊,00882中信中國高股息,39,74,-35
國泰新莊,00887永豐中國科技50大,12,43,-31
國泰新莊,東元,0,31,-31
國泰新莊,泰金寶-DR,96,125,-29
國泰新莊,00923群益台ESG低碳50,3,31,-28
國泰新莊,中工,44,72,-28
國泰新莊,上曜,4,30,-26
國泰新莊,00675L富邦臺灣加權正2,2,27,-25
國泰新莊,00909國泰數位支付服務,10,34,-24
國泰新莊,興能高,184,207,-23
國泰新莊,00751B元大AAA至A公司債,0,23,-23
國泰新莊,京城銀,0,22,-22
國泰新莊,長榮航,14,35,-21
國泰新莊,新光金,13,33,-20
國泰新莊,國泰金,5,25,-20
國泰新莊,宏達電,151,170,-19
國泰新莊,冠德,0,18,-18
國泰新莊,中石化,13,31,-18
國泰新莊,00679B元大美債20年,12,28,-16
國泰新莊,00951台新日本半導體,0,17,-17
國泰新莊,康那香,0,16,-16
國泰新莊,金寶,22,38,-16
國泰新莊,宏��,1,17,-16
國泰新莊,00830國泰費城半導體,9,24,-15
國泰新莊,文曄,0,15,-15
國泰新莊,廣宇,35,50,-15
國泰新莊,新日興,20,34,-14
國泰新莊,00852L國泰美國道瓊正2,0,14,-14
國泰新莊,00954中信日本半導體,0,14,-14
國泰新莊,華南金,5,19,-14
 元大東港,聯電,125,13,112
 元大東港,台新金,103,0,103
 元大東港,興能高,161,107,54
 元大東港,00676R富邦臺灣加權反1,50,0,50
 元大東港,00665L富邦�琤肭磪囓�2,52,4,48
 元大東港,00919群益台灣精選高息,63,23,40
 元大東港,00753L中信中國50正2,30,0,30
 元大東港,00637L元大滬深300正2,28,0,28
 元大東港,緯創,30,2,28
 元大東港,中鋼,32,7,25
 元大東港,00715L期街口布蘭特正2,25,0,25
 元大東港,和椿,32,10,22
 元大東港,欣興,24,4,20
 元大東港,中石化,20,0,20
 元大東港,新興,20,0,20
 元大東港,長華*,20,0,20
 元大東港,00945B凱基美國非投等債,18,0,18
 元大東港,環宇-KY,31,14,17
 元大東港,眾達-KY,26,13,13
 元大東港,00937B群益ESG投等債20,12,0,12
 元大東港,00878國泰永續高股息,19,7,12
 元大東港,安集,12,1,11
 元大東港,陽明,16,5,11
 元大東港,兆豐金,8,0,8
 元大東港,順達,15,7,8
 元大東港,友達,10,2,8
 元大東港,日月光投控,11,3,8
 元大東港,大成鋼,9,2,7
 元大東港,西勝,7,0,7
 元大東港,廣達,7,1,6
 元大東港,00713元大台灣高息低波,6,0,6
 元大東港,日電貿,6,0,6
 元大東港,聯鈞,72,66,6
 元大東港,力新,6,0,6
 元大東港,00632R元大台灣50反1,5,0,5
 元大東港,麗嬰房,5,0,5
 元大東港,00952凱基台灣AI50,5,0,5
 元大東港,中鴻,11,6,5
 元大東港,聯合再生,5,0,5
 元大東港,嘉聯益,5,0,5
 元大東港,元大高股息,6,1,5
 元大東港,00905FT臺灣Smart,4,0,4
 元大東港,00633L富邦上証正2,4,0,4
 元大東港,00927群益半導體收益,4,0,4
 元大東港,00960野村全球航運龍頭,5,1,4
 元大東港,三商壽,4,0,4
 元大東港,聯光通,26,22,4
 元大東港,宏遠證,4,0,4
 元大東港,00858永豐美國500大,8,4,4
 元大東港,漢磊,4,1,3
 元大東港,華航,1,550,-549
 元大東港,力積電,24,88,-64
 元大東港,00965元大航太防衛科技,1,57,-56
 元大東港,神達,112,155,-43
 元大東港,00940元大台灣價值高息,12,52,-40
 元大東港,群創,4,44,-40
 元大東港,泰金寶-DR,7,44,-37
 元大東港,元大台灣50,0,36,-36
 元大東港,新光金,0,32,-32
 元大東港,興富發,0,28,-28
 元大東港,00929復華台灣科技優息,2,28,-26
 元大東港,00673R期元大S＆P原油反1,10,35,-25
 元大東港,凱基金,0,22,-22
 元大東港,立隆電,8,30,-22
 元大東港,宏達電,28,49,-21
 元大東港,富威電力,0,21,-21
 元大東港,華南金,0,21,-21
 元大東港,南紡,0,20,-20
 元大東港,912000晨訊科-DR,0,20,-20
 元大東港,菱光,0,19,-19
 元大東港,精成科,61,79,-18
 元大東港,商億-KY,0,18,-18
 元大東港,長榮航,0,17,-17
 元大東港,00922國泰台灣領袖50,2,19,-17
 元大東港,毛寶,0,16,-16
 元大東港,臺企銀,0,15,-15
 元大東港,福懋科,10,25,-15
 元大東港,第一金,1,15,-14
 元大東港,台積電,2,16,-14
 元大東港,華邦電,17,30,-13
 元大東港,台灣虎航,0,13,-13
 元大東港,台中銀,0,12,-12
 元大東港,英業達,2,14,-12
 元大東港,宏致,2,13,-11
 元大東港,銘旺科,0,10,-10
 元大東港,可成,0,10,-10
 元大東港,富采,12,22,-10
 元大東港,致伸,0,10,-10
 元大東港,華星光,7,17,-10
 元大東港,亞翔,5,14,-9
 元大東港,富喬,12,21,-9
 元大東港,欣銓,7,16,-9
 元大東港,冠軍,0,8,-8
 元大東港,玉山金,6,14,-8
 元大東港,00640L富邦日本正2,0,7,-7
 元大東港,00900富邦特選高股息30,0,7,-7
 元大東港,金寶,3,10,-7
 元大東港,北基,0,7,-7
 元大東港,台聚,0,6,-6
 元大東港,鴻海,6,11,-5
華南三重,宏齊,120,0,120
華南三重,00945B凱基美國非投等債,80,2,78
華南三重,連展投控,57,0,57
華南三重,00662富邦NASDAQ,56,0,56
華南三重,國泰金,46,5,41
華南三重,群創,41,1,40
華南三重,聯電,44,10,34
華南三重,泰茂,30,0,30
華南三重,精材,22,0,22
華南三重,橘子,21,0,21
華南三重,緯創,23,3,20
華南三重,三商壽,20,0,20
華南三重,陽明,24,5,19
華南三重,順達,24,6,18
華南三重,永道-KY,19,1,18
華南三重,00919群益台灣精選高息,17,1,16
華南三重,00937B群益ESG投等債20,16,0,16
華南三重,先進光,15,0,15
華南三重,00878國泰永續高股息,12,1,11
華南三重,毅嘉,10,0,10
華南三重,中工,10,0,10
華南三重,華容,10,0,10
華南三重,中鋼,8,0,8
華南三重,富喬,12,4,8
華南三重,精成科,11,3,8
華南三重,00637L元大滬深300正2,10,4,6
華南三重,00858永豐美國500大,5,0,5
華南三重,00753L中信中國50正2,5,0,5
華南三重,統一,5,0,5
華南三重,工信,5,0,5
華南三重,高端疫苗,5,0,5
華南三重,華安,5,0,5
華南三重,金寶,18,14,4
華南三重,00918大華優利高填息30,4,0,4
華南三重,立��,5,1,4
華南三重,00956中信日經高股息,4,0,4
華南三重,00960野村全球航運龍頭,4,0,4
華南三重,台船,4,0,4
華南三重,廣宇,4,0,4
華南三重,櫻花建,4,0,4
華南三重,欣興,4,0,4
華南三重,湧德,4,0,4
華南三重,南茂,5,1,4
華南三重,青鋼,4,0,4
華南三重,亞翔,4,0,4
華南三重,00687B國泰20年美債,3,0,3
華南三重,00720B元大投資級公司債,3,0,3
華南三重,上曜,3,0,3
華南三重,燿華,5,2,3
華南三重,遠百,3,0,3
華南三重,富邦金,0,860,-860
華南三重,新光金,0,351,-351
華南三重,00929復華台灣科技優息,0,106,-106
華南三重,欣銓,1,66,-65
華南三重,北極星藥業-KY,0,44,-44
華南三重,誠美材,0,34,-34
華南三重,王道銀行,0,30,-30
華南三重,力積電,24,54,-30
華南三重,憶聲,0,28,-28
華南三重,鴻海,5,25,-20
華南三重,台星科,1,20,-19
華南三重,瑞軒,0,17,-17
華南三重,太景*-KY,0,16,-16
華南三重,00940元大台灣價值高息,20,35,-15
華南三重,興能高,58,73,-15
華南三重,華城,3,17,-14
華南三重,創見,0,13,-13
華南三重,台泥,0,11,-11
華南三重,台達化,0,10,-10
華南三重,恆大,0,10,-10
華南三重,駿吉-KY,0,10,-10
華南三重,慧洋-KY,13,23,-10
華南三重,00741B富邦全球非投等債,0,9,-9
華南三重,00730富邦臺灣優質高息,1,10,-9
華南三重,元大高股息,4,10,-6
華南三重,00877復華中國5G,0,6,-6
華南三重,jpp-KY,0,6,-6
華南三重,騰輝電子-KY,3,9,-6
華南三重,新復興,0,5,-5
華南三重,00895富邦未來車,0,5,-5
華南三重,新纖,0,5,-5
華南三重,東元,0,5,-5
華南三重,華新,0,5,-5
華南三重,宏達電,21,26,-5
華南三重,銘異,0,5,-5
華南三重,波若威,9,14,-5
華南三重,00922國泰台灣領袖50,1,6,-5
華南三重,僑威,2,7,-5
華南三重,台達電,0,4,-4
華南三重,宏致,0,4,-4
華南三重,和泰車,0,4,-4
華南三重,敬鵬,0,4,-4
華南三重,鉅祥,0,4,-4
華南三重,聯光通,4,8,-4
華南三重,泰鼎-KY,0,4,-4
華南三重,台積電,3,6,-3
華南三重,006208富邦台50,1,4,-3
華南三重,友達,3,7,-4
華南三重,萬海,0,3,-3
華南三重,佳能,2,5,-3
華南台中,元大高股息,190,32,158
華南台中,聯電,245,96,149
華南台中,00960野村全球航運龍頭,122,0,122
華南台中,00701國泰股利精選30,71,0,71
華南台中,力積電,360,292,68
華南台中,00919群益台灣精選高息,77,11,66
華南台中,00650L復華香港正2,73,11,62
華南台中,第一金,40,0,40
華南台中,00753L中信中國50正2,40,0,40
華南台中,00937B群益ESG投等債20,121,81,40
華南台中,緯創,49,12,37
華南台中,00948B中信優息投資級債,41,5,36
華南台中,波若威,113,80,33
華南台中,永彰,31,0,31
華南台中,漢唐,31,2,29
華南台中,欣興,34,6,28
華南台中,立��,65,41,24
華南台中,邁達特,26,3,23
華南台中,聯華,22,0,22
華南台中,宏��,23,2,21
華南台中,中工,21,0,21
華南台中,漢磊,21,0,21
華南台中,力成,21,0,21
華南台中,太子,20,0,20
華南台中,嘉晶,20,0,20
華南台中,遠東銀,35,15,20
華南台中,00635U期元大S＆P黃金,19,0,19
華南台中,泰茂,20,2,18
華南台中,友華,18,0,18
華南台中,00632R元大台灣50反1,27,9,18
華南台中,兆豐金,21,3,18
華南台中,富野,17,0,17
華南台中,00905FT臺灣Smart,18,2,16
華南台中,廣積,15,0,15
華南台中,00953B群益優選非投等債,15,0,15
華南台中,台揚,15,1,14
華南台中,加百裕,88,74,14
華南台中,光寶科,33,20,13
華南台中,台泥,12,0,12
華南台中,群益證,13,1,12
華南台中,東科-KY,11,0,11
華南台中,佳世達,25,14,11
華南台中,00918大華優利高填息30,14,4,10
華南台中,晟德,11,1,10
華南台中,00633L富邦上証正2,14,4,10
華南台中,遠百,10,0,10
華南台中,神盾,11,1,10
華南台中,00959B大華投等美債15Y+,10,0,10
華南台中,00932兆豐永續高息等權,10,0,10
華南台中,谷崧,10,0,10
華南台中,新建,8,439,-431
華南台中,00665L富邦�琤肭磪囓�2,20,322,-302
華南台中,華南金,1,206,-205
華南台中,三商壽,7,119,-112
華南台中,00940元大台灣價值高息,5,112,-107
華南台中,和大,0,99,-99
華南台中,達邁,68,162,-94
華南台中,00965元大航太防衛科技,0,93,-93
華南台中,00952凱基台灣AI50,0,82,-82
華南台中,神達,117,181,-64
華南台中,元大台灣50,1,59,-58
華南台中,00929復華台灣科技優息,0,57,-57
華南台中,聯合再生,2,58,-56
華南台中,00637L元大滬深300正2,43,94,-51
華南台中,立敦,87,135,-48
華南台中,彰銀,201,247,-46
華南台中,00673R期元大S＆P原油反1,30,74,-44
華南台中,00655L國泰中國A50正2,10,53,-43
華南台中,00971野村美國研發龍頭,0,42,-42
華南台中,飛宏,0,41,-41
華南台中,00939統一台灣高息動能,0,39,-39
華南台中,華航,12,51,-39
華南台中,英業達,13,46,-33
華南台中,富喬,130,160,-30
華南台中,德晉,0,27,-27
華南台中,00934中信成長高股息,0,27,-27
華南台中,統一,1,28,-27
華南台中,台積電,13,37,-24
華南台中,擎亞,8,32,-24
華南台中,精材,18,42,-24
華南台中,台光電,3,25,-22
華南台中,大亞,0,21,-21
華南台中,中鴻,34,55,-21
華南台中,凱基金,7,28,-21
華南台中,興能高,214,235,-21
華南台中,南亞科,12,32,-20
華南台中,00713元大台灣高息低波,3,23,-20
華南台中,長榮航,1,21,-20
華南台中,00968B元大優息投等債,20,40,-20
華南台中,連宇,0,20,-20
華南台中,美時,1,21,-20
華南台中,冠軍,2,22,-20
華南台中,欣銓,15,35,-20
華南台中,麗正,0,18,-18
華南台中,冠德,1,19,-18
華南台中,00725B國泰投資級公司債,2,20,-18
華南台中,00631L元大台灣50正2,5,22,-17
華南台中,日月光投控,2,19,-17
華南台中,華城,5,21,-16
華南台中,00773B中信優先金融債,0,15,-15
國票彰化,00637L元大滬深300正2,50,0,50
國票彰化,富喬,25,0,25
國票彰化,00753L中信中國50正2,20,0,20
國票彰化,00664R國泰臺灣加權反1,11,0,11
國票彰化,恆大,20,10,10
國票彰化,緯創,14,4,10
國票彰化,和椿,9,0,9
國票彰化,聯電,11,2,9
國票彰化,00937B群益ESG投等債20,8,0,8
國票彰化,00655L國泰中國A50正2,8,0,8
國票彰化,昇陽半導體,8,0,8
國票彰化,00673R期元大S＆P原油反1,6,0,6
國票彰化,00687B國泰20年美債,5,0,5
國票彰化,00965元大航太防衛科技,5,0,5
國票彰化,金寶,5,0,5
國票彰化,皇昌,5,0,5
國票彰化,晟德,5,0,5
國票彰化,新應材,5,0,5
國票彰化,加百裕,7,2,5
國票彰化,友訊,4,0,4
國票彰化,彬台,4,0,4
國票彰化,台燿,4,0,4
國票彰化,廣達,3,0,3
國票彰化,緯穎,6,3,3
國票彰化,鴻海,5,2,3
國票彰化,00858永豐美國500大,3,0,3
國票彰化,波若威,3,0,3
國票彰化,精材,6,3,3
國票彰化,谷崧,3,0,3
國票彰化,聯光通,5,2,3
國票彰化,能率網通,3,0,3
國票彰化,雷虎,2,0,2
國票彰化,岱宇,2,0,2
國票彰化,名軒,3,1,2
國票彰化,濱川,2,0,2
國票彰化,00688L國泰20年美債正2,2,0,2
國票彰化,東陽,2,0,2
國票彰化,興勤,2,0,2
國票彰化,華建,2,0,2
國票彰化,蔚華科,2,0,2
國票彰化,大量,2,0,2
國票彰化,德晉,2,0,2
國票彰化,連展投控,3,1,2
國票彰化,信立,2,0,2
國票彰化,欣厚-KY,3,1,2
國票彰化,同欣電,2,0,2
國票彰化,立敦,4,2,2
國票彰化,高技,1,0,1
國票彰化,00918大華優利高填息30,1,0,1
國票彰化,00915凱基優選高股息30,1,0,1
國票彰化,宏達電,5,119,-114
國票彰化,00650L復華香港正2,0,30,-30
國票彰化,彰銀,0,30,-30
國票彰化,力積電,21,47,-26
國票彰化,泰金寶-DR,0,20,-20
國票彰化,星通,0,10,-10
國票彰化,御嵿,0,10,-10
國票彰化,前鼎,0,10,-10
國票彰化,創惟,1,10,-9
國票彰化,全新,0,8,-8
國票彰化,永捷,8,16,-8
國票彰化,元大台灣50,0,6,-6
國票彰化,華通,0,6,-6
國票彰化,新日興,0,5,-5
國票彰化,海光,0,5,-5
國票彰化,長榮航,3,8,-5
國票彰化,欣興,1,6,-5
國票彰化,達邁,2,7,-5
國票彰化,台康生技,0,5,-5
國票彰化,006208富邦台50,2,7,-5
國票彰化,吉茂,0,4,-4
國票彰化,00772B中信高評級公司債,0,4,-4
國票彰化,00948B中信優息投資級債,0,4,-4
國票彰化,金像電,0,4,-4
國票彰化,華晶科,3,7,-4
國票彰化,台化,0,3,-3
國票彰化,宏致,0,3,-3
國票彰化,台塑,56,59,-3
國票彰化,台苯,4,7,-3
國票彰化,凱基金,1,4,-3
國票彰化,欣銓,0,3,-3
國票彰化,神達,5,8,-3
國票彰化,富采,0,3,-3
國票彰化,矽格,0,3,-3
國票彰化,龍德造船,0,3,-3
國票彰化,台積電,8,11,-3
國票彰化,亞翔,3,5,-2
國票彰化,IET-KY,0,2,-2
國票彰化,新光鋼,0,2,-2
國票彰化,世芯-KY,0,2,-2
國票彰化,台聚,0,2,-2
國票彰化,光洋科,0,2,-2
國票彰化,寶徠,0,2,-2
國票彰化,泰豐,0,2,-2
國票彰化,艾姆勒,0,2,-2
國票彰化,大同,0,2,-2
國票彰化,連宇,0,2,-2
國票彰化,一詮,2,4,-2
國票彰化,怡利電,0,2,-2
國票彰化,八方雲集,0,2,-2
玉山新莊,2883B凱基金乙特,545,91,454
玉山新莊,00922國泰台灣領袖50,146,23,123
玉山新莊,聯電,230,112,118
玉山新莊,00953B群益優選非投等債,117,0,117
玉山新莊,00928中信上櫃ESG30,100,0,100
玉山新莊,佳能,107,8,99
玉山新莊,泰金寶-DR,109,31,78
玉山新莊,立隆電,94,24,70
玉山新莊,神達,208,138,70
玉山新莊,00858永豐美國500大,67,0,67
玉山新莊,元大高股息,84,21,63
玉山新莊,永豐金,53,0,53
玉山新莊,鴻海,111,59,52
玉山新莊,2887E台新戊特,69,19,50
玉山新莊,僑威,91,43,48
玉山新莊,鉅祥,55,7,48
玉山新莊,00919群益台灣精選高息,87,44,43
玉山新莊,00878國泰永續高股息,74,31,43
玉山新莊,00915凱基優選高股息30,47,5,42
玉山新莊,2838A聯邦銀甲特,51,12,39
玉山新莊,00701國泰股利精選30,35,0,35
玉山新莊,技嘉,36,2,34
玉山新莊,長榮航,43,13,30
玉山新莊,中石化,29,1,28
玉山新莊,00688L國泰20年美債正2,28,0,28
玉山新莊,華邦電,29,1,28
玉山新莊,00633L富邦上証正2,28,1,27
玉山新莊,00891中信關鍵半導體,26,0,26
玉山新莊,00632R元大台灣50反1,26,0,26
玉山新莊,凱美,26,3,23
玉山新莊,00679B元大美債20年,22,0,22
玉山新莊,00638R元大滬深300反1,22,0,22
玉山新莊,廣達,57,35,22
玉山新莊,寶成,20,0,20
玉山新莊,緯創,32,12,20
玉山新莊,00918大華優利高填息30,36,17,19
玉山新莊,立��,36,18,18
玉山新莊,仁寶,18,0,18
玉山新莊,00713元大台灣高息低波,18,0,18
玉山新莊,英業達,23,6,17
玉山新莊,東陽,16,0,16
玉山新莊,緯穎,17,2,15
玉山新莊,00687B國泰20年美債,20,7,13
玉山新莊,00909國泰數位支付服務,13,0,13
玉山新莊,大同,23,11,12
玉山新莊,遠東新,15,3,12
玉山新莊,台泥,12,0,12
玉山新莊,環宇-KY,35,24,11
玉山新莊,英濟,21,11,10
玉山新莊,智通*,10,0,10
玉山新莊,00637L元大滬深300正2,221,494,-273
玉山新莊,富邦金,2,124,-122
玉山新莊,00673R期元大S＆P原油反1,0,111,-111
玉山新莊,中華電,1,101,-100
玉山新莊,00631L元大台灣50正2,1,87,-86
玉山新莊,采鈺,2,86,-84
玉山新莊,和椿,21,88,-67
玉山新莊,台揚,1,66,-65
玉山新莊,00934中信成長高股息,0,61,-61
玉山新莊,力積電,59,116,-57
玉山新莊,00940元大台灣價值高息,4,60,-56
玉山新莊,00857B永豐20年美公債,1,56,-55
玉山新莊,良維,0,50,-50
玉山新莊,00753L中信中國50正2,0,50,-50
玉山新莊,00923群益台ESG低碳50,1,51,-50
玉山新莊,00929復華台灣科技優息,3,49,-46
玉山新莊,台積電,6,46,-40
玉山新莊,00830國泰費城半導體,3,42,-39
玉山新莊,精成科,30,68,-38
玉山新莊,台塑,13,50,-37
玉山新莊,錸德,0,30,-30
玉山新莊,台達化,0,30,-30
玉山新莊,新日興,29,58,-29
玉山新莊,華城,12,42,-30
玉山新莊,銳澤,0,29,-29
玉山新莊,00887永豐中國科技50大,0,27,-27
玉山新莊,友訊,2,29,-27
玉山新莊,台達電,16,43,-27
玉山新莊,中鴻,3,28,-25
玉山新莊,玉山金,29,52,-23
玉山新莊,00941中信上游半導體,0,21,-21
玉山新莊,元大台灣50,4,25,-21
玉山新莊,宏達電,116,137,-21
玉山新莊,凱基金,6,27,-21
玉山新莊,展達,2,22,-20
玉山新莊,連展投控,27,47,-20
玉山新莊,00877復華中國5G,0,20,-20
玉山新莊,奇鋐,34,54,-20
玉山新莊,泰鼎-KY,1,21,-20
玉山新莊,華南金,0,19,-19
玉山新莊,益航,1,20,-19
玉山新莊,加百裕,34,51,-17
玉山新莊,波若威,24,41,-17
玉山新莊,00952凱基台灣AI50,0,17,-17
玉山新莊,鴻準,14,31,-17
玉山新莊,00670L富邦NASDAQ正2,0,16,-16
玉山新莊,臻鼎-KY,0,16,-16
玉山新莊,00948B中信優息投資級債,1,16,-15
玉山新莊,凌華,0,15,-15
玉山新莊,精剛,0,15,-15
永豐嘉義,00655L國泰中國A50正2,100,0,100
永豐嘉義,點序,51,10,41
永豐嘉義,陽明,43,5,38
永豐嘉義,台肥,34,0,34
永豐嘉義,欣銓,53,19,34
永豐嘉義,00924復華S＆P500成長,29,0,29
永豐嘉義,亞翔,33,6,27
永豐嘉義,聯電,35,10,25
永豐嘉義,宏益,21,0,21
永豐嘉義,00764B群益25年美債,20,0,20
永豐嘉義,00905FT臺灣Smart,20,0,20
永豐嘉義,00953B群益優選非投等債,25,9,16
永豐嘉義,創惟,18,4,14
永豐嘉義,00919群益台灣精選高息,33,20,13
永豐嘉義,新建,15,2,13
永豐嘉義,00665L富邦�琤肭磪囓�2,12,0,12
永豐嘉義,旺旺保,12,0,12
永豐嘉義,群創,20,9,11
永豐嘉義,00894中信小資高價30,11,0,11
永豐嘉義,台新金,10,0,10
永豐嘉義,寶碩,10,0,10
永豐嘉義,康那香,10,0,10
永豐嘉義,第一金,10,0,10
永豐嘉義,環宇-KY,41,31,10
永豐嘉義,00937B群益ESG投等債20,10,1,9
永豐嘉義,合庫金,10,1,9
永豐嘉義,采鈺,10,1,9
永豐嘉義,昇達科,28,19,9
永豐嘉義,緯創,21,14,7
永豐嘉義,聚隆,6,0,6
永豐嘉義,彩晶,6,0,6
永豐嘉義,精成科,28,22,6
永豐嘉義,和椿,16,11,5
永豐嘉義,00935野村臺灣新科技50,5,0,5
永豐嘉義,艾訊,5,0,5
永豐嘉義,00642U期元大S＆P石油,5,0,5
永豐嘉義,00923群益台ESG低碳50,5,0,5
永豐嘉義,金寶,6,1,5
永豐嘉義,宏齊,5,0,5
永豐嘉義,光聖,5,0,5
永豐嘉義,台化,7,2,5
永豐嘉義,00918大華優利高填息30,4,0,4
永豐嘉義,冠西電,5,1,4
永豐嘉義,2887F台新戊特二,4,0,4
永豐嘉義,明泰,4,0,4
永豐嘉義,永崴投控,5,1,4
永豐嘉義,譜瑞-KY,5,1,4
永豐嘉義,邁達特,4,0,4
永豐嘉義,00637L元大滬深300正2,5,1,4
永豐嘉義,台塑,6,3,3
永豐嘉義,00946群益科技高息成長,0,150,-150
永豐嘉義,00753L中信中國50正2,79,200,-121
永豐嘉義,嘉彰,0,105,-105
永豐嘉義,力積電,24,125,-101
永豐嘉義,寶成,0,101,-101
永豐嘉義,00951台新日本半導體,0,100,-100
永豐嘉義,00877復華中國5G,0,98,-98
永豐嘉義,00772B中信高評級公司債,0,71,-71
永豐嘉義,宏致,0,66,-66
永豐嘉義,00971野村美國研發龍頭,0,51,-51
永豐嘉義,美好證,0,48,-48
永豐嘉義,泰金寶-DR,103,151,-48
永豐嘉義,00940元大台灣價值高息,0,46,-46
永豐嘉義,鴻翊,0,42,-42
永豐嘉義,華南金,10,49,-39
永豐嘉義,華航,0,38,-38
永豐嘉義,00912中信臺灣智慧50,0,37,-37
永豐嘉義,IET-KY,0,35,-35
永豐嘉義,華星光,18,49,-31
永豐嘉義,00688L國泰20年美債正2,0,31,-31
永豐嘉義,00907永豐優息存股,0,30,-30
永豐嘉義,00959B大華投等美債15Y+,0,30,-30
永豐嘉義,精確,0,30,-30
永豐嘉義,神達,36,65,-29
永豐嘉義,凱基金,0,27,-27
永豐嘉義,00928中信上櫃ESG30,0,20,-20
永豐嘉義,南僑,0,20,-20
永豐嘉義,00687B國泰20年美債,5,23,-18
永豐嘉義,00922國泰台灣領袖50,1,18,-17
永豐嘉義,仁寶,0,17,-17
永豐嘉義,00679B元大美債20年,2,17,-15
永豐嘉義,中信金,1,16,-15
永豐嘉義,00965元大航太防衛科技,0,14,-14
永豐嘉義,捷流閥業,0,13,-13
永豐嘉義,星宇航空,0,13,-13
永豐嘉義,科妍,0,13,-13
永豐嘉義,元大高股息,10,21,-11
永豐嘉義,可成,2,13,-11
永豐嘉義,00751B元大AAA至A公司債,0,10,-10
永豐嘉義,精華,0,10,-10
永豐嘉義,威盛,0,10,-10
永豐嘉義,農林,0,10,-10
永豐嘉義,誠美材,0,10,-10
永豐嘉義,朋億*,0,10,-10
永豐嘉義,台積電,0,10,-10
永豐嘉義,三洋實業,1,10,-9
永豐嘉義,錸德,1,10,-9
永豐嘉義,萬海,0,9,-9
永豐嘉義,磐儀,1,10,-9
永豐嘉義,瀚宇博,0,8,-8
凱基竹北,永豐金,301,0,301
凱基竹北,聯電,128,18,110
凱基竹北,金寶,175,67,108
凱基竹北,台新金,104,2,102
凱基竹北,福邦證,100,0,100
凱基竹北,群創,107,8,99
凱基竹北,00948B中信優息投資級債,89,0,89
凱基竹北,泰金寶-DR,83,3,80
凱基竹北,00706L期元大S＆P日圓正2,60,0,60
凱基竹北,永崴投控,52,0,52
凱基竹北,台塑,44,2,42
凱基竹北,毛寶,40,0,40
凱基竹北,00882中信中國高股息,35,0,35
凱基竹北,00664R國泰臺灣加權反1,34,0,34
凱基竹北,00687B國泰20年美債,34,0,34
凱基竹北,00919群益台灣精選高息,48,15,33
凱基竹北,兆勁,30,0,30
凱基竹北,鳳凰,33,4,29
凱基竹北,緯創,42,14,28
凱基竹北,00878國泰永續高股息,32,5,27
凱基竹北,達邁,38,15,23
凱基竹北,中石化,20,0,20
凱基竹北,佰鴻,20,0,20
凱基竹北,富采,27,7,20
凱基竹北,00795B中信美國公債20年,20,0,20
凱基竹北,元大高股息,17,1,16
凱基竹北,聯合再生,15,0,15
凱基竹北,華景電,14,0,14
凱基竹北,00895富邦未來車,15,1,14
凱基竹北,加百裕,22,9,13
凱基竹北,能率,13,0,13
凱基竹北,昆盈,30,17,13
凱基竹北,00937B群益ESG投等債20,15,2,13
凱基竹北,力成,12,0,12
凱基竹北,欣興,13,1,12
凱基竹北,昇陽半導體,13,1,12
凱基竹北,00927群益半導體收益,12,0,12
凱基竹北,00679B元大美債20年,13,2,11
凱基竹北,騰輝電子-KY,14,3,11
凱基竹北,合庫金,11,0,11
凱基竹北,東台,11,0,11
凱基竹北,精成科,25,15,10
凱基竹北,00637L元大滬深300正2,32,22,10
凱基竹北,00918大華優利高填息30,9,0,9
凱基竹北,大成鋼,12,3,9
凱基竹北,亞力,9,0,9
凱基竹北,兆豐金,11,2,9
凱基竹北,台泥,8,0,8
凱基竹北,玉晶光,8,0,8
凱基竹北,矽統,8,1,7
凱基竹北,長榮航,3,76,-73
凱基竹北,00929復華台灣科技優息,0,73,-73
凱基竹北,力積電,11,51,-40
凱基竹北,正崴,6,45,-39
凱基竹北,00980B台新特選IG債10+,0,38,-38
凱基竹北,00655L國泰中國A50正2,0,36,-36
凱基竹北,國泰金,1,36,-35
凱基竹北,宏達電,41,76,-35
凱基竹北,萬海,0,34,-34
凱基竹北,欣銓,7,38,-31
凱基竹北,00688L國泰20年美債正2,0,30,-30
凱基竹北,00852L國泰美國道瓊正2,0,30,-30
凱基竹北,華南金,0,26,-26
凱基竹北,00715L期街口布蘭特正2,0,25,-25
凱基竹北,志強-KY,16,40,-24
凱基竹北,台積電,8,30,-22
凱基竹北,立隆電,12,34,-22
凱基竹北,鼎元,0,21,-21
凱基竹北,聯光通,14,35,-21
凱基竹北,00923群益台ESG低碳50,0,20,-20
凱基竹北,元翎,0,20,-20
凱基竹北,環宇-KY,20,39,-19
凱基竹北,00893國泰智能電動車,0,19,-19
凱基竹北,00940元大台灣價值高息,7,24,-17
凱基竹北,00934中信成長高股息,1,16,-15
凱基竹北,新盛力,59,73,-14
凱基竹北,乙盛-KY,1,15,-14
凱基竹北,華航,2,16,-14
凱基竹北,中鋼,2,16,-14
凱基竹北,皇昌,6,19,-13
凱基竹北,友訊,1,14,-13
凱基竹北,006208富邦台50,3,15,-12
凱基竹北,冠德,1,13,-12
凱基竹北,國光生,0,12,-12
凱基竹北,陽明,1,13,-12
凱基竹北,00830國泰費城半導體,2,13,-11
凱基竹北,鴻華先進-創,0,11,-11
凱基竹北,順達,5,15,-10
凱基竹北,漢平,5,15,-10
凱基竹北,士開,0,10,-10
凱基竹北,達發,0,10,-10
凱基竹北,台達化,0,10,-10
凱基竹北,00665L富邦�琤肭磪囓�2,0,10,-10
凱基竹北,00896中信綠能及電動車,0,10,-10
凱基竹北,00673R期元大S＆P原油反1,0,10,-10
凱基竹北,00941中信上游半導體,0,10,-10
凱基竹北,仲琦,0,10,-10
凱基竹北,00910第一金太空衛星,1,11,-10
凱基竹北,00953B群益優選非投等債,0,10,-10
凱基竹北,富邦金,1,11,-10
台灣匯立證卷,中石化,976,0,976
台灣匯立證卷,彰銀,879,0,879
台灣匯立證卷,長榮航,830,109,721
台灣匯立證卷,佳世達,716,0,716
台灣匯立證卷,富邦金,538,0,538
台灣匯立證卷,錸德,500,0,500
台灣匯立證卷,宏達電,317,0,317
台灣匯立證卷,鴻準,301,0,301
台灣匯立證卷,國際中橡,287,0,287
台灣匯立證卷,富采,251,0,251
台灣匯立證卷,華航,236,0,236
台灣匯立證卷,凱基金,234,0,234
台灣匯立證卷,合庫金,220,0,220
台灣匯立證卷,和碩,186,50,136
台灣匯立證卷,華南金,125,0,125
台灣匯立證卷,聯強,125,0,125
台灣匯立證卷,台泥,100,0,100
台灣匯立證卷,祥碩,80,0,80
台灣匯立證卷,聖暉*,80,0,80
台灣匯立證卷,貿聯-KY,74,0,74
台灣匯立證卷,來億-KY,69,0,69
台灣匯立證卷,上銀,66,0,66
台灣匯立證卷,瑞昱,101,41,60
台灣匯立證卷,元太,60,0,60
台灣匯立證卷,中鋼,50,0,50
台灣匯立證卷,亞光,47,0,47
台灣匯立證卷,原相,31,0,31
台灣匯立證卷,碩天,27,0,27
台灣匯立證卷,富世達,23,0,23
台灣匯立證卷,正新,322,300,22
台灣匯立證卷,旭隼,19,0,19
台灣匯立證卷,嘉澤,40,23,17
台灣匯立證卷,聯發科,166,152,14
台灣匯立證卷,寶雅,7,0,7
台灣匯立證卷,華城,5,0,5
台灣匯立證卷,譜瑞-KY,4,0,4
台灣匯立證卷,藥華藥,3,0,3
台灣匯立證卷,達麗,2,0,2
台灣匯立證卷,台積電,218,1890,-1672
台灣匯立證卷,鴻海,177,1287,-1110
台灣匯立證卷,00941中信上游半導體,0,900,-900
台灣匯立證卷,上海商銀,0,860,-860
台灣匯立證卷,廣達,61,755,-694
台灣匯立證卷,玉山金,0,550,-550
台灣匯立證卷,致茂,26,568,-542
台灣匯立證卷,潤隆,0,446,-446
台灣匯立證卷,世界,0,332,-332
台灣匯立證卷,奇鋐,3,303,-300
台灣匯立證卷,亞泥,0,270,-270
台灣匯立證卷,日月光投控,5,249,-244
台灣匯立證卷,國巨,0,210,-210
台灣匯立證卷,智邦,40,243,-203
台灣匯立證卷,聚陽,0,167,-167
台灣匯立證卷,台燿,0,141,-141
台灣匯立證卷,緯創,0,115,-115
台灣匯立證卷,中租-KY,37,130,-93
台灣匯立證卷,遠傳,0,83,-83
台灣匯立證卷,微星,0,77,-77
台灣匯立證卷,台達電,130,204,-74
台灣匯立證卷,名軒,0,74,-74
台灣匯立證卷,宜鼎,0,74,-74
台灣匯立證卷,台光電,0,63,-63
台灣匯立證卷,統一超,0,63,-63
台灣匯立證卷,健策,0,49,-49
台灣匯立證卷,儒鴻,0,45,-45
台灣匯立證卷,聯詠,0,44,-44
台灣匯立證卷,信驊,0,44,-44
台灣匯立證卷,力旺,3,42,-39
台灣匯立證卷,豐泰,0,37,-37
台灣匯立證卷,群電,0,33,-33
台灣匯立證卷,環球晶,0,28,-28
台灣匯立證卷,世芯-KY,17,41,-24
台灣匯立證卷,群聯,40,61,-21
台灣匯立證卷,緯穎,4,24,-20
台灣匯立證卷,第一金,0,18,-18
台灣匯立證卷,萬海,0,17,-17
台灣匯立證卷,亞德客-KY,7,23,-16
台灣匯立證卷,金像電,0,14,-14
台灣匯立證卷,研華,0,10,-10
台灣匯立證卷,鈊象,0,9,-9
台灣匯立證卷,家登,2,11,-9
台灣匯立證卷,大立光,1,8,-7
台灣匯立證卷,台灣大,0,4,-4
台灣匯立證卷,億豐,0,4,-4
台灣匯立證卷,一零四,0,1,-1
華南麻豆,中鋼,253,1,252
華南麻豆,聯電,131,16,115
華南麻豆,泰金寶-DR,118,28,90
華南麻豆,臺企銀,43,0,43
華南麻豆,宏達電,149,107,42
華南麻豆,00878國泰永續高股息,42,1,41
華南麻豆,鴻準,35,5,30
華南麻豆,00919群益台灣精選高息,31,1,30
華南麻豆,興能高,140,113,27
華南麻豆,永豐金,27,0,27
華南麻豆,南亞,24,1,23
華南麻豆,統一超,23,0,23
華南麻豆,元大高股息,28,5,23
華南麻豆,新盛力,46,25,21
華南麻豆,長榮航,20,3,17
華南麻豆,欣興,36,19,17
華南麻豆,群創,22,6,16
華南麻豆,聯穎,16,0,16
華南麻豆,緯創,20,5,15
華南麻豆,連展投控,13,1,12
華南麻豆,聯華,16,5,11
華南麻豆,達邁,124,113,11
華南麻豆,國光生,11,0,11
華南麻豆,台中銀,10,0,10
華南麻豆,南仁湖,10,0,10
華南麻豆,旭源,10,0,10
華南麻豆,天方能源,21,11,10
華南麻豆,仁寶,10,0,10
華南麻豆,中興電,9,0,9
華南麻豆,漢翔,10,1,9
華南麻豆,聯成,11,2,9
華南麻豆,00637L元大滬深300正2,9,0,9
華南麻豆,材料-KY,9,0,9
華南麻豆,00881國泰台灣5G+,10,2,8
華南麻豆,廣達,13,5,8
華南麻豆,大成鋼,11,3,8
華南麻豆,永新-KY,7,0,7
華南麻豆,兆豐金,7,0,7
華南麻豆,00882中信中國高股息,14,8,6
華南麻豆,億光,6,0,6
華南麻豆,合庫金,6,0,6
華南麻豆,00731復華富時高息低波,6,0,6
華南麻豆,00918大華優利高填息30,6,0,6
華南麻豆,英濟,28,22,6
華南麻豆,00751B元大AAA至A公司債,5,0,5
華南麻豆,盟立,5,0,5
華南麻豆,國際中橡,5,0,5
華南麻豆,亞翔,9,4,5
華南麻豆,大銀微系統,5,0,5
華南麻豆,佳能,5,0,5
華南麻豆,彬台,1,150,-149
華南麻豆,鈺齊-KY,0,52,-52
華南麻豆,健椿,0,47,-47
華南麻豆,胡連,0,41,-41
華南麻豆,神達,53,92,-39
華南麻豆,006208富邦台50,1,40,-39
華南麻豆,00668國泰美國道瓊,0,34,-34
華南麻豆,00934中信成長高股息,0,33,-33
華南麻豆,00891中信關鍵半導體,0,31,-31
華南麻豆,新光金,5,32,-27
華南麻豆,00939統一台灣高息動能,0,22,-22
華南麻豆,陽明,2,23,-21
華南麻豆,力山,0,20,-20
華南麻豆,亞光,17,33,-16
華南麻豆,00712復華富時不動產,0,15,-15
華南麻豆,全球傳動,1,15,-14
華南麻豆,凱基金,1,15,-14
華南麻豆,燿華,0,13,-13
華南麻豆,欣銓,5,18,-13
華南麻豆,00631L元大台灣50正2,1,14,-13
華南麻豆,貿聯-KY,1,13,-12
華南麻豆,00929復華台灣科技優息,0,12,-12
華南麻豆,昇貿,0,11,-11
華南麻豆,亞諾法,0,10,-10
華南麻豆,00893國泰智能電動車,0,10,-10
華南麻豆,泰鼎-KY,0,10,-10
華南麻豆,晟銘電,0,10,-10
華南麻豆,亞泥,0,10,-10
華南麻豆,南緯,0,10,-10
華南麻豆,台積電,7,16,-9
華南麻豆,漢磊,1,10,-9
華南麻豆,國統,5,14,-9
華南麻豆,群聯,5,14,-9
華南麻豆,順達,3,11,-8
華南麻豆,台達電,1,9,-8
華南麻豆,中石化,0,7,-7
華南麻豆,智邦,0,7,-7
華南麻豆,富邦金,1,7,-6
華南麻豆,聯光通,28,34,-6
華南麻豆,全訊,0,6,-6
華南麻豆,敬鵬,0,6,-6
華南麻豆,優群,0,6,-6
華南麻豆,宏致,0,6,-6
華南麻豆,華宏,0,6,-6
華南麻豆,康和證,0,6,-6
華南麻豆,台特化,7,13,-6
華南麻豆,亞航,1,7,-6
華南麻豆,元大台灣50,2,8,-6
華南麻豆,00679B元大美債20年,3,8,-5
華南麻豆,僑威,7,12,-5
新光新竹,00959B大華投等美債15Y+,158,6,152
新光新竹,00858永豐美國500大,104,0,104
新光新竹,台塑化,152,56,96
新光新竹,聯電,161,76,85
新光新竹,和椿,87,17,70
新光新竹,高技,60,5,55
新光新竹,鴻海,259,205,54
新光新竹,00764B群益25年美債,57,5,52
新光新竹,精成科,67,17,50
新光新竹,華星光,157,109,48
新光新竹,00795B中信美國公債20年,48,0,48
新光新竹,00679B元大美債20年,65,19,46
新光新竹,元大高股息,50,6,44
新光新竹,士開,39,0,39
新光新竹,順達,62,24,38
新光新竹,德律,38,0,38
新光新竹,富華新,34,0,34
新光新竹,環宇-KY,239,206,33
新光新竹,立��,91,62,29
新光新竹,泰鼎-KY,27,0,27
新光新竹,00878國泰永續高股息,42,16,26
新光新竹,友訊,29,3,26
新光新竹,00687B國泰20年美債,45,20,25
新光新竹,兆勁,25,0,25
新光新竹,00715L期街口布蘭特正2,27,2,25
新光新竹,精材,86,61,25
新光新竹,鑫聯大投控,25,1,24
新光新竹,益登,24,1,23
新光新竹,立隆電,77,54,23
新光新竹,00673R期元大S＆P原油反1,80,57,23
新光新竹,台翰,22,0,22
新光新竹,恆大,22,1,21
新光新竹,台化,23,2,21
新光新竹,聚亨,20,0,20
新光新竹,華紙,37,17,20
新光新竹,銘旺科,24,4,20
新光新竹,2883B凱基金乙特,20,0,20
新光新竹,00632R元大台灣50反1,19,0,19
新光新竹,00919群益台灣精選高息,42,23,19
新光新竹,昇陽半導體,34,16,18
新光新竹,陽明,27,9,18
新光新竹,矽格,33,15,18
新光新竹,英業達,34,16,18
新光新竹,富邦金,35,18,17
新光新竹,山林水,18,1,17
新光新竹,00671R富邦NASDAQ反1,20,3,17
新光新竹,佳能,21,4,17
新光新竹,00753L中信中國50正2,38,22,16
新光新竹,00665L富邦�琤肭磪囓�2,30,15,15
新光新竹,兆豐金,15,0,15
新光新竹,00937B群益ESG投等債20,76,537,-461
新光新竹,燿華,1,162,-161
新光新竹,00675L富邦臺灣加權正2,6,123,-117
新光新竹,00712復華富時不動產,63,178,-115
新光新竹,00926凱基全球菁英55,0,100,-100
新光新竹,浪凡,8,101,-93
新光新竹,玉山金,0,88,-88
新光新竹,欣銓,40,125,-85
新光新竹,宏達電,232,314,-82
新光新竹,彰銀,1,81,-80
新光新竹,居易,0,77,-77
新光新竹,00922國泰台灣領袖50,1,74,-73
新光新竹,緯創,44,105,-61
新光新竹,00965元大航太防衛科技,5,60,-55
新光新竹,00929復華台灣科技優息,69,123,-54
新光新竹,長榮航,87,138,-51
新光新竹,國泰金,1,51,-50
新光新竹,00915凱基優選高股息30,7,53,-46
新光新竹,力積電,119,162,-43
新光新竹,00941中信上游半導體,0,39,-39
新光新竹,00948B中信優息投資級債,0,38,-38
新光新竹,00631L元大台灣50正2,17,55,-38
新光新竹,神達,131,164,-33
新光新竹,00706L期元大S＆P日圓正2,7,40,-33
新光新竹,00909國泰數位支付服務,1,32,-31
新光新竹,台燿,4,35,-31
新光新竹,岳豐,0,30,-30
新光新竹,王道銀行,0,30,-30
新光新竹,00885富邦越南,0,30,-30
新光新竹,矽統,15,42,-27
新光新竹,台積電,26,52,-26
新光新竹,00772B中信高評級公司債,1,25,-24
新光新竹,京城,0,23,-23
新光新竹,00936台新永續高息中小,0,23,-23
新光新竹,00881國泰台灣5G+,1,23,-22
新光新竹,華航,5,27,-22
新光新竹,台新金,3,23,-20
新光新竹,00722B群益投資級電信債,0,20,-20
新光新竹,00830國泰費城半導體,3,23,-20
新光新竹,群創,1,21,-20
新光新竹,華城,6,25,-19
新光新竹,全新,6,25,-19
新光新竹,興能高,78,97,-19
新光新竹,台灣虎航,13,32,-19
新光新竹,可成,7,24,-17
新光新竹,華南金,1,17,-16
新光新竹,大洋,0,16,-16
新光新竹,00757統一FANG+,11,26,-15
新光新竹,00708L期元大S＆P黃金正2,8,23,-15
新光新竹,宏致,17,32,-15
玉山嘉義,聯電,282,7,275
玉山嘉義,緯創,110,9,101
玉山嘉義,00950B凱基A級公司債,75,0,75
玉山嘉義,王道銀行,70,0,70
玉山嘉義,00706L期元大S＆P日圓正2,60,0,60
玉山嘉義,00918大華優利高填息30,43,1,42
玉山嘉義,元大高股息,58,21,37
玉山嘉義,00665L富邦�琤肭磪囓�2,40,7,33
玉山嘉義,立��,65,35,30
玉山嘉義,00637L元大滬深300正2,33,5,28
玉山嘉義,欣興,28,5,23
玉山嘉義,華星光,84,63,21
玉山嘉義,00662富邦NASDAQ,20,0,20
玉山嘉義,今皓,20,0,20
玉山嘉義,台塑,24,4,20
玉山嘉義,00960野村全球航運龍頭,23,5,18
玉山嘉義,00882中信中國高股息,18,1,17
玉山嘉義,第一保,20,4,16
玉山嘉義,富喬,38,23,15
玉山嘉義,三商壽,15,0,15
玉山嘉義,00951台新日本半導體,15,0,15
玉山嘉義,連展投控,17,3,14
玉山嘉義,廣達,18,4,14
玉山嘉義,英濟,24,10,14
玉山嘉義,友訊,18,4,14
玉山嘉義,宏��,15,2,13
玉山嘉義,合庫金,14,0,14
玉山嘉義,聯光通,33,20,13
玉山嘉義,00687B國泰20年美債,14,1,13
玉山嘉義,鏵友益,13,0,13
玉山嘉義,英業達,23,10,13
玉山嘉義,兆豐金,13,0,13
玉山嘉義,福華,12,0,12
玉山嘉義,友達,13,1,12
玉山嘉義,00679B元大美債20年,13,2,11
玉山嘉義,00858永豐美國500大,11,0,11
玉山嘉義,00878國泰永續高股息,46,35,11
玉山嘉義,華邦電,11,0,11
玉山嘉義,南茂,12,1,11
玉山嘉義,00713元大台灣高息低波,18,7,11
玉山嘉義,立隆電,46,36,10
玉山嘉義,輔信,10,0,10
玉山嘉義,00752中信中國50,10,0,10
玉山嘉義,長榮鋼,10,0,10
玉山嘉義,福懋,10,0,10
玉山嘉義,00650L復華香港正2,10,0,10
玉山嘉義,映興,10,0,10
玉山嘉義,南仁湖,10,1,9
玉山嘉義,00915凱基優選高股息30,17,8,9
玉山嘉義,萬海,10,1,9
玉山嘉義,泰金寶-DR,278,677,-399
玉山嘉義,00632R元大台灣50反1,2,169,-167
玉山嘉義,興能高,31,170,-139
玉山嘉義,玉山金,6,100,-94
玉山嘉義,大同,4,98,-94
玉山嘉義,00929復華台灣科技優息,8,99,-91
玉山嘉義,凱基金,2,85,-83
玉山嘉義,南亞,7,77,-70
玉山嘉義,00715L期街口布蘭特正2,0,66,-66
玉山嘉義,00670L富邦NASDAQ正2,0,51,-51
玉山嘉義,00919群益台灣精選高息,69,116,-47
玉山嘉義,00940元大台灣價值高息,46,90,-44
玉山嘉義,定穎投控,2,42,-40
玉山嘉義,00939統一台灣高息動能,5,43,-38
玉山嘉義,群創,0,37,-37
玉山嘉義,宏達電,58,90,-32
玉山嘉義,精成科,6,37,-31
玉山嘉義,00673R期元大S＆P原油反1,11,40,-29
玉山嘉義,00651R復華香港反1,0,28,-28
玉山嘉義,欣銓,3,31,-28
玉山嘉義,00922國泰台灣領袖50,2,29,-27
玉山嘉義,加百裕,19,45,-26
玉山嘉義,00877復華中國5G,0,25,-25
玉山嘉義,伍豐,0,24,-24
玉山嘉義,日月光投控,4,27,-23
玉山嘉義,事欣科,3,25,-22
玉山嘉義,台積電,15,36,-21
玉山嘉義,00952凱基台灣AI50,0,21,-21
玉山嘉義,中鋼,9,30,-21
玉山嘉義,點序,0,20,-20
玉山嘉義,長興,0,20,-20
玉山嘉義,富野,1,21,-20
玉山嘉義,台苯,0,20,-20
玉山嘉義,農林,0,20,-20
玉山嘉義,00941中信上游半導體,0,20,-20
玉山嘉義,新日興,6,24,-18
玉山嘉義,神達,102,119,-17
玉山嘉義,德晉,0,16,-16
玉山嘉義,宏致,2,17,-15
玉山嘉義,華航,2,17,-15
玉山嘉義,威剛,0,14,-14
玉山嘉義,臺企銀,6,20,-14
玉山嘉義,00936台新永續高息中小,2,14,-12
玉山嘉義,倉佑,0,12,-12
玉山嘉義,鈺齊-KY,0,11,-11
玉山嘉義,燿華,0,11,-11
玉山嘉義,國邑*,0,11,-11
玉山嘉義,新光金,0,11,-11
玉山嘉義,長榮航,7,17,-10
玉山嘉義,新漢,0,10,-10
 元大永春,00673R期元大S＆P原油反1,298,0,298
 元大永春,聯電,207,45,162
 元大永春,00679B元大美債20年,140,4,136
 元大永春,擎亞,114,4,110
 元大永春,91APP*-KY,112,5,107
 元大永春,欣銓,152,64,88
 元大永春,00637L元大滬深300正2,95,8,87
 元大永春,臺企銀,75,4,71
 元大永春,上銀,66,2,64
 元大永春,新光金,61,1,60
 元大永春,00858永豐美國500大,59,0,59
 元大永春,三商壽,70,12,58
 元大永春,友勁,44,1,43
 元大永春,00878國泰永續高股息,62,21,41
 元大永春,00676R富邦臺灣加權反1,40,0,40
 元大永春,00725B國泰投資級公司債,30,0,30
 元大永春,神基,30,1,29
 元大永春,新建,27,0,27
 元大永春,僑威,32,6,26
 元大永春,00713元大台灣高息低波,23,0,23
 元大永春,鴻海,53,30,23
 元大永春,廣達,24,4,20
 元大永春,00633L富邦上証正2,20,1,19
 元大永春,力積電,51,33,18
 元大永春,台塑化,21,5,16
 元大永春,00932兆豐永續高息等權,15,0,15
 元大永春,世德,15,0,15
 元大永春,志強-KY,15,0,15
 元大永春,興勤,35,20,15
 元大永春,順達,35,20,15
 元大永春,長榮航,34,19,15
 元大永春,00757統一FANG+,15,0,15
 元大永春,華航,16,2,14
 元大永春,緯創,45,31,14
 元大永春,00919群益台灣精選高息,15,2,13
 元大永春,詮欣,14,2,12
 元大永春,佳能,28,16,12
 元大永春,三芳,12,1,11
 元大永春,泰金寶-DR,44,33,11
 元大永春,和桐,11,0,11
 元大永春,安��,10,0,10
 元大永春,00655L國泰中國A50正2,14,4,10
 元大永春,大億金茂,10,0,10
 元大永春,建暐,15,5,10
 元大永春,神達,199,190,9
 元大永春,金寶,24,15,9
 元大永春,宏齊,9,0,9
 元大永春,偉訓,41,32,9
 元大永春,湧德,12,4,8
 元大永春,連展投控,8,0,8
 元大永春,00719B元大美債1-3,1,120,-119
 元大永春,00648R元大S＆P500反1,5,105,-100
 元大永春,00922國泰台灣領袖50,7,92,-85
 元大永春,00720B元大投資級公司債,0,81,-81
 元大永春,國泰金,2,69,-67
 元大永春,00937B群益ESG投等債20,144,202,-58
 元大永春,群創,3,59,-56
 元大永春,新日興,4,55,-51
 元大永春,元大高股息,35,84,-49
 元大永春,友訊,2,50,-48
 元大永春,00941中信上游半導體,0,42,-42
 元大永春,00948B中信優息投資級債,10,45,-35
 元大永春,00929復華台灣科技優息,4,36,-32
 元大永春,006208富邦台50,4,28,-24
 元大永春,立敦,22,46,-24
 元大永春,台積電,9,32,-23
 元大永春,中石化,0,23,-23
 元大永春,華南金,0,22,-22
 元大永春,長榮,3,25,-22
 元大永春,00965元大航太防衛科技,2,24,-22
 元大永春,台灣高鐵,0,21,-21
 元大永春,精材,4,25,-21
 元大永春,漢平,0,19,-19
 元大永春,00923群益台ESG低碳50,0,18,-18
 元大永春,鑫聯大投控,0,15,-15
 元大永春,光寶科,2,16,-14
 元大永春,定穎投控,1,15,-14
 元大永春,台塑,3,17,-14
 元大永春,00632R元大台灣50反1,5,19,-14
 元大永春,國碩,0,13,-13
 元大永春,00895富邦未來車,0,13,-13
 元大永春,波若威,27,39,-12
 元大永春,艾姆勒,0,12,-12
 元大永春,友達,0,12,-12
 元大永春,宏達電,142,153,-11
 元大永春,合騏,6,17,-11
 元大永春,中光電,1,12,-11
 元大永春,台灣虎航,2,13,-11
 元大永春,00675L富邦臺灣加權正2,6,17,-11
 元大永春,亞翔,7,18,-11
 元大永春,華城,3,14,-11
 元大永春,富喬,22,32,-10
 元大永春,00891中信關鍵半導體,0,10,-10
 元大永春,凱崴,0,10,-10
 元大永春,麗嬰房,0,10,-10
 元大永春,00662富邦NASDAQ,0,10,-10
 元大永春,驊訊,9,19,-10
 元大永春,00900富邦特選高股息30,0,10,-10
 元大永春,00940元大台灣價值高息,8,17,-9
 元大永春,台達電,3,12,-9
台銀高雄,合庫金,237,7,230
台銀高雄,聯電,310,130,180
台銀高雄,三商壽,210,42,168
台銀高雄,中鋼,238,102,136
台銀高雄,星宇航空,110,25,85
台銀高雄,鴻海,214,147,67
台銀高雄,00637L元大滬深300正2,115,51,64
台銀高雄,00632R元大台灣50反1,84,22,62
台銀高雄,00971野村美國研發龍頭,58,0,58
台銀高雄,00919群益台灣精選高息,151,97,54
台銀高雄,緯創,77,28,49
台銀高雄,00652富邦印度,47,0,47
台銀高雄,00687B國泰20年美債,49,8,41
台銀高雄,潤泰新,42,4,38
台銀高雄,台新金,43,5,38
台銀高雄,00712復華富時不動產,40,2,38
台銀高雄,台泥,51,15,36
台銀高雄,台船,35,1,34
台銀高雄,熒茂,31,0,31
台銀高雄,聯鈞,104,74,30
台銀高雄,00918大華優利高填息30,34,4,30
台銀高雄,萬潤,38,9,29
台銀高雄,元大高股息,121,92,29
台銀高雄,00642U期元大S＆P石油,43,17,26
台銀高雄,911608明輝-DR,26,0,26
台銀高雄,00882中信中國高股息,23,0,23
台銀高雄,所羅門,36,13,23
台銀高雄,南茂,32,9,23
台銀高雄,00858永豐美國500大,53,32,21
台銀高雄,00673R期元大S＆P原油反1,20,0,20
台銀高雄,宏易,20,0,20
台銀高雄,神達,155,135,20
台銀高雄,00706L期元大S＆P日圓正2,19,0,19
台銀高雄,富喬,57,38,19
台銀高雄,櫻花建,18,0,18
台銀高雄,金麗-KY,15,0,15
台銀高雄,精成科,39,24,15
台銀高雄,廣達,26,12,14
台銀高雄,全球傳動,24,10,14
台銀高雄,東森,22,8,14
台銀高雄,00945B凱基美國非投等債,13,0,13
台銀高雄,00697B元大美債7-10,13,0,13
台銀高雄,00960野村全球航運龍頭,112,100,12
台銀高雄,台灣大,12,0,12
台銀高雄,中鼎,11,0,11
台銀高雄,今皓,12,1,11
台銀高雄,騰輝電子-KY,14,3,11
台銀高雄,中鴻,30,19,11
台銀高雄,圓剛,18,7,11
台銀高雄,系統電,12,1,11
台銀高雄,群創,33,329,-296
台銀高雄,00688L國泰20年美債正2,0,274,-274
台銀高雄,華航,6,238,-232
台銀高雄,華南金,2,213,-211
台銀高雄,00929復華台灣科技優息,8,166,-158
台銀高雄,00679B元大美債20年,59,187,-128
台銀高雄,00665L富邦�琤肭磪囓�2,16,130,-114
台銀高雄,凱基金,5,110,-105
台銀高雄,中石化,0,92,-92
台銀高雄,00631L元大台灣50正2,2,91,-89
台銀高雄,00940元大台灣價值高息,32,113,-81
台銀高雄,00963中信全球高股息,0,80,-80
台銀高雄,元大台灣50,10,77,-67
台銀高雄,中華電,0,63,-63
台銀高雄,00937B群益ESG投等債20,51,112,-61
台銀高雄,00857B永豐20年美公債,0,60,-60
台銀高雄,富邦金,8,65,-57
台銀高雄,國泰金,5,57,-52
台銀高雄,00951台新日本半導體,0,51,-51
台銀高雄,00933B國泰10Y+金融債,0,47,-47
台銀高雄,中信金,1,45,-44
台銀高雄,00878國泰永續高股息,59,104,-45
台銀高雄,環宇-KY,106,149,-43
台銀高雄,大同,4,47,-43
台銀高雄,長華*,0,42,-42
台銀高雄,台積電,14,55,-41
台銀高雄,00690兆豐藍籌30,0,41,-41
台銀高雄,00680L元大美債20正2,18,57,-39
台銀高雄,萬海,5,42,-37
台銀高雄,00877復華中國5G,0,36,-36
台銀高雄,厚生,0,34,-34
台銀高雄,光寶科,2,34,-32
台銀高雄,00701國泰股利精選30,0,30,-30
台銀高雄,00948B中信優息投資級債,6,34,-28
台銀高雄,長榮航,9,36,-27
台銀高雄,淘帝-KY,0,25,-25
台銀高雄,智捷,0,25,-25
台銀高雄,慧友,3,28,-25
台銀高雄,康和證,0,24,-24
台銀高雄,00954中信日本半導體,0,24,-24
台銀高雄,台特化,5,29,-24
台銀高雄,00953B群益優選非投等債,2,26,-24
台銀高雄,泰金寶-DR,117,140,-23
台銀高雄,00949復華日本龍頭,1,23,-22
台銀高雄,興能高,130,151,-21
台銀高雄,惠特,1,21,-20
台銀高雄,瀧澤科,0,20,-20
台銀高雄,00915凱基優選高股息30,7,25,-18
台銀高雄,日月光投控,14,31,-17
台銀高雄,台達電,1,18,-17
永豐北高,立��,229,1,228
永豐北高,00673R期元大S＆P原油反1,200,1,199
永豐北高,南亞,62,0,62
永豐北高,元大高股息,44,0,44
永豐北高,長榮航,40,0,40
永豐北高,00637L元大滬深300正2,37,6,31
永豐北高,00900富邦特選高股息30,29,2,27
永豐北高,台榮,25,0,25
永豐北高,欣興,18,0,18
永豐北高,聯電,24,7,17
永豐北高,加百裕,34,17,17
永豐北高,00959B大華投等美債15Y+,16,0,16
永豐北高,王道銀行,18,3,15
永豐北高,中租-KY,14,0,14
永豐北高,英濟,35,21,14
永豐北高,玉山金,14,0,14
永豐北高,00929復華台灣科技優息,15,3,12
永豐北高,東鹼,12,0,12
永豐北高,英業達,12,0,12
永豐北高,雄獅,11,0,11
永豐北高,大銀微系統,20,10,10
永豐北高,亞泰,10,0,10
永豐北高,邁達特,10,0,10
永豐北高,艾華,10,0,10
永豐北高,台虹,11,1,10
永豐北高,00919群益台灣精選高息,18,8,10
永豐北高,統一超,9,0,9
永豐北高,擎亞,11,2,9
永豐北高,IKKA-KY,10,1,9
永豐北高,高力,9,0,9
永豐北高,00960野村全球航運龍頭,8,0,8
永豐北高,泰金寶-DR,11,3,8
永豐北高,00950B凱基A級公司債,7,0,7
永豐北高,日電貿,8,1,7
永豐北高,澤米,7,0,7
永豐北高,006208富邦台50,12,5,7
永豐北高,新盛力,114,108,6
永豐北高,力智,6,0,6
永豐北高,兆豐金,6,1,5
永豐北高,00942B台新美A公司債20+,5,0,5
永豐北高,台泥,5,0,5
永豐北高,中工,5,0,5
永豐北高,元大金,5,0,5
永豐北高,晶睿,5,0,5
永豐北高,宏齊,5,0,5
永豐北高,精成科,7,2,5
永豐北高,昆盈,5,0,5
永豐北高,華晶科,15,10,5
永豐北高,聯鈞,16,12,4
永豐北高,00858永豐美國500大,4,0,4
永豐北高,濱川,18,100,-82
永豐北高,華豐,0,76,-76
永豐北高,神達,92,151,-59
永豐北高,友達,1,48,-47
永豐北高,00715L期街口布蘭特正2,0,40,-40
永豐北高,富邦金,0,35,-35
永豐北高,00937B群益ESG投等債20,10,40,-30
永豐北高,GIS-KY,0,25,-25
永豐北高,00922國泰台灣領袖50,0,24,-24
永豐北高,元大台灣50,0,23,-23
永豐北高,新光金,0,21,-21
永豐北高,亞光,0,21,-21
永豐北高,凱基金,2,21,-19
永豐北高,中光電,2,21,-19
永豐北高,00720B元大投資級公司債,0,18,-18
永豐北高,00712復華富時不動產,0,17,-17
永豐北高,全新,0,15,-15
永豐北高,千附精密,0,15,-15
永豐北高,00905FT臺灣Smart,1,15,-14
永豐北高,宏達電,49,63,-14
永豐北高,時碩工業,6,19,-13
永豐北高,00679B元大美債20年,2,15,-13
永豐北高,鴻海,5,18,-13
永豐北高,順達,6,18,-12
永豐北高,長榮,2,13,-11
永豐北高,00725B國泰投資級公司債,0,11,-11
永豐北高,華邦電,1,12,-11
永豐北高,惠特,2,13,-11
永豐北高,00909國泰數位支付服務,0,11,-11
永豐北高,00877復華中國5G,0,10,-10
永豐北高,大同,1,11,-10
永豐北高,聯合再生,0,10,-10
永豐北高,達邁,8,18,-10
永豐北高,海華,0,10,-10
永豐北高,亞翔,3,12,-9
永豐北高,富邦科技,0,9,-9
永豐北高,友訊,1,10,-9
永豐北高,華航,0,9,-9
永豐北高,世紀,2,11,-9
永豐北高,00888永豐台灣ESG,0,8,-8
永豐北高,LINEPAY,0,7,-7
永豐北高,西勝,3,10,-7
永豐北高,輔信,0,6,-6
永豐北高,良維,1,7,-6
永豐北高,00675L富邦臺灣加權正2,0,6,-6
永豐北高,00891中信關鍵半導體,0,5,-5
永豐北高,鴻華先進-創,0,5,-5
永豐北高,佳能,8,13,-5
永豐北高,台光電,0,5,-5
永豐北高,長榮航太,0,5,-5
兆豐公益,00887永豐中國科技50大,153,0,153
兆豐公益,力積電,258,109,149
兆豐公益,兆豐金,122,4,118
兆豐公益,00940元大台灣價值高息,108,7,101
兆豐公益,富喬,113,14,99
兆豐公益,00945B凱基美國非投等債,70,0,70
兆豐公益,聯電,334,271,63
兆豐公益,00637L元大滬深300正2,256,197,59
兆豐公益,00688L國泰20年美債正2,50,10,40
兆豐公益,聚隆,33,0,33
兆豐公益,千附精密,32,0,32
兆豐公益,金山電,30,0,30
兆豐公益,富邦金,72,44,28
兆豐公益,圓裕,26,0,26
兆豐公益,00664R國泰臺灣加權反1,24,0,24
兆豐公益,高端疫苗,22,0,22
兆豐公益,瑞軒,18,0,18
兆豐公益,006208富邦台50,17,2,15
兆豐公益,台塑,15,0,15
兆豐公益,南亞科,14,0,14
兆豐公益,精材,17,3,14
兆豐公益,弘凱,14,0,14
兆豐公益,英業達,13,0,13
兆豐公益,緯創,20,7,13
兆豐公益,00673R期元大S＆P原油反1,12,0,12
兆豐公益,00909國泰數位支付服務,11,0,11
兆豐公益,全新,11,0,11
兆豐公益,建通,11,0,11
兆豐公益,jpp-KY,11,0,11
兆豐公益,欣興,15,5,10
兆豐公益,華泰,10,0,10
兆豐公益,00915凱基優選高股息30,9,0,9
兆豐公益,00715L期街口布蘭特正2,10,1,9
兆豐公益,中石化,10,1,9
兆豐公益,前鼎,10,1,9
兆豐公益,眾達-KY,22,13,9
兆豐公益,櫻花,8,0,8
兆豐公益,台泥,8,0,8
兆豐公益,光環,9,1,8
兆豐公益,立敦,9,1,8
兆豐公益,亞光,17,10,7
兆豐公益,旺宏,7,0,7
兆豐公益,00919群益台灣精選高息,8,2,6
兆豐公益,昇陽半導體,6,0,6
兆豐公益,伊雲谷,5,0,5
兆豐公益,00679B元大美債20年,5,0,5
兆豐公益,00959B大華投等美債15Y+,5,0,5
兆豐公益,聯華,5,0,5
兆豐公益,台灣高鐵,5,0,5
兆豐公益,由田,5,0,5
兆豐公益,王道銀行,0,2454,-2454
兆豐公益,00980B台新特選IG債10+,0,110,-110
兆豐公益,00665L富邦�琤肭磪囓�2,30,80,-50
兆豐公益,欣銓,8,57,-49
兆豐公益,神達,255,296,-41
兆豐公益,00878國泰永續高股息,12,51,-39
兆豐公益,新建,1,37,-36
兆豐公益,00706L期元大S＆P日圓正2,0,35,-35
兆豐公益,順達,4,38,-34
兆豐公益,國泰金,0,31,-31
兆豐公益,沛波,0,30,-30
兆豐公益,00929復華台灣科技優息,0,29,-29
兆豐公益,長華*,1,30,-29
兆豐公益,連展投控,12,40,-28
兆豐公益,新光鋼,0,23,-23
兆豐公益,凱基金,0,22,-22
兆豐公益,元大高股息,14,33,-19
兆豐公益,興能高,132,150,-18
兆豐公益,泰金寶-DR,0,17,-17
兆豐公益,新日興,0,16,-16
兆豐公益,00934中信成長高股息,0,16,-16
兆豐公益,中信金,1,16,-15
兆豐公益,威健,0,15,-15
兆豐公益,長榮,1,15,-14
兆豐公益,00954中信日本半導體,0,14,-14
兆豐公益,新盛力,124,138,-14
兆豐公益,達運,0,14,-14
兆豐公益,00687B國泰20年美債,7,20,-13
兆豐公益,達邦蛋白,0,12,-12
兆豐公益,臺企銀,1,12,-11
兆豐公益,和椿,15,26,-11
兆豐公益,00951台新日本半導體,0,10,-10
兆豐公益,宏達電,67,77,-10
兆豐公益,聯鈞,18,28,-10
兆豐公益,波若威,21,30,-9
兆豐公益,華邦電,2,11,-9
兆豐公益,華南金,1,10,-9
兆豐公益,能率,0,9,-9
兆豐公益,達邁,5,13,-8
兆豐公益,華城,11,19,-8
兆豐公益,訊舟,0,8,-8
兆豐公益,國統,0,8,-8
兆豐公益,00965元大航太防衛科技,0,7,-7
兆豐公益,長榮航,2,9,-7
兆豐公益,康舒,0,7,-7
兆豐公益,富世達,0,7,-7
兆豐公益,亞翔,6,13,-7
兆豐公益,神基,0,6,-6
兆豐公益,00923群益台ESG低碳50,0,6,-6
兆豐公益,光寶科,1,7,-6
兆豐小港,00673R期元大S＆P原油反1,200,0,200
兆豐小港,聯電,63,8,55
兆豐小港,00897富邦基因免疫生技,32,0,32
兆豐小港,中鋼,41,10,31
兆豐小港,陽明,35,6,29
兆豐小港,00753L中信中國50正2,20,0,20
兆豐小港,00632R元大台灣50反1,23,3,20
兆豐小港,TPK-KY,20,0,20
兆豐小港,華星光,40,20,20
兆豐小港,00637L元大滬深300正2,32,13,19
兆豐小港,光環,20,1,19
兆豐小港,大成鋼,23,6,17
兆豐小港,00858永豐美國500大,16,0,16
兆豐小港,陽程,15,0,15
兆豐小港,力積電,40,25,15
兆豐小港,普安,14,0,14
兆豐小港,台燿,14,0,14
兆豐小港,金寶,13,0,13
兆豐小港,亞光,20,7,13
兆豐小港,禾伸堂,13,1,12
兆豐小港,00887永豐中國科技50大,10,0,10
兆豐小港,00905FT臺灣Smart,10,0,10
兆豐小港,00702國泰標普低波高息,10,0,10
兆豐小港,信邦,10,0,10
兆豐小港,中鼎,10,0,10
兆豐小港,加百裕,16,7,9
兆豐小港,神達,73,65,8
兆豐小港,立隆電,9,2,7
兆豐小港,兆豐金,7,0,7
兆豐小港,欣興,8,1,7
兆豐小港,眾達-KY,7,0,7
兆豐小港,環宇-KY,29,22,7
兆豐小港,IKKA-KY,7,1,6
兆豐小港,炎洲,6,0,6
兆豐小港,僑威,7,1,6
兆豐小港,中租-KY,5,0,5
兆豐小港,揚智,7,2,5
兆豐小港,彩晶,5,0,5
兆豐小港,驊宏資,5,0,5
兆豐小港,元大高股息,10,6,4
兆豐小港,00937B群益ESG投等債20,4,0,4
兆豐小港,00662富邦NASDAQ,4,0,4
兆豐小港,漢科,5,1,4
兆豐小港,永捷,4,0,4
兆豐小港,競國,4,0,4
兆豐小港,潤泰新,4,0,4
兆豐小港,順達,8,4,4
兆豐小港,00713元大台灣高息低波,3,0,3
兆豐小港,00795B中信美國公債20年,3,0,3
兆豐小港,00965元大航太防衛科技,13,10,3
兆豐小港,00929復華台灣科技優息,1,130,-129
兆豐小港,00980B台新特選IG債10+,0,78,-78
兆豐小港,00915凱基優選高股息30,2,50,-48
兆豐小港,台新金,10,50,-40
兆豐小港,日月光投控,0,33,-33
兆豐小港,00674R期元大S＆P黃金反1,0,30,-30
兆豐小港,友輝,0,27,-27
兆豐小港,友達,0,26,-26
兆豐小港,00941中信上游半導體,0,23,-23
兆豐小港,00919群益台灣精選高息,33,50,-17
兆豐小港,安��,0,17,-17
兆豐小港,欣銓,5,21,-16
兆豐小港,凱基金,4,19,-15
兆豐小港,振發,0,15,-15
兆豐小港,光聯,0,14,-14
兆豐小港,定穎投控,2,14,-12
兆豐小港,中美晶,1,12,-11
兆豐小港,淘帝-KY,0,10,-10
兆豐小港,仁寶,1,10,-9
兆豐小港,台揚,1,9,-8
兆豐小港,岳豐,0,8,-8
兆豐小港,緯創,7,15,-8
兆豐小港,富邦金,0,7,-7
兆豐小港,堤維西,0,7,-7
兆豐小港,長榮航,1,8,-7
兆豐小港,國泰金,0,7,-7
兆豐小港,雷虎,6,13,-7
兆豐小港,英業達,1,7,-6
兆豐小港,00930永豐ESG低碳高息,0,6,-6
兆豐小港,00940元大台灣價值高息,0,6,-6
兆豐小港,和桐,0,6,-6
兆豐小港,中環,0,6,-6
兆豐小港,今國光,0,6,-6
兆豐小港,興能高,75,81,-6
兆豐小港,宏致,0,6,-6
兆豐小港,圓剛,0,5,-5
兆豐小港,台化,0,5,-5
兆豐小港,華邦電,0,5,-5
兆豐小港,國碩,0,5,-5
兆豐小港,同泰,0,5,-5
兆豐小港,十銓,0,5,-5
兆豐小港,宏達電,21,26,-5
兆豐小港,光寶科,1,5,-4
兆豐小港,00751B元大AAA至A公司債,1,5,-4
兆豐小港,合機,0,4,-4
兆豐小港,飛宏,0,4,-4
兆豐小港,新建,0,4,-4
兆豐小港,皇翔,0,4,-4
兆豐小港,達邁,19,23,-4
兆豐小港,新盛力,39,43,-4
統一基隆  ,聯電,58,7,51
統一基隆  ,00891中信關鍵半導體,60,10,50
統一基隆  ,00679B元大美債20年,26,0,26
統一基隆  ,00687B國泰20年美債,24,0,24
統一基隆  ,連展投控,25,6,19
統一基隆  ,00919群益台灣精選高息,16,0,16
統一基隆  ,力成,14,1,13
統一基隆  ,慧洋-KY,12,0,12
統一基隆  ,00637L元大滬深300正2,22,10,12
統一基隆  ,和椿,28,16,12
統一基隆  ,東捷,12,0,12
統一基隆  ,台塑,12,1,11
統一基隆  ,00665L富邦�琤肭磪囓�2,60,50,10
統一基隆  ,官田鋼,10,0,10
統一基隆  ,映泰,10,0,10
統一基隆  ,星宇航空,11,1,10
統一基隆  ,汎銓,10,0,10
統一基隆  ,富威電力,10,0,10
統一基隆  ,00915凱基優選高股息30,9,0,9
統一基隆  ,森鉅,8,0,8
統一基隆  ,元大高股息,8,1,7
統一基隆  ,環科,7,0,7
統一基隆  ,冠西電,7,0,7
統一基隆  ,萬海,8,1,7
統一基隆  ,亞泰,8,1,7
統一基隆  ,宏達電,31,25,6
統一基隆  ,遠百,6,0,6
統一基隆  ,昇陽半導體,6,0,6
統一基隆  ,00878國泰永續高股息,6,1,5
統一基隆  ,00957B兆豐US優選投等債,5,0,5
統一基隆  ,00650L復華香港正2,5,0,5
統一基隆  ,00932兆豐永續高息等權,5,0,5
統一基隆  ,巨庭,5,0,5
統一基隆  ,華榮,5,0,5
統一基隆  ,大成鋼,5,0,5
統一基隆  ,IKKA-KY,5,0,5
統一基隆  ,旺宏,5,0,5
統一基隆  ,聯強,5,0,5
統一基隆  ,凱美,5,0,5
統一基隆  ,新興,5,0,5
統一基隆  ,加百裕,14,9,5
統一基隆  ,西勝,5,0,5
統一基隆  ,廣明,7,2,5
統一基隆  ,聯茂,5,0,5
統一基隆  ,建漢,5,0,5
統一基隆  ,精材,4,0,4
統一基隆  ,00882中信中國高股息,5,1,4
統一基隆  ,岱稜,4,0,4
統一基隆  ,達邁,7,3,4
統一基隆  ,群益期,4,0,4
統一基隆  ,第一金,0,52,-52
統一基隆  ,友達,1,29,-28
統一基隆  ,00940元大台灣價值高息,0,26,-26
統一基隆  ,00971野村美國研發龍頭,0,25,-25
統一基隆  ,佰鴻,0,25,-25
統一基隆  ,力積電,0,24,-24
統一基隆  ,00941中信上游半導體,0,20,-20
統一基隆  ,911868同方友友-DR,0,20,-20
統一基隆  ,華邦電,0,17,-17
統一基隆  ,神達,15,29,-14
統一基隆  ,華通,2,16,-14
統一基隆  ,2887E台新戊特,0,13,-13
統一基隆  ,2883B凱基金乙特,3,15,-12
統一基隆  ,波若威,1,12,-11
統一基隆  ,立��,0,10,-10
統一基隆  ,台積電,2,12,-10
統一基隆  ,華新,1,10,-9
統一基隆  ,鴻準,2,11,-9
統一基隆  ,全新,0,9,-9
統一基隆  ,緯創,4,13,-9
統一基隆  ,00929復華台灣科技優息,0,8,-8
統一基隆  ,00905FT臺灣Smart,0,8,-8
統一基隆  ,日月光投控,3,10,-7
統一基隆  ,長榮航,2,9,-7
統一基隆  ,精成科,6,13,-7
統一基隆  ,康全電訊,0,7,-7
統一基隆  ,元大台灣50,1,7,-6
統一基隆  ,00830國泰費城半導體,0,6,-6
統一基隆  ,00662富邦NASDAQ,0,6,-6
統一基隆  ,中興電,4,9,-5
統一基隆  ,00673R期元大S＆P原油反1,0,5,-5
統一基隆  ,凱基金,0,5,-5
統一基隆  ,神基,0,5,-5
統一基隆  ,晶豪科,0,5,-5
統一基隆  ,松普,0,5,-5
統一基隆  ,明基材,0,5,-5
統一基隆  ,00712復華富時不動產,0,5,-5
統一基隆  ,新日興,1,5,-4
統一基隆  ,亞翔,0,4,-4
統一基隆  ,堤維西,0,4,-4
統一基隆  ,大同,1,5,-4
統一基隆  ,陽明,4,8,-4
統一基隆  ,憶聲,0,4,-4
統一基隆  ,欣銓,1,5,-4
統一基隆  ,英濟,4,8,-4
統一基隆  ,台耀,0,4,-4
統一基隆  ,維田,0,4,-4
統一基隆  ,ITH-KY,0,4,-4
統一基隆  ,瀚荃,0,4,-4
統一基隆  ,00918大華優利高填息30,2,5,-3
兆豐忠孝,三商壽,2096,0,2096
兆豐忠孝,00953B群益優選非投等債,220,5,215
兆豐忠孝,00688L國泰20年美債正2,101,0,101
兆豐忠孝,00664R國泰臺灣加權反1,100,0,100
兆豐忠孝,聯電,235,153,82
兆豐忠孝,宏致,93,13,80
兆豐忠孝,亞泰,79,0,79
兆豐忠孝,緯創,81,2,79
兆豐忠孝,第一金,72,0,72
兆豐忠孝,神達,168,100,68
兆豐忠孝,欣銓,113,57,56
兆豐忠孝,漢唐,51,1,50
兆豐忠孝,景岳,46,0,46
兆豐忠孝,富邦金,64,18,46
兆豐忠孝,奈米醫材,45,0,45
兆豐忠孝,00915凱基優選高股息30,40,0,40
兆豐忠孝,力成,34,0,34
兆豐忠孝,彩晶,31,0,31
兆豐忠孝,新纖,30,0,30
兆豐忠孝,富喬,32,2,30
兆豐忠孝,鈺齊-KY,30,0,30
兆豐忠孝,遠百,25,0,25
兆豐忠孝,兆豐金,27,4,23
兆豐忠孝,新盛力,58,36,22
兆豐忠孝,立敦,40,18,22
兆豐忠孝,巨大,20,0,20
兆豐忠孝,00673R期元大S＆P原油反1,20,0,20
兆豐忠孝,00910第一金太空衛星,18,0,18
兆豐忠孝,皇昌,37,20,17
兆豐忠孝,00921兆豐龍頭等權重,17,0,17
兆豐忠孝,矽格,18,1,17
兆豐忠孝,廣達,25,10,15
兆豐忠孝,全球傳動,14,0,14
兆豐忠孝,巧新,13,0,13
兆豐忠孝,台灣虎航,16,4,12
兆豐忠孝,00858永豐美國500大,12,0,12
兆豐忠孝,泰金寶-DR,28,16,12
兆豐忠孝,僑威,23,12,11
兆豐忠孝,00878國泰永續高股息,14,3,11
兆豐忠孝,揚明光,11,0,11
兆豐忠孝,聯光通,29,18,11
兆豐忠孝,凌巨,10,0,10
兆豐忠孝,濱川,40,30,10
兆豐忠孝,006206元大上證50,10,0,10
兆豐忠孝,金麗-KY,10,0,10
兆豐忠孝,兆勁,10,0,10
兆豐忠孝,寶成,10,0,10
兆豐忠孝,00918大華優利高填息30,14,5,9
兆豐忠孝,艾笛森,10,1,9
兆豐忠孝,00632R元大台灣50反1,9,0,9
兆豐忠孝,群創,8,202,-194
兆豐忠孝,力積電,7,173,-166
兆豐忠孝,00937B群益ESG投等債20,7,170,-163
兆豐忠孝,00980B台新特選IG債10+,55,195,-140
兆豐忠孝,欣興,15,113,-98
兆豐忠孝,新光金,5,87,-82
兆豐忠孝,大同,21,98,-77
兆豐忠孝,和椿,8,85,-77
兆豐忠孝,00951台新日本半導體,1,60,-59
兆豐忠孝,華南金,1,53,-52
兆豐忠孝,連展投控,4,55,-51
兆豐忠孝,00942B台新美A公司債20+,0,50,-50
兆豐忠孝,合騏,3,49,-46
兆豐忠孝,00887永豐中國科技50大,0,45,-45
兆豐忠孝,藥華藥,2,36,-34
兆豐忠孝,長榮航,3,36,-33
兆豐忠孝,00909國泰數位支付服務,2,34,-32
兆豐忠孝,元大台灣50,5,35,-30
兆豐忠孝,00687B國泰20年美債,1,30,-29
兆豐忠孝,00679B元大美債20年,0,28,-28
兆豐忠孝,006208富邦台50,9,37,-28
兆豐忠孝,華航,0,27,-27
兆豐忠孝,精成科,8,28,-20
兆豐忠孝,三晃,0,20,-20
兆豐忠孝,穩懋,0,20,-20
兆豐忠孝,南亞科,0,19,-19
兆豐忠孝,00941中信上游半導體,1,20,-19
兆豐忠孝,00715L期街口布蘭特正2,5,21,-16
兆豐忠孝,菱生,0,15,-15
兆豐忠孝,兆赫,0,15,-15
兆豐忠孝,00970B新光BBB投等債20,0,15,-15
兆豐忠孝,國泰金,2,17,-15
兆豐忠孝,00680L元大美債20正2,0,13,-13
兆豐忠孝,台泥,1,14,-13
兆豐忠孝,00940元大台灣價值高息,0,13,-13
兆豐忠孝,00929復華台灣科技優息,0,13,-13
兆豐忠孝,鴻準,4,16,-12
兆豐忠孝,00949復華日本龍頭,0,12,-12
兆豐忠孝,華星光,15,26,-11
兆豐忠孝,群光,0,11,-11
兆豐忠孝,00720B元大投資級公司債,0,11,-11
兆豐忠孝,佐登-KY,0,10,-10
兆豐忠孝,凱基金,23,33,-10
兆豐忠孝,00959B大華投等美債15Y+,0,10,-10
兆豐忠孝,00636國泰中國A50,0,10,-10
兆豐忠孝,工信,0,10,-10
兆豐忠孝,00881國泰台灣5G+,0,10,-10
兆豐忠孝,00725B國泰投資級公司債,0,10,-10
兆豐忠孝,直得,1,10,-9
兆豐忠孝,00641R富邦日本反1,0,9,-9
 元富烏日,00665L富邦�琤肭磪囓�2,305,100,205
 元富烏日,第一金,97,0,97
 元富烏日,00878國泰永續高股息,105,10,95
 元富烏日,聯電,75,3,72
 元富烏日,006208富邦台50,30,2,28
 元富烏日,00937B群益ESG投等債20,44,17,27
 元富烏日,宏齊,25,0,25
 元富烏日,00922國泰台灣領袖50,20,0,20
 元富烏日,聯嘉,20,0,20
 元富烏日,大銀微系統,20,1,19
 元富烏日,金寶,80,61,19
 元富烏日,元大高股息,19,0,19
 元富烏日,和椿,18,2,16
 元富烏日,00919群益台灣精選高息,15,0,15
 元富烏日,華宏,15,0,15
 元富烏日,泰金寶-DR,22,8,14
 元富烏日,兆豐金,13,0,13
 元富烏日,00945B凱基美國非投等債,12,0,12
 元富烏日,00687B國泰20年美債,11,0,11
 元富烏日,連展投控,12,1,11
 元富烏日,力積電,22,11,11
 元富烏日,00882中信中國高股息,10,0,10
 元富烏日,00664R國泰臺灣加權反1,10,0,10
 元富烏日,大同,50,41,9
 元富烏日,中鋼,9,1,8
 元富烏日,00713元大台灣高息低波,6,0,6
 元富烏日,邁達特,6,0,6
 元富烏日,統新,7,1,6
 元富烏日,緯創,7,2,5
 元富烏日,吉茂,5,0,5
 元富烏日,淘帝-KY,5,0,5
 元富烏日,晟銘電,5,0,5
 元富烏日,00918大華優利高填息30,4,0,4
 元富烏日,全球傳動,4,0,4
 元富烏日,事欣科,5,1,4
 元富烏日,力成,4,0,4
 元富烏日,00675L富邦臺灣加權正2,3,0,3
 元富烏日,彬台,3,0,3
 元富烏日,00862B中信投資級公司債,3,0,3
 元富烏日,00899FT潔淨能源,3,0,3
 元富烏日,所羅門,3,0,3
 元富烏日,兆勁,3,0,3
 元富烏日,晶豪科,3,0,3
 元富烏日,海華,3,0,3
 元富烏日,欣大健康,3,0,3
 元富烏日,廣明,3,0,3
 元富烏日,能率網通,3,0,3
 元富烏日,大成鋼,3,0,3
 元富烏日,新盛力,7,5,2
 元富烏日,台積電,7,5,2
 元富烏日,00637L元大滬深300正2,8,450,-442
 元富烏日,00980B台新特選IG債10+,0,321,-321
 元富烏日,00940元大台灣價值高息,0,112,-112
 元富烏日,華南金,0,98,-98
 元富烏日,凱基金,1,51,-50
 元富烏日,00706L期元大S＆P日圓正2,0,30,-30
 元富烏日,00924復華S＆P500成長,0,27,-27
 元富烏日,健椿,0,25,-25
 元富烏日,西勝,2,26,-24
 元富烏日,宏達電,22,42,-20
 元富烏日,能率,6,26,-20
 元富烏日,尖點,0,19,-19
 元富烏日,日月光投控,0,15,-15
 元富烏日,精成科,2,16,-14
 元富烏日,00929復華台灣科技優息,2,16,-14
 元富烏日,00948B中信優息投資級債,0,12,-12
 元富烏日,波若威,10,22,-12
 元富烏日,順達,4,16,-12
 元富烏日,台達電,0,11,-11
 元富烏日,神達,45,56,-11
 元富烏日,台泥,0,11,-11
 元富烏日,統一,0,10,-10
 元富烏日,浪凡,0,10,-10
 元富烏日,群創,0,10,-10
 元富烏日,正達,0,8,-8
 元富烏日,彰銀,0,8,-8
 元富烏日,富邦金,0,7,-7
 元富烏日,00946群益科技高息成長,0,7,-7
 元富烏日,00926凱基全球菁英55,0,7,-7
 元富烏日,廣達,1,8,-7
 元富烏日,00895富邦未來車,0,6,-6
 元富烏日,圓剛,0,6,-6
 元富烏日,旺宏,0,6,-6
 元富烏日,長榮,0,6,-6
 元富烏日,擎亞,0,5,-5
 元富烏日,00631L元大台灣50正2,0,5,-5
 元富烏日,00757統一FANG+,0,5,-5
 元富烏日,00712復華富時不動產,15,20,-5
 元富烏日,00903富邦元宇宙,0,5,-5
 元富烏日,寶徠,0,5,-5
 元富烏日,潤隆,0,5,-5
 元富烏日,輔信,0,5,-5
 元富烏日,欣銓,0,5,-5
 元富烏日,系統電,0,5,-5
 元富烏日,00892富邦台灣半導體,0,4,-4
 元富烏日,皇昌,2,6,-4
 元富烏日,新光金,0,4,-4
 元富烏日,英濟,5,9,-4
 元富烏日,宏致,0,4,-4
 元富烏日,泰鼎-KY,1,5,-4
凱基湖口,聯電,185,30,155
凱基湖口,00900富邦特選高股息30,80,0,80
凱基湖口,00919群益台灣精選高息,50,3,47
凱基湖口,金寶,48,2,46
凱基湖口,00878國泰永續高股息,57,15,42
凱基湖口,華邦電,45,4,41
凱基湖口,00664R國泰臺灣加權反1,40,10,30
凱基湖口,元大高股息,35,11,24
凱基湖口,皇昌,24,3,21
凱基湖口,00882中信中國高股息,22,1,21
凱基湖口,00673R期元大S＆P原油反1,20,0,20
凱基湖口,緯創,22,6,16
凱基湖口,台塑化,15,0,15
凱基湖口,00679B元大美債20年,13,0,13
凱基湖口,陽明,11,0,11
凱基湖口,欣興,11,0,11
凱基湖口,英濟,16,5,11
凱基湖口,00676R富邦臺灣加權反1,11,1,10
凱基湖口,南亞,10,0,10
凱基湖口,佳世達,10,0,10
凱基湖口,新普,10,0,10
凱基湖口,百和興業-KY,10,0,10
凱基湖口,00858永豐美國500大,9,0,9
凱基湖口,鴻海,19,11,8
凱基湖口,大成鋼,12,4,8
凱基湖口,裕隆,8,0,8
凱基湖口,大銀微系統,11,4,7
凱基湖口,00637L元大滬深300正2,1315,1308,7
凱基湖口,美食-KY,8,1,7
凱基湖口,新漢,7,0,7
凱基湖口,00891中信關鍵半導體,8,2,6
凱基湖口,00670L富邦NASDAQ正2,6,0,6
凱基湖口,耀登,6,0,6
凱基湖口,亞翔,10,4,6
凱基湖口,00632R元大台灣50反1,5,0,5
凱基湖口,廣達,6,1,5
凱基湖口,00688L國泰20年美債正2,5,0,5
凱基湖口,00953B群益優選非投等債,5,0,5
凱基湖口,億光,5,0,5
凱基湖口,兆豐金,5,0,5
凱基湖口,晶技,5,0,5
凱基湖口,加百裕,9,4,5
凱基湖口,碩天,5,0,5
凱基湖口,海華,5,0,5
凱基湖口,佳邦,5,0,5
凱基湖口,中鼎,5,0,5
凱基湖口,華星光,20,16,4
凱基湖口,00706L期元大S＆P日圓正2,4,0,4
凱基湖口,00795B中信美國公債20年,4,0,4
凱基湖口,00934中信成長高股息,5,1,4
凱基湖口,新光金,0,112,-112
凱基湖口,00980B台新特選IG債10+,0,107,-107
凱基湖口,00946群益科技高息成長,1,100,-99
凱基湖口,00937B群益ESG投等債20,6,83,-77
凱基湖口,友達,5,73,-68
凱基湖口,玉山金,1,69,-68
凱基湖口,00929復華台灣科技優息,5,56,-51
凱基湖口,00885富邦越南,0,50,-50
凱基湖口,00952凱基台灣AI50,3,50,-47
凱基湖口,力積電,14,57,-43
凱基湖口,00907永豐優息存股,0,30,-30
凱基湖口,欣銓,13,43,-30
凱基湖口,國泰金,2,26,-24
凱基湖口,00951台新日本半導體,0,23,-23
凱基湖口,士電,0,21,-21
凱基湖口,燿華,0,20,-20
凱基湖口,凱基金,13,32,-19
凱基湖口,立隆電,7,25,-18
凱基湖口,東友,0,18,-18
凱基湖口,亞泰,4,19,-15
凱基湖口,神達,34,49,-15
凱基湖口,興能高,90,104,-14
凱基湖口,大同,1,15,-14
凱基湖口,00941中信上游半導體,0,14,-14
凱基湖口,鴻準,0,13,-13
凱基湖口,新建,2,15,-13
凱基湖口,良維,0,12,-12
凱基湖口,精成科,7,19,-12
凱基湖口,00905FT臺灣Smart,0,11,-11
凱基湖口,樂事綠能,0,11,-11
凱基湖口,中鴻,0,10,-10
凱基湖口,中華電,0,10,-10
凱基湖口,瑞軒,10,20,-10
凱基湖口,雄獅,0,10,-10
凱基湖口,華南金,0,10,-10
凱基湖口,宏遠證,0,10,-10
凱基湖口,愛普*,2,12,-10
凱基湖口,達邁,38,47,-9
凱基湖口,騰輝電子-KY,4,13,-9
凱基湖口,00940元大台灣價值高息,11,20,-9
凱基湖口,台達電,0,8,-8
凱基湖口,中工,0,8,-8
凱基湖口,宏致,4,12,-8
凱基湖口,中鋼,7,15,-8
凱基湖口,華城,4,11,-7
凱基湖口,00675L富邦臺灣加權正2,0,7,-7
凱基湖口,華航,0,7,-7
凱基湖口,群創,3,10,-7
凱基湖口,單井,0,7,-7
凱基湖口,瑞儀,0,7,-7
大展台南,00753L中信中國50正2,40,0,40
大展台南,聯電,19,1,18
大展台南,00637L元大滬深300正2,16,0,16
大展台南,台揚,12,0,12
大展台南,聿新科,10,0,10
大展台南,新復興,10,0,10
大展台南,00680L元大美債20正2,7,0,7
大展台南,00937B群益ESG投等債20,7,0,7
大展台南,精材,7,0,7
大展台南,金雨,6,0,6
大展台南,大銀微系統,4,0,4
大展台南,宏齊,4,0,4
大展台南,亞光,4,1,3
大展台南,欣興,3,0,3
大展台南,昱展新藥,3,0,3
大展台南,00919群益台灣精選高息,2,0,2
大展台南,華新,2,0,2
大展台南,直得,2,0,2
大展台南,英濟,2,0,2
大展台南,榮創,2,0,2
大展台南,連展投控,2,0,2
大展台南,邁達特,2,0,2
大展台南,和椿,6,4,2
大展台南,訊芯-KY,2,0,2
大展台南,堤維西,1,0,1
大展台南,台玻,1,0,1
大展台南,00632R元大台灣50反1,1,0,1
大展台南,00655L國泰中國A50正2,1,0,1
大展台南,00918大華優利高填息30,1,0,1
大展台南,英業達,1,0,1
大展台南,鴻準,7,6,1
大展台南,全新,1,0,1
大展台南,立隆電,1,0,1
大展台南,太子,1,0,1
大展台南,揚智,1,0,1
大展台南,波若威,2,1,1
大展台南,彬台,1,0,1
大展台南,類比科,1,0,1
大展台南,群創,1,0,1
大展台南,磐儀,1,0,1
大展台南,聯光通,7,6,1
大展台南,亞泰,1,0,1
大展台南,眾達-KY,3,2,1
大展台南,東科-KY,2,1,1
大展台南,世界,1,0,1
大展台南,詮欣,1,0,1
大展台南,高僑,1,0,1
大展台南,台郡,1,0,1
大展台南,啟��,1,0,1
大展台南,藥華藥,1,0,1
大展台南,永豐金,0,386,-386
大展台南,00929復華台灣科技優息,0,100,-100
大展台南,玉山金,0,100,-100
大展台南,佳能,0,22,-22
大展台南,偉詮電,0,8,-8
大展台南,華航,2,10,-8
大展台南,00905FT臺灣Smart,0,6,-6
大展台南,瑞軒,0,6,-6
大展台南,00690兆豐藍籌30,0,4,-4
大展台南,00687B國泰20年美債,0,4,-4
大展台南,緯創,0,4,-4
大展台南,汎銓,0,4,-4
大展台南,大同,0,4,-4
大展台南,華星光,0,3,-3
大展台南,中鴻,0,3,-3
大展台南,光寶科,0,3,-3
大展台南,達欣工,0,3,-3
大展台南,達邁,7,10,-3
大展台南,達興材料,0,3,-3
大展台南,金麗-KY,0,3,-3
大展台南,鴻海,0,2,-2
大展台南,裕隆,0,2,-2
大展台南,友達,0,2,-2
大展台南,世禾,0,2,-2
大展台南,神達,16,18,-2
大展台南,定穎投控,0,2,-2
大展台南,新盛力,3,5,-2
大展台南,精成科,41,43,-2
大展台南,迅得,0,2,-2
大展台南,神盾,0,2,-2
大展台南,台塑化,3,5,-2
大展台南,興能高,6,8,-2
大展台南,明基材,0,2,-2
大展台南,台積電,0,1,-1
大展台南,00631L元大台灣50正2,0,1,-1
大展台南,凱美,1,2,-1
大展台南,仁寶,0,1,-1
大展台南,金寶,0,1,-1
大展台南,恩德,0,1,-1
大展台南,華城,0,1,-1
大展台南,三晃,0,1,-1
大展台南,富邦科技,0,1,-1
大展台南,00675L富邦臺灣加權正2,0,1,-1
大展台南,00922國泰台灣領袖50,0,1,-1
大展台南,南亞,0,1,-1
大展台南,大統益,0,1,-1
大展台南,輔信,0,1,-1
大展台南,盟立,0,1,-1
大展台南,宏達電,6,7,-1
大展台南,長榮航,2,3,-1
第一中壢,兆豐金,183,0,183
第一中壢,聯電,129,7,122
第一中壢,00633L富邦上証正2,106,0,106
第一中壢,台新金,106,10,96
第一中壢,00665L富邦�琤肭磪囓�2,110,18,92
第一中壢,00706L期元大S＆P日圓正2,90,0,90
第一中壢,00753L中信中國50正2,51,0,51
第一中壢,00959B大華投等美債15Y+,51,0,51
第一中壢,00632R元大台灣50反1,52,2,50
第一中壢,擎亞,49,9,40
第一中壢,亞聚,38,0,38
第一中壢,高端疫苗,58,29,29
第一中壢,00878國泰永續高股息,34,8,26
第一中壢,欣興,24,2,22
第一中壢,晶豪科,24,2,22
第一中壢,00637L元大滬深300正2,28,6,22
第一中壢,00655L國泰中國A50正2,23,5,18
第一中壢,00927群益半導體收益,17,0,17
第一中壢,宏��,21,5,16
第一中壢,台船,15,0,15
第一中壢,新盛力,278,263,15
第一中壢,00882中信中國高股息,14,0,14
第一中壢,偉訓,19,5,14
第一中壢,達邁,38,26,12
第一中壢,緯穎,11,0,11
第一中壢,00830國泰費城半導體,10,0,10
第一中壢,王道銀行,10,0,10
第一中壢,新漢,8,0,8
第一中壢,聯華,8,0,8
第一中壢,富喬,39,31,8
第一中壢,00670L富邦NASDAQ正2,7,0,7
第一中壢,元大高股息,9,2,7
第一中壢,00953B群益優選非投等債,6,0,6
第一中壢,00970B新光BBB投等債20,6,0,6
第一中壢,皇昌,6,0,6
第一中壢,華晶科,8,2,6
第一中壢,上詮,6,0,6
第一中壢,泰鼎-KY,6,0,6
第一中壢,環宇-KY,13,7,6
第一中壢,惠特,7,1,6
第一中壢,盟立,6,0,6
第一中壢,亞力,6,0,6
第一中壢,00710B復華彭博非投等債,5,0,5
第一中壢,00912中信臺灣智慧50,5,0,5
第一中壢,台泥,5,0,5
第一中壢,中華,5,0,5
第一中壢,華航,37,32,5
第一中壢,哲固,5,0,5
第一中壢,華盈,5,0,5
第一中壢,合勤控,5,0,5
第一中壢,華南金,0,251,-251
第一中壢,00680L元大美債20正2,23,269,-246
第一中壢,圓剛,4,70,-66
第一中壢,友達,2,62,-60
第一中壢,00919群益台灣精選高息,27,87,-60
第一中壢,00673R期元大S＆P原油反1,2,57,-55
第一中壢,力積電,27,81,-54
第一中壢,金寶,16,65,-49
第一中壢,神達,69,115,-46
第一中壢,00940元大台灣價值高息,2,47,-45
第一中壢,欣銓,0,37,-37
第一中壢,台揚,0,33,-33
第一中壢,彬台,59,84,-25
第一中壢,宏致,40,64,-24
第一中壢,大量,0,23,-23
第一中壢,耿鼎,0,22,-22
第一中壢,鴻海,7,28,-21
第一中壢,華城,2,23,-21
第一中壢,00715L期街口布蘭特正2,0,21,-21
第一中壢,南亞,0,21,-21
第一中壢,華邦電,0,21,-21
第一中壢,華通,1,21,-20
第一中壢,揚智,0,20,-20
第一中壢,廣運,0,20,-20
第一中壢,英業達,10,28,-18
第一中壢,興能高,144,159,-15
第一中壢,直得,18,33,-15
第一中壢,光頡,0,15,-15
第一中壢,聯鈞,29,44,-15
第一中壢,00929復華台灣科技優息,6,19,-13
第一中壢,國喬,0,12,-12
第一中壢,中釉,0,12,-12
第一中壢,00934中信成長高股息,0,11,-11
第一中壢,加百裕,9,20,-11
第一中壢,富邦金,0,11,-11
第一中壢,00933B國泰10Y+金融債,0,10,-10
第一中壢,00935野村臺灣新科技50,0,10,-10
第一中壢,映泰,0,10,-10
第一中壢,僑威,1,11,-10
第一中壢,00918大華優利高填息30,0,10,-10
第一中壢,00951台新日本半導體,0,9,-9
第一中壢,台灣虎航,1,10,-9
第一中壢,五福,0,8,-8
第一中壢,精成科,0,8,-8
第一中壢,00923群益台ESG低碳50,0,7,-7
第一中壢,永道-KY,0,6,-6
第一中壢,恩德,0,6,-6
第一中壢,海華,0,6,-6
第一中壢,永日,0,6,-6
第一中壢,富驊,0,6,-6
國票綜合,00715L期街口布蘭特正2,2896,12,2884
國票綜合,00929復華台灣科技優息,502,4,498
國票綜合,00980B台新特選IG債10+,333,0,333
國票綜合,00632R元大台灣50反1,310,1,309
國票綜合,00656R國泰中國A50反1,264,0,264
國票綜合,神達,713,451,262
國票綜合,國泰金,223,54,169
國票綜合,00945B凱基美國非投等債,150,0,150
國票綜合,00725B國泰投資級公司債,110,1,109
國票綜合,連展投控,108,3,105
國票綜合,00651R復華香港反1,88,0,88
國票綜合,宏達電,153,72,81
國票綜合,台塑,91,26,65
國票綜合,00679B元大美債20年,52,0,52
國票綜合,亞翔,71,21,50
國票綜合,00878國泰永續高股息,63,14,49
國票綜合,第一金,43,3,40
國票綜合,迅得,42,5,37
國票綜合,玉山金,52,18,34
國票綜合,精成科,54,21,33
國票綜合,皇昌,39,8,31
國票綜合,中信金,41,10,31
國票綜合,00882中信中國高股息,30,0,30
國票綜合,00641R富邦日本反1,30,0,30
國票綜合,和碩,29,0,29
國票綜合,聯電,156,129,27
國票綜合,萬海,41,17,24
國票綜合,京元電子,24,0,24
國票綜合,00706L期元大S＆P日圓正2,25,2,23
國票綜合,中磊,25,2,23
國票綜合,百和興業-KY,23,0,23
國票綜合,恆大,21,0,21
國票綜合,00680L元大美債20正2,20,0,20
國票綜合,振曜,20,0,20
國票綜合,憶聲,19,0,19
國票綜合,光寶科,20,1,19
國票綜合,晶華,18,1,17
國票綜合,凱美,19,2,17
國票綜合,元大高股息,26,9,17
國票綜合,緯創,119,102,17
國票綜合,00919群益台灣精選高息,16,0,16
國票綜合,國巨,15,0,15
國票綜合,00752中信中國50,15,0,15
國票綜合,橘子,14,0,14
國票綜合,欣興,15,1,14
國票綜合,朋億*,15,2,13
國票綜合,宏全,20,7,13
國票綜合,智邦,53,40,13
國票綜合,佳世達,13,1,12
國票綜合,群創,25,13,12
國票綜合,華南金,24,908,-884
國票綜合,00665L富邦�琤肭磪囓�2,298,614,-316
國票綜合,00687B國泰20年美債,1,315,-314
國票綜合,力積電,14,279,-265
國票綜合,00650L復華香港正2,71,230,-159
國票綜合,高技,3,132,-129
國票綜合,00655L國泰中國A50正2,0,99,-99
國票綜合,立敦,18,112,-94
國票綜合,00688L國泰20年美債正2,0,87,-87
國票綜合,00637L元大滬深300正2,49,121,-72
國票綜合,三芳,0,62,-62
國票綜合,鈺齊-KY,4,59,-55
國票綜合,鴻海,1,56,-55
國票綜合,僑威,26,78,-52
國票綜合,華航,0,52,-52
國票綜合,富喬,52,103,-51
國票綜合,中鋼,7,53,-46
國票綜合,台塑化,3,44,-41
國票綜合,廣運,3,41,-38
國票綜合,興勤,0,35,-35
國票綜合,神基,20,53,-33
國票綜合,大同,7,40,-33
國票綜合,海灣,0,31,-31
國票綜合,00941中信上游半導體,0,31,-31
國票綜合,00940元大台灣價值高息,1,31,-30
國票綜合,華新,1,31,-30
國票綜合,聯合再生,1,30,-29
國票綜合,新光金,1,28,-27
國票綜合,00918大華優利高填息30,7,30,-23
國票綜合,新復興,0,23,-23
國票綜合,00712復華富時不動產,0,21,-21
國票綜合,凱基金,2,23,-21
國票綜合,康霈*,1,22,-21
國票綜合,光洋科,2,23,-21
國票綜合,彰銀,0,20,-20
國票綜合,杭特,0,20,-20
國票綜合,00885富邦越南,0,20,-20
國票綜合,立��,19,38,-19
國票綜合,明泰,2,21,-19
國票綜合,新日興,7,26,-19
國票綜合,00887永豐中國科技50大,3,21,-18
國票綜合,00905FT臺灣Smart,0,18,-18
國票綜合,華晶科,11,28,-17
國票綜合,鼎基,0,17,-17
國票綜合,華通,7,23,-16
國票綜合,新應材,3,19,-16
國票綜合,新建,0,15,-15
國票綜合,大銀微系統,14,28,-14
國票綜合,台化,1,15,-14
國票綜合,正崴,2,15,-13
 中信中壢,00680L元大美債20正2,160,0,160
 中信中壢,聯電,192,99,93
 中信中壢,力積電,120,31,89
 中信中壢,00858永豐美國500大,81,0,81
 中信中壢,00971野村美國研發龍頭,60,0,60
 中信中壢,00878國泰永續高股息,121,70,51
 中信中壢,元大高股息,60,10,50
 中信中壢,00713元大台灣高息低波,49,0,49
 中信中壢,泰金寶-DR,88,39,49
 中信中壢,00937B群益ESG投等債20,43,0,43
 中信中壢,陽明,44,2,42
 中信中壢,00919群益台灣精選高息,45,4,41
 中信中壢,憶聲,40,0,40
 中信中壢,00688L國泰20年美債正2,42,5,37
 中信中壢,寶成,36,0,36
 中信中壢,00940元大台灣價值高息,62,27,35
 中信中壢,00725B國泰投資級公司債,33,0,33
 中信中壢,00780B國泰A級金融債,32,0,32
 中信中壢,台玻,24,0,24
 中信中壢,鴻海,29,11,18
 中信中壢,恆大,21,4,17
 中信中壢,技嘉,14,0,14
 中信中壢,富邦科技,38,25,13
 中信中壢,群創,25,14,11
 中信中壢,00646元大S＆P500,11,0,11
 中信中壢,華晶科,11,0,11
 中信中壢,00830國泰費城半導體,11,0,11
 中信中壢,00913兆豐台灣晶圓製造,10,0,10
 中信中壢,00945B凱基美國非投等債,10,0,10
 中信中壢,00959B大華投等美債15Y+,10,0,10
 中信中壢,長興,10,0,10
 中信中壢,永豐金,10,0,10
 中信中壢,大量,10,0,10
 中信中壢,高鋒,10,0,10
 中信中壢,穎漢,10,0,10
 中信中壢,百和興業-KY,11,1,10
 中信中壢,廣閎科,9,0,9
 中信中壢,00924復華S＆P500成長,9,1,8
 中信中壢,華通,15,7,8
 中信中壢,環宇-KY,33,25,8
 中信中壢,聯光通,24,18,6
 中信中壢,宏��,6,0,6
 中信中壢,寶德,6,0,6
 中信中壢,立敦,50,44,6
 中信中壢,台塑化,6,0,6
 中信中壢,南茂,9,3,6
 中信中壢,宏達電,46,40,6
 中信中壢,00639富邦深100,5,0,5
 中信中壢,海悅,5,0,5
 中信中壢,科嶠,5,0,5
 中信中壢,00941中信上游半導體,1,121,-120
 中信中壢,00679B元大美債20年,10,87,-77
 中信中壢,00980B台新特選IG債10+,4,80,-76
 中信中壢,松普,0,67,-67
 中信中壢,華邦電,28,87,-59
 中信中壢,英業達,3,52,-49
 中信中壢,00770國泰北美科技,1,46,-45
 中信中壢,00929復華台灣科技優息,4,34,-30
 中信中壢,00715L期街口布蘭特正2,0,30,-30
 中信中壢,華航,10,38,-28
 中信中壢,鴻華先進-創,0,27,-27
 中信中壢,台表科,0,25,-25
 中信中壢,浪凡,0,24,-24
 中信中壢,00928中信上櫃ESG30,0,24,-24
 中信中壢,00939統一台灣高息動能,0,23,-23
 中信中壢,神達,101,121,-20
 中信中壢,00948B中信優息投資級債,0,20,-20
 中信中壢,聿新科,0,20,-20
 中信中壢,00665L富邦�琤肭磪囓�2,3,22,-19
 中信中壢,友達,1,20,-19
 中信中壢,00905FT臺灣Smart,0,18,-18
 中信中壢,光寶科,0,17,-17
 中信中壢,凱基金,1,18,-17
 中信中壢,緯創,6,23,-17
 中信中壢,國泰金,0,16,-16
 中信中壢,鈞興-KY,0,15,-15
 中信中壢,敦泰,2,16,-14
 中信中壢,00696B富邦美債20年,0,13,-13
 中信中壢,新日興,3,15,-12
 中信中壢,中光電,1,12,-11
 中信中壢,佳能,10,21,-11
 中信中壢,中揚光,0,11,-11
 中信中壢,00757統一FANG+,3,14,-11
 中信中壢,直得,0,10,-10
 中信中壢,天鈺,0,10,-10
 中信中壢,康舒,0,10,-10
 中信中壢,澤米,0,10,-10
 中信中壢,凌巨,0,10,-10
 中信中壢,新復興,1,10,-9
 中信中壢,元大台灣50,2,11,-9
 中信中壢,華新,6,15,-9
 中信中壢,中鋼,12,21,-9
 中信中壢,00900富邦特選高股息30,1,10,-9
 中信中壢,00631L元大台灣50正2,0,9,-9
 中信中壢,中興電,2,10,-8
 中信中壢,華城,1,9,-8
 中信中壢,燿華,0,8,-8
 中信中壢,亞航,0,8,-8
 中信中壢,旭軟,0,8,-8
 中信中壢,新盛力,56,64,-8
永豐市政,神達,614,258,356
永豐市政,00937B群益ESG投等債20,526,196,330
永豐市政,聯電,288,34,254
永豐市政,緯創,262,67,195
永豐市政,00676R富邦臺灣加權反1,143,0,143
永豐市政,00665L富邦�琤肭磪囓�2,191,73,118
永豐市政,00753L中信中國50正2,113,2,111
永豐市政,00708L期元大S＆P黃金正2,102,5,97
永豐市政,南茂,97,2,95
永豐市政,中鋼,96,9,87
永豐市政,00650L復華香港正2,134,70,64
永豐市政,鑽全,63,0,63
永豐市政,00637L元大滬深300正2,430,370,60
永豐市政,精成科,89,34,55
永豐市政,00887永豐中國科技50大,51,0,51
永豐市政,群創,76,27,49
永豐市政,聯鈞,166,119,47
永豐市政,晟銘電,150,104,46
永豐市政,永豐金,44,1,43
永豐市政,00918大華優利高填息30,50,8,42
永豐市政,00882中信中國高股息,107,65,42
永豐市政,眾達-KY,67,28,39
永豐市政,美律,35,0,35
永豐市政,00664R國泰臺灣加權反1,56,22,34
永豐市政,福懋油,33,1,32
永豐市政,00858永豐美國500大,33,4,29
永豐市政,00671R富邦NASDAQ反1,25,0,25
永豐市政,皇昌,25,1,24
永豐市政,英業達,30,6,24
永豐市政,連展投控,43,19,24
永豐市政,兆豐金,25,2,23
永豐市政,聯合再生,26,4,22
永豐市政,00633L富邦上証正2,31,9,22
永豐市政,00933B國泰10Y+金融債,40,19,21
永豐市政,00919群益台灣精選高息,84,63,21
永豐市政,聖暉*,21,1,20
永豐市政,王道銀行,20,0,20
永豐市政,00641R富邦日本反1,20,0,20
永豐市政,00852L國泰美國道瓊正2,20,0,20
永豐市政,全訊,20,0,20
永豐市政,中美晶,21,2,19
永豐市政,映泰,21,2,19
永豐市政,00917中信特選金融,19,0,19
永豐市政,00959B大華投等美債15Y+,24,6,18
永豐市政,00688L國泰20年美債正2,22,4,18
永豐市政,僑威,36,18,18
永豐市政,南亞,18,1,17
永豐市政,欣興,19,2,17
永豐市政,玉晶光,19,2,17
永豐市政,廣達,35,19,16
永豐市政,冠軍,0,778,-778
永豐市政,00929復華台灣科技優息,25,315,-290
永豐市政,華通,2,256,-254
永豐市政,00965元大航太防衛科技,1,245,-244
永豐市政,00936台新永續高息中小,0,200,-200
永豐市政,00632R元大台灣50反1,15,214,-199
永豐市政,00651R復華香港反1,0,145,-145
永豐市政,00930永豐ESG低碳高息,0,133,-133
永豐市政,日月光投控,24,156,-132
永豐市政,華航,2,120,-118
永豐市政,元大台灣50,6,121,-115
永豐市政,00948B中信優息投資級債,46,154,-108
永豐市政,00940元大台灣價值高息,2,99,-97
永豐市政,力積電,68,164,-96
永豐市政,和大,0,81,-81
永豐市政,00634R富邦上証反1,0,78,-78
永豐市政,友達,1,79,-78
永豐市政,00830國泰費城半導體,22,99,-77
永豐市政,新光金,11,77,-66
永豐市政,寶成,6,62,-56
永豐市政,00941中信上游半導體,0,49,-49
永豐市政,元大高股息,61,110,-49
永豐市政,富喬,42,89,-47
永豐市政,00922國泰台灣領袖50,2,49,-47
永豐市政,前鼎,39,84,-45
永豐市政,00751B元大AAA至A公司債,0,44,-44
永豐市政,00910第一金太空衛星,5,47,-42
永豐市政,欣銓,24,66,-42
永豐市政,三商壽,0,41,-41
永豐市政,華星光,115,155,-40
永豐市政,世禾,1,41,-40
永豐市政,台積電,27,64,-37
永豐市政,00772B中信高評級公司債,0,34,-34
永豐市政,大亞,0,32,-32
永豐市政,南電,1,33,-32
永豐市政,00631L元大台灣50正2,4,35,-31
永豐市政,台新金,2,34,-32
永豐市政,玉山金,51,82,-31
永豐市政,IKKA-KY,9,39,-30
永豐市政,00939統一台灣高息動能,0,29,-29
永豐市政,00642U期元大S＆P石油,11,40,-29
永豐市政,00926凱基全球菁英55,7,36,-29
永豐市政,00857B永豐20年美公債,0,28,-28
永豐市政,神基,1,28,-27
永豐市政,友訊,9,36,-27
永豐市政,雷虎,7,33,-26
永豐市政,006208富邦台50,23,48,-25
永豐市政,宏致,56,82,-26
永豐市政,中信金,4,29,-25
永豐市政,采鈺,2,27,-25
台銀民權,力積電,331,29,302
台銀民權,聯電,244,22,222
台銀民權,00953B群益優選非投等債,200,0,200
台銀民權,立敦,183,29,154
台銀民權,00673R期元大S＆P原油反1,140,0,140
台銀民權,00830國泰費城半導體,109,4,105
台銀民權,00919群益台灣精選高息,101,13,88
台銀民權,新興,81,1,80
台銀民權,中租-KY,37,0,37
台銀民權,00637L元大滬深300正2,32,2,30
台銀民權,上海商銀,32,2,30
台銀民權,00924復華S＆P500成長,37,8,29
台銀民權,金寶,32,3,29
台銀民權,台塑化,35,6,29
台銀民權,永豐金,39,11,28
台銀民權,南亞,59,33,26
台銀民權,00882中信中國高股息,25,0,25
台銀民權,遠百,26,2,24
台銀民權,00955中信日本商社,23,0,23
台銀民權,00632R元大台灣50反1,47,24,23
台銀民權,亞光,43,20,23
台銀民權,00858永豐美國500大,20,0,20
台銀民權,緯創,67,47,20
台銀民權,00650L復華香港正2,20,0,20
台銀民權,00686R群益臺灣加權反1,20,0,20
台銀民權,00968B元大優息投等債,20,0,20
台銀民權,00688L國泰20年美債正2,19,0,19
台銀民權,00950B凱基A級公司債,19,0,19
台銀民權,00680L元大美債20正2,19,0,19
台銀民權,兆豐金,17,0,17
台銀民權,裕民,16,1,15
台銀民權,奇鈦科,15,0,15
台銀民權,01009T王道圓滿R1,15,0,15
台銀民權,台泥,18,4,14
台銀民權,廣達,24,11,13
台銀民權,昇陽半導體,14,0,14
台銀民權,技嘉,14,0,14
台銀民權,00662富邦NASDAQ,13,1,12
台銀民權,英濟,49,37,12
台銀民權,泰金寶-DR,23,12,11
台銀民權,00959B大華投等美債15Y+,10,0,10
台銀民權,00719B元大美債1-3,10,0,10
台銀民權,00633L富邦上証正2,10,0,10
台銀民權,台達化,10,0,10
台銀民權,00958B永豐ESG銀行債15,10,0,10
台銀民權,華電網,10,0,10
台銀民權,00664R國泰臺灣加權反1,10,0,10
台銀民權,彬台,10,0,10
台銀民權,00639富邦深100,10,0,10
台銀民權,富喬,31,21,10
台銀民權,友訊,0,378,-378
台銀民權,00905FT臺灣Smart,5,243,-238
台銀民權,00712復華富時不動產,7,162,-155
台銀民權,長榮,5,130,-125
台銀民權,00946群益科技高息成長,0,121,-121
台銀民權,00929復華台灣科技優息,22,94,-72
台銀民權,新光金,10,78,-68
台銀民權,致伸,0,51,-51
台銀民權,00937B群益ESG投等債20,39,82,-43
台銀民權,台積電,7,47,-40
台銀民權,華航,5,43,-38
台銀民權,華南金,4,38,-34
台銀民權,凱基金,2,35,-33
台銀民權,大同,12,44,-32
台銀民權,長榮航,2,34,-32
台銀民權,愛普*,0,31,-31
台銀民權,00941中信上游半導體,0,30,-30
台銀民權,元大台灣50,1,30,-29
台銀民權,擎亞,5,31,-26
台銀民權,王道銀行,0,26,-26
台銀民權,00922國泰台灣領袖50,11,35,-24
台銀民權,康和證,0,23,-23
台銀民權,00893國泰智能電動車,5,28,-23
台銀民權,元大高股息,50,72,-22
台銀民權,宏達電,61,82,-21
台銀民權,00918大華優利高填息30,19,39,-20
台銀民權,00940元大台灣價值高息,1,21,-20
台銀民權,彰銀,0,20,-20
台銀民權,欣銓,2,22,-20
台銀民權,環泰,0,20,-20
台銀民權,富邦金,0,18,-18
台銀民權,日月光投控,0,17,-17
台銀民權,精誠,0,17,-17
台銀民權,台中銀,4,20,-16
台銀民權,00764B群益25年美債,1,17,-16
台銀民權,00730富邦臺灣優質高息,0,16,-16
台銀民權,富野,5,20,-15
台銀民權,台塑,42,57,-15
台銀民權,中信金,8,22,-14
台銀民權,高林股,0,14,-14
台銀民權,020023元大櫃買半導體N,0,14,-14
台銀民權,加百裕,2,15,-13
台銀民權,00877復華中國5G,0,13,-13
台銀民權,南茂,4,17,-13
台銀民權,南港,0,13,-13
台銀民權,鴻海,29,41,-12
台銀民權,00675L富邦臺灣加權正2,3,15,-12
台銀民權,榮剛,0,12,-12
台銀民權,00892富邦台灣半導體,0,12,-12
台銀民權,00888永豐台灣ESG,0,12,-12
高橋龍潭,聯電,112,28,84
高橋龍潭,中鋼,85,12,73
高橋龍潭,00830國泰費城半導體,40,0,40
高橋龍潭,00895富邦未來車,40,1,39
高橋龍潭,慧洋-KY,39,0,39
高橋龍潭,橘子,30,0,30
高橋龍潭,00637L元大滬深300正2,27,5,22
高橋龍潭,00919群益台灣精選高息,21,1,20
高橋龍潭,台新金,17,0,17
高橋龍潭,英濟,17,0,17
高橋龍潭,大同,20,5,15
高橋龍潭,00937B群益ESG投等債20,14,0,14
高橋龍潭,宏��,14,1,13
高橋龍潭,立��,14,1,13
高橋龍潭,昆盈,12,1,11
高橋龍潭,聯鈞,28,17,11
高橋龍潭,欣興,12,2,10
高橋龍潭,泰金寶-DR,11,1,10
高橋龍潭,友達,20,10,10
高橋龍潭,00687B國泰20年美債,14,5,9
高橋龍潭,00725B國泰投資級公司債,9,0,9
高橋龍潭,立敦,14,6,8
高橋龍潭,綠河-KY,8,0,8
高橋龍潭,中信金,18,11,7
高橋龍潭,富采,8,1,7
高橋龍潭,光環,7,1,6
高橋龍潭,弘憶股,6,0,6
高橋龍潭,太景*-KY,6,0,6
高橋龍潭,元大高股息,22,16,6
高橋龍潭,興能高,33,28,5
高橋龍潭,富邦科技,5,0,5
高橋龍潭,長榮,11,6,5
高橋龍潭,雲品,5,0,5
高橋龍潭,憶聲,5,0,5
高橋龍潭,新日興,6,1,5
高橋龍潭,世禾,5,0,5
高橋龍潭,亞昕,5,0,5
高橋龍潭,台塑化,5,0,5
高橋龍潭,東捷,5,0,5
高橋龍潭,長華*,5,0,5
高橋龍潭,緯創,19,15,4
高橋龍潭,精材,5,1,4
高橋龍潭,新盛力,21,17,4
高橋龍潭,中興電,6,2,4
高橋龍潭,00665L富邦�琤肭磪囓�2,7,3,4
高橋龍潭,台玻,5,1,4
高橋龍潭,亞光,5,1,4
高橋龍潭,連展投控,5,1,4
高橋龍潭,立積,6,2,4
高橋龍潭,合庫金,3,0,3
高橋龍潭,華航,3,113,-110
高橋龍潭,00929復華台灣科技優息,0,70,-70
高橋龍潭,敦泰,0,46,-46
高橋龍潭,官田鋼,0,45,-45
高橋龍潭,力積電,18,61,-43
高橋龍潭,神達,36,68,-32
高橋龍潭,群創,0,29,-29
高橋龍潭,宏達電,45,70,-25
高橋龍潭,友訊,0,23,-23
高橋龍潭,新光金,31,51,-20
高橋龍潭,擎亞,0,18,-18
高橋龍潭,遠百,3,20,-17
高橋龍潭,南仁湖,0,17,-17
高橋龍潭,欣銓,2,18,-16
高橋龍潭,南茂,4,20,-16
高橋龍潭,輔信,0,15,-15
高橋龍潭,龍巖,0,14,-14
高橋龍潭,富邦金,1,14,-13
高橋龍潭,中華電,0,13,-13
高橋龍潭,華邦電,0,12,-12
高橋龍潭,萬海,0,12,-12
高橋龍潭,世紀,0,12,-12
高橋龍潭,006208富邦台50,15,27,-12
高橋龍潭,00900富邦特選高股息30,0,11,-11
高橋龍潭,神基,0,11,-11
高橋龍潭,南電,2,13,-11
高橋龍潭,達方,0,10,-10
高橋龍潭,陽明,5,15,-10
高橋龍潭,台聚,0,10,-10
高橋龍潭,海光,0,10,-10
高橋龍潭,長榮航,7,17,-10
高橋龍潭,達邁,10,20,-10
高橋龍潭,聯光通,9,18,-9
高橋龍潭,加百裕,3,11,-8
高橋龍潭,奇鋐,1,8,-7
高橋龍潭,凱基金,2,9,-7
高橋龍潭,00679B元大美債20年,1,8,-7
高橋龍潭,亞泥,0,7,-7
高橋龍潭,玉山金,1,8,-7
高橋龍潭,宏致,1,8,-7
高橋龍潭,海華,3,10,-7
高橋龍潭,00922國泰台灣領袖50,0,6,-6
高橋龍潭,東元,0,6,-6
高橋龍潭,偉詮電,3,9,-6
高橋龍潭,皇昌,2,8,-6
高橋龍潭,點序,0,6,-6
高橋龍潭,光寶科,0,5,-5
高橋龍潭,00650L復華香港正2,0,5,-5
高橋龍潭,台亞,0,5,-5
高橋龍潭,英業達,9,14,-5
群益三民,00637L元大滬深300正2,202,27,175
群益三民,00950B凱基A級公司債,104,0,104
群益三民,聯電,109,9,100
群益三民,00953B群益優選非投等債,108,17,91
群益三民,力積電,83,34,49
群益三民,中信金,51,8,43
群益三民,00919群益台灣精選高息,75,39,36
群益三民,富喬,71,37,34
群益三民,陽明,57,30,27
群益三民,群創,24,1,23
群益三民,00927群益半導體收益,22,0,22
群益三民,崇越,20,0,20
群益三民,大成鋼,18,0,18
群益三民,旺宏,19,3,16
群益三民,達邁,58,42,16
群益三民,英濟,28,12,16
群益三民,華航,55,40,15
群益三民,力成,14,0,14
群益三民,中鋼,32,19,13
群益三民,00960野村全球航運龍頭,13,0,13
群益三民,00715L期街口布蘭特正2,15,2,13
群益三民,合庫金,22,10,12
群益三民,牧德,13,1,12
群益三民,00858永豐美國500大,12,0,12
群益三民,台虹,14,3,11
群益三民,力鵬,10,0,10
群益三民,00673R期元大S＆P原油反1,10,0,10
群益三民,00900富邦特選高股息30,15,5,10
群益三民,華夏,10,0,10
群益三民,聯鈞,24,14,10
群益三民,神達,63,53,10
群益三民,新盛力,60,51,9
群益三民,00937B群益ESG投等債20,104,95,9
群益三民,立隆電,30,21,9
群益三民,00878國泰永續高股息,23,15,8
群益三民,廣達,13,4,9
群益三民,立敦,20,12,8
群益三民,廣宇,14,6,8
群益三民,合一,8,0,8
群益三民,綠界科技*,15,7,8
群益三民,家登,8,0,8
群益三民,聯光通,28,20,8
群益三民,00938凱基優選30,8,0,8
群益三民,00893國泰智能電動車,8,0,8
群益三民,鴻海,20,12,8
群益三民,欣興,20,13,7
群益三民,歐買尬,7,0,7
群益三民,采鈺,7,1,6
群益三民,晟德,6,0,6
群益三民,邁達特,7,1,6
群益三民,00980B台新特選IG債10+,11,298,-287
群益三民,英業達,23,188,-165
群益三民,新光金,0,101,-101
群益三民,00939統一台灣高息動能,1,75,-74
群益三民,國泰金,6,59,-53
群益三民,00929復華台灣科技優息,0,53,-53
群益三民,長華*,1,34,-33
群益三民,聯邦銀,0,30,-30
群益三民,中鴻,0,26,-26
群益三民,00951台新日本半導體,0,25,-25
群益三民,澤米,3,28,-25
群益三民,欣銓,10,34,-24
群益三民,慶豐富,5,28,-23
群益三民,00940元大台灣價值高息,1,24,-23
群益三民,仁寶,1,23,-22
群益三民,00631L元大台灣50正2,2,21,-19
群益三民,00948B中信優息投資級債,0,19,-19
群益三民,元大台灣50,1,20,-19
群益三民,凱基金,0,16,-16
群益三民,風青,0,16,-16
群益三民,00892富邦台灣半導體,0,16,-16
群益三民,宏致,1,16,-15
群益三民,泰金寶-DR,20,33,-13
群益三民,00923群益台ESG低碳50,0,13,-13
群益三民,敬鵬,0,11,-11
群益三民,亞聚,0,11,-11
群益三民,彰銀,0,11,-11
群益三民,萬泰科,0,11,-11
群益三民,00772B中信高評級公司債,0,11,-11
群益三民,華南金,2,13,-11
群益三民,高端疫苗,0,10,-10
群益三民,友勁,0,10,-10
群益三民,瑞儀,20,30,-10
群益三民,長榮航,0,9,-9
群益三民,宏達電,55,64,-9
群益三民,亞翔,2,11,-9
群益三民,和碩,1,10,-9
群益三民,鴻準,1,10,-9
群益三民,新纖,1,10,-9
群益三民,定穎投控,0,8,-8
群益三民,弘憶股,0,8,-8
群益三民,夏都,6,14,-8
群益三民,聯合再生,0,8,-8
群益三民,00934中信成長高股息,0,8,-8
群益三民,00679B元大美債20年,24,31,-7
群益三民,日月光投控,0,7,-7
群益三民,00910第一金太空衛星,0,7,-7
群益三民,00712復華富時不動產,0,7,-7
群益三民,00967B元大優息美債,0,7,-7
群益三民,00952凱基台灣AI50,0,7,-7
 元大學甲,兆豐金,150,1,149
 元大學甲,00878國泰永續高股息,69,2,67
 元大學甲,聯電,62,23,39
 元大學甲,群創,30,0,30
 元大學甲,富喬,31,7,24
 元大學甲,00904新光臺灣半導體30,20,0,20
 元大學甲,第一金,19,0,19
 元大學甲,長榮航,13,0,13
 元大學甲,文曄,25,12,13
 元大學甲,台塑,17,5,12
 元大學甲,00933B國泰10Y+金融債,11,0,11
 元大學甲,00919群益台灣精選高息,9,0,9
 元大學甲,和碩,10,1,9
 元大學甲,能率,10,1,9
 元大學甲,台塑化,10,1,9
 元大學甲,台泥,10,2,8
 元大學甲,緯創,8,0,8
 元大學甲,00936台新永續高息中小,8,0,8
 元大學甲,宏盛,8,0,8
 元大學甲,聯鈞,8,2,6
 元大學甲,華盈,6,0,6
 元大學甲,元晶,21,15,6
 元大學甲,00632R元大台灣50反1,5,0,5
 元大學甲,00715L期街口布蘭特正2,5,0,5
 元大學甲,官田鋼,5,0,5
 元大學甲,金寶,7,2,5
 元大學甲,新華,5,0,5
 元大學甲,中光電,5,0,5
 元大學甲,世界,10,6,4
 元大學甲,耿鼎,5,1,4
 元大學甲,晟銘電,4,0,4
 元大學甲,連展投控,6,2,4
 元大學甲,潤泰新,4,0,4
 元大學甲,緯穎,4,0,4
 元大學甲,00858永豐美國500大,3,0,3
 元大學甲,00680L元大美債20正2,3,0,3
 元大學甲,毅嘉,3,0,3
 元大學甲,凱基金,4,1,3
 元大學甲,樺晟,3,0,3
 元大學甲,達能,3,0,3
 元大學甲,立凱-KY,3,0,3
 元大學甲,宏遠證,3,0,3
 元大學甲,911868同方友友-DR,3,0,3
 元大學甲,陽明,7,5,2
 元大學甲,00881國泰台灣5G+,2,0,2
 元大學甲,00912中信臺灣智慧50,2,0,2
 元大學甲,中鋼,3,1,2
 元大學甲,00687B國泰20年美債,2,0,2
 元大學甲,合機,2,0,2
 元大學甲,台玻,2,0,2
 元大學甲,神達,41,124,-83
 元大學甲,00965元大航太防衛科技,1,78,-77
 元大學甲,00940元大台灣價值高息,1,58,-57
 元大學甲,00731復華富時高息低波,0,50,-50
 元大學甲,00929復華台灣科技優息,2,50,-48
 元大學甲,亞翔,2,31,-29
 元大學甲,泰金寶-DR,5,33,-28
 元大學甲,力積電,19,46,-27
 元大學甲,元大高股息,17,41,-24
 元大學甲,訊舟,0,22,-22
 元大學甲,00946群益科技高息成長,0,20,-20
 元大學甲,華航,0,20,-20
 元大學甲,樂事綠能,0,17,-17
 元大學甲,廣宇,0,17,-17
 元大學甲,宏達電,25,40,-15
 元大學甲,新盛力,79,93,-14
 元大學甲,台特化,0,14,-14
 元大學甲,00937B群益ESG投等債20,7,19,-12
 元大學甲,00957B兆豐US優選投等債,0,10,-10
 元大學甲,中石化,0,10,-10
 元大學甲,中工,0,10,-10
 元大學甲,臺企銀,0,10,-10
 元大學甲,新光金,0,10,-10
 元大學甲,欣陸,0,10,-10
 元大學甲,富驊,5,15,-10
 元大學甲,台耀,0,9,-9
 元大學甲,展宇,0,9,-9
 元大學甲,興能高,58,67,-9
 元大學甲,仁寶,0,7,-7
 元大學甲,00941中信上游半導體,0,7,-7
 元大學甲,00673R期元大S＆P原油反1,5,12,-7
 元大學甲,00943兆豐電子高息等權,0,7,-7
 元大學甲,根基,0,7,-7
 元大學甲,華南金,0,7,-7
 元大學甲,00712復華富時不動產,0,7,-7
 元大學甲,00947台新臺灣IC設計,0,6,-6
 元大學甲,中鴻,0,6,-6
 元大學甲,元大台灣50,0,6,-6
 元大學甲,光寶科,5,11,-6
 元大學甲,永豐金,0,5,-5
 元大學甲,00939統一台灣高息動能,0,5,-5
 元大學甲,00903富邦元宇宙,0,5,-5
 元大學甲,00960野村全球航運龍頭,2,7,-5
 元大學甲,佳和,1,6,-5
 元大學甲,中華化,0,5,-5
 元大學甲,劍麟,0,5,-5
 元大學甲,鴻準,0,5,-5
 元大學甲,彰銀,0,5,-5
 元大學甲,宏致,5,10,-5
 元大學甲,永信,0,5,-5
 元大西屯,聯電,215,64,151
 元大西屯,泰金寶-DR,124,24,100
 元大西屯,00637L元大滬深300正2,77,1,76
 元大西屯,00937B群益ESG投等債20,84,9,75
 元大西屯,00953B群益優選非投等債,50,2,48
 元大西屯,元大高股息,50,8,42
 元大西屯,昆盈,34,3,31
 元大西屯,00878國泰永續高股息,59,28,31
 元大西屯,00680L元大美債20正2,30,0,30
 元大西屯,00858永豐美國500大,29,0,29
 元大西屯,神達,147,121,26
 元大西屯,00918大華優利高填息30,24,0,24
 元大西屯,00933B國泰10Y+金融債,19,0,19
 元大西屯,00687B國泰20年美債,20,1,19
 元大西屯,新建,19,0,19
 元大西屯,00959B大華投等美債15Y+,18,0,18
 元大西屯,新光金,23,6,17
 元大西屯,慧洋-KY,19,3,16
 元大西屯,南仁湖,16,0,16
 元大西屯,00671R富邦NASDAQ反1,15,0,15
 元大西屯,群創,16,2,14
 元大西屯,00919群益台灣精選高息,14,2,12
 元大西屯,昇陽半導體,18,7,11
 元大西屯,緯創,20,10,10
 元大西屯,00679B元大美債20年,13,3,10
 元大西屯,00924復華S＆P500成長,10,0,10
 元大西屯,英業達,15,5,10
 元大西屯,直得,9,0,9
 元大西屯,日電貿,9,0,9
 元大西屯,裕隆,9,0,9
 元大西屯,中揚光,10,1,9
 元大西屯,精金,9,0,9
 元大西屯,台泥,13,4,9
 元大西屯,大銀微系統,15,7,8
 元大西屯,永道-KY,9,2,7
 元大西屯,綠界科技*,7,0,7
 元大西屯,欣興,10,3,7
 元大西屯,亞光,10,4,6
 元大西屯,大量,8,2,6
 元大西屯,訊芯-KY,7,1,6
 元大西屯,宏齊,7,1,6
 元大西屯,凌巨,17,11,6
 元大西屯,達邁,18,12,6
 元大西屯,新漢,6,0,6
 元大西屯,佳世達,5,0,5
 元大西屯,00662富邦NASDAQ,5,0,5
 元大西屯,青松健康,5,0,5
 元大西屯,泰茂,5,0,5
 元大西屯,東聯,5,0,5
 元大西屯,中美晶,5,0,5
 元大西屯,00965元大航太防衛科技,0,347,-347
 元大西屯,00929復華台灣科技優息,2,177,-175
 元大西屯,華航,4,109,-105
 元大西屯,00940元大台灣價值高息,7,77,-70
 元大西屯,矽格,1,43,-42
 元大西屯,00905FT臺灣Smart,0,24,-24
 元大西屯,星宇航空,0,23,-23
 元大西屯,00631L元大台灣50正2,0,20,-20
 元大西屯,中石化,1,20,-19
 元大西屯,良維,0,19,-19
 元大西屯,鴻海,10,29,-19
 元大西屯,長榮航,2,20,-18
 元大西屯,凱基金,5,22,-17
 元大西屯,定穎投控,0,17,-17
 元大西屯,亞翔,3,20,-17
 元大西屯,華星光,28,45,-17
 元大西屯,迅得,2,17,-15
 元大西屯,00936台新永續高息中小,0,14,-14
 元大西屯,惠特,0,14,-14
 元大西屯,中信金,6,20,-14
 元大西屯,漢翔,84,97,-13
 元大西屯,松上,0,13,-13
 元大西屯,00688L國泰20年美債正2,12,25,-13
 元大西屯,長榮,3,16,-13
 元大西屯,元大台灣50,3,16,-13
 元大西屯,新日興,6,18,-12
 元大西屯,中興電,2,14,-12
 元大西屯,中鴻,0,10,-10
 元大西屯,威剛,0,10,-10
 元大西屯,連展投控,7,17,-10
 元大西屯,台新金,0,10,-10
 元大西屯,00922國泰台灣領袖50,3,13,-10
 元大西屯,中華,0,10,-10
 元大西屯,006208富邦台50,3,12,-9
 元大西屯,光寶科,0,8,-8
 元大西屯,神基,0,7,-7
 元大西屯,00885富邦越南,0,7,-7
 元大西屯,聯光通,3,10,-7
 元大西屯,捷敏-KY,0,7,-7
 元大西屯,00665L富邦�琤肭磪囓�2,27,34,-7
 元大西屯,中鋼,18,25,-7
 元大西屯,奇鋐,1,8,-7
 元大西屯,宏達電,79,85,-6
 元大西屯,欣銓,8,14,-6
 元大西屯,僑威,2,8,-6
 元大西屯,jpp-KY,0,6,-6
 元大西屯,中華電,0,6,-6
 元大西屯,興能高,152,158,-6
 元大西屯,寶成,0,6,-6
 元大西屯,金寶,2,8,-6
群益潭子,00919群益台灣精選高息,72,0,72
群益潭子,00753L中信中國50正2,70,0,70
群益潭子,聯電,83,15,68
群益潭子,00633L富邦上証正2,56,6,50
群益潭子,中鋼,50,3,47
群益潭子,00945B凱基美國非投等債,38,0,38
群益潭子,00712復華富時不動產,30,0,30
群益潭子,台塑,27,1,26
群益潭子,00937B群益ESG投等債20,31,7,24
群益潭子,00680L元大美債20正2,20,0,20
群益潭子,永信,20,0,20
群益潭子,新天地,19,0,19
群益潭子,立敦,21,6,15
群益潭子,00679B元大美債20年,14,0,14
群益潭子,00830國泰費城半導體,15,1,14
群益潭子,大同,39,26,13
群益潭子,北極星藥業-KY,14,1,13
群益潭子,立��,17,4,13
群益潭子,南亞,12,0,12
群益潭子,中光電,12,0,12
群益潭子,台燿,18,6,12
群益潭子,華建,11,0,11
群益潭子,聰泰,21,11,10
群益潭子,五鼎,10,0,10
群益潭子,仁寶,10,0,10
群益潭子,三商壽,20,10,10
群益潭子,東台,10,0,10
群益潭子,均豪,10,0,10
群益潭子,東典光電,10,0,10
群益潭子,金山電,10,0,10
群益潭子,千附,10,0,10
群益潭子,華航,10,1,9
群益潭子,廣宇,10,2,8
群益潭子,IET-KY,9,1,8
群益潭子,英業達,15,8,7
群益潭子,元大高股息,18,11,7
群益潭子,緯創,13,6,7
群益潭子,西勝,7,1,6
群益潭子,亞光,9,3,6
群益潭子,群益證,7,1,6
群益潭子,00918大華優利高填息30,5,0,5
群益潭子,英濟,21,16,5
群益潭子,00900富邦特選高股息30,5,0,5
群益潭子,中信金,6,1,5
群益潭子,光環,5,0,5
群益潭子,驊訊,6,1,5
群益潭子,久元,5,0,5
群益潭子,方土昶,5,0,5
群益潭子,新漢,10,5,5
群益潭子,和椿,20,15,5
群益潭子,00929復華台灣科技優息,2,125,-123
群益潭子,00940元大台灣價值高息,48,111,-63
群益潭子,00946群益科技高息成長,0,58,-58
群益潭子,00941中信上游半導體,0,35,-35
群益潭子,00877復華中國5G,0,30,-30
群益潭子,晟德,1,30,-29
群益潭子,00905FT臺灣Smart,2,30,-28
群益潭子,00949復華日本龍頭,0,27,-27
群益潭子,群創,3,30,-27
群益潭子,台新金,0,26,-26
群益潭子,神達,41,65,-24
群益潭子,華邦電,3,25,-22
群益潭子,中華電,0,22,-22
群益潭子,力積電,8,28,-20
群益潭子,正文,0,17,-17
群益潭子,鴻海,5,22,-17
群益潭子,興能高,18,35,-17
群益潭子,欣銓,6,22,-16
群益潭子,凱基金,0,16,-16
群益潭子,樺晟,0,16,-16
群益潭子,穎漢,0,16,-16
群益潭子,台翰,0,15,-15
群益潭子,中鴻,0,15,-15
群益潭子,三晃,0,14,-14
群益潭子,00939統一台灣高息動能,1,14,-13
群益潭子,連展投控,9,22,-13
群益潭子,宏致,2,14,-12
群益潭子,新盛力,80,91,-11
群益潭子,00980B台新特選IG債10+,0,11,-11
群益潭子,宏達電,15,26,-11
群益潭子,美食-KY,0,11,-11
群益潭子,00922國泰台灣領袖50,1,12,-11
群益潭子,輔信,1,11,-10
群益潭子,玉山金,0,10,-10
群益潭子,日月光投控,22,32,-10
群益潭子,鴻準,4,13,-9
群益潭子,00631L元大台灣50正2,0,9,-9
群益潭子,昇達科,1,9,-8
群益潭子,加百裕,18,26,-8
群益潭子,00692富邦公司治理,1,8,-7
群益潭子,台灣虎航,0,7,-7
群益潭子,台達電,1,7,-6
群益潭子,順達,9,15,-6
群益潭子,光寶科,0,6,-6
群益潭子,富邦金,0,6,-6
群益潭子,必應,0,6,-6
群益潭子,亞翔,3,8,-5
群益潭子,00935野村臺灣新科技50,0,5,-5
群益潭子,00936台新永續高息中小,0,5,-5
群益潭子,京元電子,2,7,-5
 元大西螺,00637L元大滬深300正2,152,0,152
 元大西螺,鴻準,136,9,127
 元大西螺,聯電,65,15,50
 元大西螺,00919群益台灣精選高息,30,0,30
 元大西螺,00953B群益優選非投等債,30,0,30
 元大西螺,廣達,25,2,23
 元大西螺,第一金,20,0,20
 元大西螺,岱宇,20,0,20
 元大西螺,遠東銀,20,0,20
 元大西螺,榮創,20,4,16
 元大西螺,鴻海,21,6,15
 元大西螺,00679B元大美債20年,15,1,14
 元大西螺,陽明,14,2,12
 元大西螺,南茂,11,0,11
 元大西螺,00968B元大優息投等債,10,0,10
 元大西螺,群益證,10,0,10
 元大西螺,大成鋼,9,0,9
 元大西螺,中鋼,12,3,9
 元大西螺,力積電,19,10,9
 元大西螺,南亞科,11,3,8
 元大西螺,通泰,8,0,8
 元大西螺,台中銀,8,0,8
 元大西螺,精成科,19,12,7
 元大西螺,長榮,7,0,7
 元大西螺,00673R期元大S＆P原油反1,7,0,7
 元大西螺,台塑,9,2,7
 元大西螺,IKKA-KY,21,14,7
 元大西螺,綠界科技*,30,23,7
 元大西螺,達邁,31,25,6
 元大西螺,叡揚,6,0,6
 元大西螺,聯華,5,0,5
 元大西螺,耿鼎,5,0,5
 元大西螺,太子,5,0,5
 元大西螺,裕民,5,0,5
 元大西螺,玉山金,5,0,5
 元大西螺,亞光,8,3,5
 元大西螺,立德,5,0,5
 元大西螺,宏致,13,8,5
 元大西螺,青雲,5,0,5
 元大西螺,元山,5,0,5
 元大西螺,久昌,5,0,5
 元大西螺,雷虎,15,10,5
 元大西螺,矽統,7,2,5
 元大西螺,寶成,5,1,4
 元大西螺,南電,6,2,4
 元大西螺,佳和,4,0,4
 元大西螺,立隆電,10,6,4
 元大西螺,3036A文曄甲特,4,0,4
 元大西螺,樺漢,4,0,4
 元大西螺,汎銓,4,0,4
 元大西螺,皇昌,8,60,-52
 元大西螺,眾達-KY,25,54,-29
 元大西螺,彰銀,0,27,-27
 元大西螺,華南金,0,27,-27
 元大西螺,台揚,0,20,-20
 元大西螺,台玻,4,22,-18
 元大西螺,中鴻,0,18,-18
 元大西螺,裕隆,0,17,-17
 元大西螺,00965元大航太防衛科技,2,17,-15
 元大西螺,樺晟,0,15,-15
 元大西螺,00882中信中國高股息,5,20,-15
 元大西螺,00922國泰台灣領袖50,1,15,-14
 元大西螺,00675L富邦臺灣加權正2,0,14,-14
 元大西螺,中工,0,13,-13
 元大西螺,00937B群益ESG投等債20,71,84,-13
 元大西螺,元大高股息,14,25,-11
 元大西螺,台化,2,13,-11
 元大西螺,00944野村趨勢動能高息,0,10,-10
 元大西螺,燿華,0,10,-10
 元大西螺,2883B凱基金乙特,0,10,-10
 元大西螺,凌巨,0,10,-10
 元大西螺,台船,0,10,-10
 元大西螺,神達,141,151,-10
 元大西螺,00929復華台灣科技優息,1,11,-10
 元大西螺,易發,0,9,-9
 元大西螺,宏遠,0,8,-8
 元大西螺,加百裕,129,137,-8
 元大西螺,明泰,0,7,-7
 元大西螺,致伸,0,7,-7
 元大西螺,00940元大台灣價值高息,0,6,-6
 元大西螺,00687B國泰20年美債,0,5,-5
 元大西螺,00946群益科技高息成長,0,5,-5
 元大西螺,勤美,0,5,-5
 元大西螺,佳能,0,5,-5
 元大西螺,群創,0,5,-5
 元大西螺,凱崴,0,5,-5
 元大西螺,澤米,10,15,-5
 元大西螺,金居,0,5,-5
 元大西螺,統一實,0,5,-5
 元大西螺,欣興,2,7,-5
 元大西螺,日月光投控,1,5,-4
 元大西螺,00631L元大台灣50正2,0,4,-4
 元大西螺,光寶科,0,4,-4
 元大西螺,長榮航,4,8,-4
 元大西螺,正德,0,4,-4
 元大西螺,新光金,1,5,-4
 元大西螺,永崴投控,0,4,-4
 元大西螺,廣明,0,4,-4
 元大西螺,中光電,1,5,-4
 元大西螺,瑞軒,0,4,-4
 元大板三,聯電,180,15,165
 元大板三,00687B國泰20年美債,67,0,67
 元大板三,00637L元大滬深300正2,81,20,61
 元大板三,威盛,62,3,59
 元大板三,慧友,43,0,43
 元大板三,元大高股息,43,3,40
 元大板三,泰金寶-DR,35,0,35
 元大板三,緯創,161,128,33
 元大板三,00738U期元大道瓊白銀,30,0,30
 元大板三,科風,30,1,29
 元大板三,達運光電,27,0,27
 元大板三,00937B群益ESG投等債20,26,0,26
 元大板三,駿吉-KY,25,0,25
 元大板三,長榮航,31,9,22
 元大板三,立敦,22,5,17
 元大板三,東陽,16,0,16
 元大板三,英業達,30,14,16
 元大板三,宏齊,16,0,16
 元大板三,工信,15,0,15
 元大板三,00878國泰永續高股息,16,2,14
 元大板三,00654R富邦印度反1,13,0,13
 元大板三,聯合再生,13,0,13
 元大板三,加百裕,16,3,13
 元大板三,00858永豐美國500大,12,0,12
 元大板三,00918大華優利高填息30,12,0,12
 元大板三,昆盈,13,1,12
 元大板三,群創,12,0,12
 元大板三,英濟,24,13,11
 元大板三,美利達,17,6,11
 元大板三,威剛,10,0,10
 元大板三,鴻名,10,0,10
 元大板三,燿華,9,0,9
 元大板三,台泥,9,0,9
 元大板三,台新金,10,1,9
 元大板三,恆大,9,1,8
 元大板三,振曜,8,0,8
 元大板三,00757統一FANG+,12,4,8
 元大板三,富喬,24,17,7
 元大板三,00633L富邦上証正2,12,5,7
 元大板三,IET-KY,12,5,7
 元大板三,雷虎,6,0,6
 元大板三,保銳,6,0,6
 元大板三,盛群,6,0,6
 元大板三,湧德,6,0,6
 元大板三,技嘉,5,0,5
 元大板三,泰碩,5,0,5
 元大板三,西勝,7,2,5
 元大板三,富晶通,5,0,5
 元大板三,00631L元大台灣50正2,5,0,5
 元大板三,南亞,5,0,5
 元大板三,00664R國泰臺灣加權反1,0,266,-266
 元大板三,00945B凱基美國非投等債,0,136,-136
 元大板三,00965元大航太防衛科技,0,81,-81
 元大板三,神達,120,168,-48
 元大板三,00887永豐中國科技50大,0,42,-42
 元大板三,00708L期元大S＆P黃金正2,2,43,-41
 元大板三,00919群益台灣精選高息,15,55,-40
 元大板三,興能高,66,104,-38
 元大板三,欣銓,2,37,-35
 元大板三,00885富邦越南,3,35,-32
 元大板三,力積電,32,63,-31
 元大板三,凱基金,1,31,-30
 元大板三,陽明,10,39,-29
 元大板三,鴻準,12,40,-28
 元大板三,宏達電,113,140,-27
 元大板三,宏致,23,49,-26
 元大板三,新唐,0,22,-22
 元大板三,00951台新日本半導體,0,21,-21
 元大板三,00924復華S＆P500成長,2,23,-21
 元大板三,岱宇,0,20,-20
 元大板三,華航,0,19,-19
 元大板三,00665L富邦�琤肭磪囓�2,0,19,-19
 元大板三,00929復華台灣科技優息,0,17,-17
 元大板三,順達,15,32,-17
 元大板三,00646元大S＆P500,0,16,-16
 元大板三,鴻海,6,21,-15
 元大板三,廣宇,1,15,-14
 元大板三,寶成,0,14,-14
 元大板三,遠百,0,14,-14
 元大板三,長榮,5,18,-13
 元大板三,佳凌,0,13,-13
 元大板三,中信金,3,16,-13
 元大板三,達邁,54,66,-12
 元大板三,00895富邦未來車,1,13,-12
 元大板三,台積電,1,13,-12
 元大板三,00712復華富時不動產,2,13,-11
 元大板三,仁寶,0,11,-11
 元大板三,00688L國泰20年美債正2,1,12,-11
 元大板三,友達,11,22,-11
 元大板三,振樺電,0,10,-10
 元大板三,新日興,7,17,-10
 元大板三,新光金,0,9,-9
 元大板三,連展投控,6,15,-9
 元大板三,正崴,1,10,-9
 元大板三,台達化,0,9,-9
 元大板三,奇鋐,3,12,-9
 元大板三,新盛力,90,98,-8
 元大板三,華新,2,9,-7
 元大板三,和椿,20,27,-7
 元大板三,00927群益半導體收益,4,11,-7
 元大新竹,華星光,399,24,375
 元大新竹,00937B群益ESG投等債20,241,25,216
 元大新竹,00632R元大台灣50反1,154,0,154
 元大新竹,欣銓,170,30,140
 元大新竹,聯電,252,121,131
 元大新竹,00631L元大台灣50正2,110,2,108
 元大新竹,建漢,85,3,82
 元大新竹,杭特,60,0,60
 元大新竹,連展投控,61,1,60
 元大新竹,海悅,51,1,50
 元大新竹,恆大,42,0,42
 元大新竹,00878國泰永續高股息,67,27,40
 元大新竹,神達,238,202,36
 元大新竹,宏致,78,43,35
 元大新竹,志強-KY,49,14,35
 元大新竹,群創,30,0,30
 元大新竹,00772B中信高評級公司債,28,0,28
 元大新竹,兆豐金,24,0,24
 元大新竹,00679B元大美債20年,26,2,24
 元大新竹,中鋼,37,13,24
 元大新竹,緯創,27,7,20
 元大新竹,來頡,20,2,18
 元大新竹,新盛力,851,835,16
 元大新竹,00905FT臺灣Smart,17,1,16
 元大新竹,新漢,31,18,13
 元大新竹,宏觀,13,0,13
 元大新竹,華通,18,5,13
 元大新竹,宏��,11,0,11
 元大新竹,華紙,11,0,11
 元大新竹,宏齊,10,0,10
 元大新竹,00753L中信中國50正2,10,0,10
 元大新竹,00633L富邦上証正2,10,0,10
 元大新竹,中纖,10,0,10
 元大新竹,聯茂,10,0,10
 元大新竹,00918大華優利高填息30,20,10,10
 元大新竹,英業達,16,7,9
 元大新竹,銘旺科,9,0,9
 元大新竹,金寶,12,4,8
 元大新竹,欣興,8,0,8
 元大新竹,信音,8,0,8
 元大新竹,00924復華S＆P500成長,7,0,7
 元大新竹,亞航,8,1,7
 元大新竹,三商壽,7,0,7
 元大新竹,華航,19,12,7
 元大新竹,富喬,40,33,7
 元大新竹,華新,6,0,6
 元大新竹,廣積,6,0,6
 元大新竹,泰鼎-KY,6,0,6
 元大新竹,興能高,364,358,6
 元大新竹,泰金寶-DR,9,3,6
 元大新竹,00637L元大滬深300正2,27,2003,-1976
 元大新竹,00948B中信優息投資級債,0,374,-374
 元大新竹,台揚,0,204,-204
 元大新竹,00940元大台灣價值高息,7,149,-142
 元大新竹,00706L期元大S＆P日圓正2,0,100,-100
 元大新竹,00930永豐ESG低碳高息,0,100,-100
 元大新竹,新光金,0,41,-41
 元大新竹,00680L元大美債20正2,25,66,-41
 元大新竹,力積電,86,126,-40
 元大新竹,00929復華台灣科技優息,9,46,-37
 元大新竹,00965元大航太防衛科技,0,36,-36
 元大新竹,00919群益台灣精選高息,59,91,-32
 元大新竹,宏達電,145,172,-27
 元大新竹,鴻海,17,43,-26
 元大新竹,全友,0,25,-25
 元大新竹,00941中信上游半導體,0,24,-24
 元大新竹,僑威,13,36,-23
 元大新竹,騰輝電子-KY,6,26,-20
 元大新竹,榮剛,0,20,-20
 元大新竹,00830國泰費城半導體,3,22,-19
 元大新竹,00762元大全球AI,0,16,-16
 元大新竹,寶成,0,16,-16
 元大新竹,奇鋐,10,26,-16
 元大新竹,立隆電,35,50,-15
 元大新竹,合勤控,0,15,-15
 元大新竹,00922國泰台灣領袖50,3,18,-15
 元大新竹,00757統一FANG+,3,17,-14
 元大新竹,康舒,0,14,-14
 元大新竹,威盛,1,15,-14
 元大新竹,00712復華富時不動產,6,20,-14
 元大新竹,00887永豐中國科技50大,0,12,-12
 元大新竹,宜特,0,12,-12
 元大新竹,00646元大S＆P500,0,11,-11
 元大新竹,環宇-KY,47,58,-11
 元大新竹,00895富邦未來車,0,11,-11
 元大新竹,潤泰新,1,12,-11
 元大新竹,萬海,0,11,-11
 元大新竹,富邦金,1,12,-11
 元大新竹,穩懋,0,11,-11
 元大新竹,00893國泰智能電動車,0,10,-10
 元大新竹,中裕,0,10,-10
 元大新竹,仁寶,0,10,-10
 元大新竹,聯合再生,0,10,-10
 元大新竹,00954中信日本半導體,0,10,-10
 元大新竹,精確,4,14,-10
 元大新竹,華碩,0,10,-10
 元大新竹,大銀微系統,17,27,-10
 元大新竹,長榮航太,0,10,-10
 元大新竹,光寶科,0,10,-10
 元大新竹,和碩,0,10,-10
 元大路竹,聯電,125,26,99
 元大路竹,00882中信中國高股息,72,0,72
 元大路竹,第一金,53,0,53
 元大路竹,大成鋼,73,23,50
 元大路竹,00684R期元大美元指反1,38,0,38
 元大路竹,宏��,40,10,30
 元大路竹,元大高股息,24,0,24
 元大路竹,千興,22,0,22
 元大路竹,00680L元大美債20正2,21,0,21
 元大路竹,00919群益台灣精選高息,21,2,19
 元大路竹,00637L元大滬深300正2,25,8,17
 元大路竹,00858永豐美國500大,16,0,16
 元大路竹,官田鋼,15,0,15
 元大路竹,台揚,15,2,13
 元大路竹,長榮,13,0,13
 元大路竹,台化,13,0,13
 元大路竹,新盛力,82,69,13
 元大路竹,群創,12,0,12
 元大路竹,友達,23,11,12
 元大路竹,立��,15,3,12
 元大路竹,緯創,18,6,12
 元大路竹,00687B國泰20年美債,11,0,11
 元大路竹,00969B元大零息超長美債,11,0,11
 元大路竹,00918大華優利高填息30,12,1,11
 元大路竹,00664R國泰臺灣加權反1,10,0,10
 元大路竹,允強,10,0,10
 元大路竹,裕隆,12,2,10
 元大路竹,廣宇,10,0,10
 元大路竹,欣興,17,8,9
 元大路竹,訊芯-KY,9,0,9
 元大路竹,欣銓,11,2,9
 元大路竹,建通,7,0,7
 元大路竹,00940元大台灣價值高息,23,16,7
 元大路竹,金寶,21,14,7
 元大路竹,聯發科,6,0,6
 元大路竹,加百裕,30,24,6
 元大路竹,崧騰,6,0,6
 元大路竹,亞泰,7,1,6
 元大路竹,達麗,6,0,6
 元大路竹,金山電,6,0,6
 元大路竹,佳龍,6,0,6
 元大路竹,00713元大台灣高息低波,5,0,5
 元大路竹,技嘉,5,0,5
 元大路竹,00724B群益投資級金融債,5,0,5
 元大路竹,00632R元大台灣50反1,5,0,5
 元大路竹,00915凱基優選高股息30,5,0,5
 元大路竹,00953B群益優選非投等債,5,0,5
 元大路竹,佳格,5,0,5
 元大路竹,易威,5,0,5
 元大路竹,星通,5,0,5
 元大路竹,華南金,0,70,-70
 元大路竹,00965元大航太防衛科技,1,52,-51
 元大路竹,凱基金,0,47,-47
 元大路竹,台聚,0,41,-41
 元大路竹,新日興,32,73,-41
 元大路竹,00929復華台灣科技優息,0,39,-39
 元大路竹,神達,59,89,-30
 元大路竹,00706L期元大S＆P日圓正2,0,27,-27
 元大路竹,矽格,1,27,-26
 元大路竹,00905FT臺灣Smart,0,25,-25
 元大路竹,00922國泰台灣領袖50,1,25,-24
 元大路竹,力積電,24,47,-23
 元大路竹,宏達電,48,70,-22
 元大路竹,00950B凱基A級公司債,0,16,-16
 元大路竹,英業達,0,16,-16
 元大路竹,僑威,3,18,-15
 元大路竹,達邁,52,64,-12
 元大路竹,華邦電,11,23,-12
 元大路竹,大同,0,12,-12
 元大路竹,正達,4,15,-11
 元大路竹,00959B大華投等美債15Y+,0,10,-10
 元大路竹,友訊,1,11,-10
 元大路竹,國票金,0,10,-10
 元大路竹,00934中信成長高股息,0,10,-10
 元大路竹,興富發,0,10,-10
 元大路竹,華航,42,51,-9
 元大路竹,長榮航,0,9,-9
 元大路竹,星宇航空,7,14,-7
 元大路竹,波若威,6,12,-6
 元大路竹,南亞,0,6,-6
 元大路竹,超豐,0,6,-6
 元大路竹,國產,0,6,-6
 元大路竹,亞光,1,7,-6
 元大路竹,揚明光,0,6,-6
 元大路竹,台積電,1,7,-6
 元大路竹,元大台灣50,1,6,-5
 元大路竹,玉山金,1,6,-5
 元大路竹,00753L中信中國50正2,0,5,-5
 元大路竹,晶豪科,0,5,-5
 元大路竹,彬台,0,5,-5
 元大路竹,睿生光電,0,5,-5
 元大路竹,00891中信關鍵半導體,0,5,-5
 元大路竹,亞翔,0,4,-4
 元大路竹,立隆電,3,7,-4
 元大路竹,00712復華富時不動產,1,5,-4
 元大路竹,東元,0,4,-4
 元大路竹,神隆,0,4,-4
 元大路竹,所羅門,0,4,-4
 元大路竹,艾訊,0,4,-4
 元大路竹,信立,0,4,-4
 元大蘆洲,00673R期元大S＆P原油反1,338,5,333
 元大蘆洲,聯電,384,77,307
 元大蘆洲,00637L元大滬深300正2,100,2,98
 元大蘆洲,欣興,93,8,85
 元大蘆洲,華星光,164,93,71
 元大蘆洲,00919群益台灣精選高息,90,24,66
 元大蘆洲,00632R元大台灣50反1,62,0,62
 元大蘆洲,遠百,55,0,55
 元大蘆洲,宏��,55,1,54
 元大蘆洲,連展投控,57,5,52
 元大蘆洲,00922國泰台灣領袖50,55,4,51
 元大蘆洲,台達化,43,3,40
 元大蘆洲,五鼎,35,0,35
 元大蘆洲,00753L中信中國50正2,35,1,34
 元大蘆洲,中鋼,45,11,34
 元大蘆洲,00687B國泰20年美債,40,8,32
 元大蘆洲,00737國泰AI+Robo,30,0,30
 元大蘆洲,神達,480,451,29
 元大蘆洲,毅嘉,30,1,29
 元大蘆洲,廣運,25,2,23
 元大蘆洲,揚明光,21,0,21
 元大蘆洲,昇達科,31,11,20
 元大蘆洲,亞航,20,1,19
 元大蘆洲,南港,20,1,19
 元大蘆洲,00882中信中國高股息,18,0,18
 元大蘆洲,立積,18,2,16
 元大蘆洲,中鴻,26,10,16
 元大蘆洲,麗正,15,0,15
 元大蘆洲,00830國泰費城半導體,18,4,14
 元大蘆洲,立敦,44,30,14
 元大蘆洲,00891中信關鍵半導體,14,0,14
 元大蘆洲,00688L國泰20年美債正2,13,0,13
 元大蘆洲,元大高股息,33,21,12
 元大蘆洲,00751B元大AAA至A公司債,14,2,12
 元大蘆洲,00938凱基優選30,18,6,12
 元大蘆洲,加百裕,33,21,12
 元大蘆洲,厚生,12,0,12
 元大蘆洲,緯創,48,36,12
 元大蘆洲,台塑,23,12,11
 元大蘆洲,綠界科技*,11,0,11
 元大蘆洲,僑威,22,11,11
 元大蘆洲,台達電,18,7,11
 元大蘆洲,大成鋼,49,38,11
 元大蘆洲,英業達,19,9,10
 元大蘆洲,威健,10,0,10
 元大蘆洲,群益證,10,0,10
 元大蘆洲,金寶,13,3,10
 元大蘆洲,00670L富邦NASDAQ正2,10,0,10
 元大蘆洲,台揚,10,0,10
 元大蘆洲,昇陽半導體,13,4,9
 元大蘆洲,00965元大航太防衛科技,0,195,-195
 元大蘆洲,力積電,34,161,-127
 元大蘆洲,00706L期元大S＆P日圓正2,0,120,-120
 元大蘆洲,00929復華台灣科技優息,14,115,-101
 元大蘆洲,台新金,3,102,-99
 元大蘆洲,新建,5,91,-86
 元大蘆洲,00878國泰永續高股息,74,149,-75
 元大蘆洲,00936台新永續高息中小,3,74,-71
 元大蘆洲,00940元大台灣價值高息,1,62,-61
 元大蘆洲,宏達電,190,243,-53
 元大蘆洲,00934中信成長高股息,2,50,-48
 元大蘆洲,凱美,19,66,-47
 元大蘆洲,南電,16,60,-44
 元大蘆洲,長榮航,6,49,-43
 元大蘆洲,TPK-KY,0,41,-41
 元大蘆洲,華南金,1,40,-39
 元大蘆洲,廣達,13,49,-36
 元大蘆洲,建錩,0,35,-35
 元大蘆洲,伊雲谷,1,36,-35
 元大蘆洲,華航,0,32,-32
 元大蘆洲,新光金,0,30,-30
 元大蘆洲,新纖,0,30,-30
 元大蘆洲,雷虎,12,39,-27
 元大蘆洲,星宇航空,4,28,-24
 元大蘆洲,國泰金,1,25,-24
 元大蘆洲,聯亞,0,23,-23
 元大蘆洲,新日興,29,51,-22
 元大蘆洲,欣銓,19,40,-21
 元大蘆洲,鈺創,0,20,-20
 元大蘆洲,宏致,7,26,-19
 元大蘆洲,台灣虎航,4,23,-19
 元大蘆洲,亞光,19,37,-18
 元大蘆洲,英濟,94,112,-18
 元大蘆洲,永光,0,18,-18
 元大蘆洲,00915凱基優選高股息30,0,18,-18
 元大蘆洲,00881國泰台灣5G+,5,23,-18
 元大蘆洲,元晶,2,19,-17
 元大蘆洲,微星,3,20,-17
 元大蘆洲,泰金寶-DR,3,20,-17
 元大蘆洲,日月光投控,1,18,-17
 元大蘆洲,國票金,0,16,-16
 元大蘆洲,威盛,6,22,-16
 元大蘆洲,00887永豐中國科技50大,1,16,-15
 元大蘆洲,00939統一台灣高息動能,0,15,-15
 元大蘆洲,聿新科,0,15,-15
 元大蘆洲,00675L富邦臺灣加權正2,0,14,-14
 元大蘆洲,伍豐,0,14,-14
 元大蘆洲,菱光,2,16,-14
 元大蘆洲,邁達特,2,16,-14
 元大蘆洲,東元,0,14,-14
凱基斗六,00637L元大滬深300正2,150,0,150
凱基斗六,第一金,30,0,30
凱基斗六,福華,42,18,24
凱基斗六,彰銀,20,0,20
凱基斗六,元大金,20,0,20
凱基斗六,鴻海,23,5,18
凱基斗六,台塑,17,3,14
凱基斗六,三商壽,10,0,10
凱基斗六,兆豐金,10,0,10
凱基斗六,南僑,9,0,9
凱基斗六,佳能,6,0,6
凱基斗六,00882中信中國高股息,5,0,5
凱基斗六,00687B國泰20年美債,5,0,5
凱基斗六,00680L元大美債20正2,5,0,5
凱基斗六,00679B元大美債20年,5,0,5
凱基斗六,中鋼,5,0,5
凱基斗六,南仁湖,5,0,5
凱基斗六,宏齊,5,0,5
凱基斗六,元大高股息,4,0,4
凱基斗六,00631L元大台灣50正2,14,10,4
凱基斗六,台泥,3,0,3
凱基斗六,精剛,3,0,3
凱基斗六,臺企銀,3,0,3
凱基斗六,潤泰全,3,0,3
凱基斗六,宏致,6,3,3
凱基斗六,博智,3,0,3
凱基斗六,聯電,21,18,3
凱基斗六,興能高,42,40,2
凱基斗六,大銀微系統,5,3,2
凱基斗六,全球傳動,3,1,2
凱基斗六,00915凱基優選高股息30,2,0,2
凱基斗六,00953B群益優選非投等債,2,0,2
凱基斗六,中鴻,2,0,2
凱基斗六,強茂,2,0,2
凱基斗六,博磊,2,0,2
凱基斗六,慶騰,2,0,2
凱基斗六,啟��,4,2,2
凱基斗六,京元電子,2,0,2
凱基斗六,立敦,3,2,1
凱基斗六,統一,1,0,1
凱基斗六,00919群益台灣精選高息,1,0,1
凱基斗六,00646元大S＆P500,1,0,1
凱基斗六,00909國泰數位支付服務,1,0,1
凱基斗六,00858永豐美國500大,1,0,1
凱基斗六,利奇,1,0,1
凱基斗六,直得,1,0,1
凱基斗六,大成鋼,3,2,1
凱基斗六,中華,1,0,1
凱基斗六,謚源,1,0,1
凱基斗六,華邦電,17,16,1
凱基斗六,鈺齊-KY,0,87,-87
凱基斗六,皇昌,1,34,-33
凱基斗六,凱基金,0,26,-26
凱基斗六,裕隆,0,22,-22
凱基斗六,00933B國泰10Y+金融債,0,18,-18
凱基斗六,欣銓,2,19,-17
凱基斗六,定穎投控,10,27,-17
凱基斗六,00881國泰台灣5G+,0,15,-15
凱基斗六,力積電,3,16,-13
凱基斗六,00892富邦台灣半導體,0,12,-12
凱基斗六,宏達電,15,26,-11
凱基斗六,00965元大航太防衛科技,0,10,-10
凱基斗六,奇鋐,1,10,-9
凱基斗六,富喬,10,19,-9
凱基斗六,00951台新日本半導體,0,8,-8
凱基斗六,彬台,0,8,-8
凱基斗六,00905FT臺灣Smart,0,7,-7
凱基斗六,晶華,0,7,-7
凱基斗六,ABC-KY,0,7,-7
凱基斗六,連宇,0,6,-6
凱基斗六,第一保,0,6,-6
凱基斗六,00980B台新特選IG債10+,1,6,-5
凱基斗六,新盛力,48,53,-5
凱基斗六,廣錠,0,5,-5
凱基斗六,日月光投控,0,5,-5
凱基斗六,波若威,10,14,-4
凱基斗六,00923群益台ESG低碳50,0,4,-4
凱基斗六,億泰,0,4,-4
凱基斗六,英業達,0,4,-4
凱基斗六,美律,1,5,-4
凱基斗六,神達,6,10,-4
凱基斗六,東洋,0,4,-4
凱基斗六,達興材料,1,5,-4
凱基斗六,宇智,0,4,-4
凱基斗六,北極星藥業-KY,0,4,-4
凱基斗六,00929復華台灣科技優息,0,4,-4
凱基斗六,00706L期元大S＆P日圓正2,1,4,-3
凱基斗六,00932兆豐永續高息等權,0,3,-3
凱基斗六,鴻名,0,3,-3
凱基斗六,光環,0,3,-3
凱基斗六,能率,1,4,-3
凱基斗六,台灣虎航,0,3,-3
凱基斗六,北基,0,3,-3
凱基斗六,華城,0,2,-2
凱基斗六,00922國泰台灣領袖50,0,2,-2
凱基斗六,台亞,0,2,-2
凱基斗六,大同,0,2,-2
凱基斗六,聯合再生,0,2,-2
凱基斗六,炎洲,0,2,-2
凱基斗六,華星光,31,33,-2
 元大土城,聯電,172,8,164
 元大土城,星宇航空,144,28,116
 元大土城,興能高,246,158,88
 元大土城,中工,55,0,55
 元大土城,00919群益台灣精選高息,51,6,45
 元大土城,00878國泰永續高股息,45,3,42
 元大土城,亞航,30,0,30
 元大土城,統一證,29,0,29
 元大土城,允強,25,0,25
 元大土城,大亞,20,0,20
 元大土城,英業達,22,3,19
 元大土城,AES-KY,18,3,15
 元大土城,中鋼,20,5,15
 元大土城,立敦,26,11,15
 元大土城,兆豐金,13,0,13
 元大土城,緯創,19,6,13
 元大土城,元大高股息,31,20,11
 元大土城,新盛力,49,38,11
 元大土城,大銀微系統,13,2,11
 元大土城,敦泰,10,0,10
 元大土城,嘉基,10,0,10
 元大土城,晶睿,9,0,9
 元大土城,00916國泰全球品牌50,9,0,9
 元大土城,00637L元大滬深300正2,11,2,9
 元大土城,立��,14,5,9
 元大土城,泰金寶-DR,9,0,9
 元大土城,玉晶光,9,1,8
 元大土城,英濟,11,3,8
 元大土城,00687B國泰20年美債,10,2,8
 元大土城,廣達,7,0,7
 元大土城,泓德能源,7,0,7
 元大土城,00882中信中國高股息,6,0,6
 元大土城,00795B中信美國公債20年,6,0,6
 元大土城,00665L富邦�琤肭磪囓�2,6,0,6
 元大土城,盟立,6,0,6
 元大土城,錦明,6,0,6
 元大土城,群益證,6,0,6
 元大土城,長榮,8,2,6
 元大土城,00918大華優利高填息30,10,5,5
 元大土城,振曜,5,0,5
 元大土城,欣興,10,5,5
 元大土城,00931B統一美債20年,5,0,5
 元大土城,00945B凱基美國非投等債,5,0,5
 元大土城,泰碩,5,0,5
 元大土城,前鼎,14,9,5
 元大土城,長榮航,7,2,5
 元大土城,00679B元大美債20年,4,0,4
 元大土城,永豐金,4,0,4
 元大土城,歐買尬,4,0,4
 元大土城,00650L復華香港正2,4,0,4
 元大土城,慧洋-KY,7,274,-267
 元大土城,達邁,9,154,-145
 元大土城,群創,7,101,-94
 元大土城,臺企銀,0,73,-73
 元大土城,00940元大台灣價值高息,21,83,-62
 元大土城,00673R期元大S＆P原油反1,38,100,-62
 元大土城,00930永豐ESG低碳高息,0,52,-52
 元大土城,矽統,0,50,-50
 元大土城,廣宇,0,35,-35
 元大土城,凱基金,0,33,-33
 元大土城,00892富邦台灣半導體,0,28,-28
 元大土城,中興電,51,78,-27
 元大土城,00929復華台灣科技優息,6,30,-24
 元大土城,神達,48,70,-22
 元大土城,力積電,29,50,-21
 元大土城,光群雷,0,20,-20
 元大土城,宏致,11,29,-18
 元大土城,00692富邦公司治理,1,16,-15
 元大土城,鴻海,13,27,-14
 元大土城,松上,0,13,-13
 元大土城,宏達電,255,268,-13
 元大土城,00965元大航太防衛科技,1,13,-12
 元大土城,龍德造船,0,12,-12
 元大土城,00934中信成長高股息,0,12,-12
 元大土城,仁寶,0,11,-11
 元大土城,新普,14,25,-11
 元大土城,00948B中信優息投資級債,0,10,-10
 元大土城,南亞,0,10,-10
 元大土城,康舒,0,10,-10
 元大土城,精金,0,10,-10
 元大土城,006208富邦台50,3,12,-9
 元大土城,樂威科-KY,0,8,-8
 元大土城,定穎投控,0,8,-8
 元大土城,友訊,3,11,-8
 元大土城,國泰金,0,8,-8
 元大土城,亞翔,5,13,-8
 元大土城,環泥,0,7,-7
 元大土城,友達,2,9,-7
 元大土城,彩晶,0,7,-7
 元大土城,元大台灣50,1,8,-7
 元大土城,燿華,2,9,-7
 元大土城,台達電,0,6,-6
 元大土城,三商壽,1,7,-6
 元大土城,日電貿,0,6,-6
 元大土城,穩懋,0,6,-6
 元大土城,台新金,0,6,-6
 元大土城,官田鋼,0,5,-5
 元大土城,大同,0,5,-5
 元大土城,台塑,1,6,-5
 元大土城,宏��,5,10,-5
富邦台東,中信金,106,2,104
富邦台東,00673R期元大S＆P原油反1,74,0,74
富邦台東,聯電,57,18,39
富邦台東,大同,40,3,37
富邦台東,力積電,82,49,33
富邦台東,00948B中信優息投資級債,25,0,25
富邦台東,00968B元大優息投等債,20,0,20
富邦台東,聯昌,20,0,20
富邦台東,大綜,20,0,20
富邦台東,00753L中信中國50正2,15,0,15
富邦台東,友達,14,0,14
富邦台東,IKKA-KY,13,1,12
富邦台東,宏達電,69,58,11
富邦台東,泰金寶-DR,12,1,11
富邦台東,美時,10,0,10
富邦台東,英業達,10,0,10
富邦台東,前鼎,13,3,10
富邦台東,東友,10,0,10
富邦台東,波若威,13,4,9
富邦台東,環宇-KY,18,9,9
富邦台東,所羅門,8,1,7
富邦台東,00830國泰費城半導體,6,0,6
富邦台東,00679B元大美債20年,6,0,6
富邦台東,00676R富邦臺灣加權反1,6,0,6
富邦台東,雄獅,6,0,6
富邦台東,鴻海,8,2,6
富邦台東,台新金,5,0,5
富邦台東,00909國泰數位支付服務,5,0,5
富邦台東,00646元大S＆P500,5,0,5
富邦台東,皇昌,6,1,5
富邦台東,第一金,7,2,5
富邦台東,宏齊,5,0,5
富邦台東,華泰,4,0,4
富邦台東,景碩,4,0,4
富邦台東,華凌,4,0,4
富邦台東,台通,4,0,4
富邦台東,00675L富邦臺灣加權正2,4,0,4
富邦台東,昇陽半導體,4,1,3
富邦台東,00795B中信美國公債20年,3,0,3
富邦台東,緯創,11,8,3
富邦台東,南亞科,3,0,3
富邦台東,新建,3,0,3
富邦台東,健和興,3,0,3
富邦台東,群創,3,0,3
富邦台東,廣運,3,0,3
富邦台東,伊雲谷,3,0,3
富邦台東,聯鈞,6,3,3
富邦台東,00919群益台灣精選高息,5,3,2
富邦台東,00770國泰北美科技,2,0,2
富邦台東,欣興,2,0,2
富邦台東,北基,5,63,-58
富邦台東,00878國泰永續高股息,21,63,-42
富邦台東,00929復華台灣科技優息,2,40,-38
富邦台東,00940元大台灣價值高息,0,36,-36
富邦台東,00965元大航太防衛科技,0,36,-36
富邦台東,00892富邦台灣半導體,0,30,-30
富邦台東,00664R國泰臺灣加權反1,0,30,-30
富邦台東,欣銓,0,27,-27
富邦台東,00941中信上游半導體,0,25,-25
富邦台東,00905FT臺灣Smart,0,25,-25
富邦台東,912000晨訊科-DR,0,25,-25
富邦台東,00900富邦特選高股息30,0,25,-25
富邦台東,聯光通,6,29,-23
富邦台東,00939統一台灣高息動能,0,20,-20
富邦台東,北極星藥業-KY,0,20,-20
富邦台東,建錩,0,19,-19
富邦台東,新光金,0,18,-18
富邦台東,陽明,2,17,-15
富邦台東,成霖,0,15,-15
富邦台東,00980B台新特選IG債10+,0,14,-14
富邦台東,東台,0,12,-12
富邦台東,中鴻,0,11,-11
富邦台東,金山電,0,11,-11
富邦台東,神達,172,183,-11
富邦台東,和大,0,10,-10
富邦台東,和成,0,10,-10
富邦台東,漢翔,0,10,-10
富邦台東,新潤,0,10,-10
富邦台東,國巨,0,10,-10
富邦台東,中纖,1,10,-9
富邦台東,元大高股息,6,15,-9
富邦台東,英濟,0,8,-8
富邦台東,富邦金,0,6,-6
富邦台東,太子,0,6,-6
富邦台東,龍德造船,0,6,-6
富邦台東,宏致,2,7,-5
富邦台東,00692富邦公司治理,0,5,-5
富邦台東,毛寶,0,5,-5
富邦台東,國票金,0,5,-5
富邦台東,永豐金,0,5,-5
富邦台東,豐達科,0,5,-5
富邦台東,聰泰,0,5,-5
富邦台東,巨騰-DR,0,5,-5
富邦台東,00937B群益ESG投等債20,6,11,-5
富邦台東,日電貿,0,5,-5
富邦台東,裕隆,0,4,-4
富邦台東,亞翔,0,4,-4
富邦台東,00922國泰台灣領袖50,0,4,-4
富邦台東,華城,0,4,-4
富邦台東,00850元大臺灣ESG永續,0,4,-4
美好富順,聯電,172,3,169
美好富順,00676R富邦臺灣加權反1,166,0,166
美好富順,上海商銀,137,2,135
美好富順,亞泥,123,0,123
美好富順,緯創,86,9,77
美好富順,晟德,50,0,50
美好富順,台聚,54,8,46
美好富順,00937B群益ESG投等債20,48,12,36
美好富順,振發,36,3,33
美好富順,永崴投控,29,0,29
美好富順,立敦,73,46,27
美好富順,台塑,38,13,25
美好富順,友達,23,0,23
美好富順,南亞科,32,10,22
美好富順,大成鋼,22,0,22
美好富順,力積電,71,49,22
美好富順,加百裕,26,5,21
美好富順,錸德,22,2,20
美好富順,欣興,19,1,18
美好富順,00687B國泰20年美債,18,0,18
美好富順,康那香,20,2,18
美好富順,海光,18,1,17
美好富順,前鼎,26,10,16
美好富順,新盛力,51,36,15
美好富順,保銳,14,0,14
美好富順,上詮,15,1,14
美好富順,晟銘電,18,5,13
美好富順,聯成,12,0,12
美好富順,華航,31,19,12
美好富順,興能高,50,38,12
美好富順,00632R元大台灣50反1,11,0,11
美好富順,宏��,11,0,11
美好富順,凌陽,12,1,11
美好富順,慧洋-KY,13,2,11
美好富順,揚智,10,0,10
美好富順,瀚宇博,10,0,10
美好富順,凱碩,10,0,10
美好富順,長科*,10,0,10
美好富順,千如,10,0,10
美好富順,00918大華優利高填息30,10,0,10
美好富順,中信金,10,1,9
美好富順,中租-KY,8,0,8
美好富順,廣達,9,2,7
美好富順,金山電,10,3,7
美好富順,宏齊,9,2,7
美好富順,中櫃,10,3,7
美好富順,力成,9,2,7
美好富順,萬海,8,1,7
美好富順,彬台,10,4,6
美好富順,廣運,6,0,6
美好富順,英業達,16,64,-48
美好富順,中鋼,11,55,-44
美好富順,致和證,0,40,-40
美好富順,連展投控,8,46,-38
美好富順,陽明,33,62,-29
美好富順,映泰,0,28,-28
美好富順,光寶科,2,30,-28
美好富順,中鴻,0,27,-27
美好富順,皇昌,3,28,-25
美好富順,00673R期元大S＆P原油反1,0,25,-25
美好富順,廣宇,3,26,-23
美好富順,仁寶,0,21,-21
美好富順,欣銓,1,21,-20
美好富順,日勝生,0,20,-20
美好富順,聯邦銀,0,20,-20
美好富順,冠德,0,20,-20
美好富順,蜜望實,0,20,-20
美好富順,長榮航,0,19,-19
美好富順,彰銀,0,19,-19
美好富順,凱基金,0,18,-18
美好富順,中光電,6,24,-18
美好富順,泰金寶-DR,16,34,-18
美好富順,華南金,0,17,-17
美好富順,神達,52,68,-16
美好富順,華通,2,18,-16
美好富順,正文,0,15,-15
美好富順,合庫金,3,16,-13
美好富順,亞翔,18,30,-12
美好富順,00891中信關鍵半導體,0,12,-12
美好富順,國喬,0,11,-11
美好富順,華星光,13,23,-10
美好富順,富采,2,12,-10
美好富順,橋椿,0,10,-10
美好富順,宏致,2,12,-10
美好富順,協易機,0,10,-10
美好富順,陸海,0,10,-10
美好富順,建德工業,0,10,-10
美好富順,00915凱基優選高股息30,0,10,-10
美好富順,科妍,0,10,-10
美好富順,佰鴻,0,10,-10
美好富順,00929復華台灣科技優息,0,10,-10
美好富順,聯策,0,10,-10
美好富順,順達,0,9,-9
美好富順,台揚,1,9,-8
美好富順,鼎元,2,10,-8
美好富順,安集,0,8,-8
美好富順,玉山金,0,8,-8
美好富順,台達電,0,7,-7
美好富順,佳龍,0,7,-7
美好富順,億泰,0,7,-7
永豐屏東,力積電,362,25,337
永豐屏東,00637L元大滬深300正2,110,1,109
永豐屏東,聯電,94,12,82
永豐屏東,緯創,56,1,55
永豐屏東,00650L復華香港正2,37,0,37
永豐屏東,聯茂,35,0,35
永豐屏東,00665L富邦�琤肭磪囓�2,30,0,30
永豐屏東,00905FT臺灣Smart,27,0,27
永豐屏東,00679B元大美債20年,27,1,26
永豐屏東,合一,25,0,25
永豐屏東,晶技,25,1,24
永豐屏東,00858永豐美國500大,23,0,23
永豐屏東,百和興業-KY,21,0,21
永豐屏東,凱基金,26,6,20
永豐屏東,00919群益台灣精選高息,18,1,17
永豐屏東,00965元大航太防衛科技,15,0,15
永豐屏東,力成,15,0,15
永豐屏東,京元電子,11,0,11
永豐屏東,00633L富邦上証正2,10,0,10
永豐屏東,00680L元大美債20正2,10,0,10
永豐屏東,普安,10,0,10
永豐屏東,00688L國泰20年美債正2,10,0,10
永豐屏東,00967B元大優息美債,10,0,10
永豐屏東,00970B新光BBB投等債20,10,0,10
永豐屏東,聚亨,15,5,10
永豐屏東,永豐金,10,0,10
永豐屏東,台特化,10,0,10
永豐屏東,大同,14,5,9
永豐屏東,友達,20,11,9
永豐屏東,穩懋,9,0,9
永豐屏東,新盛力,19,11,8
永豐屏東,均豪,8,0,8
永豐屏東,凱崴,8,0,8
永豐屏東,00751B元大AAA至A公司債,7,0,7
永豐屏東,台玻,9,2,7
永豐屏東,欣興,7,0,7
永豐屏東,統一,7,1,6
永豐屏東,笙泉,6,0,6
永豐屏東,立��,9,3,6
永豐屏東,佳和,7,2,5
永豐屏東,聯鈞,12,7,5
永豐屏東,00882中信中國高股息,6,2,4
永豐屏東,得力,4,0,4
永豐屏東,聯亞,4,0,4
永豐屏東,上福,4,0,4
永豐屏東,擎亞,5,1,4
永豐屏東,00881國泰台灣5G+,5,1,4
永豐屏東,台積電,10,7,3
永豐屏東,眾達-KY,10,7,3
永豐屏東,聯發科,3,0,3
永豐屏東,偉全,0,148,-148
永豐屏東,廣運,0,70,-70
永豐屏東,ITH-KY,0,60,-60
永豐屏東,群創,0,33,-33
永豐屏東,00930永豐ESG低碳高息,0,30,-30
永豐屏東,00951台新日本半導體,0,30,-30
永豐屏東,鴻海,8,35,-27
永豐屏東,台灣虎航,4,25,-21
永豐屏東,00940元大台灣價值高息,0,20,-20
永豐屏東,00960野村全球航運龍頭,1,21,-20
永豐屏東,台化,0,19,-19
永豐屏東,泰金寶-DR,2,21,-19
永豐屏東,台燿,1,17,-16
永豐屏東,神達,18,33,-15
永豐屏東,鼎基,1,16,-15
永豐屏東,00937B群益ESG投等債20,0,13,-13
永豐屏東,00941中信上游半導體,0,13,-13
永豐屏東,鴻準,0,12,-12
永豐屏東,華星光,13,24,-11
永豐屏東,奇鋐,3,14,-11
永豐屏東,00923群益台ESG低碳50,0,11,-11
永豐屏東,00927群益半導體收益,0,11,-11
永豐屏東,南亞,0,11,-11
永豐屏東,006208富邦台50,0,11,-11
永豐屏東,日月光投控,1,11,-10
永豐屏東,00942B台新美A公司債20+,0,10,-10
永豐屏東,00959B大華投等美債15Y+,50,60,-10
永豐屏東,美食-KY,0,10,-10
永豐屏東,高雄銀,0,10,-10
永豐屏東,陽程,1,11,-10
永豐屏東,振發,0,10,-10
永豐屏東,中信金,0,10,-10
永豐屏東,00675L富邦臺灣加權正2,0,9,-9
永豐屏東,台塑,0,8,-8
永豐屏東,晟銘電,2,10,-8
永豐屏東,蔚華科,0,8,-8
永豐屏東,東洋,0,8,-8
永豐屏東,新應材,0,8,-8
永豐屏東,群益證,0,8,-8
永豐屏東,良維,0,7,-7
永豐屏東,順達,2,8,-6
永豐屏東,瑞儀,0,6,-6
永豐屏東,00933B國泰10Y+金融債,0,6,-6
永豐屏東,00662富邦NASDAQ,0,5,-5
永豐屏東,00891中信關鍵半導體,0,5,-5
永豐屏東,00696B富邦美債20年,0,5,-5
永豐屏東,00692富邦公司治理,0,5,-5
永豐屏東,00646元大S＆P500,0,5,-5
永豐屏東,00917中信特選金融,0,5,-5
永豐屏東,凱美,0,5,-5
富邦桃園,00953B群益優選非投等債,511,50,461
富邦桃園,聯電,173,9,164
富邦桃園,力成,111,1,110
富邦桃園,00637L元大滬深300正2,108,1,107
富邦桃園,00967B元大優息美債,200,100,100
富邦桃園,泰金寶-DR,133,37,96
富邦桃園,中鋼,115,20,95
富邦桃園,00971野村美國研發龍頭,101,10,91
富邦桃園,台化,85,0,85
富邦桃園,00751B元大AAA至A公司債,62,0,62
富邦桃園,00919群益台灣精選高息,127,82,45
富邦桃園,00632R元大台灣50反1,49,7,42
富邦桃園,欣興,45,5,40
富邦桃園,立��,74,39,35
富邦桃園,華航,41,7,34
富邦桃園,00922國泰台灣領袖50,55,23,32
富邦桃園,中石化,31,1,30
富邦桃園,緯創,64,34,30
富邦桃園,圓剛,30,0,30
富邦桃園,00858永豐美國500大,30,3,27
富邦桃園,新建,27,1,26
富邦桃園,00753L中信中國50正2,27,3,24
富邦桃園,新盛力,95,74,21
富邦桃園,固緯,20,0,20
富邦桃園,00918大華優利高填息30,19,0,19
富邦桃園,00882中信中國高股息,19,0,19
富邦桃園,東聯,19,0,19
富邦桃園,00673R期元大S＆P原油反1,70,51,19
富邦桃園,00679B元大美債20年,20,2,18
富邦桃園,精成科,38,20,18
富邦桃園,廣明,17,0,17
富邦桃園,亞聚,17,0,17
富邦桃園,大銀微系統,20,4,16
富邦桃園,晶彩科,21,5,16
富邦桃園,00680L元大美債20正2,20,4,16
富邦桃園,00959B大華投等美債15Y+,15,0,15
富邦桃園,橘子,15,0,15
富邦桃園,00713元大台灣高息低波,18,4,14
富邦桃園,東洋,12,0,12
富邦桃園,穎漢,11,0,11
富邦桃園,山富,11,0,11
富邦桃園,富喬,39,28,11
富邦桃園,00910第一金太空衛星,21,11,10
富邦桃園,環宇-KY,51,41,10
富邦桃園,00670L富邦NASDAQ正2,12,2,10
富邦桃園,聯嘉,10,0,10
富邦桃園,麗清,10,0,10
富邦桃園,聯合再生,10,0,10
富邦桃園,阜爾運通,10,0,10
富邦桃園,寶得利,10,0,10
富邦桃園,00715L期街口布蘭特正2,94,396,-302
富邦桃園,00929復華台灣科技優息,3,193,-190
富邦桃園,00937B群益ESG投等債20,47,218,-171
富邦桃園,長榮航,21,122,-101
富邦桃園,00687B國泰20年美債,15,112,-97
富邦桃園,00795B中信美國公債20年,2,95,-93
富邦桃園,群電,0,70,-70
富邦桃園,金寶,3,65,-62
富邦桃園,神達,124,185,-61
富邦桃園,00669R國泰美國道瓊反1,1,60,-59
富邦桃園,宏達電,133,191,-58
富邦桃園,光寶科,0,57,-57
富邦桃園,東元,0,51,-51
富邦桃園,00898國泰基因免疫革命,0,51,-51
富邦桃園,00676R富邦臺灣加權反1,0,50,-50
富邦桃園,00650L復華香港正2,0,50,-50
富邦桃園,聯光通,33,78,-45
富邦桃園,00885富邦越南,5,50,-45
富邦桃園,興能高,165,208,-43
富邦桃園,00725B國泰投資級公司債,2,44,-42
富邦桃園,高端疫苗,0,36,-36
富邦桃園,堤維西,1,37,-36
富邦桃園,星宇航空,2,37,-35
富邦桃園,00960野村全球航運龍頭,0,35,-35
富邦桃園,元大台灣50,6,41,-35
富邦桃園,大成鋼,55,89,-34
富邦桃園,宏致,4,34,-30
富邦桃園,00965元大航太防衛科技,75,105,-30
富邦桃園,欣銓,8,38,-30
富邦桃園,00940元大台灣價值高息,25,53,-28
富邦桃園,順達,21,47,-26
富邦桃園,台積電,15,41,-26
富邦桃園,凱基金,1,26,-25
富邦桃園,台中銀,1,25,-24
富邦桃園,元大高股息,42,65,-23
富邦桃園,00939統一台灣高息動能,0,23,-23
富邦桃園,00675L富邦臺灣加權正2,1,24,-23
富邦桃園,新光金,1,24,-23
富邦桃園,00933B國泰10Y+金融債,3,25,-22
富邦桃園,朋億*,4,26,-22
富邦桃園,亞翔,19,40,-21
富邦桃園,富邦金,18,40,-22
富邦桃園,00927群益半導體收益,1,23,-22
富邦桃園,達邁,99,120,-21
富邦桃園,00905FT臺灣Smart,13,30,-17
富邦桃園,華通,1,17,-16
富邦桃園,00945B凱基美國非投等債,7,23,-16
富邦桃園,千興,0,16,-16
富邦桃園,台達電,0,16,-16
富邦桃園,00935野村臺灣新科技50,0,15,-15
永豐中壢,立��,110,21,89
永豐中壢,聯電,137,73,64
永豐中壢,00937B群益ESG投等債20,72,11,61
永豐中壢,00953B群益優選非投等債,60,0,60
永豐中壢,神達,140,80,60
永豐中壢,00725B國泰投資級公司債,50,1,49
永豐中壢,宏致,95,48,47
永豐中壢,群創,40,0,40
永豐中壢,精成科,44,10,34
永豐中壢,00918大華優利高填息30,43,10,33
永豐中壢,00674R期元大S＆P黃金反1,31,0,31
永豐中壢,00637L元大滬深300正2,37,8,29
永豐中壢,00687B國泰20年美債,35,9,26
永豐中壢,台玻,24,0,24
永豐中壢,皇昌,25,1,24
永豐中壢,環宇-KY,33,9,24
永豐中壢,英業達,23,0,23
永豐中壢,00919群益台灣精選高息,25,4,21
永豐中壢,台塑,22,2,20
永豐中壢,新美齊,20,0,20
永豐中壢,達麗,18,0,18
永豐中壢,台燿,18,0,18
永豐中壢,鴻海,26,9,17
永豐中壢,泰金寶-DR,39,22,17
永豐中壢,興能高,89,74,15
永豐中壢,達邁,43,29,14
永豐中壢,聯亞,13,0,13
永豐中壢,采鈺,12,0,12
永豐中壢,陽明,14,2,12
永豐中壢,定穎投控,15,3,12
永豐中壢,高端疫苗,11,0,11
永豐中壢,00858永豐美國500大,11,0,11
永豐中壢,緯創,19,9,10
永豐中壢,瑞軒,10,0,10
永豐中壢,00662富邦NASDAQ,10,0,10
永豐中壢,00642U期元大S＆P石油,10,0,10
永豐中壢,燿華,10,0,10
永豐中壢,艾訊,11,1,10
永豐中壢,欣興,11,1,10
永豐中壢,永豐金,10,0,10
永豐中壢,00950B凱基A級公司債,9,0,9
永豐中壢,眾達-KY,62,53,9
永豐中壢,宏達電,102,93,9
永豐中壢,京元電子,8,0,8
永豐中壢,和椿,37,29,8
永豐中壢,創惟,9,2,7
永豐中壢,圓剛,10,3,7
永豐中壢,台揚,9,2,7
永豐中壢,力積電,19,13,6
永豐中壢,億泰,6,0,6
永豐中壢,元大高股息,26,172,-146
永豐中壢,00882中信中國高股息,9,123,-114
永豐中壢,廣宇,2,107,-105
永豐中壢,遠東新,2,81,-79
永豐中壢,菱光,0,77,-77
永豐中壢,00930永豐ESG低碳高息,0,75,-75
永豐中壢,00751B元大AAA至A公司債,0,72,-72
永豐中壢,仁寶,0,60,-60
永豐中壢,00965元大航太防衛科技,0,56,-56
永豐中壢,00966B統一ESG投等債15,0,56,-56
永豐中壢,欣銓,4,52,-48
永豐中壢,富喬,25,66,-41
永豐中壢,擎亞,32,67,-35
永豐中壢,00929復華台灣科技優息,0,32,-32
永豐中壢,東浦,0,31,-31
永豐中壢,興富發,0,31,-31
永豐中壢,00673R期元大S＆P原油反1,0,31,-31
永豐中壢,中石化,0,28,-28
永豐中壢,康聯訊,0,25,-25
永豐中壢,00712復華富時不動產,0,25,-25
永豐中壢,00708L期元大S＆P黃金正2,0,22,-22
永豐中壢,華星光,173,195,-22
永豐中壢,00936台新永續高息中小,0,21,-21
永豐中壢,華南金,0,19,-19
永豐中壢,新建,0,18,-18
永豐中壢,日月光投控,4,22,-18
永豐中壢,006208富邦台50,4,20,-16
永豐中壢,00632R元大台灣50反1,16,31,-15
永豐中壢,大同,0,15,-15
永豐中壢,00881國泰台灣5G+,3,17,-14
永豐中壢,00935野村臺灣新科技50,0,14,-14
永豐中壢,00701國泰股利精選30,0,13,-13
永豐中壢,華新,1,14,-13
永豐中壢,第一金,0,13,-13
永豐中壢,00675L富邦臺灣加權正2,1,13,-12
永豐中壢,喬福,0,12,-12
永豐中壢,新光金,0,12,-12
永豐中壢,華航,0,11,-11
永豐中壢,華友聯,1,11,-10
永豐中壢,厚生,0,10,-10
永豐中壢,汎銓,0,10,-10
永豐中壢,佳龍,0,10,-10
永豐中壢,光洋科,0,10,-10
永豐中壢,亞翔,2,11,-9
永豐中壢,南港,1,10,-9
永豐中壢,元大台灣50,1,10,-9
永豐中壢,00905FT臺灣Smart,0,9,-9
永豐中壢,易華電,0,8,-8
永豐中壢,直得,1,9,-8
永豐中壢,亞光,5,13,-8
第一桃園,聯電,254,41,213
第一桃園,00665L富邦�琤肭磪囓�2,497,318,179
第一桃園,00753L中信中國50正2,102,18,84
第一桃園,擎亞,122,39,83
第一桃園,達邁,82,2,80
第一桃園,00680L元大美債20正2,76,0,76
第一桃園,00637L元大滬深300正2,59,3,56
第一桃園,得力,54,0,54
第一桃園,00919群益台灣精選高息,61,7,54
第一桃園,00937B群益ESG投等債20,52,0,52
第一桃園,泰藝,46,0,46
第一桃園,00687B國泰20年美債,36,0,36
第一桃園,鴻海,48,15,33
第一桃園,樺晟,33,0,33
第一桃園,00951台新日本半導體,30,0,30
第一桃園,宏達電,149,122,27
第一桃園,欣興,47,22,25
第一桃園,00751B元大AAA至A公司債,25,0,25
第一桃園,元大台灣50,34,11,23
第一桃園,00922國泰台灣領袖50,27,4,23
第一桃園,百和,23,1,22
第一桃園,00720B元大投資級公司債,25,3,22
第一桃園,新日興,33,11,22
第一桃園,中鋼,31,9,22
第一桃園,大宇資,21,0,21
第一桃園,緯創,32,12,20
第一桃園,國產,22,2,20
第一桃園,美食-KY,21,1,20
第一桃園,兆豐金,19,0,19
第一桃園,彩晶,22,3,19
第一桃園,00650L復華香港正2,19,0,19
第一桃園,00673R期元大S＆P原油反1,19,0,19
第一桃園,00878國泰永續高股息,38,19,19
第一桃園,00752中信中國50,18,0,18
第一桃園,元大高股息,29,12,17
第一桃園,立��,19,3,16
第一桃園,00664R國泰臺灣加權反1,15,0,15
第一桃園,瑞智,15,0,15
第一桃園,僑威,33,18,15
第一桃園,太景*-KY,13,0,13
第一桃園,技嘉,12,0,12
第一桃園,高鋒,13,1,12
第一桃園,友達,21,9,12
第一桃園,00632R元大台灣50反1,12,0,12
第一桃園,新興,12,1,11
第一桃園,台表科,11,0,11
第一桃園,00960野村全球航運龍頭,11,0,11
第一桃園,全球傳動,12,1,11
第一桃園,萬旭,11,0,11
第一桃園,00915凱基優選高股息30,11,0,11
第一桃園,力積電,28,367,-339
第一桃園,菱光,2,160,-158
第一桃園,凱基金,5,137,-132
第一桃園,00931B統一美債20年,0,120,-120
第一桃園,神達,53,150,-97
第一桃園,泰金寶-DR,72,156,-84
第一桃園,00958B永豐ESG銀行債15,0,71,-71
第一桃園,00712復華富時不動產,0,68,-68
第一桃園,00940元大台灣價值高息,0,66,-66
第一桃園,金寶,5,70,-65
第一桃園,大成鋼,6,62,-56
第一桃園,00929復華台灣科技優息,11,58,-47
第一桃園,00688L國泰20年美債正2,0,45,-45
第一桃園,宣德,1,44,-43
第一桃園,凌巨,2,42,-40
第一桃園,00882中信中國高股息,12,50,-38
第一桃園,006208富邦台50,8,45,-37
第一桃園,恩德,0,35,-35
第一桃園,00930永豐ESG低碳高息,0,30,-30
第一桃園,康那香,0,30,-30
第一桃園,00932兆豐永續高息等權,0,30,-30
第一桃園,宏致,1,27,-26
第一桃園,第一金,20,46,-26
第一桃園,永道-KY,1,26,-25
第一桃園,欣銓,16,41,-25
第一桃園,新光鋼,0,23,-23
第一桃園,友訊,4,26,-22
第一桃園,聯光通,27,48,-21
第一桃園,台新金,6,27,-21
第一桃園,全漢,0,20,-20
第一桃園,00963中信全球高股息,0,20,-20
第一桃園,豐祥-KY,0,20,-20
第一桃園,長榮航,15,34,-19
第一桃園,00924復華S＆P500成長,2,20,-18
第一桃園,台化,9,26,-17
第一桃園,廣明,2,18,-16
第一桃園,00706L期元大S＆P日圓正2,0,16,-16
第一桃園,彬台,1,16,-15
第一桃園,中租-KY,1,16,-15
第一桃園,國泰金,0,15,-15
第一桃園,大同,3,17,-14
第一桃園,台達電,11,25,-14
第一桃園,陽明,2,15,-13
第一桃園,臺企銀,2,14,-12
第一桃園,鴻準,6,18,-12
第一桃園,新光金,1,13,-12
第一桃園,光環,11,22,-11
第一桃園,萬海,1,12,-11
第一桃園,玉山金,0,11,-11
第一桃園,上詮,6,17,-11
 元富新莊,華廣,100,0,100
 元富新莊,00673R期元大S＆P原油反1,100,10,90
 元富新莊,力積電,69,18,51
 元富新莊,燿華,34,0,34
 元富新莊,富野,36,3,33
 元富新莊,中鋼,52,20,32
 元富新莊,南亞,30,0,30
 元富新莊,聯電,90,64,26
 元富新莊,凱美,24,1,23
 元富新莊,大同,20,0,20
 元富新莊,00676R富邦臺灣加權反1,19,0,19
 元富新莊,00937B群益ESG投等債20,15,0,15
 元富新莊,聰泰,15,0,15
 元富新莊,中光電,14,1,13
 元富新莊,00878國泰永續高股息,16,4,12
 元富新莊,康霈*,12,0,12
 元富新莊,宏達電,36,25,11
 元富新莊,00858永豐美國500大,10,0,10
 元富新莊,00753L中信中國50正2,49,39,10
 元富新莊,裕隆,10,0,10
 元富新莊,南仁湖,10,0,10
 元富新莊,00919群益台灣精選高息,10,1,9
 元富新莊,力成,10,1,9
 元富新莊,兆利,14,6,8
 元富新莊,達邁,34,26,8
 元富新莊,00882中信中國高股息,7,0,7
 元富新莊,00637L元大滬深300正2,73,66,7
 元富新莊,00924復華S＆P500成長,6,0,6
 元富新莊,00650L復華香港正2,83,77,6
 元富新莊,威致,6,0,6
 元富新莊,鴻華先進-創,6,0,6
 元富新莊,五福,6,0,6
 元富新莊,時碩工業,6,0,6
 元富新莊,元大高股息,7,2,5
 元富新莊,富邦金,5,0,5
 元富新莊,00680L元大美債20正2,5,0,5
 元富新莊,00701國泰股利精選30,5,0,5
 元富新莊,00945B凱基美國非投等債,5,0,5
 元富新莊,台塑,35,30,5
 元富新莊,技嘉,5,0,5
 元富新莊,中保科,5,0,5
 元富新莊,亞光,31,27,4
 元富新莊,燦星旅,4,0,4
 元富新莊,昇陽半導體,4,0,4
 元富新莊,和椿,11,8,3
 元富新莊,00632R元大台灣50反1,3,0,3
 元富新莊,千興,3,0,3
 元富新莊,國巨,4,1,3
 元富新莊,冠西電,3,0,3
 元富新莊,今皓,3,0,3
 元富新莊,00980B台新特選IG債10+,20,916,-896
 元富新莊,00929復華台灣科技優息,0,83,-83
 元富新莊,00940元大台灣價值高息,5,70,-65
 元富新莊,華榮,1,46,-45
 元富新莊,興能高,308,347,-39
 元富新莊,華邦電,7,45,-38
 元富新莊,泰金寶-DR,31,65,-34
 元富新莊,00923群益台ESG低碳50,0,32,-32
 元富新莊,00898國泰基因免疫革命,0,30,-30
 元富新莊,00939統一台灣高息動能,0,30,-30
 元富新莊,00946群益科技高息成長,0,30,-30
 元富新莊,ITH-KY,0,30,-30
 元富新莊,神達,104,127,-23
 元富新莊,友訊,0,22,-22
 元富新莊,榮剛,0,21,-21
 元富新莊,00942B台新美A公司債20+,0,20,-20
 元富新莊,00944野村趨勢動能高息,0,20,-20
 元富新莊,佳能,42,60,-18
 元富新莊,凱基金,0,17,-17
 元富新莊,泰鼎-KY,10,27,-17
 元富新莊,台玻,1,17,-16
 元富新莊,00941中信上游半導體,0,15,-15
 元富新莊,群創,0,14,-14
 元富新莊,00897富邦基因免疫生技,0,14,-14
 元富新莊,英濟,14,28,-14
 元富新莊,統一證,0,13,-13
 元富新莊,華星光,87,100,-13
 元富新莊,華航,1,13,-12
 元富新莊,全譜,0,11,-11
 元富新莊,陽明,1,12,-11
 元富新莊,玉山金,1,12,-11
 元富新莊,炎洲,0,10,-10
 元富新莊,正文,0,10,-10
 元富新莊,永豐金,1,11,-10
 元富新莊,00915凱基優選高股息30,1,10,-9
 元富新莊,新日興,9,18,-9
 元富新莊,南電,0,8,-8
 元富新莊,00932兆豐永續高息等權,5,13,-8
 元富新莊,友達,0,8,-8
 元富新莊,長榮,10,18,-8
 元富新莊,瑞軒,0,8,-8
 元富新莊,台積電,1,8,-7
 元富新莊,00952凱基台灣AI50,1,8,-7
 元富新莊,元大金,0,6,-6
 元富新莊,兆赫,0,6,-6
 元富新莊,擎亞,10,16,-6
 元富新莊,伍豐,0,5,-5
 元富新莊,兆豐金,2,7,-5
 元富新莊,新纖,0,5,-5
 元富新莊,富喬,2,7,-5
(牛牛牛)亞-網路,00646元大S＆P500,723,20,703
(牛牛牛)亞-網路,中纖,285,0,285
(牛牛牛)亞-網路,太子,150,0,150
(牛牛牛)亞-網路,00953B群益優選非投等債,106,1,105
(牛牛牛)亞-網路,00864B中信美國公債0-1,102,0,102
(牛牛牛)亞-網路,南茂,102,0,102
(牛牛牛)亞-網路,興能高,113,50,63
(牛牛牛)亞-網路,元晶,50,0,50
(牛牛牛)亞-網路,00664R國泰臺灣加權反1,40,0,40
(牛牛牛)亞-網路,00937B群益ESG投等債20,122,90,32
(牛牛牛)亞-網路,00676R富邦臺灣加權反1,30,0,30
(牛牛牛)亞-網路,00679B元大美債20年,28,0,28
(牛牛牛)亞-網路,聯電,29,5,24
(牛牛牛)亞-網路,00673R期元大S＆P原油反1,100,76,24
(牛牛牛)亞-網路,00858永豐美國500大,23,0,23
(牛牛牛)亞-網路,00687B國泰20年美債,22,0,22
(牛牛牛)亞-網路,00671R富邦NASDAQ反1,20,0,20
(牛牛牛)亞-網路,00648R元大S＆P500反1,20,0,20
(牛牛牛)亞-網路,東鹼,19,0,19
(牛牛牛)亞-網路,華新科,16,0,16
(牛牛牛)亞-網路,台積電,27,12,15
(牛牛牛)亞-網路,英業達,13,0,13
(牛牛牛)亞-網路,富邦金,15,2,13
(牛牛牛)亞-網路,00919群益台灣精選高息,13,1,12
(牛牛牛)亞-網路,00924復華S＆P500成長,12,0,12
(牛牛牛)亞-網路,00642U期元大S＆P石油,11,0,11
(牛牛牛)亞-網路,元大高股息,14,3,11
(牛牛牛)亞-網路,00665L富邦�琤肭磪囓�2,11,0,11
(牛牛牛)亞-網路,眾達-KY,14,3,11
(牛牛牛)亞-網路,00918大華優利高填息30,12,2,10
(牛牛牛)亞-網路,00923群益台ESG低碳50,10,0,10
(牛牛牛)亞-網路,01010T京城樂富R1,10,0,10
(牛牛牛)亞-網路,華夏,10,0,10
(牛牛牛)亞-網路,中鴻,10,0,10
(牛牛牛)亞-網路,國揚,10,0,10
(牛牛牛)亞-網路,星宇航空,10,0,10
(牛牛牛)亞-網路,聯合再生,10,0,10
(牛牛牛)亞-網路,00915凱基優選高股息30,9,0,9
(牛牛牛)亞-網路,00882中信中國高股息,9,0,9
(牛牛牛)亞-網路,南亞科,10,1,9
(牛牛牛)亞-網路,台灣高鐵,8,0,8
(牛牛牛)亞-網路,台光電,8,0,8
(牛牛牛)亞-網路,宜特,7,0,7
(牛牛牛)亞-網路,00740B富邦全球投等債,7,0,7
(牛牛牛)亞-網路,營邦,7,0,7
(牛牛牛)亞-網路,和椿,10,3,7
(牛牛牛)亞-網路,00878國泰永續高股息,12,5,7
(牛牛牛)亞-網路,台泥,6,0,6
(牛牛牛)亞-網路,00715L期街口布蘭特正2,11,5,6
(牛牛牛)亞-網路,幸福,6,0,6
(牛牛牛)亞-網路,00686R群益臺灣加權反1,0,2016,-2016
(牛牛牛)亞-網路,00680L元大美債20正2,0,618,-618
(牛牛牛)亞-網路,三商壽,0,400,-400
(牛牛牛)亞-網路,連展投控,60,395,-335
(牛牛牛)亞-網路,漢翔,0,160,-160
(牛牛牛)亞-網路,大洋,0,127,-127
(牛牛牛)亞-網路,00637L元大滬深300正2,13,117,-104
(牛牛牛)亞-網路,群創,9,109,-100
(牛牛牛)亞-網路,友達,11,98,-87
(牛牛牛)亞-網路,環泰,0,71,-71
(牛牛牛)亞-網路,00632R元大台灣50反1,5,73,-68
(牛牛牛)亞-網路,彰銀,0,63,-63
(牛牛牛)亞-網路,00929復華台灣科技優息,0,62,-62
(牛牛牛)亞-網路,三芳,61,115,-54
(牛牛牛)亞-網路,凱美,0,46,-46
(牛牛牛)亞-網路,力積電,1,46,-45
(牛牛牛)亞-網路,神達,38,80,-42
(牛牛牛)亞-網路,長榮,1,30,-29
(牛牛牛)亞-網路,00852L國泰美國道瓊正2,0,28,-28
(牛牛牛)亞-網路,鴻海,19,46,-27
(牛牛牛)亞-網路,台塑,10,36,-26
(牛牛牛)亞-網路,磐亞,0,23,-23
(牛牛牛)亞-網路,立益物流,0,22,-22
(牛牛牛)亞-網路,精確,0,20,-20
(牛牛牛)亞-網路,00940元大台灣價值高息,3,20,-17
(牛牛牛)亞-網路,00910第一金太空衛星,0,16,-16
(牛牛牛)亞-網路,新光金,4,19,-15
(牛牛牛)亞-網路,瑞智,0,15,-15
(牛牛牛)亞-網路,同欣電,0,13,-13
(牛牛牛)亞-網路,00675L富邦臺灣加權正2,1,13,-12
(牛牛牛)亞-網路,00909國泰數位支付服務,2,14,-12
(牛牛牛)亞-網路,00945B凱基美國非投等債,8,20,-12
(牛牛牛)亞-網路,力山,8,20,-12
(牛牛牛)亞-網路,瑞軒,0,12,-12
(牛牛牛)亞-網路,熱映,0,12,-12
(牛牛牛)亞-網路,006208富邦台50,10,22,-12
(牛牛牛)亞-網路,技嘉,0,11,-11
(牛牛牛)亞-網路,嘉泥,0,10,-10
(牛牛牛)亞-網路,華邦電,0,10,-10
(牛牛牛)亞-網路,建通,2,12,-10
(牛牛牛)亞-網路,山富,0,10,-10
(牛牛牛)亞-網路,長虹,0,10,-10
(牛牛牛)亞-網路,龍德造船,0,10,-10
(牛牛牛)亞-網路,長榮航太,0,10,-10
(牛牛牛)亞-網路,光寶科,1,10,-9
(牛牛牛)亞-網路,前鼎,1,10,-9
(牛牛牛)亞-網路,中鋼,2,11,-9
(牛牛牛)亞-網路,昆盈,0,8,-8
(牛牛牛)亞-網路,彬台,0,8,-8
(牛牛牛)亞-網路,御嵿,0,8,-8
 元大木柵,00637L元大滬深300正2,215,0,215
 元大木柵,新光金,70,7,63
 元大木柵,聯電,58,9,49
 元大木柵,台化,52,16,36
 元大木柵,00720B元大投資級公司債,40,5,35
 元大木柵,元大高股息,26,0,26
 元大木柵,富華新,15,0,15
 元大木柵,00753L中信中國50正2,10,0,10
 元大木柵,00674R期元大S＆P黃金反1,10,0,10
 元大木柵,00887永豐中國科技50大,10,0,10
 元大木柵,創惟,9,0,9
 元大木柵,立端,10,1,9
 元大木柵,00937B群益ESG投等債20,7,0,7
 元大木柵,00882中信中國高股息,6,0,6
 元大木柵,00665L富邦�琤肭磪囓�2,6,0,6
 元大木柵,冠西電,8,2,6
 元大木柵,怡利電,6,0,6
 元大木柵,和椿,9,3,6
 元大木柵,元大金,5,0,5
 元大木柵,00752中信中國50,5,0,5
 元大木柵,00632R元大台灣50反1,5,0,5
 元大木柵,00671R富邦NASDAQ反1,5,0,5
 元大木柵,聚陽,5,0,5
 元大木柵,華邦電,55,50,5
 元大木柵,台新金,5,0,5
 元大木柵,憶聲,5,0,5
 元大木柵,加捷生醫,5,0,5
 元大木柵,宏齊,8,3,5
 元大木柵,泰金寶-DR,5,0,5
 元大木柵,大成鋼,4,0,4
 元大木柵,00633L富邦上証正2,4,0,4
 元大木柵,00918大華優利高填息30,4,0,4
 元大木柵,欣興,4,0,4
 元大木柵,金寶,3,0,3
 元大木柵,00712復華富時不動產,3,0,3
 元大木柵,冠德,3,0,3
 元大木柵,加百裕,10,7,3
 元大木柵,類比科,3,0,3
 元大木柵,晟田,3,0,3
 元大木柵,譜瑞-KY,3,0,3
 元大木柵,世界,3,0,3
 元大木柵,台虹,5,2,3
 元大木柵,00878國泰永續高股息,6,3,3
 元大木柵,緯穎,3,0,3
 元大木柵,僑威,4,1,3
 元大木柵,永豐金,2,0,2
 元大木柵,迅得,2,0,2
 元大木柵,00713元大台灣高息低波,2,0,2
 元大木柵,00655L國泰中國A50正2,2,0,2
 元大木柵,00650L復華香港正2,2,0,2
 元大木柵,凱基金,4,43,-39
 元大木柵,富邦金,0,35,-35
 元大木柵,00635U期元大S＆P黃金,0,25,-25
 元大木柵,友訊,2,25,-23
 元大木柵,環宇-KY,23,45,-22
 元大木柵,亞通,0,20,-20
 元大木柵,凌巨,0,18,-18
 元大木柵,菱光,2,17,-15
 元大木柵,元大台灣50,3,15,-12
 元大木柵,胡連,0,11,-11
 元大木柵,00891中信關鍵半導體,0,10,-10
 元大木柵,00664R國泰臺灣加權反1,0,10,-10
 元大木柵,華航,0,10,-10
 元大木柵,立敦,48,58,-10
 元大木柵,00719B元大美債1-3,0,10,-10
 元大木柵,台聚,1,10,-9
 元大木柵,燿華,0,9,-9
 元大木柵,006208富邦台50,0,9,-9
 元大木柵,玉山金,0,8,-8
 元大木柵,00947台新臺灣IC設計,0,8,-8
 元大木柵,台泥,1,9,-8
 元大木柵,文曄,0,8,-8
 元大木柵,慧友,0,8,-8
 元大木柵,鳳凰,0,8,-8
 元大木柵,中台,0,8,-8
 元大木柵,鴻準,0,7,-7
 元大木柵,泰鼎-KY,1,8,-7
 元大木柵,光鋐,0,7,-7
 元大木柵,波若威,16,23,-7
 元大木柵,順達,1,7,-6
 元大木柵,00715L期街口布蘭特正2,0,6,-6
 元大木柵,華通,0,6,-6
 元大木柵,欣銓,1,6,-5
 元大木柵,華榮,0,5,-5
 元大木柵,陽明,0,5,-5
 元大木柵,建漢,1,6,-5
 元大木柵,連展投控,0,5,-5
 元大木柵,建榮,0,5,-5
 元大木柵,茂綸,0,5,-5
 元大木柵,矽創,0,5,-5
 元大木柵,擎亞,7,12,-5
 元大木柵,00929復華台灣科技優息,0,5,-5
 元大木柵,00861元大全球未來通訊,0,4,-4
 元大木柵,中信金,1,5,-4
 元大木柵,00933B國泰10Y+金融債,0,4,-4
 元大木柵,00935野村臺灣新科技50,1,5,-4
 元大木柵,三陽工業,0,4,-4
 元大木柵,光寶科,0,4,-4
 元大木柵,訊舟,0,4,-4
 元大木柵,安��,0,4,-4
凱基站前,寶成,3599,13,3586
凱基站前,兆豐金,311,2,309
凱基站前,00637L元大滬深300正2,245,11,234
凱基站前,群光,200,0,200
凱基站前,環泥,200,4,196
凱基站前,精材,238,66,172
凱基站前,聯電,272,115,157
凱基站前,宏達電,283,130,153
凱基站前,台積電,184,45,139
凱基站前,宏齊,119,5,114
凱基站前,00687B國泰20年美債,104,1,103
凱基站前,世界,101,0,101
凱基站前,健鼎,100,0,100
凱基站前,智邦,85,8,77
凱基站前,00959B大華投等美債15Y+,63,0,63
凱基站前,00937B群益ESG投等債20,86,27,59
凱基站前,旺矽,71,14,57
凱基站前,00922國泰台灣領袖50,82,26,56
凱基站前,友訊,66,12,54
凱基站前,IET-KY,55,3,52
凱基站前,廣宇,55,13,42
凱基站前,00725B國泰投資級公司債,42,1,41
凱基站前,AES-KY,43,2,41
凱基站前,台達化,41,0,41
凱基站前,00631L元大台灣50正2,49,9,40
凱基站前,00655L國泰中國A50正2,43,3,40
凱基站前,00673R期元大S＆P原油反1,69,30,39
凱基站前,00878國泰永續高股息,45,6,39
凱基站前,雷虎,44,7,37
凱基站前,三一東林,40,3,37
凱基站前,鴻海,68,33,35
凱基站前,弘塑,34,1,33
凱基站前,00893國泰智能電動車,34,1,33
凱基站前,欣興,45,14,31
凱基站前,正文,30,0,30
凱基站前,麗清,30,0,30
凱基站前,三貝德,29,0,29
凱基站前,元大高股息,69,41,28
凱基站前,新建,39,11,28
凱基站前,銘旺科,31,4,27
凱基站前,湧德,30,3,27
凱基站前,00632R元大台灣50反1,40,15,25
凱基站前,台塑,50,26,24
凱基站前,長榮航太,27,3,24
凱基站前,高端疫苗,24,0,24
凱基站前,玉晶光,23,1,22
凱基站前,00757統一FANG+,127,105,22
凱基站前,立敦,94,72,22
凱基站前,華通,36,14,22
凱基站前,00858永豐美國500大,21,0,21
凱基站前,緯創,53,3155,-3102
凱基站前,工信,1,772,-771
凱基站前,百和,1,559,-558
凱基站前,00980B台新特選IG債10+,2,369,-367
凱基站前,百和興業-KY,8,339,-331
凱基站前,慶豐富,0,324,-324
凱基站前,王道銀行,0,306,-306
凱基站前,光洋科,0,237,-237
凱基站前,華星光,82,293,-211
凱基站前,奇鋐,27,238,-211
凱基站前,高力,2,182,-180
凱基站前,國泰金,4,179,-175
凱基站前,00882中信中國高股息,48,200,-152
凱基站前,菱光,7,149,-142
凱基站前,凱基金,11,147,-136
凱基站前,聚鼎,5,137,-132
凱基站前,00713元大台灣高息低波,18,150,-132
凱基站前,迅得,8,135,-127
凱基站前,新光金,3,121,-118
凱基站前,視陽,0,106,-106
凱基站前,群創,0,106,-106
凱基站前,華航,12,116,-104
凱基站前,欣銓,65,168,-103
凱基站前,圓剛,19,121,-102
凱基站前,中鋼,16,115,-99
凱基站前,00664R國泰臺灣加權反1,0,98,-98
凱基站前,力積電,26,120,-94
凱基站前,00951台新日本半導體,0,77,-77
凱基站前,迅杰,0,77,-77
凱基站前,波力-KY,0,76,-76
凱基站前,振樺電,0,76,-76
凱基站前,汎銓,1,74,-73
凱基站前,合庫金,3,74,-71
凱基站前,jpp-KY,8,78,-70
凱基站前,00971野村美國研發龍頭,22,82,-60
凱基站前,永道-KY,0,57,-57
凱基站前,友達,2,58,-56
凱基站前,達興材料,78,132,-54
凱基站前,尚凡*,5,56,-51
凱基站前,新鉅科,0,50,-50
凱基站前,長榮航,77,126,-49
凱基站前,力麗,4,52,-48
凱基站前,00665L富邦�琤肭磪囓�2,3,48,-45
凱基站前,波若威,103,146,-43
凱基站前,僑威,34,74,-40
凱基站前,彬台,12,50,-38
凱基站前,00940元大台灣價值高息,11,49,-38
凱基站前,00929復華台灣科技優息,2,39,-37
凱基站前,富喬,40,74,-34
凱基站前,元大台灣50,2,35,-33
凱基松山,00953B群益優選非投等債,1205,0,1205
凱基松山,新光金,184,15,169
凱基松山,聯電,180,16,164
凱基松山,00753L中信中國50正2,48,10,38
凱基松山,緯創,47,9,38
凱基松山,連展投控,38,2,36
凱基松山,聯華,37,1,36
凱基松山,台聚,35,2,33
凱基松山,00795B中信美國公債20年,33,0,33
凱基松山,中工,30,1,29
凱基松山,瑞軒,29,1,28
凱基松山,玉山金,30,2,28
凱基松山,英業達,36,11,25
凱基松山,00933B國泰10Y+金融債,20,0,20
凱基松山,科妍,20,0,20
凱基松山,台新金,20,0,20
凱基松山,立隆電,24,6,18
凱基松山,大銀微系統,18,1,17
凱基松山,立敦,48,32,16
凱基松山,擎亞,18,3,15
凱基松山,富喬,58,44,14
凱基松山,00882中信中國高股息,13,0,13
凱基松山,僑威,13,0,13
凱基松山,順達,17,5,12
凱基松山,天鈺,11,0,11
凱基松山,00632R元大台灣50反1,10,0,10
凱基松山,技嘉,11,1,10
凱基松山,和康生,10,0,10
凱基松山,龍巖,10,0,10
凱基松山,00960野村全球航運龍頭,10,0,10
凱基松山,金麗-KY,10,0,10
凱基松山,00919群益台灣精選高息,18,8,10
凱基松山,緯穎,18,8,10
凱基松山,信錦,10,1,9
凱基松山,精成科,26,17,9
凱基松山,遠百,10,1,9
凱基松山,00680L元大美債20正2,10,1,9
凱基松山,亞光,12,4,8
凱基松山,柏承,10,2,8
凱基松山,00905FT臺灣Smart,8,0,8
凱基松山,泰金寶-DR,46,38,8
凱基松山,高鋒,13,6,7
凱基松山,廣達,14,7,7
凱基松山,00713元大台灣高息低波,6,0,6
凱基松山,聯鈞,22,16,6
凱基松山,宏捷科,6,0,6
凱基松山,00858永豐美國500大,6,0,6
凱基松山,熱映,11,5,6
凱基松山,旺宏,6,0,6
凱基松山,富邦金,15,9,6
凱基松山,星宇航空,1,970,-969
凱基松山,華航,2,234,-232
凱基松山,錸德,0,150,-150
凱基松山,漢翔,0,97,-97
凱基松山,綠界科技*,17,102,-85
凱基松山,00940元大台灣價值高息,0,57,-57
凱基松山,健喬,0,48,-48
凱基松山,神達,50,90,-40
凱基松山,00980B台新特選IG債10+,0,40,-40
凱基松山,00631L元大台灣50正2,0,38,-38
凱基松山,ITH-KY,0,34,-34
凱基松山,國光生,0,34,-34
凱基松山,00725B國泰投資級公司債,0,25,-25
凱基松山,達運光電,1,25,-24
凱基松山,00878國泰永續高股息,6,30,-24
凱基松山,華南金,0,23,-23
凱基松山,00929復華台灣科技優息,0,22,-22
凱基松山,聯合再生,0,21,-21
凱基松山,長榮航,0,21,-21
凱基松山,00965元大航太防衛科技,0,20,-20
凱基松山,力積電,22,39,-17
凱基松山,廣宇,0,16,-16
凱基松山,00685L群益臺灣加權正2,0,16,-16
凱基松山,00915凱基優選高股息30,6,21,-15
凱基松山,華通,12,26,-14
凱基松山,00757統一FANG+,0,14,-14
凱基松山,品安,4,17,-13
凱基松山,晟銘電,9,21,-12
凱基松山,宏致,4,16,-12
凱基松山,信邦,1,13,-12
凱基松山,華邦電,2,14,-12
凱基松山,中石化,0,11,-11
凱基松山,鴻準,4,15,-11
凱基松山,千興,13,24,-11
凱基松山,事欣科,1,12,-11
凱基松山,安國,1,12,-11
凱基松山,朋億*,12,23,-11
凱基松山,義隆,0,10,-10
凱基松山,和桐,0,10,-10
凱基松山,東元,0,10,-10
凱基松山,立端,0,10,-10
凱基松山,雅茗-KY,0,10,-10
凱基松山,亞航,2,12,-10
凱基松山,泰茂,0,10,-10
凱基松山,00952凱基台灣AI50,0,10,-10
凱基松山,00948B中信優息投資級債,0,9,-9
凱基松山,新潤,0,9,-9
凱基松山,榮剛,1,10,-9
凱基松山,全科,0,8,-8
凱基松山,00951台新日本半導體,2,10,-8
台銀,00937B群益ESG投等債20,1657,67,1590
台銀,00950B凱基A級公司債,1293,0,1293
台銀,00968B元大優息投等債,858,0,858
台銀,力積電,779,39,740
台銀,00933B國泰10Y+金融債,580,3,577
台銀,日月光投控,551,18,533
台銀,國泰金,511,21,490
台銀,聯電,508,90,418
台銀,廣達,300,3,297
台銀,台塑,222,23,199
台銀,00919群益台灣精選高息,271,82,189
台銀,00637L元大滬深300正2,213,25,188
台銀,00953B群益優選非投等債,113,0,113
台銀,00878國泰永續高股息,175,72,103
台銀,台化,103,0,103
台銀,和碩,102,3,99
台銀,南亞,101,6,95
台銀,00858永豐美國500大,76,0,76
台銀,00679B元大美債20年,88,14,74
台銀,欣銓,102,32,70
台銀,台新金,79,13,66
台銀,華星光,98,32,66
台銀,華碩,68,3,65
台銀,台塑化,61,4,57
台銀,威健,50,0,50
台銀,群益證,50,0,50
台銀,神基,59,13,46
台銀,元大高股息,68,24,44
台銀,00687B國泰20年美債,43,0,43
台銀,長榮,51,10,41
台銀,00910第一金太空衛星,42,2,40
台銀,2891C中信金丙特,40,4,36
台銀,宏齊,31,0,31
台銀,緯創,49,21,28
台銀,00918大華優利高填息30,28,0,28
台銀,00665L富邦�琤肭磪囓�2,35,10,25
台銀,唐榮,23,0,23
台銀,泰金寶-DR,64,42,22
台銀,慧洋-KY,31,9,22
台銀,00830國泰費城半導體,21,2,19
台銀,聯發科,21,2,19
台銀,立敦,31,14,17
台銀,飛捷,20,3,17
台銀,元大金,17,1,16
台銀,第一保,15,0,15
台銀,台泥,16,2,14
台銀,海華,16,2,14
台銀,亞光,19,6,13
台銀,2881B富邦金乙特,13,0,13
台銀,農林,13,0,13
台銀,中鋼,23,2009,-1986
台銀,元大台灣50,111,430,-319
台銀,兆豐金,128,401,-273
台銀,00768B復華20年美債,0,155,-155
台銀,群創,0,107,-107
台銀,00753L中信中國50正2,9,85,-76
台銀,2891B中信金乙特,0,75,-75
台銀,神達,182,257,-75
台銀,美時,1,65,-64
台銀,新光金,16,80,-64
台銀,富邦金,66,124,-58
台銀,宏達電,91,143,-52
台銀,2882B國泰金乙特,0,51,-51
台銀,2887E台新戊特,0,48,-48
台銀,006208富邦台50,8,55,-47
台銀,長榮航,3,46,-43
台銀,彰銀,0,41,-41
台銀,00951台新日本半導體,0,38,-38
台銀,今皓,3,41,-38
台銀,太子,0,30,-30
台銀,鑫創,0,30,-30
台銀,榮運,0,30,-30
台銀,華南金,0,29,-29
台銀,龍德造船,1,27,-26
台銀,和椿,9,33,-24
台銀,鴻準,10,33,-23
台銀,00712復華富時不動產,0,23,-23
台銀,中工,0,20,-20
台銀,來頡,0,20,-20
台銀,2887F台新戊特二,1,21,-20
台銀,慶豐富,0,19,-19
台銀,台特化,1,20,-19
台銀,00675L富邦臺灣加權正2,9,27,-18
台銀,00936台新永續高息中小,0,18,-18
台銀,堤維西,3,20,-17
台銀,錸德,3,20,-17
台銀,宏益,0,17,-17
台銀,陽明,17,34,-17
台銀,00929復華台灣科技優息,15,30,-15
台銀,00876元大全球5G,2,17,-15
台銀,00909國泰數位支付服務,14,29,-15
台銀,英業達,15,30,-15
台銀,昇達科,3,18,-15
台銀,00965元大航太防衛科技,0,14,-14
台銀,友達,4,18,-14
台銀,台玻,2,16,-14
台銀,00885富邦越南,0,14,-14
台銀,大同,8,22,-14
台銀,華航,3,16,-13
台銀,合機,0,13,-13
 元大潮州,華邦電,201,3,198
 元大潮州,台泥,105,0,105
 元大潮州,00637L元大滬深300正2,83,1,82
 元大潮州,00632R元大台灣50反1,69,10,59
 元大潮州,00882中信中國高股息,40,0,40
 元大潮州,邁達特,32,0,32
 元大潮州,00878國泰永續高股息,24,3,21
 元大潮州,00948B中信優息投資級債,20,0,20
 元大潮州,南茂,22,3,19
 元大潮州,00919群益台灣精選高息,28,10,18
 元大潮州,00664R國泰臺灣加權反1,17,0,17
 元大潮州,中工,16,0,16
 元大潮州,ITH-KY,15,0,15
 元大潮州,力積電,95,80,15
 元大潮州,大成鋼,18,4,14
 元大潮州,瀚宇博,18,4,14
 元大潮州,元大高股息,14,1,13
 元大潮州,緯創,17,3,14
 元大潮州,揚智,11,0,11
 元大潮州,中美晶,10,0,10
 元大潮州,00673R期元大S＆P原油反1,50,40,10
 元大潮州,國際中橡,10,0,10
 元大潮州,事欣科,10,0,10
 元大潮州,日勝生,9,0,9
 元大潮州,騰輝電子-KY,11,2,9
 元大潮州,永豐金,15,7,8
 元大潮州,聯光通,16,9,7
 元大潮州,富喬,27,20,7
 元大潮州,00858永豐美國500大,6,0,6
 元大潮州,00918大華優利高填息30,6,0,6
 元大潮州,00937B群益ESG投等債20,6,0,6
 元大潮州,建漢,9,3,6
 元大潮州,擎亞,8,2,6
 元大潮州,矽統,5,0,5
 元大潮州,00960野村全球航運龍頭,7,2,5
 元大潮州,00909國泰數位支付服務,5,0,5
 元大潮州,兆豐金,5,0,5
 元大潮州,00922國泰台灣領袖50,5,0,5
 元大潮州,統一,5,0,5
 元大潮州,國喬,5,0,5
 元大潮州,新纖,10,5,5
 元大潮州,宏��,5,0,5
 元大潮州,宏達電,47,42,5
 元大潮州,三商壽,5,0,5
 元大潮州,今皓,5,0,5
 元大潮州,加百裕,11,6,5
 元大潮州,方土霖,7,2,5
 元大潮州,訊達,6,1,5
 元大潮州,育富,5,0,5
 元大潮州,力智,5,0,5
 元大潮州,宏致,3,101,-98
 元大潮州,群創,9,52,-43
 元大潮州,鴻海,9,50,-41
 元大潮州,神達,19,56,-37
 元大潮州,鴻準,0,26,-26
 元大潮州,00965元大航太防衛科技,0,24,-24
 元大潮州,新光金,0,20,-20
 元大潮州,00679B元大美債20年,1,21,-20
 元大潮州,華航,7,26,-19
 元大潮州,00940元大台灣價值高息,3,21,-18
 元大潮州,國泰金,0,18,-18
 元大潮州,凱基金,5,23,-18
 元大潮州,華城,0,15,-15
 元大潮州,宏泰,0,15,-15
 元大潮州,中信金,0,14,-14
 元大潮州,長榮航,1,14,-13
 元大潮州,00693U期街口S＆P黃豆,0,12,-12
 元大潮州,劍麟,0,12,-12
 元大潮州,聯電,79,90,-11
 元大潮州,精成科,2,13,-11
 元大潮州,00929復華台灣科技優息,5,16,-11
 元大潮州,長華*,2,13,-11
 元大潮州,富邦金,1,10,-9
 元大潮州,台化,0,8,-8
 元大潮州,億光,0,8,-8
 元大潮州,日電貿,0,8,-8
 元大潮州,興能高,148,156,-8
 元大潮州,新盛力,26,34,-8
 元大潮州,元大台灣50,0,7,-7
 元大潮州,金山電,2,9,-7
 元大潮州,台積電,3,9,-6
 元大潮州,00701國泰股利精選30,0,6,-6
 元大潮州,00954中信日本半導體,0,6,-6
 元大潮州,大洋,0,6,-6
 元大潮州,皇昌,0,6,-6
 元大潮州,亞翔,1,7,-6
 元大潮州,新日興,2,8,-6
 元大潮州,日月光投控,0,5,-5
 元大潮州,00904新光臺灣半導體30,0,5,-5
 元大潮州,鑽全,0,5,-5
 元大潮州,國賓,0,5,-5
 元大潮州,憶聲,0,5,-5
 元大潮州,寶成,1,6,-5
 元大潮州,00635U期元大S＆P黃金,0,5,-5
 元大潮州,臺企銀,0,5,-5
 元大潮州,和椿,14,18,-4
 元大潮州,陽明,11,15,-4
 元大潮州,00688L國泰20年美債正2,0,4,-4
 元大潮州,00923群益台ESG低碳50,0,4,-4
 元大潮州,金寶,11,15,-4
土銀嘉義,王道銀行,300,0,300
土銀嘉義,第一金,111,10,101
土銀嘉義,聯電,55,20,35
土銀嘉義,統一證,39,10,29
土銀嘉義,00893國泰智能電動車,10,0,10
土銀嘉義,00687B國泰20年美債,10,0,10
土銀嘉義,所羅門,10,0,10
土銀嘉義,亞航,10,1,9
土銀嘉義,富野,10,2,8
土銀嘉義,和椿,13,5,8
土銀嘉義,00637L元大滬深300正2,8,1,7
土銀嘉義,友達,7,0,7
土銀嘉義,台玻,7,1,6
土銀嘉義,矽統,5,0,5
土銀嘉義,凌群,5,0,5
土銀嘉義,富旺,5,0,5
土銀嘉義,擎亞,5,0,5
土銀嘉義,宏達電,23,19,4
土銀嘉義,欣興,7,3,4
土銀嘉義,華廣,4,0,4
土銀嘉義,昇陽半導體,5,2,3
土銀嘉義,元大高股息,3,0,3
土銀嘉義,00632R元大台灣50反1,3,0,3
土銀嘉義,凱美,4,1,3
土銀嘉義,技嘉,3,0,3
土銀嘉義,亞光,3,0,3
土銀嘉義,加百裕,14,11,3
土銀嘉義,群創,4,1,3
土銀嘉義,磐儀,3,0,3
土銀嘉義,大銀微系統,5,2,3
土銀嘉義,綠界科技*,4,1,3
土銀嘉義,雷虎,3,0,3
土銀嘉義,統一,2,0,2
土銀嘉義,00882中信中國高股息,2,0,2
土銀嘉義,金寶,4,2,2
土銀嘉義,台揚,2,0,2
土銀嘉義,陽明,3,1,2
土銀嘉義,漢翔,2,0,2
土銀嘉義,中信金,2,0,2
土銀嘉義,波若威,2,0,2
土銀嘉義,揚明光,2,0,2
土銀嘉義,定穎投控,3,1,2
土銀嘉義,時碩工業,2,0,2
土銀嘉義,前鼎,2,0,2
土銀嘉義,凌通,2,0,2
土銀嘉義,智冠,2,0,2
土銀嘉義,立敦,11,9,2
土銀嘉義,全達,2,0,2
土銀嘉義,緯創,2,0,2
土銀嘉義,新普,1,0,1
土銀嘉義,彰銀,2,200,-198
土銀嘉義,華南金,1,112,-111
土銀嘉義,00970B新光BBB投等債20,0,100,-100
土銀嘉義,神達,44,83,-39
土銀嘉義,鴻海,5,33,-28
土銀嘉義,凱基金,0,23,-23
土銀嘉義,00664R國泰臺灣加權反1,0,20,-20
土銀嘉義,欣銓,2,21,-19
土銀嘉義,中鋼,2,20,-18
土銀嘉義,三商壽,0,16,-16
土銀嘉義,朋億*,0,15,-15
土銀嘉義,鈺齊-KY,0,13,-13
土銀嘉義,00929復華台灣科技優息,9,20,-11
土銀嘉義,00972野村日本動能高息,0,10,-10
土銀嘉義,00926凱基全球菁英55,0,10,-10
土銀嘉義,大同,0,10,-10
土銀嘉義,益航,0,10,-10
土銀嘉義,安可,0,10,-10
土銀嘉義,泰金寶-DR,0,10,-10
土銀嘉義,00668國泰美國道瓊,0,6,-6
土銀嘉義,長榮航,1,7,-6
土銀嘉義,亞翔,0,6,-6
土銀嘉義,新光金,0,5,-5
土銀嘉義,00757統一FANG+,0,5,-5
土銀嘉義,00919群益台灣精選高息,0,5,-5
土銀嘉義,00937B群益ESG投等債20,1,6,-5
土銀嘉義,富威電力,0,5,-5
土銀嘉義,00932兆豐永續高息等權,0,4,-4
土銀嘉義,台塑,0,4,-4
土銀嘉義,00881國泰台灣5G+,0,4,-4
土銀嘉義,晶睿,0,4,-4
土銀嘉義,華容,0,4,-4
土銀嘉義,台積電,0,3,-3
土銀嘉義,農林,0,3,-3
土銀嘉義,西勝,0,3,-3
土銀嘉義,康舒,0,3,-3
土銀嘉義,力積電,1,4,-3
土銀嘉義,立��,3,6,-3
土銀嘉義,00878國泰永續高股息,1,3,-2
土銀嘉義,順達,1,3,-2
土銀嘉義,00877復華中國5G,0,2,-2
土銀嘉義,00940元大台灣價值高息,0,2,-2
土銀嘉義,光寶科,0,2,-2
土銀嘉義,晶華,0,2,-2
土銀嘉義,國票金,0,2,-2
土銀嘉義,聯詠,0,2,-2
土銀嘉義,原相,0,2,-2
土銀嘉義,台星科,0,2,-2
土銀嘉義,杭特,0,2,-2
土銀嘉義,達邁,3,5,-2
統一敦南  ,皇昌,244,22,222
統一敦南  ,擎亞,141,4,137
統一敦南  ,訊聯,75,0,75
統一敦南  ,矽統,155,95,60
統一敦南  ,宏致,84,30,54
統一敦南  ,聯電,64,10,54
統一敦南  ,精成科,92,47,45
統一敦南  ,基泰,40,0,40
統一敦南  ,00937B群益ESG投等債20,40,0,40
統一敦南  ,00637L元大滬深300正2,42,3,39
統一敦南  ,達邁,113,81,32
統一敦南  ,南港,26,0,26
統一敦南  ,安集,25,0,25
統一敦南  ,立敦,91,66,25
統一敦南  ,龍邦,23,0,23
統一敦南  ,華通,20,2,18
統一敦南  ,聯合再生,16,0,16
統一敦南  ,科妍,28,14,14
統一敦南  ,統一證,14,0,14
統一敦南  ,00895富邦未來車,14,0,14
統一敦南  ,00830國泰費城半導體,14,0,14
統一敦南  ,緯創,26,12,14
統一敦南  ,東聯,13,0,13
統一敦南  ,力積電,24,11,13
統一敦南  ,中華電,12,0,12
統一敦南  ,順達,76,64,12
統一敦南  ,揚明光,12,0,12
統一敦南  ,虹冠電,12,0,12
統一敦南  ,元大金,11,0,11
統一敦南  ,橘子,12,1,11
統一敦南  ,台塑化,12,1,11
統一敦南  ,新盛力,96,85,11
統一敦南  ,00950B凱基A級公司債,10,0,10
統一敦南  ,金麗科,10,0,10
統一敦南  ,00654R富邦印度反1,10,0,10
統一敦南  ,輔信,10,0,10
統一敦南  ,英業達,10,1,9
統一敦南  ,00881國泰台灣5G+,15,6,9
統一敦南  ,新華,9,0,9
統一敦南  ,欣興,9,1,8
統一敦南  ,強信-KY,8,0,8
統一敦南  ,雲嘉南,8,0,8
統一敦南  ,達麗,7,0,7
統一敦南  ,育富,6,0,6
統一敦南  ,00909國泰數位支付服務,7,1,6
統一敦南  ,永豐金,5,0,5
統一敦南  ,亞泰,7,2,5
統一敦南  ,生華科,5,0,5
統一敦南  ,中光電,5,0,5
統一敦南  ,大同,7,2,5
統一敦南  ,彰銀,0,156,-156
統一敦南  ,鴻準,2,150,-148
統一敦南  ,00680L元大美債20正2,0,115,-115
統一敦南  ,凌陽,0,46,-46
統一敦南  ,00951台新日本半導體,0,40,-40
統一敦南  ,台積電,3,35,-32
統一敦南  ,光聖,0,27,-27
統一敦南  ,台灣虎航,12,39,-27
統一敦南  ,明泰,0,26,-26
統一敦南  ,良維,1,27,-26
統一敦南  ,國泰金,0,21,-21
統一敦南  ,00980B台新特選IG債10+,0,20,-20
統一敦南  ,志強-KY,4,22,-18
統一敦南  ,00922國泰台灣領袖50,0,18,-18
統一敦南  ,神達,102,119,-17
統一敦南  ,00929復華台灣科技優息,0,15,-15
統一敦南  ,光環,1,15,-14
統一敦南  ,光寶科,10,23,-13
統一敦南  ,立隆電,38,51,-13
統一敦南  ,00762元大全球AI,0,13,-13
統一敦南  ,西勝,3,16,-13
統一敦南  ,櫻花建,0,13,-13
統一敦南  ,台達電,0,13,-13
統一敦南  ,晟銘電,0,12,-12
統一敦南  ,宏達電,21,33,-12
統一敦南  ,華航,0,11,-11
統一敦南  ,全球傳動,1,12,-11
統一敦南  ,元大台灣50,0,11,-11
統一敦南  ,玉山金,2,12,-10
統一敦南  ,英濟,4,14,-10
統一敦南  ,華南金,0,10,-10
統一敦南  ,亞泥,0,10,-10
統一敦南  ,中石化,0,10,-10
統一敦南  ,台聚,0,10,-10
統一敦南  ,神基,0,10,-10
統一敦南  ,圓剛,0,10,-10
統一敦南  ,00946群益科技高息成長,5,15,-10
統一敦南  ,00878國泰永續高股息,3,12,-9
統一敦南  ,中信金,1,10,-9
統一敦南  ,泰金寶-DR,6,15,-9
統一敦南  ,亞翔,33,42,-9
統一敦南  ,威強電,0,8,-8
統一敦南  ,天宇,0,8,-8
統一敦南  ,中鋼,25,33,-8
統一敦南  ,台新金,4,11,-7
統一敦南  ,雲豹能源,0,7,-7
統一敦南  ,士電,1,8,-7
統一敦南  ,長榮航太,0,7,-7
統一敦南  ,僑威,11,18,-7
統一敦南  ,00893國泰智能電動車,0,7,-7
 元大林森,欣銓,264,66,198
 元大林森,力積電,115,19,96
 元大林森,00882中信中國高股息,69,5,64
 元大林森,聯電,80,18,62
 元大林森,00924復華S＆P500成長,57,4,53
 元大林森,00878國泰永續高股息,58,7,51
 元大林森,00953B群益優選非投等債,43,0,43
 元大林森,國際中橡,40,0,40
 元大林森,星宇航空,33,0,33
 元大林森,華紙,30,0,30
 元大林森,志強-KY,65,35,30
 元大林森,00752中信中國50,29,0,29
 元大林森,鑫科,23,3,20
 元大林森,國光生,20,0,20
 元大林森,台泥,19,1,18
 元大林森,00937B群益ESG投等債20,18,1,17
 元大林森,神達,65,49,16
 元大林森,元大高股息,16,1,15
 元大林森,00688L國泰20年美債正2,14,0,14
 元大林森,創惟,16,2,14
 元大林森,彰銀,14,0,14
 元大林森,統一超,13,0,13
 元大林森,00706L期元大S＆P日圓正2,12,0,12
 元大林森,00637L元大滬深300正2,32,20,12
 元大林森,群益證,12,0,12
 元大林森,00673R期元大S＆P原油反1,20,9,11
 元大林森,00915凱基優選高股息30,11,1,10
 元大林森,00968B元大優息投等債,10,0,10
 元大林森,臺企銀,10,0,10
 元大林森,海華,10,0,10
 元大林森,精材,10,1,9
 元大林森,佳邦,9,0,9
 元大林森,欣興,8,0,8
 元大林森,友達,11,3,8
 元大林森,華航,13,6,7
 元大林森,緯創,17,10,7
 元大林森,群創,12,5,7
 元大林森,燦星旅,6,0,6
 元大林森,磐亞,6,0,6
 元大林森,大宇資,6,0,6
 元大林森,006208富邦台50,7,2,5
 元大林森,順德,5,0,5
 元大林森,大同,6,1,5
 元大林森,牧東,5,0,5
 元大林森,凱美,16,11,5
 元大林森,合庫金,5,1,4
 元大林森,00679B元大美債20年,5,1,4
 元大林森,上銀,4,0,4
 元大林森,京元電子,6,2,4
 元大林森,00960野村全球航運龍頭,4,0,4
 元大林森,立敦,105,269,-164
 元大林森,00919群益台灣精選高息,13,95,-82
 元大林森,台塑,2,81,-79
 元大林森,00715L期街口布蘭特正2,5,71,-66
 元大林森,台塑化,0,60,-60
 元大林森,千興,79,136,-57
 元大林森,00632R元大台灣50反1,40,95,-55
 元大林森,00940元大台灣價值高息,0,34,-34
 元大林森,台境*,1,35,-34
 元大林森,朋億*,2,35,-33
 元大林森,元大台灣50,1,25,-24
 元大林森,華南金,2,23,-21
 元大林森,00712復華富時不動產,5,26,-21
 元大林森,眾達-KY,5,23,-18
 元大林森,玉山金,4,21,-17
 元大林森,00965元大航太防衛科技,0,16,-16
 元大林森,宏達電,83,99,-16
 元大林森,00891中信關鍵半導體,0,15,-15
 元大林森,堤維西,1,16,-15
 元大林森,華邦電,4,19,-15
 元大林森,研華,0,12,-12
 元大林森,台達電,0,12,-12
 元大林森,前鼎,35,46,-11
 元大林森,奇鋐,0,11,-11
 元大林森,台積電,4,15,-11
 元大林森,正崴,0,10,-10
 元大林森,國泰金,1,12,-11
 元大林森,力麒,0,10,-10
 元大林森,凌群,0,10,-10
 元大林森,南光,0,9,-9
 元大林森,亞航,0,9,-9
 元大林森,光罩,0,8,-8
 元大林森,晶彩科,0,8,-8
 元大林森,中石化,0,7,-7
 元大林森,長榮航,1,8,-7
 元大林森,晶豪科,0,7,-7
 元大林森,00929復華台灣科技優息,0,6,-6
 元大林森,夏都,0,6,-6
 元大林森,原相,0,6,-6
 元大林森,新唐,0,6,-6
 元大林森,廣穎,0,6,-6
 元大林森,00947台新臺灣IC設計,0,5,-5
 元大林森,仁寶,0,5,-5
 元大林森,00939統一台灣高息動能,0,5,-5
 元大林森,再生-KY,0,5,-5
 元大林森,中鴻,0,5,-5
 元大林森,台亞,0,5,-5
 元大林森,蔚華科,0,5,-5
 元大林森,事欣科,1,6,-5
 元大林森,新盛力,14,19,-5
康和石牌,00688L國泰20年美債正2,88,0,88
康和石牌,00946群益科技高息成長,30,0,30
康和石牌,連展投控,25,0,25
康和石牌,聯電,26,8,18
康和石牌,00937B群益ESG投等債20,15,0,15
康和石牌,緯創,12,0,12
康和石牌,波若威,15,5,10
康和石牌,大同,25,16,9
康和石牌,宏��,9,0,9
康和石牌,加百裕,40,31,9
康和石牌,泰金寶-DR,9,1,8
康和石牌,富喬,45,38,7
康和石牌,00637L元大滬深300正2,109,103,6
康和石牌,揚智,6,0,6
康和石牌,光環,6,0,6
康和石牌,泰霖,6,0,6
康和石牌,華城,12,6,6
康和石牌,三晃,5,0,5
康和石牌,技嘉,5,0,5
康和石牌,東典光電,5,0,5
康和石牌,雷虎,7,2,5
康和石牌,中信金,4,0,4
康和石牌,英業達,6,2,4
康和石牌,雷科,4,0,4
康和石牌,台灣虎航,9,5,4
康和石牌,中興電,3,0,3
康和石牌,三商電,3,0,3
康和石牌,智原,10,7,3
康和石牌,精材,5,2,3
康和石牌,聯鈞,17,14,3
康和石牌,達邁,46,43,3
康和石牌,世芯-KY,4,1,3
康和石牌,亞泰,3,0,3
康和石牌,台燿,3,0,3
康和石牌,采鈺,3,0,3
康和石牌,朋億*,3,1,2
康和石牌,00679B元大美債20年,2,0,2
康和石牌,00635U期元大S＆P黃金,2,0,2
康和石牌,濱川,2,0,2
康和石牌,展宇,2,0,2
康和石牌,敬鵬,2,0,2
康和石牌,鼎元,2,0,2
康和石牌,亞光,5,3,2
康和石牌,日電貿,2,0,2
康和石牌,大量,8,6,2
康和石牌,英濟,16,14,2
康和石牌,TPK-KY,2,0,2
康和石牌,海華,2,0,2
康和石牌,新盛力,39,37,2
康和石牌,天鈺,2,0,2
康和石牌,00715L期街口布蘭特正2,0,80,-80
康和石牌,00927群益半導體收益,0,41,-41
康和石牌,精英,1,42,-41
康和石牌,宏達電,22,60,-38
康和石牌,慶騰,0,33,-33
康和石牌,神達,35,58,-23
康和石牌,華航,0,15,-15
康和石牌,佳能,0,11,-11
康和石牌,榮科,0,11,-11
康和石牌,興能高,151,162,-11
康和石牌,達方,0,11,-11
康和石牌,00645富邦日本,0,10,-10
康和石牌,明泰,0,10,-10
康和石牌,群創,0,10,-10
康和石牌,合勤控,0,10,-10
康和石牌,欣銓,3,12,-9
康和石牌,迅得,0,9,-9
康和石牌,新日興,11,18,-7
康和石牌,中石化,0,6,-6
康和石牌,日馳,0,6,-6
康和石牌,中華,0,6,-6
康和石牌,世德,0,5,-5
康和石牌,00714群益道瓊美國地產,0,5,-5
康和石牌,聯光通,1,6,-5
康和石牌,宏和,0,3,-3
康和石牌,仁寶,0,3,-3
康和石牌,玉山金,0,3,-3
康和石牌,營邦,0,3,-3
康和石牌,信音,0,3,-3
康和石牌,亞翔,3,6,-3
康和石牌,瑞祺電通,0,3,-3
康和石牌,訊芯-KY,1,4,-3
康和石牌,宏致,3,6,-3
康和石牌,元大MSCI金融,0,2,-2
康和石牌,華通,0,2,-2
康和石牌,揚博,0,2,-2
康和石牌,台驊控股,0,2,-2
康和石牌,臺企銀,0,2,-2
康和石牌,凱基金,0,2,-2
康和石牌,漢科,0,2,-2
康和石牌,時碩工業,0,2,-2
康和石牌,尚凡*,2,4,-2
康和石牌,界霖,0,2,-2
康和石牌,康和證,0,2,-2
康和石牌,富鼎,0,2,-2
康和石牌,00940元大台灣價值高息,0,2,-2
康和石牌,台積電,88,89,-1
康和石牌,宇隆,0,1,-1
康和石牌,祺驊,0,1,-1
康和石牌,和大,0,1,-1
華南鶯歌,00942B台新美A公司債20+,140,0,140
華南鶯歌,聯電,118,24,94
華南鶯歌,百和興業-KY,60,0,60
華南鶯歌,台玻,51,1,50
華南鶯歌,00878國泰永續高股息,47,1,46
華南鶯歌,臺鹽,50,9,41
華南鶯歌,第一金,38,5,33
華南鶯歌,威剛,31,0,31
華南鶯歌,興能高,222,197,25
華南鶯歌,新興,21,0,21
華南鶯歌,00706L期元大S＆P日圓正2,20,0,20
華南鶯歌,元大高股息,23,4,19
華南鶯歌,欣興,19,1,18
華南鶯歌,台特化,18,1,17
華南鶯歌,00632R元大台灣50反1,15,0,15
華南鶯歌,泰藝,14,0,14
華南鶯歌,南亞,14,1,13
華南鶯歌,佳世達,12,0,12
華南鶯歌,欣銓,15,4,11
華南鶯歌,00713元大台灣高息低波,10,0,10
華南鶯歌,三商壽,10,0,10
華南鶯歌,聯成,10,0,10
華南鶯歌,中石化,10,0,10
華南鶯歌,映興,10,0,10
華南鶯歌,時碩工業,10,0,10
華南鶯歌,00919群益台灣精選高息,12,3,9
華南鶯歌,錸德,10,1,9
華南鶯歌,英濟,36,27,9
華南鶯歌,啟��,9,0,9
華南鶯歌,立敦,18,10,8
華南鶯歌,星宇航空,11,4,7
華南鶯歌,台灣高鐵,7,0,7
華南鶯歌,愛地雅,7,0,7
華南鶯歌,亞光,6,0,6
華南鶯歌,00770國泰北美科技,6,0,6
華南鶯歌,台揚,10,4,6
華南鶯歌,00858永豐美國500大,5,0,5
華南鶯歌,天虹,5,0,5
華南鶯歌,00688L國泰20年美債正2,5,0,5
華南鶯歌,杭特,5,0,5
華南鶯歌,上詮,5,0,5
華南鶯歌,中光電,5,0,5
華南鶯歌,慧友,5,0,5
華南鶯歌,精成科,10,5,5
華南鶯歌,保銳,5,0,5
華南鶯歌,緯創,11,6,5
華南鶯歌,00910第一金太空衛星,4,0,4
華南鶯歌,佳能,5,1,4
華南鶯歌,技嘉,4,0,4
華南鶯歌,麗臺,4,0,4
華南鶯歌,矽統,0,200,-200
華南鶯歌,力積電,37,110,-73
華南鶯歌,00673R期元大S＆P原油反1,60,130,-70
華南鶯歌,00929復華台灣科技優息,1,53,-52
華南鶯歌,00954中信日本半導體,0,50,-50
華南鶯歌,00918大華優利高填息30,1,46,-45
華南鶯歌,華南金,0,46,-46
華南鶯歌,臻鼎-KY,1,45,-44
華南鶯歌,華航,1,43,-42
華南鶯歌,神達,91,125,-34
華南鶯歌,智原,0,30,-30
華南鶯歌,群創,1,31,-30
華南鶯歌,十銓,0,30,-30
華南鶯歌,00664R國泰臺灣加權反1,0,28,-28
華南鶯歌,宏致,11,39,-28
華南鶯歌,伊雲谷,0,23,-23
華南鶯歌,富喬,38,61,-23
華南鶯歌,00665L富邦�琤肭磪囓�2,3,23,-20
華南鶯歌,振發,0,20,-20
華南鶯歌,第一銅,0,16,-16
華南鶯歌,00922國泰台灣領袖50,0,15,-15
華南鶯歌,瑞昱,0,15,-15
華南鶯歌,長榮航,0,15,-15
華南鶯歌,安國,0,15,-15
華南鶯歌,00712復華富時不動產,0,12,-12
華南鶯歌,迅得,2,13,-11
華南鶯歌,鴻海,9,20,-11
華南鶯歌,00951台新日本半導體,1,12,-11
華南鶯歌,立端,0,10,-10
華南鶯歌,元山,0,10,-10
華南鶯歌,擎亞,4,14,-10
華南鶯歌,00905FT臺灣Smart,1,11,-10
華南鶯歌,鴻準,2,11,-9
華南鶯歌,006208富邦台50,0,9,-9
華南鶯歌,泰金寶-DR,42,50,-8
華南鶯歌,大同,10,18,-8
華南鶯歌,光寶科,0,8,-8
華南鶯歌,合騏,2,10,-8
華南鶯歌,英業達,7,15,-8
華南鶯歌,00877復華中國5G,0,7,-7
華南鶯歌,冠德,0,7,-7
華南鶯歌,益登,0,7,-7
華南鶯歌,定穎投控,0,7,-7
華南鶯歌,群益證,1,8,-7
華南鶯歌,茂迪,0,7,-7
華南鶯歌,南電,1,8,-7
華南鶯歌,台積電,3,10,-7
華南鶯歌,日月光投控,0,7,-7
華南鶯歌,中鋼,2,8,-6
華南鶯歌,宏達電,35,41,-6
 企銀九如 ,聯電,45,0,45
 企銀九如 ,大同,20,0,20
 企銀九如 ,台虹,11,0,11
 企銀九如 ,永豐金,10,0,10
 企銀九如 ,得力,5,0,5
 企銀九如 ,加百裕,20,15,5
 企銀九如 ,泰金寶-DR,5,0,5
 企銀九如 ,01002T土銀國泰R1,4,0,4
 企銀九如 ,00919群益台灣精選高息,4,0,4
 企銀九如 ,00637L元大滬深300正2,4,0,4
 企銀九如 ,台化,4,0,4
 企銀九如 ,欣銓,5,1,4
 企銀九如 ,中租-KY,5,1,4
 企銀九如 ,鴻海,7,4,3
 企銀九如 ,台泥,3,0,3
 企銀九如 ,南亞,3,0,3
 企銀九如 ,00882中信中國高股息,3,0,3
 企銀九如 ,亞光,4,1,3
 企銀九如 ,聯鈞,5,2,3
 企銀九如 ,00931B統一美債20年,2,0,2
 企銀九如 ,三芳,2,0,2
 企銀九如 ,元大金,2,0,2
 企銀九如 ,晟銘電,2,0,2
 企銀九如 ,波若威,5,3,2
 企銀九如 ,亞泰,2,0,2
 企銀九如 ,台塑化,2,0,2
 企銀九如 ,雷虎,2,0,2
 企銀九如 ,廣達,3,1,2
 企銀九如 ,聯發科,1,0,1
 企銀九如 ,宏��,1,0,1
 企銀九如 ,所羅門,1,0,1
 企銀九如 ,英業達,1,0,1
 企銀九如 ,富喬,1,0,1
 企銀九如 ,直得,1,0,1
 企銀九如 ,耿鼎,1,0,1
 企銀九如 ,00725B國泰投資級公司債,1,0,1
 企銀九如 ,長榮,1,0,1
 企銀九如 ,慧洋-KY,1,0,1
 企銀九如 ,富野,2,1,1
 企銀九如 ,統一超,1,0,1
 企銀九如 ,智原,1,0,1
 企銀九如 ,海灣,1,0,1
 企銀九如 ,弘憶股,1,0,1
 企銀九如 ,聯合再生,1,0,1
 企銀九如 ,友威科,1,0,1
 企銀九如 ,達邁,3,2,1
 企銀九如 ,神達,21,20,1
 企銀九如 ,漢磊,1,0,1
 企銀九如 ,健信,1,0,1
 企銀九如 ,時碩工業,1,0,1
 企銀九如 ,00688L國泰20年美債正2,0,260,-260
 企銀九如 ,台塑,0,50,-50
 企銀九如 ,群創,0,17,-17
 企銀九如 ,力積電,2,16,-14
 企銀九如 ,富邦金,0,11,-11
 企銀九如 ,彩晶,0,10,-10
 企銀九如 ,華南金,0,9,-9
 企銀九如 ,友訊,1,10,-9
 企銀九如 ,玉山金,0,6,-6
 企銀九如 ,泰鼎-KY,0,6,-6
 企銀九如 ,00715L期街口布蘭特正2,0,5,-5
 企銀九如 ,興富發,0,5,-5
 企銀九如 ,正達,0,5,-5
 企銀九如 ,中興電,1,5,-4
 企銀九如 ,聚亨,0,4,-4
 企銀九如 ,中鋼,1,5,-4
 企銀九如 ,康和證,0,4,-4
 企銀九如 ,華星光,13,16,-3
 企銀九如 ,南港,0,3,-3
 企銀九如 ,台揚,0,3,-3
 企銀九如 ,威致,0,3,-3
 企銀九如 ,星宇航空,0,3,-3
 企銀九如 ,中華,0,2,-2
 企銀九如 ,00678群益那斯達克生技,0,2,-2
 企銀九如 ,華通,0,2,-2
 企銀九如 ,佳能,0,2,-2
 企銀九如 ,文曄,0,2,-2
 企銀九如 ,樺晟,0,2,-2
 企銀九如 ,東浦,0,2,-2
 企銀九如 ,邁達特,0,2,-2
 企銀九如 ,訊芯-KY,0,2,-2
 企銀九如 ,世德,0,1,-1
 企銀九如 ,上銀,1,2,-1
 企銀九如 ,東元,0,1,-1
 企銀九如 ,堤維西,0,1,-1
 企銀九如 ,潤隆,0,1,-1
 企銀九如 ,00954中信日本半導體,0,1,-1
 企銀九如 ,廣宇,1,2,-1
 企銀九如 ,威盛,0,1,-1
 企銀九如 ,立隆電,1,2,-1
 企銀九如 ,瑞軒,0,1,-1
 企銀九如 ,華航,0,1,-1
 企銀九如 ,零壹,0,1,-1
 企銀九如 ,僑威,0,1,-1
 企銀九如 ,艾訊,0,1,-1
 企銀九如 ,順達,2,3,-1
 企銀九如 ,宜特,0,1,-1
 企銀九如 ,新日興,3,4,-1
 企銀九如 ,磐儀,0,1,-1
 企銀九如 ,日月光投控,5,6,-1
亞東板橋 ,00637L元大滬深300正2,143,0,143
亞東板橋 ,00858永豐美國500大,100,0,100
亞東板橋 ,00751B元大AAA至A公司債,66,0,66
亞東板橋 ,聯電,49,2,47
亞東板橋 ,00918大華優利高填息30,36,0,36
亞東板橋 ,00882中信中國高股息,34,0,34
亞東板橋 ,兆豐金,37,4,33
亞東板橋 ,泰金寶-DR,75,42,33
亞東板橋 ,00910第一金太空衛星,32,1,31
亞東板橋 ,00665L富邦�琤肭磪囓�2,37,7,30
亞東板橋 ,元太,30,1,29
亞東板橋 ,鴻海,38,10,28
亞東板橋 ,元大金,25,0,25
亞東板橋 ,00688L國泰20年美債正2,25,0,25
亞東板橋 ,廣明,50,27,23
亞東板橋 ,波若威,163,140,23
亞東板橋 ,群益證,22,2,20
亞東板橋 ,00633L富邦上証正2,19,0,19
亞東板橋 ,昇陽半導體,35,17,18
亞東板橋 ,台泥,17,0,17
亞東板橋 ,順達,146,129,17
亞東板橋 ,金興精密,17,0,17
亞東板橋 ,006208富邦台50,20,4,16
亞東板橋 ,00878國泰永續高股息,22,5,17
亞東板橋 ,00757統一FANG+,15,0,15
亞東板橋 ,00980B台新特選IG債10+,15,0,15
亞東板橋 ,中鋼,20,6,14
亞東板橋 ,英業達,14,2,12
亞東板橋 ,遠百,12,0,12
亞東板橋 ,廣達,12,1,11
亞東板橋 ,00655L國泰中國A50正2,16,5,11
亞東板橋 ,新盛力,28,17,11
亞東板橋 ,00650L復華香港正2,12,2,10
亞東板橋 ,上曜,10,0,10
亞東板橋 ,微星,12,2,10
亞東板橋 ,台灣大,10,0,10
亞東板橋 ,元大高股息,23,13,10
亞東板橋 ,00675L富邦臺灣加權正2,20,11,9
亞東板橋 ,00771元大US高息特別股,9,0,9
亞東板橋 ,立敦,10,1,9
亞東板橋 ,緯創,19,10,9
亞東板橋 ,力成,8,0,8
亞東板橋 ,立��,22,14,8
亞東板橋 ,00898國泰基因免疫革命,7,0,7
亞東板橋 ,00764B群益25年美債,7,0,7
亞東板橋 ,宏��,9,2,7
亞東板橋 ,前鼎,8,1,7
亞東板橋 ,宏齊,7,0,7
亞東板橋 ,永豐金,6,0,6
亞東板橋 ,技嘉,8,2,6
亞東板橋 ,00712復華富時不動產,0,998,-998
亞東板橋 ,00948B中信優息投資級債,2,340,-338
亞東板橋 ,00680L元大美債20正2,0,247,-247
亞東板橋 ,力積電,17,92,-75
亞東板橋 ,精誠,67,140,-73
亞東板橋 ,00881國泰台灣5G+,0,62,-62
亞東板橋 ,華航,0,62,-62
亞東板橋 ,00904新光臺灣半導體30,0,60,-60
亞東板橋 ,00929復華台灣科技優息,6,63,-57
亞東板橋 ,遠東銀,0,45,-45
亞東板橋 ,00951台新日本半導體,2,45,-43
亞東板橋 ,零壹,30,69,-39
亞東板橋 ,長榮航,0,25,-25
亞東板橋 ,吉茂,1,24,-23
亞東板橋 ,漢翔,0,21,-21
亞東板橋 ,陽明,2,22,-20
亞東板橋 ,群創,0,20,-20
亞東板橋 ,玉山金,0,18,-18
亞東板橋 ,所羅門,17,35,-18
亞東板橋 ,威健,0,18,-18
亞東板橋 ,遠東新,0,17,-17
亞東板橋 ,00895富邦未來車,0,15,-15
亞東板橋 ,永捷,0,15,-15
亞東板橋 ,元大台灣50,4,16,-12
亞東板橋 ,華新,0,12,-12
亞東板橋 ,精材,24,36,-12
亞東板橋 ,亞翔,1,12,-11
亞東板橋 ,台積電,6,18,-12
亞東板橋 ,神達,32,42,-10
亞東板橋 ,南亞,0,10,-10
亞東板橋 ,堤維西,0,10,-10
亞東板橋 ,冠軍,0,10,-10
亞東板橋 ,宏致,0,10,-10
亞東板橋 ,中光電,0,10,-10
亞東板橋 ,晉倫,0,10,-10
亞東板橋 ,00670L富邦NASDAQ正2,0,9,-9
亞東板橋 ,東元,1,9,-8
亞東板橋 ,國泰金,0,8,-8
亞東板橋 ,中信金,4,12,-8
亞東板橋 ,加百裕,15,23,-8
亞東板橋 ,華擎,2,10,-8
亞東板橋 ,連展投控,0,7,-7
亞東板橋 ,國光生,0,7,-7
亞東板橋 ,00922國泰台灣領袖50,0,6,-6
亞東板橋 ,鴻準,0,6,-6
亞東板橋 ,神基,0,6,-6
亞東板橋 ,正崴,0,6,-6
亞東板橋 ,一詮,11,17,-6
亞東板橋 ,潤泰全,1,7,-6
亞東板橋 ,光環,1,7,-6
富邦建國,00637L元大滬深300正2,671,74,597
富邦建國,00753L中信中國50正2,302,0,302
富邦建國,聯電,329,52,277
富邦建國,00878國泰永續高股息,318,87,231
富邦建國,00673R期元大S＆P原油反1,240,39,201
富邦建國,元大高股息,247,49,198
富邦建國,00937B群益ESG投等債20,231,54,177
富邦建國,富邦金,224,114,110
富邦建國,宏齊,105,0,105
富邦建國,00959B大華投等美債15Y+,105,2,103
富邦建國,00919群益台灣精選高息,140,52,88
富邦建國,群創,400,315,85
富邦建國,台積電,150,67,83
富邦建國,玉山金,89,11,78
富邦建國,00900富邦特選高股息30,77,3,74
富邦建國,00909國泰數位支付服務,74,5,69
富邦建國,00706L期元大S＆P日圓正2,59,0,59
富邦建國,00892富邦台灣半導體,59,4,55
富邦建國,00915凱基優選高股息30,53,0,53
富邦建國,00907永豐優息存股,52,0,52
富邦建國,中信金,76,25,51
富邦建國,雷虎,57,7,50
富邦建國,錸德,55,5,50
富邦建國,鴻海,118,68,50
富邦建國,昇貿,50,1,49
富邦建國,00964中信亞太高股息,60,14,46
富邦建國,和椿,219,173,46
富邦建國,長興,45,2,43
富邦建國,華航,138,98,40
富邦建國,欣興,48,8,40
富邦建國,精成科,57,23,34
富邦建國,欣銓,209,175,34
富邦建國,00687B國泰20年美債,34,5,29
富邦建國,華晶科,30,1,29
富邦建國,漢翔,32,4,28
富邦建國,兆豐金,31,3,28
富邦建國,宏��,35,8,27
富邦建國,00858永豐美國500大,27,0,27
富邦建國,00945B凱基美國非投等債,27,0,27
富邦建國,00910第一金太空衛星,34,7,27
富邦建國,00864B中信美國公債0-1,26,0,26
富邦建國,達欣工,25,0,25
富邦建國,00770國泰北美科技,27,2,25
富邦建國,波若威,58,35,23
富邦建國,眾達-KY,209,187,22
富邦建國,英業達,31,10,21
富邦建國,騰輝電子-KY,94,73,21
富邦建國,00918大華優利高填息30,24,3,21
富邦建國,緯創,110,89,21
富邦建國,00963中信全球高股息,20,0,20
富邦建國,00665L富邦�琤肭磪囓�2,1,2243,-2242
富邦建國,00882中信中國高股息,20,2036,-2016
富邦建國,愛山林,0,739,-739
富邦建國,00980B台新特選IG債10+,7,713,-706
富邦建國,華南金,5,551,-546
富邦建國,00929復華台灣科技優息,7,488,-481
富邦建國,新盛力,143,546,-403
富邦建國,00877復華中國5G,0,305,-305
富邦建國,台灣虎航,76,376,-300
富邦建國,三商壽,0,273,-273
富邦建國,神達,137,323,-186
富邦建國,富喬,45,197,-152
富邦建國,啟��,24,175,-151
富邦建國,國泰金,28,179,-151
富邦建國,00881國泰台灣5G+,8,157,-149
富邦建國,00633L富邦上証正2,20,165,-145
富邦建國,臺企銀,7,127,-120
富邦建國,友達,3,118,-115
富邦建國,00680L元大美債20正2,0,100,-100
富邦建國,力積電,111,203,-92
富邦建國,立��,72,151,-79
富邦建國,中鋼,30,105,-75
富邦建國,00751B元大AAA至A公司債,6,76,-70
富邦建國,元太,3,72,-69
富邦建國,00676R富邦臺灣加權反1,3,69,-66
富邦建國,00943兆豐電子高息等權,0,56,-56
富邦建國,00940元大台灣價值高息,0,56,-56
富邦建國,亞力,0,50,-50
富邦建國,00717富邦美國特別股,0,50,-50
富邦建國,凱基金,1,51,-50
富邦建國,美律,9,54,-45
富邦建國,億泰,1,44,-43
富邦建國,大同,5,47,-42
富邦建國,006208富邦台50,10,51,-41
富邦建國,006205富邦上証,0,40,-40
富邦建國,元大台灣50,4,43,-39
富邦建國,00895富邦未來車,5,42,-37
富邦建國,新日興,17,53,-36
富邦建國,00922國泰台灣領袖50,3,36,-33
富邦建國,超豐,6,39,-33
富邦建國,00926凱基全球菁英55,3,36,-33
富邦建國,00715L期街口布蘭特正2,3,35,-32
富邦建國,弘裕,0,31,-31
富邦建國,興能高,86,116,-30
富邦建國,00712復華富時不動產,0,30,-30
富邦建國,福懋,0,29,-29
富邦建國,新光金,12,41,-29
富邦建國,00830國泰費城半導體,7,35,-28
富邦建國,00762元大全球AI,0,26,-26
富邦建國,正崴,2,26,-24
永豐彰化,力積電,530,80,450
永豐彰化,00878國泰永續高股息,171,10,161
永豐彰化,兆豐金,106,0,106
永豐彰化,聯電,84,4,80
永豐彰化,訊舟,50,0,50
永豐彰化,中石化,50,2,48
永豐彰化,緯創,42,4,38
永豐彰化,台灣高鐵,31,0,31
永豐彰化,00665L富邦�琤肭磪囓�2,29,0,29
永豐彰化,允強,31,3,28
永豐彰化,金寶,35,8,27
永豐彰化,00937B群益ESG投等債20,30,4,26
永豐彰化,00712復華富時不動產,25,0,25
永豐彰化,富喬,33,9,24
永豐彰化,中鋼,35,11,24
永豐彰化,第一金,22,0,22
永豐彰化,00919群益台灣精選高息,22,0,22
永豐彰化,直得,39,18,21
永豐彰化,耿鼎,21,0,21
永豐彰化,建大,20,0,20
永豐彰化,00900富邦特選高股息30,25,6,19
永豐彰化,00970B新光BBB投等債20,15,0,15
永豐彰化,群創,17,4,13
永豐彰化,00637L元大滬深300正2,54,41,13
永豐彰化,三晃,13,0,13
永豐彰化,南茂,15,3,12
永豐彰化,台積電,20,9,11
永豐彰化,永豐金,10,0,10
永豐彰化,00915凱基優選高股息30,11,1,10
永豐彰化,宏齊,10,0,10
永豐彰化,00706L期元大S＆P日圓正2,10,0,10
永豐彰化,益航,10,0,10
永豐彰化,聯合再生,10,0,10
永豐彰化,美律,9,0,9
永豐彰化,佳大,9,0,9
永豐彰化,00910第一金太空衛星,9,1,8
永豐彰化,連展投控,9,1,8
永豐彰化,晟德,7,0,7
永豐彰化,昇陽半導體,8,1,7
永豐彰化,英濟,18,11,7
永豐彰化,00671R富邦NASDAQ反1,6,0,6
永豐彰化,00882中信中國高股息,6,0,6
永豐彰化,00918大華優利高填息30,6,0,6
永豐彰化,00968B元大優息投等債,6,0,6
永豐彰化,僑威,7,1,6
永豐彰化,麗清,6,0,6
永豐彰化,新盛力,24,18,6
永豐彰化,華邦電,7,1,6
永豐彰化,欣興,7,2,5
永豐彰化,大銀微系統,5,0,5
永豐彰化,華航,0,155,-155
永豐彰化,友達,5,157,-152
永豐彰化,00971野村美國研發龍頭,15,86,-71
永豐彰化,昆盈,10,76,-66
永豐彰化,鴻海,11,63,-52
永豐彰化,00929復華台灣科技優息,0,49,-49
永豐彰化,臻鼎-KY,0,47,-47
永豐彰化,00675L富邦臺灣加權正2,0,36,-36
永豐彰化,宏達電,30,65,-35
永豐彰化,陽明,1,36,-35
永豐彰化,京元電子,14,45,-31
永豐彰化,順達,11,42,-31
永豐彰化,凱基金,1,31,-30
永豐彰化,006208富邦台50,4,31,-27
永豐彰化,穎漢,3,30,-27
永豐彰化,國泰金,2,29,-27
永豐彰化,00965元大航太防衛科技,0,26,-26
永豐彰化,臺企銀,0,25,-25
永豐彰化,00885富邦越南,1,25,-24
永豐彰化,日電貿,1,22,-21
永豐彰化,彰銀,0,21,-21
永豐彰化,神達,37,58,-21
永豐彰化,立敦,31,49,-18
永豐彰化,00939統一台灣高息動能,0,18,-18
永豐彰化,聯光通,22,40,-18
永豐彰化,華南金,0,18,-18
永豐彰化,00905FT臺灣Smart,2,18,-16
永豐彰化,新日興,0,13,-13
永豐彰化,友訊,1,13,-12
永豐彰化,長榮航,3,15,-12
永豐彰化,00946群益科技高息成長,0,11,-11
永豐彰化,立��,2,13,-11
永豐彰化,宏致,3,14,-11
永豐彰化,富邦金,1,11,-10
永豐彰化,00752中信中國50,0,10,-10
永豐彰化,00655L國泰中國A50正2,0,10,-10
永豐彰化,00901永豐智能車供應鏈,0,10,-10
永豐彰化,00949復華日本龍頭,0,10,-10
永豐彰化,榮星,0,10,-10
永豐彰化,海光,0,10,-10
永豐彰化,南港,0,10,-10
永豐彰化,宇環,0,10,-10
永豐彰化,泰詠,0,10,-10
永豐彰化,興能高,30,40,-10
永豐彰化,00652富邦印度,0,9,-9
永豐彰化,星宇航空,1,10,-9
永豐彰化,新光金,10,18,-8
永豐彰化,台化,4,12,-8
永豐彰化,全新,3,11,-8
永豐彰化,中信金,6,14,-8
群益土城,00687B國泰20年美債,119,0,119
群益土城,00950B凱基A級公司債,70,0,70
群益土城,日勝生,40,0,40
群益土城,欣銓,45,9,36
群益土城,聯電,113,79,34
群益土城,鴻海,29,5,24
群益土城,友華,23,0,23
群益土城,00882中信中國高股息,20,0,20
群益土城,統一實,20,0,20
群益土城,南茂,31,11,20
群益土城,汎銓,20,0,20
群益土城,00878國泰永續高股息,16,0,16
群益土城,盟立,15,2,13
群益土城,立德,12,0,12
群益土城,00959B大華投等美債15Y+,12,0,12
群益土城,建漢,11,1,10
群益土城,敬鵬,10,0,10
群益土城,元大高股息,12,2,10
群益土城,台玻,10,0,10
群益土城,00937B群益ESG投等債20,23,15,8
群益土城,00713元大台灣高息低波,8,0,8
群益土城,新日興,21,14,7
群益土城,台肥,7,0,7
群益土城,立��,10,3,7
群益土城,慧洋-KY,12,5,7
群益土城,新盛力,92,86,6
群益土城,緯創,16,10,6
群益土城,華新,6,0,6
群益土城,濟生,6,0,6
群益土城,中租-KY,5,0,5
群益土城,鑽石投資,5,0,5
群益土城,興能高,57,52,5
群益土城,00939統一台灣高息動能,5,0,5
群益土城,宏齊,5,0,5
群益土城,名軒,5,0,5
群益土城,聯強,5,0,5
群益土城,00900富邦特選高股息30,10,5,5
群益土城,亞光,7,2,5
群益土城,順達,11,6,5
群益土城,聯光通,10,6,4
群益土城,僑威,37,33,4
群益土城,國統,4,0,4
群益土城,毛寶,4,0,4
群益土城,臻鼎-KY,7,3,4
群益土城,台新金,5,1,4
群益土城,00631L元大台灣50正2,4,1,3
群益土城,00720B元大投資級公司債,3,0,3
群益土城,山林水,3,0,3
群益土城,台泥,3,0,3
群益土城,強茂,3,0,3
群益土城,力積電,24,943,-919
群益土城,00980B台新特選IG債10+,0,153,-153
群益土城,神達,100,165,-65
群益土城,00940元大台灣價值高息,0,45,-45
群益土城,波若威,29,68,-39
群益土城,00877復華中國5G,1,30,-29
群益土城,00632R元大台灣50反1,7,30,-23
群益土城,台塑,0,22,-22
群益土城,00712復華富時不動產,0,20,-20
群益土城,奇鋐,0,16,-16
群益土城,欣欣,1,16,-15
群益土城,華通,6,20,-14
群益土城,永道-KY,0,12,-12
群益土城,寶成,3,15,-12
群益土城,雷虎,0,12,-12
群益土城,圓剛,1,12,-11
群益土城,006208富邦台50,19,29,-10
群益土城,中再保,0,10,-10
群益土城,中鋼,1,11,-10
群益土城,亞泰,0,10,-10
群益土城,富邦金,0,9,-9
群益土城,神基,1,10,-9
群益土城,得力,0,9,-9
群益土城,致伸,0,9,-9
群益土城,精成科,37,45,-8
群益土城,長榮航,2,9,-7
群益土城,海華,0,7,-7
群益土城,廣宇,0,7,-7
群益土城,亞翔,17,23,-6
群益土城,晟銘電,0,6,-6
群益土城,華南金,0,6,-6
群益土城,精英,0,6,-6
群益土城,台積電,0,6,-6
群益土城,群創,0,6,-6
群益土城,大同,8,14,-6
群益土城,光寶科,1,6,-5
群益土城,新建,2,7,-5
群益土城,00673R期元大S＆P原油反1,0,5,-5
群益土城,00934中信成長高股息,0,5,-5
群益土城,騰輝電子-KY,1,6,-5
群益土城,千附精密,0,5,-5
群益土城,台船,0,5,-5
群益土城,全球傳動,1,6,-5
群益土城,華航,0,5,-5
群益土城,日月光投控,2,7,-5
群益土城,佳能,0,4,-4
群益土城,微星,0,4,-4
群益土城,凌陽,0,4,-4
群益土城,IET-KY,0,4,-4
群益土城,啟��,0,4,-4
土銀士林,鴻海,166,9,157
土銀士林,大成鋼,51,0,51
土銀士林,百徽,18,0,18
土銀士林,元大高股息,12,1,11
土銀士林,00878國泰永續高股息,10,0,10
土銀士林,中信金,10,0,10
土銀士林,新巨,10,0,10
土銀士林,聯電,27,18,9
土銀士林,達邁,7,0,7
土銀士林,昇陽半導體,6,0,6
土銀士林,耿鼎,5,0,5
土銀士林,昇貿,8,3,5
土銀士林,長華*,5,0,5
土銀士林,桓達,4,0,4
土銀士林,富喬,5,1,4
土銀士林,金寶,28,25,3
土銀士林,00712復華富時不動產,4,1,3
土銀士林,日電貿,4,1,3
土銀士林,三豐,3,0,3
土銀士林,GIS-KY,3,0,3
土銀士林,台塑化,3,0,3
土銀士林,合庫金,3,0,3
土銀士林,陽明,4,1,3
土銀士林,台榮,2,0,2
土銀士林,第一金,2,0,2
土銀士林,鼎天,2,0,2
土銀士林,維熹,2,0,2
土銀士林,聿新科,2,0,2
土銀士林,中美晶,2,0,2
土銀士林,力成,3,1,2
土銀士林,宏捷科,2,0,2
土銀士林,立��,2,0,2
土銀士林,00915凱基優選高股息30,1,0,1
土銀士林,00905FT臺灣Smart,1,0,1
土銀士林,00933B國泰10Y+金融債,1,0,1
土銀士林,00751B元大AAA至A公司債,1,0,1
土銀士林,凱美,1,0,1
土銀士林,漢唐,1,0,1
土銀士林,基泰,1,0,1
土銀士林,京城銀,1,0,1
土銀士林,新光金,1,0,1
土銀士林,建漢,1,0,1
土銀士林,加百裕,1,0,1
土銀士林,崇越電,1,0,1
土銀士林,柏騰,1,0,1
土銀士林,晟德,1,0,1
土銀士林,炎洲,1,0,1
土銀士林,華廣,1,0,1
土銀士林,聯光通,2,1,1
土銀士林,和椿,1,0,1
土銀士林,凱基金,0,41,-41
土銀士林,岱宇,0,20,-20
土銀士林,僑威,0,16,-16
土銀士林,南港,0,14,-14
土銀士林,00930永豐ESG低碳高息,0,11,-11
土銀士林,00970B新光BBB投等債20,0,10,-10
土銀士林,台新藥,0,9,-9
土銀士林,玉山金,0,7,-7
土銀士林,興能高,2,9,-7
土銀士林,中鴻,0,6,-6
土銀士林,00692富邦公司治理,0,6,-6
土銀士林,大同,0,6,-6
土銀士林,亞翔,0,6,-6
土銀士林,至上,0,6,-6
土銀士林,中華電,0,5,-5
土銀士林,揚博,0,5,-5
土銀士林,廣宇,0,4,-4
土銀士林,宏致,0,4,-4
土銀士林,和碩,0,4,-4
土銀士林,00919群益台灣精選高息,2,5,-3
土銀士林,宏達電,1,4,-3
土銀士林,富邦金,0,3,-3
土銀士林,台達電,0,2,-2
土銀士林,00929復華台灣科技優息,0,2,-2
土銀士林,生達,0,2,-2
土銀士林,宏��,0,2,-2
土銀士林,榮運,0,2,-2
土銀士林,漢翔,0,2,-2
土銀士林,永豐金,0,2,-2
土銀士林,昇達科,4,6,-2
土銀士林,眾達-KY,0,2,-2
土銀士林,寶碩,0,2,-2
土銀士林,群益期,0,2,-2
土銀士林,華安,2,4,-2
土銀士林,志強-KY,0,2,-2
土銀士林,力積電,0,1,-1
土銀士林,宏全,0,1,-1
土銀士林,台積電,1,2,-1
土銀士林,華城,0,1,-1
土銀士林,台化,5,6,-1
土銀士林,南亞,1,2,-1
土銀士林,00893國泰智能電動車,0,1,-1
土銀士林,微星,0,1,-1
土銀士林,燿華,0,1,-1
土銀士林,友達,0,1,-1
土銀士林,神基,0,1,-1
土銀士林,偉訓,0,1,-1
土銀士林,順達,0,1,-1
土銀士林,原相,0,1,-1
土銀士林,鈊象,1,2,-1
第一光復,聯電,100,36,64
第一光復,00637L元大滬深300正2,63,0,63
第一光復,00633L富邦上証正2,60,0,60
第一光復,佳能,51,3,48
第一光復,盟立,41,0,41
第一光復,宏齊,44,6,38
第一光復,00937B群益ESG投等債20,31,0,31
第一光復,群創,33,9,24
第一光復,振曜,21,0,21
第一光復,緯創,22,3,19
第一光復,中興電,20,1,19
第一光復,日月光投控,20,1,19
第一光復,台積電,29,10,19
第一光復,承業醫,15,0,15
第一光復,元大台灣50,16,2,14
第一光復,00753L中信中國50正2,13,0,13
第一光復,亞光,13,1,12
第一光復,台泥,11,0,11
第一光復,00858永豐美國500大,11,0,11
第一光復,00919群益台灣精選高息,12,1,11
第一光復,00632R元大台灣50反1,10,0,10
第一光復,00965元大航太防衛科技,10,0,10
第一光復,仁寶,10,1,9
第一光復,00882中信中國高股息,13,5,8
第一光復,00679B元大美債20年,11,4,7
第一光復,濱川,7,0,7
第一光復,聯上發,7,0,7
第一光復,欣興,7,0,7
第一光復,泰金寶-DR,26,19,7
第一光復,00687B國泰20年美債,6,0,6
第一光復,台玻,6,0,6
第一光復,南帝,6,0,6
第一光復,所羅門,6,0,6
第一光復,裕民,6,0,6
第一光復,廣明,6,0,6
第一光復,富強鑫,6,0,6
第一光復,東鹼,5,0,5
第一光復,建準,5,0,5
第一光復,萬海,7,2,5
第一光復,鴻名,5,0,5
第一光復,聯德控股-KY,5,0,5
第一光復,亞泰,6,1,5
第一光復,精誠,5,0,5
第一光復,華孚,5,0,5
第一光復,聰泰,5,0,5
第一光復,鴻海,12,8,4
第一光復,00715L期街口布蘭特正2,4,0,4
第一光復,耀登,5,1,4
第一光復,達邁,25,21,4
第一光復,元山,5,1,4
第一光復,00680L元大美債20正2,0,261,-261
第一光復,神達,35,101,-66
第一光復,臺企銀,0,45,-45
第一光復,大同,2,35,-33
第一光復,凱基金,0,32,-32
第一光復,台虹,0,29,-29
第一光復,宏達電,2,29,-27
第一光復,00941中信上游半導體,0,26,-26
第一光復,友訊,22,47,-25
第一光復,00881國泰台灣5G+,0,25,-25
第一光復,元大高股息,16,40,-24
第一光復,00918大華優利高填息30,2,22,-20
第一光復,欣銓,20,40,-20
第一光復,00917中信特選金融,0,20,-20
第一光復,彰銀,0,19,-19
第一光復,華星光,23,42,-19
第一光復,00926凱基全球菁英55,0,13,-13
第一光復,光罩,0,13,-13
第一光復,興能高,55,67,-12
第一光復,華航,5,17,-12
第一光復,百德,0,12,-12
第一光復,長榮航,0,11,-11
第一光復,中鋼,0,11,-11
第一光復,長華*,0,10,-10
第一光復,凱美,3,12,-9
第一光復,友達,2,11,-9
第一光復,00951台新日本半導體,0,8,-8
第一光復,鼎元,2,10,-8
第一光復,定穎投控,0,8,-8
第一光復,虹堡,0,8,-8
第一光復,創惟,0,8,-8
第一光復,九豪,0,7,-7
第一光復,宏致,1,8,-7
第一光復,新日興,0,6,-6
第一光復,00929復華台灣科技優息,0,6,-6
第一光復,00940元大台灣價值高息,0,6,-6
第一光復,承啟,0,6,-6
第一光復,奇鋐,2,8,-6
第一光復,亞翔,2,8,-6
第一光復,原相,1,6,-5
第一光復,00887永豐中國科技50大,0,5,-5
第一光復,00712復華富時不動產,0,5,-5
第一光復,台肥,0,5,-5
第一光復,華晶科,2,7,-5
第一光復,新唐,0,5,-5
第一光復,鳳凰,0,5,-5
第一光復,淳安,0,5,-5
第一光復,菱光,4,9,-5
第一光復,寶成,0,5,-5
第一光復,新光金,0,5,-5
富邦豐原,新華,40,0,40
富邦豐原,宜特,35,0,35
富邦豐原,力積電,44,10,34
富邦豐原,聯電,27,10,17
富邦豐原,00637L元大滬深300正2,11,0,11
富邦豐原,旺宏,10,0,10
富邦豐原,00646元大S＆P500,8,0,8
富邦豐原,宏達電,38,30,8
富邦豐原,連展投控,10,2,8
富邦豐原,00893國泰智能電動車,7,0,7
富邦豐原,富喬,9,2,7
富邦豐原,京元電子,9,2,7
富邦豐原,泰金寶-DR,9,2,7
富邦豐原,廣宇,5,0,5
富邦豐原,00919群益台灣精選高息,4,0,4
富邦豐原,00712復華富時不動產,4,0,4
富邦豐原,00858永豐美國500大,4,0,4
富邦豐原,臺企銀,4,0,4
富邦豐原,緯創,40,36,4
富邦豐原,海華,4,0,4
富邦豐原,大武山,4,0,4
富邦豐原,惠特,4,0,4
富邦豐原,006208富邦台50,12,9,3
富邦豐原,亞光,7,4,3
富邦豐原,00878國泰永續高股息,7,4,3
富邦豐原,00680L元大美債20正2,3,0,3
富邦豐原,佳和,3,0,3
富邦豐原,波若威,5,2,3
富邦豐原,信立,3,0,3
富邦豐原,精成科,3,0,3
富邦豐原,富旺,3,0,3
富邦豐原,康舒,3,0,3
富邦豐原,00937B群益ESG投等債20,2,0,2
富邦豐原,00930永豐ESG低碳高息,2,0,2
富邦豐原,00632R元大台灣50反1,2,0,2
富邦豐原,00725B國泰投資級公司債,2,0,2
富邦豐原,佳能,3,1,2
富邦豐原,裕民,2,0,2
富邦豐原,永豐金,2,0,2
富邦豐原,富采,2,0,2
富邦豐原,鈞興-KY,2,0,2
富邦豐原,工信,2,0,2
富邦豐原,雷科,2,0,2
富邦豐原,勤誠,2,0,2
富邦豐原,聖暉*,2,0,2
富邦豐原,欣興,3,2,1
富邦豐原,00687B國泰20年美債,1,0,1
富邦豐原,聯鈞,13,12,1
富邦豐原,英業達,7,6,1
富邦豐原,00631L元大台灣50正2,3,1,2
富邦豐原,00940元大台灣價值高息,20,117,-97
富邦豐原,00688L國泰20年美債正2,0,50,-50
富邦豐原,元大高股息,7,45,-38
富邦豐原,達邁,13,43,-30
富邦豐原,00980B台新特選IG債10+,0,21,-21
富邦豐原,新日興,1,22,-21
富邦豐原,冠軍,0,20,-20
富邦豐原,00929復華台灣科技優息,0,18,-18
富邦豐原,00946群益科技高息成長,0,18,-18
富邦豐原,堤維西,1,14,-13
富邦豐原,00936台新永續高息中小,0,13,-13
富邦豐原,台積電,0,13,-13
富邦豐原,00943兆豐電子高息等權,0,11,-11
富邦豐原,中石化,0,11,-11
富邦豐原,華新,8,19,-11
富邦豐原,佳世達,1,12,-11
富邦豐原,昇達科,3,14,-11
富邦豐原,00945B凱基美國非投等債,0,10,-10
富邦豐原,大成鋼,1,11,-10
富邦豐原,新保,0,10,-10
富邦豐原,00882中信中國高股息,1,10,-9
富邦豐原,神達,16,25,-9
富邦豐原,鴻海,1,9,-8
富邦豐原,台新金,0,7,-7
富邦豐原,正達,0,7,-7
富邦豐原,新盛力,11,18,-7
富邦豐原,網家,0,7,-7
富邦豐原,00932兆豐永續高息等權,0,6,-6
富邦豐原,TPK-KY,0,6,-6
富邦豐原,承啟,0,6,-6
富邦豐原,永光,0,5,-5
富邦豐原,宇環,0,5,-5
富邦豐原,皇將,0,5,-5
富邦豐原,榮剛,0,5,-5
富邦豐原,00770國泰北美科技,0,5,-5
富邦豐原,廣達,5,10,-5
富邦豐原,玉山金,0,5,-5
富邦豐原,圓剛,1,5,-4
富邦豐原,盟立,0,4,-4
富邦豐原,彰銀,0,4,-4
富邦豐原,新光金,0,4,-4
富邦豐原,佳總,0,4,-4
富邦豐原,龍巖,0,4,-4
富邦豐原,擎亞,7,11,-4
富邦豐原,臻鼎-KY,0,4,-4
富邦豐原,00922國泰台灣領袖50,21,24,-3
富邦豐原,亞翔,3,6,-3
富邦豐原,華星光,10,13,-3
富邦豐原,00675L富邦臺灣加權正2,0,3,-3
富邦豐原,00905FT臺灣Smart,0,3,-3
 元大北港,聯電,178,50,128
 元大北港,00955中信日本商社,50,0,50
 元大北港,矽格,46,0,46
 元大北港,00885富邦越南,30,0,30
 元大北港,友訊,32,4,28
 元大北港,僑威,31,6,25
 元大北港,第一金,23,0,23
 元大北港,00937B群益ESG投等債20,21,0,21
 元大北港,精金,21,0,21
 元大北港,00715L期街口布蘭特正2,24,4,20
 元大北港,00893國泰智能電動車,20,0,20
 元大北港,00900富邦特選高股息30,20,0,20
 元大北港,新美齊,20,0,20
 元大北港,前鼎,30,10,20
 元大北港,東元,16,0,16
 元大北港,00895富邦未來車,15,0,15
 元大北港,中纖,14,0,14
 元大北港,00632R元大台灣50反1,15,2,13
 元大北港,00878國泰永續高股息,16,3,13
 元大北港,00680L元大美債20正2,12,0,12
 元大北港,亞光,13,1,12
 元大北港,欣興,15,3,12
 元大北港,長榮,12,2,10
 元大北港,00665L富邦�琤肭磪囓�2,10,0,10
 元大北港,00738U期元大道瓊白銀,10,0,10
 元大北港,00970B新光BBB投等債20,10,0,10
 元大北港,敬鵬,10,0,10
 元大北港,瑞軒,12,2,10
 元大北港,系統電,10,0,10
 元大北港,達運,10,0,10
 元大北港,00713元大台灣高息低波,9,0,9
 元大北港,京元電子,10,2,8
 元大北港,建漢,8,0,8
 元大北港,育富,8,0,8
 元大北港,00687B國泰20年美債,8,1,7
 元大北港,緯創,23,16,7
 元大北港,亞泰,7,0,7
 元大北港,00696B富邦美債20年,7,0,7
 元大北港,青雲,7,0,7
 元大北港,三商,6,0,6
 元大北港,廣達,7,1,6
 元大北港,風青,6,0,6
 元大北港,榮剛,6,0,6
 元大北港,南仁湖,6,0,6
 元大北港,群益期,6,0,6
 元大北港,太景*-KY,5,0,5
 元大北港,台船,5,0,5
 元大北港,00679B元大美債20年,8,3,5
 元大北港,00926凱基全球菁英55,5,0,5
 元大北港,台聚,5,0,5
 元大北港,00965元大航太防衛科技,0,406,-406
 元大北港,如興,0,67,-67
 元大北港,00673R期元大S＆P原油反1,15,77,-62
 元大北港,力積電,21,55,-34
 元大北港,00940元大台灣價值高息,2,35,-33
 元大北港,中華電,0,30,-30
 元大北港,合機,3,33,-30
 元大北港,00942B台新美A公司債20+,0,25,-25
 元大北港,華南金,3,24,-21
 元大北港,神達,97,119,-22
 元大北港,國揚,0,20,-20
 元大北港,金橋,0,20,-20
 元大北港,宏達電,15,34,-19
 元大北港,ITH-KY,4,20,-16
 元大北港,00929復華台灣科技優息,0,15,-15
 元大北港,興能高,60,74,-14
 元大北港,00881國泰台灣5G+,0,11,-11
 元大北港,台化,1,12,-11
 元大北港,華新,9,20,-11
 元大北港,三一東林,0,11,-11
 元大北港,00948B中信優息投資級債,0,10,-10
 元大北港,日勝生,0,10,-10
 元大北港,群創,0,10,-10
 元大北港,南緯,0,9,-9
 元大北港,佳世達,0,9,-9
 元大北港,安集,1,10,-9
 元大北港,元大台灣50,1,9,-8
 元大北港,台達電,1,9,-8
 元大北港,富喬,23,31,-8
 元大北港,佳能,8,16,-8
 元大北港,全新,0,8,-8
 元大北港,漢磊,1,9,-8
 元大北港,日月光投控,4,12,-8
 元大北港,台灣虎航,0,8,-8
 元大北港,凱基金,18,26,-8
 元大北港,台積電,6,13,-7
 元大北港,順達,2,9,-7
 元大北港,國泰金,0,7,-7
 元大北港,00922國泰台灣領袖50,0,7,-7
 元大北港,光洋科,0,7,-7
 元大北港,大成鋼,0,7,-7
 元大北港,鴻海,21,28,-7
 元大北港,陽明,10,16,-6
 元大北港,富邦金,1,7,-6
 元大北港,台塑,3,9,-6
 元大北港,南亞,2,8,-6
 元大北港,中鴻,10,16,-6
 元大北港,光寶科,0,6,-6
 元大北港,華通,10,16,-6
 元大北港,映泰,0,6,-6
土銀建國,00637L元大滬深300正2,81,18,63
土銀建國,00945B凱基美國非投等債,50,0,50
土銀建國,00633L富邦上証正2,48,0,48
土銀建國,臺企銀,50,5,45
土銀建國,聯電,51,11,40
土銀建國,統一,25,0,25
土銀建國,台中銀,22,0,22
土銀建國,00673R期元大S＆P原油反1,20,0,20
土銀建國,王道銀行,13,0,13
土銀建國,00878國泰永續高股息,14,2,12
土銀建國,00919群益台灣精選高息,15,5,10
土銀建國,大成鋼,10,0,10
土銀建國,友達,10,0,10
土銀建國,玉晶光,9,0,9
土銀建國,泰金寶-DR,11,2,9
土銀建國,00650L復華香港正2,27,20,7
土銀建國,中鋼,10,3,7
土銀建國,00830國泰費城半導體,6,0,6
土銀建國,聯鈞,16,10,6
土銀建國,元大高股息,8,3,5
土銀建國,00761B國泰A級公司債,5,0,5
土銀建國,00918大華優利高填息30,5,0,5
土銀建國,華邦電,6,1,5
土銀建國,昆盈,5,0,5
土銀建國,凱美,5,0,5
土銀建國,元大金,5,0,5
土銀建國,合庫金,5,0,5
土銀建國,中興電,3,0,3
土銀建國,00924復華S＆P500成長,3,0,3
土銀建國,00940元大台灣價值高息,5,2,3
土銀建國,陽明,4,1,3
土銀建國,長華*,3,0,3
土銀建國,鴻海,4,2,2
土銀建國,00752中信中國50,4,2,2
土銀建國,華晶科,2,0,2
土銀建國,00960野村全球航運龍頭,2,0,2
土銀建國,00882中信中國高股息,2,0,2
土銀建國,英業達,4,2,2
土銀建國,技嘉,2,0,2
土銀建國,中信金,3,1,2
土銀建國,亞光,2,0,2
土銀建國,偉訓,2,0,2
土銀建國,欣興,4,2,2
土銀建國,光環,2,0,2
土銀建國,欣銓,11,9,2
土銀建國,牧德,4,2,2
土銀建國,新盛力,3,1,2
土銀建國,能率,2,0,2
土銀建國,富驊,2,0,2
土銀建國,千附,2,0,2
土銀建國,凱基金,0,50,-50
土銀建國,華航,2,43,-41
土銀建國,長榮航,1,34,-33
土銀建國,宏致,7,36,-29
土銀建國,中石化,4,21,-17
土銀建國,00909國泰數位支付服務,1,16,-15
土銀建國,尖點,0,14,-14
土銀建國,力積電,22,33,-11
土銀建國,聚亨,0,10,-10
土銀建國,凌陽,0,10,-10
土銀建國,凌巨,0,10,-10
土銀建國,辛耘,0,8,-8
土銀建國,事欣科,0,8,-8
土銀建國,廣宇,2,9,-7
土銀建國,全新,5,12,-7
土銀建國,神達,4,11,-7
土銀建國,創惟,1,8,-7
土銀建國,力成,1,8,-7
土銀建國,瑞祺電通,7,14,-7
土銀建國,中華電,0,6,-6
土銀建國,力肯,0,5,-5
土銀建國,00929復華台灣科技優息,0,5,-5
土銀建國,00891中信關鍵半導體,0,5,-5
土銀建國,友訊,0,5,-5
土銀建國,圓剛,0,5,-5
土銀建國,中工,0,5,-5
土銀建國,台驊控股,0,5,-5
土銀建國,鈺德,0,5,-5
土銀建國,立德,0,5,-5
土銀建國,矽格,0,5,-5
土銀建國,興能高,19,24,-5
土銀建國,00893國泰智能電動車,0,5,-5
土銀建國,台積電,3,7,-4
土銀建國,00632R元大台灣50反1,4,8,-4
土銀建國,00679B元大美債20年,0,4,-4
土銀建國,三商電,0,4,-4
土銀建國,杭特,0,4,-4
土銀建國,中探針,0,4,-4
土銀建國,群電,0,4,-4
土銀建國,00850元大臺灣ESG永續,0,4,-4
土銀建國,波若威,35,38,-3
土銀建國,00680L元大美債20正2,0,3,-3
土銀建國,東元,0,3,-3
土銀建國,佳能,0,3,-3
土銀建國,漢磊,0,3,-3
土銀建國,穎漢,0,3,-3
土銀建國,聯德控股-KY,0,3,-3
土銀建國,乙盛-KY,0,3,-3
土銀建國,台達電,0,3,-3
土銀建國,奇鋐,0,2,-2
富邦北高,聯電,91,14,77
富邦北高,00637L元大滬深300正2,46,12,34
富邦北高,中鋼,34,5,29
富邦北高,力積電,33,5,28
富邦北高,台虹,24,0,24
富邦北高,大成鋼,27,7,20
富邦北高,寶得利,15,0,15
富邦北高,精材,12,0,12
富邦北高,立敦,26,15,11
富邦北高,合庫金,12,1,11
富邦北高,展達,10,0,10
富邦北高,立��,18,9,9
富邦北高,波若威,60,52,8
富邦北高,鴻海,17,10,7
富邦北高,欣興,10,3,7
富邦北高,00664R國泰臺灣加權反1,10,3,7
富邦北高,柏承,6,0,6
富邦北高,邁達特,12,6,6
富邦北高,萬潤,5,0,5
富邦北高,合騏,5,0,5
富邦北高,欣銓,15,10,5
富邦北高,聯合再生,5,0,5
富邦北高,00665L富邦�琤肭磪囓�2,5,0,5
富邦北高,新興,5,0,5
富邦北高,00948B中信優息投資級債,5,0,5
富邦北高,00636國泰中國A50,5,0,5
富邦北高,雍智科技,5,0,5
富邦北高,綠界科技*,5,1,4
富邦北高,聯光通,79,75,4
富邦北高,時碩工業,9,5,4
富邦北高,大亞,4,0,4
富邦北高,興能高,124,120,4
富邦北高,00858永豐美國500大,7,3,4
富邦北高,宏��,4,0,4
富邦北高,新盛力,106,103,3
富邦北高,00911兆豐洲際半導體,4,1,3
富邦北高,金寶,3,0,3
富邦北高,信驊,3,0,3
富邦北高,00953B群益優選非投等債,3,0,3
富邦北高,亞航,3,0,3
富邦北高,華孚,3,0,3
富邦北高,系微,3,0,3
富邦北高,信立,3,0,3
富邦北高,美時,3,0,3
富邦北高,神基,5,2,3
富邦北高,宜鼎,2,0,2
富邦北高,貿聯-KY,2,0,2
富邦北高,00713元大台灣高息低波,2,0,2
富邦北高,良得電,2,0,2
富邦北高,健和興,2,0,2
富邦北高,群創,1,153,-152
富邦北高,00919群益台灣精選高息,19,117,-98
富邦北高,00940元大台灣價值高息,1,74,-73
富邦北高,日月光投控,2,64,-62
富邦北高,00929復華台灣科技優息,2,57,-55
富邦北高,能率,2,55,-53
富邦北高,彰銀,0,50,-50
富邦北高,創惟,0,39,-39
富邦北高,宏達電,29,64,-35
富邦北高,泰谷,0,28,-28
富邦北高,00690兆豐藍籌30,0,25,-25
富邦北高,00922國泰台灣領袖50,0,25,-25
富邦北高,006208富邦台50,3,26,-23
富邦北高,連展投控,0,22,-22
富邦北高,00712復華富時不動產,0,22,-22
富邦北高,友訊,0,21,-21
富邦北高,遠東新,0,20,-20
富邦北高,玉山金,0,20,-20
富邦北高,00887永豐中國科技50大,0,20,-20
富邦北高,00673R期元大S＆P原油反1,10,30,-20
富邦北高,北基,0,19,-19
富邦北高,元大台灣50,0,17,-17
富邦北高,長榮航,10,26,-16
富邦北高,前鼎,2,15,-13
富邦北高,台塑化,1,12,-11
富邦北高,中信金,0,11,-11
富邦北高,晉倫,0,11,-11
富邦北高,朋億*,2,12,-10
富邦北高,亞翔,1,11,-10
富邦北高,00878國泰永續高股息,7,17,-10
富邦北高,台灣虎航,5,15,-10
富邦北高,美德醫療-DR,0,10,-10
富邦北高,精英,0,10,-10
富邦北高,居易,0,10,-10
富邦北高,僑威,1,10,-9
富邦北高,萬海,1,10,-9
富邦北高,00631L元大台灣50正2,0,9,-9
富邦北高,國喬,0,8,-8
富邦北高,凱基金,3,11,-8
富邦北高,00661元大日經225,0,7,-7
富邦北高,訊達,0,7,-7
富邦北高,矽統,0,7,-7
富邦北高,直得,0,7,-7
富邦北高,緯創,5,12,-7
富邦北高,元大高股息,3,9,-6
富邦北高,台積電,2,8,-6
富邦北高,順達,2,8,-6
富邦北高,佳世達,0,6,-6
富邦北高,台康生技,0,6,-6
富邦北高,00680L元大美債20正2,0,6,-6
富邦三重,00688L國泰20年美債正2,1500,0,1500
富邦三重,聯電,626,9,617
富邦三重,神達,221,135,86
富邦三重,力積電,126,44,82
富邦三重,00969B元大零息超長美債,74,0,74
富邦三重,宏達電,149,91,58
富邦三重,00637L元大滬深300正2,91,41,50
富邦三重,00757統一FANG+,49,4,45
富邦三重,旺宏,40,3,37
富邦三重,00753L中信中國50正2,35,0,35
富邦三重,訊芯-KY,37,7,30
富邦三重,00937B群益ESG投等債20,29,2,27
富邦三重,聯光通,42,22,20
富邦三重,保銳,19,0,19
富邦三重,西勝,19,0,19
富邦三重,國產,21,3,18
富邦三重,創惟,22,5,17
富邦三重,宏齊,16,0,16
富邦三重,00795B中信美國公債20年,16,0,16
富邦三重,茂迪,15,0,15
富邦三重,立敦,33,18,15
富邦三重,00706L期元大S＆P日圓正2,15,0,15
富邦三重,佳邦,19,5,14
富邦三重,00751B元大AAA至A公司債,18,5,13
富邦三重,中砂,13,1,12
富邦三重,00674R期元大S＆P黃金反1,12,0,12
富邦三重,駿吉-KY,12,0,12
富邦三重,00632R元大台灣50反1,12,0,12
富邦三重,IET-KY,12,0,12
富邦三重,立隆電,14,3,11
富邦三重,臺企銀,12,2,10
富邦三重,00858永豐美國500大,10,0,10
富邦三重,00665L富邦�琤肭磪囓�2,10,0,10
富邦三重,元大寶滬深,10,0,10
富邦三重,訊舟,10,0,10
富邦三重,圓剛,17,7,10
富邦三重,00679B元大美債20年,10,0,10
富邦三重,台泥,11,2,9
富邦三重,緯創,37,28,9
富邦三重,富喬,21,12,9
富邦三重,彰銀,10,1,9
富邦三重,00642U期元大S＆P石油,10,1,9
富邦三重,晟銘電,33,24,9
富邦三重,力成,8,0,8
富邦三重,台玻,10,2,8
富邦三重,濱川,9,1,8
富邦三重,欣興,13,5,8
富邦三重,00918大華優利高填息30,15,7,8
富邦三重,矽統,8,1,7
富邦三重,康霈*,7,0,7
富邦三重,00664R國泰臺灣加權反1,0,698,-698
富邦三重,元大高股息,19,184,-165
富邦三重,00940元大台灣價值高息,0,93,-93
富邦三重,00929復華台灣科技優息,1,88,-87
富邦三重,漢翔,0,80,-80
富邦三重,00939統一台灣高息動能,1,79,-78
富邦三重,陽明,22,87,-65
富邦三重,00905FT臺灣Smart,0,65,-65
富邦三重,00965元大航太防衛科技,0,52,-52
富邦三重,凱基金,1,42,-41
富邦三重,神基,3,37,-34
富邦三重,00934中信成長高股息,0,34,-34
富邦三重,光寶科,0,33,-33
富邦三重,中工,0,30,-30
富邦三重,新光金,5,32,-27
富邦三重,友達,11,35,-24
富邦三重,大同,13,36,-23
富邦三重,順達,25,47,-22
富邦三重,00941中信上游半導體,0,22,-22
富邦三重,00670L富邦NASDAQ正2,0,21,-21
富邦三重,瑞智,0,20,-20
富邦三重,00714群益道瓊美國地產,0,20,-20
富邦三重,燿華,0,20,-20
富邦三重,00830國泰費城半導體,4,23,-19
富邦三重,建德工業,1,20,-19
富邦三重,雷虎,3,22,-19
富邦三重,興能高,339,357,-18
富邦三重,00945B凱基美國非投等債,2,20,-18
富邦三重,台積電,12,29,-17
富邦三重,國泰金,0,17,-17
富邦三重,台光電,2,19,-17
富邦三重,和椿,40,56,-16
富邦三重,精成科,10,26,-16
富邦三重,富邦金,0,16,-16
富邦三重,00932兆豐永續高息等權,0,15,-15
富邦三重,合晶,0,15,-15
富邦三重,00970B新光BBB投等債20,5,20,-15
富邦三重,台達電,1,16,-15
富邦三重,華星光,87,101,-14
富邦三重,連展投控,3,17,-14
富邦三重,康舒,0,14,-14
富邦三重,華新,13,27,-14
富邦三重,東元,2,15,-13
富邦三重,達興材料,3,16,-13
富邦三重,00675L富邦臺灣加權正2,11,24,-13
富邦三重,新盛力,72,84,-12
富邦三重,貿聯-KY,9,21,-12
富邦三重,00900富邦特選高股息30,0,12,-12
富邦三重,信立,0,12,-12
富邦三重,智通*,0,12,-12
凱基科園,00680L元大美債20正2,100,8,92
凱基科園,聯電,196,120,76
凱基科園,00637L元大滬深300正2,76,12,64
凱基科園,00969B元大零息超長美債,57,0,57
凱基科園,泰金寶-DR,55,0,55
凱基科園,00882中信中國高股息,50,0,50
凱基科園,宏達電,193,153,40
凱基科園,振曜,37,0,37
凱基科園,00950B凱基A級公司債,33,0,33
凱基科園,00664R國泰臺灣加權反1,30,0,30
凱基科園,00753L中信中國50正2,26,0,26
凱基科園,神達,106,80,26
凱基科園,矽格,26,2,24
凱基科園,驊訊,28,6,22
凱基科園,中鋼,12,0,12
凱基科園,圓剛,13,1,12
凱基科園,創惟,16,5,11
凱基科園,00673R期元大S＆P原油反1,10,0,10
凱基科園,00671R富邦NASDAQ反1,10,0,10
凱基科園,元大高股息,20,10,10
凱基科園,群創,11,2,9
凱基科園,永豐金,8,0,8
凱基科園,英業達,7,0,7
凱基科園,光環,10,3,7
凱基科園,大同,9,3,6
凱基科園,力成,7,1,6
凱基科園,00895富邦未來車,6,0,6
凱基科園,聯鈞,22,17,5
凱基科園,微星,5,0,5
凱基科園,00632R元大台灣50反1,5,0,5
凱基科園,00858永豐美國500大,5,0,5
凱基科園,00963中信全球高股息,5,0,5
凱基科園,華榮,5,0,5
凱基科園,仁寶,5,0,5
凱基科園,華邦電,6,1,5
凱基科園,兆豐金,5,0,5
凱基科園,中裕,5,0,5
凱基科園,台塑化,5,0,5
凱基科園,正基,5,0,5
凱基科園,中信金,5,0,5
凱基科園,00885富邦越南,5,0,5
凱基科園,立��,25,21,4
凱基科園,台新金,4,0,4
凱基科園,2887F台新戊特二,4,0,4
凱基科園,原相,5,1,4
凱基科園,三一東林,4,0,4
凱基科園,汎銓,5,1,4
凱基科園,精成科,16,12,4
凱基科園,技嘉,4,1,3
凱基科園,立積,4,1,3
凱基科園,00650L復華香港正2,8,399,-391
凱基科園,00980B台新特選IG債10+,10,168,-158
凱基科園,00715L期街口布蘭特正2,0,116,-116
凱基科園,00687B國泰20年美債,1,104,-103
凱基科園,力積電,18,84,-66
凱基科園,00929復華台灣科技優息,1,55,-54
凱基科園,華航,1,52,-51
凱基科園,00905FT臺灣Smart,0,40,-40
凱基科園,台積電,3,42,-39
凱基科園,00919群益台灣精選高息,7,42,-35
凱基科園,00937B群益ESG投等債20,22,52,-30
凱基科園,彩晶,0,25,-25
凱基科園,景碩,0,25,-25
凱基科園,采鈺,30,53,-23
凱基科園,玉山金,0,21,-21
凱基科園,智原,0,21,-21
凱基科園,鴻準,0,21,-21
凱基科園,00970B新光BBB投等債20,0,20,-20
凱基科園,映泰,0,20,-20
凱基科園,上詮,0,20,-20
凱基科園,00878國泰永續高股息,11,31,-20
凱基科園,欣銓,1,19,-18
凱基科園,00631L元大台灣50正2,9,27,-18
凱基科園,友達,15,32,-17
凱基科園,亞昕,0,17,-17
凱基科園,00892富邦台灣半導體,0,16,-16
凱基科園,台康生技,0,15,-15
凱基科園,永彰,0,14,-14
凱基科園,00852L國泰美國道瓊正2,0,13,-13
凱基科園,中華,1,13,-12
凱基科園,00692富邦公司治理,0,12,-12
凱基科園,金寶,0,11,-11
凱基科園,00894中信小資高價30,0,10,-10
凱基科園,00940元大台灣價值高息,1,11,-10
凱基科園,華南金,0,10,-10
凱基科園,006208富邦台50,1,10,-9
凱基科園,00670L富邦NASDAQ正2,10,19,-9
凱基科園,00675L富邦臺灣加權正2,5,14,-9
凱基科園,南亞,1,10,-9
凱基科園,光洋科,2,11,-9
凱基科園,00755B群益投資級公用債,0,8,-8
凱基科園,順達,7,14,-7
凱基科園,聯詠,0,7,-7
凱基科園,00679B元大美債20年,7,13,-6
凱基科園,00646元大S＆P500,0,6,-6
凱基科園,合一,0,6,-6
凱基科園,00891中信關鍵半導體,0,5,-5
凱基科園,00724B群益投資級金融債,0,5,-5
凱基科園,00688L國泰20年美債正2,0,5,-5
凱基科園,00954中信日本半導體,0,5,-5
凱基興隆,聯電,48,3,45
凱基興隆,辛耘,30,0,30
凱基興隆,台特化,27,0,27
凱基興隆,00937B群益ESG投等債20,24,0,24
凱基興隆,國建,20,0,20
凱基興隆,台灣高鐵,20,0,20
凱基興隆,佳能,21,2,19
凱基興隆,00878國泰永續高股息,21,2,19
凱基興隆,易發,16,0,16
凱基興隆,台塑化,15,2,13
凱基興隆,加百裕,57,45,12
凱基興隆,星宇航空,12,0,12
凱基興隆,南港,10,0,10
凱基興隆,旺宏,10,0,10
凱基興隆,致和證,10,0,10
凱基興隆,悅城,10,0,10
凱基興隆,長華*,10,0,10
凱基興隆,立積,10,0,10
凱基興隆,緯創,13,3,10
凱基興隆,00882中信中國高股息,9,0,9
凱基興隆,中鴻,10,1,9
凱基興隆,眾達-KY,13,5,8
凱基興隆,國喬,10,2,8
凱基興隆,裕隆,8,0,8
凱基興隆,兆豐金,8,0,8
凱基興隆,台境*,8,0,8
凱基興隆,00675L富邦臺灣加權正2,9,2,7
凱基興隆,環宇-KY,14,7,7
凱基興隆,力積電,8,1,7
凱基興隆,波若威,11,4,7
凱基興隆,欣興,6,1,5
凱基興隆,統一,5,0,5
凱基興隆,00725B國泰投資級公司債,5,0,5
凱基興隆,今皓,5,0,5
凱基興隆,華晶科,5,0,5
凱基興隆,熒茂,5,0,5
凱基興隆,弘凱,5,0,5
凱基興隆,擎亞,7,2,5
凱基興隆,南茂,6,1,5
凱基興隆,00919群益台灣精選高息,6,2,4
凱基興隆,聯鈞,11,7,4
凱基興隆,00923群益台ESG低碳50,4,0,4
凱基興隆,00922國泰台灣領袖50,4,0,4
凱基興隆,00632R元大台灣50反1,4,0,4
凱基興隆,晟銘電,6,2,4
凱基興隆,台星科,5,1,4
凱基興隆,岳豐,4,0,4
凱基興隆,亞光,5,2,3
凱基興隆,圓剛,3,0,3
凱基興隆,愛山林,5,2,3
凱基興隆,華南金,0,62,-62
凱基興隆,光環,1,55,-54
凱基興隆,00950B凱基A級公司債,1,48,-47
凱基興隆,新光金,0,38,-38
凱基興隆,00929復華台灣科技優息,0,26,-26
凱基興隆,00941中信上游半導體,0,25,-25
凱基興隆,富野,4,29,-25
凱基興隆,00952凱基台灣AI50,1,25,-24
凱基興隆,泰金寶-DR,3,27,-24
凱基興隆,宏達電,3,27,-24
凱基興隆,力麒,0,20,-20
凱基興隆,00945B凱基美國非投等債,1,20,-19
凱基興隆,神達,36,55,-19
凱基興隆,欣銓,0,18,-18
凱基興隆,元大台灣50,0,18,-18
凱基興隆,富喬,16,31,-15
凱基興隆,金寶,10,22,-12
凱基興隆,00965元大航太防衛科技,0,10,-10
凱基興隆,00972野村日本動能高息,0,10,-10
凱基興隆,00980B台新特選IG債10+,0,10,-10
凱基興隆,金雨,0,10,-10
凱基興隆,富威電力,0,10,-10
凱基興隆,台積電,4,13,-9
凱基興隆,海華,1,10,-9
凱基興隆,華孚,0,9,-9
凱基興隆,00940元大台灣價值高息,2,10,-8
凱基興隆,00930永豐ESG低碳高息,0,7,-7
凱基興隆,菱光,0,7,-7
凱基興隆,00637L元大滬深300正2,24,30,-6
凱基興隆,鴻準,1,7,-6
凱基興隆,柏騰,0,6,-6
凱基興隆,連展投控,0,6,-6
凱基興隆,大成鋼,0,6,-6
凱基興隆,00894中信小資高價30,0,5,-5
凱基興隆,東浦,0,5,-5
凱基興隆,欣陸,0,5,-5
凱基興隆,光鋐,5,10,-5
凱基興隆,群益證,0,5,-5
凱基興隆,鴻海,5,10,-5
凱基興隆,00918大華優利高填息30,3,7,-4
凱基興隆,00642U期元大S＆P石油,0,4,-4
凱基興隆,00712復華富時不動產,0,4,-4
凱基興隆,00896中信綠能及電動車,0,4,-4
凱基興隆,精湛,0,4,-4
凱基興隆,元大金,0,4,-4
凱基興隆,定穎投控,0,4,-4
凱基興隆,富邦金,0,3,-3
凱基興隆,友訊,0,3,-3
凱基興隆,00881國泰台灣5G+,0,3,-3
凱基興隆,00954中信日本半導體,0,3,-3
統一員林  ,00637L元大滬深300正2,156,0,156
統一員林  ,聯上,63,0,63
統一員林  ,全球傳動,40,0,40
統一員林  ,長榮,30,0,30
統一員林  ,大成鋼,26,2,24
統一員林  ,宏��,11,0,11
統一員林  ,00688L國泰20年美債正2,10,0,10
統一員林  ,00922國泰台灣領袖50,10,0,10
統一員林  ,00919群益台灣精選高息,10,0,10
統一員林  ,宏洲,9,0,9
統一員林  ,昇達科,19,10,9
統一員林  ,高技,10,1,9
統一員林  ,00753L中信中國50正2,7,0,7
統一員林  ,建漢,7,0,7
統一員林  ,三商壽,6,0,6
統一員林  ,00878國泰永續高股息,6,0,6
統一員林  ,00891中信關鍵半導體,5,0,5
統一員林  ,00918大華優利高填息30,5,0,5
統一員林  ,00915凱基優選高股息30,5,0,5
統一員林  ,00706L期元大S＆P日圓正2,5,0,5
統一員林  ,勝一,5,0,5
統一員林  ,裕隆,5,0,5
統一員林  ,原相,5,0,5
統一員林  ,聯電,6,2,4
統一員林  ,00965元大航太防衛科技,4,0,4
統一員林  ,正新,4,0,4
統一員林  ,廣明,4,0,4
統一員林  ,欣興,4,0,4
統一員林  ,00664R國泰臺灣加權反1,7,4,3
統一員林  ,材料-KY,3,0,3
統一員林  ,00953B群益優選非投等債,3,0,3
統一員林  ,光洋科,3,0,3
統一員林  ,長榮航,10,7,3
統一員林  ,永豐金,3,0,3
統一員林  ,晟銘電,3,0,3
統一員林  ,英濟,4,1,3
統一員林  ,精材,4,1,3
統一員林  ,大銀微系統,3,0,3
統一員林  ,眾達-KY,4,1,3
統一員林  ,立敦,24,21,3
統一員林  ,和椿,4,1,3
統一員林  ,安集,3,0,3
統一員林  ,00882中信中國高股息,2,0,2
統一員林  ,00655L國泰中國A50正2,2,0,2
統一員林  ,圓剛,3,1,2
統一員林  ,蔚華科,2,0,2
統一員林  ,銘異,2,0,2
統一員林  ,緯創,5,3,2
統一員林  ,威剛,2,0,2
統一員林  ,晶彩科,2,0,2
統一員林  ,00665L富邦�琤肭磪囓�2,16,154,-138
統一員林  ,泰山,0,35,-35
統一員林  ,力積電,10,44,-34
統一員林  ,盟立,0,30,-30
統一員林  ,精金,0,20,-20
統一員林  ,恆大,1,20,-19
統一員林  ,友達,0,19,-19
統一員林  ,美德醫療-DR,0,18,-18
統一員林  ,中石化,0,14,-14
統一員林  ,00852L國泰美國道瓊正2,0,13,-13
統一員林  ,鈺齊-KY,0,13,-13
統一員林  ,鴻海,4,16,-12
統一員林  ,00971野村美國研發龍頭,0,12,-12
統一員林  ,佳世達,0,10,-10
統一員林  ,良維,0,10,-10
統一員林  ,台積電,0,9,-9
統一員林  ,順達,0,7,-7
統一員林  ,亞泥,0,6,-6
統一員林  ,宏達電,12,18,-6
統一員林  ,凱基金,0,6,-6
統一員林  ,連展投控,0,6,-6
統一員林  ,台塑化,1,7,-6
統一員林  ,奇鋐,0,5,-5
統一員林  ,光寶科,0,5,-5
統一員林  ,彬台,9,14,-5
統一員林  ,彩晶,0,5,-5
統一員林  ,迅得,0,5,-5
統一員林  ,長佳智能,0,5,-5
統一員林  ,建暐,0,5,-5
統一員林  ,遠東新,0,4,-4
統一員林  ,宏遠,0,4,-4
統一員林  ,凌陽,0,4,-4
統一員林  ,日月光投控,3,7,-4
統一員林  ,聯光通,320,324,-4
統一員林  ,前鼎,0,4,-4
統一員林  ,泰鼎-KY,0,4,-4
統一員林  ,力新,0,4,-4
統一員林  ,華城,2,6,-4
統一員林  ,00887永豐中國科技50大,0,3,-3
統一員林  ,富喬,12,15,-3
統一員林  ,龍邦,0,3,-3
統一員林  ,日電貿,0,3,-3
統一員林  ,谷崧,0,3,-3
統一員林  ,神達,9,12,-3
統一員林  ,漢磊,0,3,-3
統一員林  ,百一,0,3,-3
統一員林  ,全福生技,0,3,-3
統一員林  ,興能高,11,14,-3
統一員林  ,00929復華台灣科技優息,0,3,-3
統一員林  ,鉅陞,0,2,-2
康和澎湖,00910第一金太空衛星,100,0,100
康和澎湖,萬旭,33,0,33
康和澎湖,康和證,30,0,30
康和澎湖,宏達電,44,21,23
康和澎湖,立敦,23,0,23
康和澎湖,00878國泰永續高股息,22,0,22
康和澎湖,00895富邦未來車,20,0,20
康和澎湖,聯成,20,0,20
康和澎湖,00909國泰數位支付服務,20,0,20
康和澎湖,宏��,17,0,17
康和澎湖,光洋科,21,5,16
康和澎湖,00971野村美國研發龍頭,15,0,15
康和澎湖,聯電,28,14,14
康和澎湖,昇陽半導體,11,0,11
康和澎湖,00937B群益ESG投等債20,10,0,10
康和澎湖,世界,10,0,10
康和澎湖,00919群益台灣精選高息,9,0,9
康和澎湖,鴻海,11,3,8
康和澎湖,廣宇,16,8,8
康和澎湖,京元電子,9,2,7
康和澎湖,海華,6,0,6
康和澎湖,00917中信特選金融,5,0,5
康和澎湖,元大MSCI金融,5,0,5
康和澎湖,台塑,6,1,5
康和澎湖,旺宏,5,0,5
康和澎湖,展達,5,0,5
康和澎湖,能率,10,5,5
康和澎湖,矽瑪,4,0,4
康和澎湖,擎亞,6,2,4
康和澎湖,南茂,4,0,4
康和澎湖,力山,3,0,3
康和澎湖,凌陽,3,0,3
康和澎湖,臺企銀,3,0,3
康和澎湖,揚智,4,1,3
康和澎湖,光環,3,0,3
康和澎湖,世禾,3,0,3
康和澎湖,東台,3,0,3
康和澎湖,迅得,4,1,3
康和澎湖,ABC-KY,4,1,3
康和澎湖,00713元大台灣高息低波,2,0,2
康和澎湖,鴻華先進-創,2,0,2
康和澎湖,緯創,4,2,2
康和澎湖,00926凱基全球菁英55,2,0,2
康和澎湖,濱川,2,0,2
康和澎湖,駿吉-KY,5,3,2
康和澎湖,台玻,2,0,2
康和澎湖,昆盈,2,0,2
康和澎湖,佳能,2,0,2
康和澎湖,連展投控,2,0,2
康和澎湖,新唐,2,0,2
康和澎湖,00712復華富時不動產,0,56,-56
康和澎湖,宏致,1,37,-36
康和澎湖,耿鼎,0,28,-28
康和澎湖,圓剛,1,26,-25
康和澎湖,南亞科,0,23,-23
康和澎湖,00631L元大台灣50正2,0,11,-11
康和澎湖,友達,1,11,-10
康和澎湖,第一金,0,10,-10
康和澎湖,台星科,0,10,-10
康和澎湖,穎漢,0,10,-10
康和澎湖,時碩工業,0,10,-10
康和澎湖,泰金寶-DR,0,10,-10
康和澎湖,萬泰科,0,8,-8
康和澎湖,大亞,0,7,-7
康和澎湖,華泰,0,7,-7
康和澎湖,華航,0,7,-7
康和澎湖,聯合再生,0,7,-7
康和澎湖,雷科,0,7,-7
康和澎湖,光寶科,0,6,-6
康和澎湖,上詮,0,6,-6
康和澎湖,群創,3,9,-6
康和澎湖,中租-KY,5,11,-6
康和澎湖,台泥,0,5,-5
康和澎湖,00966B統一ESG投等債15,0,5,-5
康和澎湖,承啟,0,5,-5
康和澎湖,聯昌,0,5,-5
康和澎湖,00830國泰費城半導體,0,5,-5
康和澎湖,台積電,0,4,-4
康和澎湖,晶豪科,0,4,-4
康和澎湖,欣銓,1,5,-4
康和澎湖,日月光投控,1,5,-4
康和澎湖,正文,0,4,-4
康和澎湖,新盛力,11,15,-4
康和澎湖,新光金,0,4,-4
康和澎湖,00757統一FANG+,0,3,-3
康和澎湖,國喬,0,3,-3
康和澎湖,華新,1,4,-3
康和澎湖,華榮,0,3,-3
康和澎湖,喬山,0,3,-3
康和澎湖,尼克森,0,3,-3
康和澎湖,惠特,0,3,-3
康和澎湖,堤維西,0,2,-2
康和澎湖,卜蜂,0,2,-2
康和澎湖,亞聚,0,2,-2
康和澎湖,華夏,0,2,-2
康和澎湖,和成,0,2,-2
康和澎湖,裕隆,0,2,-2
康和澎湖,大同,0,2,-2
康和澎湖,華南金,0,2,-2
康和澎湖,富邦金,0,2,-2
華南基隆,聯電,190,60,130
華南基隆,恆大,125,25,100
華南基隆,台新金,60,1,59
華南基隆,耿鼎,32,0,32
華南基隆,愛山林,31,0,31
華南基隆,00637L元大滬深300正2,25,0,25
華南基隆,00687B國泰20年美債,24,1,23
華南基隆,連展投控,37,15,22
華南基隆,波若威,39,18,21
華南基隆,精誠,21,0,21
華南基隆,大洋,20,0,20
華南基隆,新光金,20,0,20
華南基隆,陽明,31,14,17
華南基隆,富喬,38,22,16
華南基隆,彰銀,16,0,16
華南基隆,立敦,25,10,15
華南基隆,00725B國泰投資級公司債,15,0,15
華南基隆,00887永豐中國科技50大,17,2,15
華南基隆,允強,15,0,15
華南基隆,00878國泰永續高股息,18,3,15
華南基隆,亞光,19,5,14
華南基隆,立��,22,8,14
華南基隆,00924復華S＆P500成長,12,0,12
華南基隆,英業達,13,1,12
華南基隆,所羅門,12,0,12
華南基隆,聯鈞,32,21,11
華南基隆,玉晶光,11,0,11
華南基隆,世界,11,0,11
華南基隆,橘子,11,0,11
華南基隆,佳能,17,6,11
華南基隆,昇達科,15,4,11
華南基隆,台積電,36,25,11
華南基隆,泰金寶-DR,24,14,10
華南基隆,圓剛,15,5,10
華南基隆,誠美材,10,0,10
華南基隆,弘凱,11,1,10
華南基隆,艾訊,10,0,10
華南基隆,元大高股息,23,13,10
華南基隆,第一金,9,0,9
華南基隆,欣興,12,3,9
華南基隆,一詮,10,1,9
華南基隆,新盛力,43,34,9
華南基隆,京元電子,9,0,9
華南基隆,台塑,10,1,9
華南基隆,00937B群益ESG投等債20,8,0,8
華南基隆,兆豐金,8,0,8
華南基隆,寶成,8,0,8
華南基隆,彩晶,10,2,8
華南基隆,00673R期元大S＆P原油反1,10,2,8
華南基隆,台玻,8,0,8
華南基隆,中鴻,1,312,-311
華南基隆,神達,49,179,-130
華南基隆,00929復華台灣科技優息,0,128,-128
華南基隆,華航,2,66,-64
華南基隆,大同,6,66,-60
華南基隆,00905FT臺灣Smart,1,44,-43
華南基隆,凱基金,11,38,-27
華南基隆,宏達電,76,103,-27
華南基隆,00679B元大美債20年,6,30,-24
華南基隆,華南金,0,22,-22
華南基隆,00712復華富時不動產,0,21,-21
華南基隆,鴻海,12,32,-20
華南基隆,立隆電,12,32,-20
華南基隆,東元,0,20,-20
華南基隆,00953B群益優選非投等債,0,20,-20
華南基隆,00949復華日本龍頭,0,20,-20
華南基隆,群創,2,21,-19
華南基隆,三商壽,2,21,-19
華南基隆,00922國泰台灣領袖50,0,18,-18
華南基隆,台特化,1,19,-18
華南基隆,順達,13,30,-17
華南基隆,長榮,3,20,-17
華南基隆,欣銓,2,18,-16
華南基隆,00701國泰股利精選30,0,15,-15
華南基隆,首利,0,14,-14
華南基隆,事欣科,0,14,-14
華南基隆,宏致,3,17,-14
華南基隆,華邦電,2,14,-12
華南基隆,金山電,3,15,-12
華南基隆,亞翔,1,13,-12
華南基隆,00918大華優利高填息30,4,15,-11
華南基隆,華容,0,11,-11
華南基隆,奇鋐,4,15,-11
華南基隆,鈺齊-KY,0,10,-10
華南基隆,中興電,8,18,-10
華南基隆,南亞科,0,10,-10
華南基隆,昇貿,0,10,-10
華南基隆,精材,2,12,-10
華南基隆,龍德造船,1,11,-10
華南基隆,朋億*,1,10,-9
華南基隆,00885富邦越南,0,9,-9
華南基隆,長佳,4,13,-9
華南基隆,群益證,2,11,-9
華南基隆,中鋼,6,15,-9
華南基隆,精成科,1,9,-8
華南基隆,雷虎,9,17,-8
華南基隆,中華電,0,8,-8
華南基隆,006208富邦台50,1,8,-7
華南基隆,泰鼎-KY,2,9,-7
華南基隆,長榮航,6,13,-7
合庫西台,00753L中信中國50正2,206,2,204
合庫西台,聯電,154,11,143
合庫西台,00665L富邦�琤肭磪囓�2,140,0,140
合庫西台,00637L元大滬深300正2,126,0,126
合庫西台,眾達-KY,89,7,82
合庫西台,00918大華優利高填息30,65,1,64
合庫西台,加百裕,222,166,56
合庫西台,00919群益台灣精選高息,58,4,54
合庫西台,第一金,51,0,51
合庫西台,台火,28,0,28
合庫西台,00948B中信優息投資級債,26,0,26
合庫西台,皇昌,19,0,19
合庫西台,玉山金,20,2,18
合庫西台,欣銓,24,7,17
合庫西台,00878國泰永續高股息,22,5,17
合庫西台,00664R國泰臺灣加權反1,16,0,16
合庫西台,緯創,33,18,15
合庫西台,星宇航空,15,0,15
合庫西台,泰金寶-DR,47,32,15
合庫西台,富喬,19,5,14
合庫西台,元大高股息,35,21,14
合庫西台,00636國泰中國A50,13,0,13
合庫西台,銳澤,12,0,12
合庫西台,寶一,12,0,12
合庫西台,全球傳動,11,0,11
合庫西台,高端疫苗,11,0,11
合庫西台,南亞科,10,0,10
合庫西台,華建,10,0,10
合庫西台,岳豐,10,0,10
合庫西台,慶豐富,10,0,10
合庫西台,華星光,31,22,9
合庫西台,順達,23,15,8
合庫西台,台灣銘板,8,0,8
合庫西台,00639富邦深100,7,0,7
合庫西台,00858永豐美國500大,7,0,7
合庫西台,台泥,7,0,7
合庫西台,金麗科,8,1,7
合庫西台,譁裕,7,0,7
合庫西台,鴻海,33,26,7
合庫西台,惠特,6,0,6
合庫西台,宇環,8,2,6
合庫西台,聯德控股-KY,6,0,6
合庫西台,立敦,24,18,6
合庫西台,昇達科,9,3,6
合庫西台,驊訊,10,5,5
合庫西台,00971野村美國研發龍頭,5,0,5
合庫西台,裕民,5,0,5
合庫西台,佰鴻,5,0,5
合庫西台,德微,5,0,5
合庫西台,聯光通,22,17,5
合庫西台,00929復華台灣科技優息,1,137,-136
合庫西台,群創,0,102,-102
合庫西台,光寶科,1,42,-41
合庫西台,00951台新日本半導體,0,36,-36
合庫西台,00934中信成長高股息,0,32,-32
合庫西台,神達,45,77,-32
合庫西台,旺宏,0,30,-30
合庫西台,定穎投控,1,31,-30
合庫西台,宏達電,138,164,-26
合庫西台,00675L富邦臺灣加權正2,1,27,-26
合庫西台,凱基金,16,38,-22
合庫西台,國建,0,20,-20
合庫西台,彰銀,0,20,-20
合庫西台,太極,0,20,-20
合庫西台,僑威,0,19,-19
合庫西台,006208富邦台50,1,19,-18
合庫西台,廣宇,4,21,-17
合庫西台,力積電,55,72,-17
合庫西台,00751B元大AAA至A公司債,2,18,-16
合庫西台,穩懋,0,16,-16
合庫西台,遠東銀,0,15,-15
合庫西台,立��,12,26,-14
合庫西台,威盛,3,16,-13
合庫西台,漢翔,0,13,-13
合庫西台,興能高,104,115,-11
合庫西台,台虹,0,11,-11
合庫西台,00673R期元大S＆P原油反1,0,10,-10
合庫西台,00770國泰北美科技,1,11,-10
合庫西台,00943兆豐電子高息等權,0,10,-10
合庫西台,弘凱,0,10,-10
合庫西台,台灣虎航,0,9,-9
合庫西台,00895富邦未來車,1,10,-9
合庫西台,圓剛,1,10,-9
合庫西台,宏致,17,26,-9
合庫西台,00733富邦臺灣中小,0,8,-8
合庫西台,卜蜂,0,8,-8
合庫西台,00931B統一美債20年,1,8,-7
合庫西台,神基,0,7,-7
合庫西台,榮剛,0,7,-7
合庫西台,長榮,3,10,-7
合庫西台,長榮航,2,9,-7
合庫西台,台積電,3,10,-7
合庫西台,金像電,0,6,-6
合庫西台,元大台灣50,0,6,-6
合庫西台,00903富邦元宇宙,0,6,-6
合庫西台,金寶,2,8,-6
合庫西台,新光金,6,12,-6
合庫西台,正達,0,6,-6
合庫西台,新日興,2,7,-5
合庫西台,岱宇,0,5,-5
 元富基隆,聯電,48,7,41
 元富基隆,海華,23,1,22
 元富基隆,00669R國泰美國道瓊反1,20,0,20
 元富基隆,第一金,20,0,20
 元富基隆,矽統,17,0,17
 元富基隆,00919群益台灣精選高息,14,0,14
 元富基隆,國建,11,0,11
 元富基隆,00933B國泰10Y+金融債,10,0,10
 元富基隆,緯創,15,5,10
 元富基隆,00673R期元大S＆P原油反1,10,0,10
 元富基隆,炎洲,10,0,10
 元富基隆,00882中信中國高股息,20,11,9
 元富基隆,擎亞,9,0,9
 元富基隆,力積電,12,4,8
 元富基隆,優盛,7,0,7
 元富基隆,00946群益科技高息成長,6,0,6
 元富基隆,松崗,6,0,6
 元富基隆,興能高,22,16,6
 元富基隆,高力,6,0,6
 元富基隆,00885富邦越南,5,0,5
 元富基隆,太設,5,0,5
 元富基隆,長榮航,5,0,5
 元富基隆,光環,6,1,5
 元富基隆,加百裕,8,3,5
 元富基隆,華容,5,0,5
 元富基隆,百和,5,0,5
 元富基隆,廣達,6,1,5
 元富基隆,富邦金,5,0,5
 元富基隆,展宇,4,0,4
 元富基隆,冠德,4,0,4
 元富基隆,天虹,4,0,4
 元富基隆,波若威,5,2,3
 元富基隆,00923群益台ESG低碳50,4,1,3
 元富基隆,00664R國泰臺灣加權反1,3,0,3
 元富基隆,美時,3,0,3
 元富基隆,寒舍,3,0,3
 元富基隆,彰銀,3,0,3
 元富基隆,亞光,4,1,3
 元富基隆,玉晶光,5,2,3
 元富基隆,聯鈞,9,6,3
 元富基隆,陽程,3,0,3
 元富基隆,連展投控,5,2,3
 元富基隆,全球傳動,3,0,3
 元富基隆,宏齊,3,0,3
 元富基隆,佳邦,3,0,3
 元富基隆,康霈*,4,1,3
 元富基隆,00915凱基優選高股息30,2,0,2
 元富基隆,00937B群益ESG投等債20,8,6,2
 元富基隆,00722B群益投資級電信債,2,0,2
 元富基隆,台泥,2,0,2
 元富基隆,00980B台新特選IG債10+,0,249,-249
 元富基隆,神達,36,91,-55
 元富基隆,00929復華台灣科技優息,1,53,-52
 元富基隆,00679B元大美債20年,0,25,-25
 元富基隆,華南金,0,20,-20
 元富基隆,友達,0,17,-17
 元富基隆,欣銓,3,17,-14
 元富基隆,泰鼎-KY,0,14,-14
 元富基隆,凱基金,1,15,-14
 元富基隆,台達電,0,14,-14
 元富基隆,國泰金,0,12,-12
 元富基隆,富喬,0,11,-11
 元富基隆,00970B新光BBB投等債20,0,10,-10
 元富基隆,006208富邦台50,0,9,-9
 元富基隆,00878國泰永續高股息,6,15,-9
 元富基隆,00905FT臺灣Smart,0,9,-9
 元富基隆,00936台新永續高息中小,1,10,-9
 元富基隆,00965元大航太防衛科技,0,9,-9
 元富基隆,00947台新臺灣IC設計,0,8,-8
 元富基隆,上詮,0,8,-8
 元富基隆,裕隆,3,10,-7
 元富基隆,台積電,0,6,-6
 元富基隆,南亞科,2,8,-6
 元富基隆,宏達電,10,16,-6
 元富基隆,新盛力,58,64,-6
 元富基隆,能率,0,6,-6
 元富基隆,鴻準,1,6,-5
 元富基隆,英業達,1,6,-5
 元富基隆,昆盈,0,5,-5
 元富基隆,文曄,0,5,-5
 元富基隆,聰泰,0,5,-5
 元富基隆,新華,0,5,-5
 元富基隆,華城,0,5,-5
 元富基隆,00926凱基全球菁英55,0,4,-4
 元富基隆,大同,1,5,-4
 元富基隆,威健,0,4,-4
 元富基隆,順達,0,4,-4
 元富基隆,明泰,0,4,-4
 元富基隆,智擎,0,4,-4
 元富基隆,北基,0,4,-4
 元富基隆,元大高股息,1,5,-4
 元富基隆,00740B富邦全球投等債,0,3,-3
 元富基隆,中興電,0,3,-3
 元富基隆,光寶科,0,3,-3
 元富基隆,華通,8,11,-3
 元富基隆,精英,0,3,-3
 元富基隆,海悅,1,4,-3
 元富基隆,敦泰,0,3,-3
 元富基隆,東台,0,3,-3
 元富基隆,邁達特,0,3,-3
永豐天母,00931B統一美債20年,175,0,175
永豐天母,00676R富邦臺灣加權反1,100,0,100
永豐天母,00937B群益ESG投等債20,101,15,86
永豐天母,聯電,478,403,75
永豐天母,矽瑪,48,0,48
永豐天母,00637L元大滬深300正2,46,1,45
永豐天母,福懋油,44,0,44
永豐天母,緯創,46,5,41
永豐天母,立端,46,8,38
永豐天母,00752中信中國50,37,0,37
永豐天母,00959B大華投等美債15Y+,40,5,35
永豐天母,00919群益台灣精選高息,34,4,30
永豐天母,精成科,39,12,27
永豐天母,永豐餘,25,0,25
永豐天母,耿鼎,21,0,21
永豐天母,日月光投控,24,3,21
永豐天母,冠德,21,1,20
永豐天母,泰金寶-DR,52,32,20
永豐天母,雷虎,20,1,19
永豐天母,全新,61,42,19
永豐天母,永光,16,0,16
永豐天母,皇昌,16,0,16
永豐天母,中鋼,14,0,14
永豐天母,濱川,14,1,13
永豐天母,晶彩科,16,3,13
永豐天母,宏齊,13,0,13
永豐天母,元大高股息,13,0,13
永豐天母,合庫金,11,0,11
永豐天母,00632R元大台灣50反1,11,0,11
永豐天母,00687B國泰20年美債,12,1,11
永豐天母,00980B台新特選IG債10+,10,0,10
永豐天母,光洋科,10,0,10
永豐天母,加百裕,61,51,10
永豐天母,致和證,10,0,10
永豐天母,00706L期元大S＆P日圓正2,9,0,9
永豐天母,台泥,9,0,9
永豐天母,大銀微系統,19,10,9
永豐天母,昇陽半導體,9,0,9
永豐天母,新盛力,103,95,8
永豐天母,愛普*,9,1,8
永豐天母,00917中信特選金融,8,0,8
永豐天母,00918大華優利高填息30,17,10,7
永豐天母,力成,11,4,7
永豐天母,00830國泰費城半導體,8,1,7
永豐天母,技嘉,6,0,6
永豐天母,群光,6,0,6
永豐天母,海華,10,4,6
永豐天母,新應材,6,0,6
永豐天母,啟��,7,1,6
永豐天母,00662富邦NASDAQ,5,0,5
永豐天母,00953B群益優選非投等債,2,450,-448
永豐天母,新纖,130,315,-185
永豐天母,新日興,8,172,-164
永豐天母,力積電,22,96,-74
永豐天母,威鋒電子,0,59,-59
永豐天母,望隼,0,50,-50
永豐天母,華通,11,52,-41
永豐天母,2891C中信金丙特,0,40,-40
永豐天母,艾訊,0,33,-33
永豐天母,00939統一台灣高息動能,0,32,-32
永豐天母,毛寶,0,30,-30
永豐天母,長榮航,0,28,-28
永豐天母,臻鼎-KY,1,26,-25
永豐天母,00929復華台灣科技優息,1,25,-24
永豐天母,欣銓,10,34,-24
永豐天母,00675L富邦臺灣加權正2,3,24,-21
永豐天母,海光,5,25,-20
永豐天母,華星光,36,55,-19
永豐天母,亞翔,7,25,-18
永豐天母,神達,69,86,-17
永豐天母,00893國泰智能電動車,0,17,-17
永豐天母,星宇航空,0,15,-15
永豐天母,僑威,9,24,-15
永豐天母,台達電,1,16,-15
永豐天母,南亞,0,14,-14
永豐天母,006208富邦台50,2,16,-14
永豐天母,00910第一金太空衛星,1,15,-14
永豐天母,順達,18,30,-12
永豐天母,凱基金,0,12,-12
永豐天母,定穎投控,0,11,-11
永豐天母,南紡,0,10,-10
永豐天母,廣宇,0,10,-10
永豐天母,美食-KY,0,10,-10
永豐天母,臺企銀,0,10,-10
永豐天母,遠東銀,1,11,-10
永豐天母,大眾控,0,10,-10
永豐天母,光聖,0,10,-10
永豐天母,宏觀,0,10,-10
永豐天母,寶成,0,10,-10
永豐天母,00757統一FANG+,3,13,-10
永豐天母,00941中信上游半導體,0,9,-9
永豐天母,興能高,91,100,-9
永豐天母,00692富邦公司治理,2,11,-9
永豐天母,富邦金,15,24,-9
永豐天母,龍德造船,0,8,-8
永豐天母,台塑,0,8,-8
永豐天母,名軒,13,21,-8
永豐天母,南帝,0,8,-8
永豐天母,系統電,0,8,-8
永豐天母,大同,3,10,-7
富邦虎尾,聯電,203,3,200
富邦虎尾,台泥,100,0,100
富邦虎尾,00852L國泰美國道瓊正2,90,0,90
富邦虎尾,廣達,81,3,78
富邦虎尾,力積電,60,10,50
富邦虎尾,00676R富邦臺灣加權反1,36,0,36
富邦虎尾,元大高股息,30,3,27
富邦虎尾,連展投控,29,3,26
富邦虎尾,聰泰,32,12,20
富邦虎尾,中石化,22,3,19
富邦虎尾,吉茂,18,0,18
富邦虎尾,陽明,21,6,15
富邦虎尾,欣興,12,0,12
富邦虎尾,中信金,12,1,11
富邦虎尾,和碩,10,0,10
富邦虎尾,00706L期元大S＆P日圓正2,10,0,10
富邦虎尾,2002A中鋼特,10,0,10
富邦虎尾,中鴻,19,9,10
富邦虎尾,聚亨,10,0,10
富邦虎尾,友訊,10,0,10
富邦虎尾,雷科,10,0,10
富邦虎尾,精誠,10,0,10
富邦虎尾,緯創,11,2,9
富邦虎尾,廣宇,10,1,9
富邦虎尾,00878國泰永續高股息,31,22,9
富邦虎尾,大同,15,7,8
富邦虎尾,00665L富邦�琤肭磪囓�2,16,8,8
富邦虎尾,致和證,8,0,8
富邦虎尾,兆豐金,8,0,8
富邦虎尾,新日興,8,1,7
富邦虎尾,國泰金,18,12,6
富邦虎尾,英業達,6,0,6
富邦虎尾,00753L中信中國50正2,6,0,6
富邦虎尾,00924復華S＆P500成長,6,0,6
富邦虎尾,聯發國際,6,0,6
富邦虎尾,加百裕,9,3,6
富邦虎尾,律勝,6,0,6
富邦虎尾,永崴投控,6,0,6
富邦虎尾,啟��,5,0,5
富邦虎尾,00887永豐中國科技50大,5,0,5
富邦虎尾,堤維西,5,0,5
富邦虎尾,台玻,5,0,5
富邦虎尾,中鋼,6,1,5
富邦虎尾,兆赫,5,0,5
富邦虎尾,榮創,5,0,5
富邦虎尾,鄉林,5,0,5
富邦虎尾,驊訊,5,0,5
富邦虎尾,事欣科,5,0,5
富邦虎尾,順達,8,4,4
富邦虎尾,00940元大台灣價值高息,5,1,4
富邦虎尾,00967B元大優息美債,0,200,-200
富邦虎尾,欣銓,8,93,-85
富邦虎尾,00980B台新特選IG債10+,0,69,-69
富邦虎尾,00712復華富時不動產,2,42,-40
富邦虎尾,興能高,58,97,-39
富邦虎尾,00929復華台灣科技優息,3,42,-39
富邦虎尾,神達,32,67,-35
富邦虎尾,能率,5,31,-26
富邦虎尾,00687B國泰20年美債,0,25,-25
富邦虎尾,新光金,0,25,-25
富邦虎尾,建德工業,0,25,-25
富邦虎尾,富邦金,0,22,-22
富邦虎尾,神隆,0,20,-20
富邦虎尾,00965元大航太防衛科技,1,20,-19
富邦虎尾,00915凱基優選高股息30,1,20,-19
富邦虎尾,00918大華優利高填息30,6,24,-18
富邦虎尾,泰金寶-DR,3,21,-18
富邦虎尾,可成,0,16,-16
富邦虎尾,凱基金,0,16,-16
富邦虎尾,群創,0,16,-16
富邦虎尾,波若威,19,33,-14
富邦虎尾,00951台新日本半導體,1,14,-13
富邦虎尾,鴻海,9,22,-13
富邦虎尾,彰銀,10,22,-12
富邦虎尾,00922國泰台灣領袖50,0,12,-12
富邦虎尾,冠軍,0,11,-11
富邦虎尾,光環,0,10,-10
富邦虎尾,00751B元大AAA至A公司債,0,10,-10
富邦虎尾,00720B元大投資級公司債,0,10,-10
富邦虎尾,00970B新光BBB投等債20,0,10,-10
富邦虎尾,亞聚,0,10,-10
富邦虎尾,尚凡*,0,10,-10
富邦虎尾,大井泵浦,0,10,-10
富邦虎尾,00941中信上游半導體,1,10,-9
富邦虎尾,IKKA-KY,0,9,-9
富邦虎尾,鴻準,2,11,-9
富邦虎尾,瀚宇博,1,10,-9
富邦虎尾,00919群益台灣精選高息,13,21,-8
富邦虎尾,00728第一金工業30,0,8,-8
富邦虎尾,00935野村臺灣新科技50,0,8,-8
富邦虎尾,中興電,1,9,-8
富邦虎尾,和椿,1,8,-7
富邦虎尾,00631L元大台灣50正2,0,7,-7
富邦虎尾,00921兆豐龍頭等權重,0,7,-7
富邦虎尾,友達,7,14,-7
富邦虎尾,廣明,2,9,-7
富邦虎尾,00937B群益ESG投等債20,2,8,-6
富邦虎尾,台勝科,0,6,-6
富邦虎尾,華通,4,10,-6
富邦虎尾,大成鋼,6,12,-6
 元大忠鼎,欣銓,2796,1872,924
 元大忠鼎,華星光,553,60,493
 元大忠鼎,雷虎,55,0,55
 元大忠鼎,大成鋼,53,0,53
 元大忠鼎,聯鈞,65,15,50
 元大忠鼎,科妍,36,0,36
 元大忠鼎,新日興,41,6,35
 元大忠鼎,原相,30,0,30
 元大忠鼎,台積電,29,2,27
 元大忠鼎,昇陽半導體,75,52,23
 元大忠鼎,00919群益台灣精選高息,16,0,16
 元大忠鼎,00637L元大滬深300正2,22,10,12
 元大忠鼎,聯電,13,2,11
 元大忠鼎,IKKA-KY,10,0,10
 元大忠鼎,精材,11,1,10
 元大忠鼎,晟德,8,0,8
 元大忠鼎,00918大華優利高填息30,7,0,7
 元大忠鼎,世芯-KY,6,0,6
 元大忠鼎,00915凱基優選高股息30,5,0,5
 元大忠鼎,聯詠,5,0,5
 元大忠鼎,錦明,5,0,5
 元大忠鼎,精成科,5,0,5
 元大忠鼎,康霈*,5,0,5
 元大忠鼎,元大台灣50,4,0,4
 元大忠鼎,緯創,3,0,3
 元大忠鼎,00830國泰費城半導體,3,0,3
 元大忠鼎,聯亞,3,0,3
 元大忠鼎,立��,4,1,3
 元大忠鼎,上詮,2,0,2
 元大忠鼎,創意,2,0,2
 元大忠鼎,廣達,2,0,2
 元大忠鼎,00900富邦特選高股息30,2,0,2
 元大忠鼎,東鹼,2,0,2
 元大忠鼎,三芳,3,1,2
 元大忠鼎,鴻準,2,0,2
 元大忠鼎,裕民,2,0,2
 元大忠鼎,英濟,2,0,2
 元大忠鼎,永彰,2,0,2
 元大忠鼎,高技,2,0,2
 元大忠鼎,保瑞,2,0,2
 元大忠鼎,力積電,2,0,2
 元大忠鼎,采鈺,2,0,2
 元大忠鼎,英業達,1,0,1
 元大忠鼎,中鋼,1,0,1
 元大忠鼎,中石化,1,0,1
 元大忠鼎,00878國泰永續高股息,1,0,1
 元大忠鼎,00895富邦未來車,1,0,1
 元大忠鼎,華通,1,0,1
 元大忠鼎,凌陽,1,0,1
 元大忠鼎,建準,1,0,1
 元大忠鼎,群創,0,100,-100
 元大忠鼎,00633L富邦上証正2,0,60,-60
 元大忠鼎,00951台新日本半導體,0,50,-50
 元大忠鼎,鴻海,0,41,-41
 元大忠鼎,00929復華台灣科技優息,0,30,-30
 元大忠鼎,亞光,0,20,-20
 元大忠鼎,網家,0,20,-20
 元大忠鼎,貿聯-KY,0,11,-11
 元大忠鼎,皇昌,0,10,-10
 元大忠鼎,環宇-KY,0,10,-10
 元大忠鼎,立敦,0,9,-9
 元大忠鼎,智邦,0,8,-8
 元大忠鼎,台光電,0,7,-7
 元大忠鼎,大同,0,6,-6
 元大忠鼎,00888永豐台灣ESG,0,5,-5
 元大忠鼎,中鴻,0,5,-5
 元大忠鼎,華建,0,5,-5
 元大忠鼎,建漢,0,5,-5
 元大忠鼎,宇智,0,5,-5
 元大忠鼎,富強鑫,0,5,-5
 元大忠鼎,蜜望實,0,5,-5
 元大忠鼎,千興,0,4,-4
 元大忠鼎,00701國泰股利精選30,0,4,-4
 元大忠鼎,00941中信上游半導體,0,4,-4
 元大忠鼎,元翎,0,4,-4
 元大忠鼎,毛寶,0,3,-3
 元大忠鼎,00922國泰台灣領袖50,0,3,-3
 元大忠鼎,台塑,0,3,-3
 元大忠鼎,華南金,0,3,-3
 元大忠鼎,富邦金,0,3,-3
 元大忠鼎,星通,0,3,-3
 元大忠鼎,西勝,0,3,-3
 元大忠鼎,光菱,0,3,-3
 元大忠鼎,廣積,0,3,-3
 元大忠鼎,嘉澤,0,2,-2
 元大忠鼎,為升,0,2,-2
 元大忠鼎,00924復華S＆P500成長,0,2,-2
 元大忠鼎,宏達電,31,33,-2
 元大忠鼎,華航,0,2,-2
 元大忠鼎,文曄,0,2,-2
 元大忠鼎,辛耘,0,2,-2
 元大忠鼎,台特化,0,2,-2
 元大忠鼎,乙盛-KY,0,2,-2
 元大忠鼎,矽格,0,2,-2
 元大忠鼎,菱光,0,2,-2
 元大忠鼎,元大高股息,0,2,-2
 元大忠鼎,飛捷,0,1,-1
 元大忠鼎,00757統一FANG+,0,1,-1
 元大忠鼎,台達電,0,1,-1
 元大忠鼎,彰源,0,1,-1
兆豐松德,力積電,182,21,161
兆豐松德,泰金寶-DR,120,5,115
兆豐松德,00665L富邦�琤肭磪囓�2,100,0,100
兆豐松德,台積電,39,4,35
兆豐松德,精材,31,3,28
兆豐松德,彬台,27,0,27
兆豐松德,景碩,20,0,20
兆豐松德,00783富邦中証500,17,0,17
兆豐松德,聰泰,17,1,16
兆豐松德,00922國泰台灣領袖50,15,0,15
兆豐松德,00937B群益ESG投等債20,13,0,13
兆豐松德,00637L元大滬深300正2,817,804,13
兆豐松德,00650L復華香港正2,12,0,12
兆豐松德,00924復華S＆P500成長,11,0,11
兆豐松德,00943兆豐電子高息等權,10,0,10
兆豐松德,懷特,10,0,10
兆豐松德,眾達-KY,16,6,10
兆豐松德,聯電,17,7,10
兆豐松德,聯光通,11,3,8
兆豐松德,00905FT臺灣Smart,10,3,7
兆豐松德,00632R元大台灣50反1,6,0,6
兆豐松德,寶成,6,0,6
兆豐松德,華新科,5,0,5
兆豐松德,星宇航空,5,0,5
兆豐松德,統一超,5,0,5
兆豐松德,華義,5,0,5
兆豐松德,神達,19,14,5
兆豐松德,新保,5,0,5
兆豐松德,亞光,12,8,4
兆豐松德,映泰,4,0,4
兆豐松德,富采,4,0,4
兆豐松德,健喬,4,0,4
兆豐松德,聯華食,3,0,3
兆豐松德,信錦,3,0,3
兆豐松德,旺宏,3,0,3
兆豐松德,智邦,4,1,3
兆豐松德,宏達電,15,12,3
兆豐松德,台灣大,3,0,3
兆豐松德,緯創,7,4,3
兆豐松德,連展投控,3,0,3
兆豐松德,凌華,3,0,3
兆豐松德,天擎,3,0,3
兆豐松德,成霖,3,0,3
兆豐松德,00687B國泰20年美債,745,742,3
兆豐松德,00919群益台灣精選高息,2,0,2
兆豐松德,欣興,2,0,2
兆豐松德,00945B凱基美國非投等債,2,0,2
兆豐松德,00960野村全球航運龍頭,2,0,2
兆豐松德,世德,2,0,2
兆豐松德,大同,4,2,2
兆豐松德,00941中信上游半導體,0,107,-107
兆豐松德,冠軍,0,85,-85
兆豐松德,00980B台新特選IG債10+,0,80,-80
兆豐松德,上詮,0,65,-65
兆豐松德,00715L期街口布蘭特正2,0,60,-60
兆豐松德,御嵿,0,40,-40
兆豐松德,南茂,1,36,-35
兆豐松德,精成科,3,33,-30
兆豐松德,00970B新光BBB投等債20,0,29,-29
兆豐松德,波若威,5,30,-25
兆豐松德,瑞祺電通,0,22,-22
兆豐松德,國泰金,0,20,-20
兆豐松德,新光金,10,30,-20
兆豐松德,南電,0,20,-20
兆豐松德,友訊,0,20,-20
兆豐松德,00655L國泰中國A50正2,25,42,-17
兆豐松德,日月光投控,0,15,-15
兆豐松德,奇鋐,0,14,-14
兆豐松德,安格,0,14,-14
兆豐松德,中興電,2,16,-14
兆豐松德,台達電,0,13,-13
兆豐松德,00926凱基全球菁英55,0,13,-13
兆豐松德,千興,0,13,-13
兆豐松德,中信金,0,13,-13
兆豐松德,佳和,0,13,-13
兆豐松德,00965元大航太防衛科技,0,12,-12
兆豐松德,群創,0,12,-12
兆豐松德,堤維西,0,11,-11
兆豐松德,00701國泰股利精選30,0,10,-10
兆豐松德,和成,0,10,-10
兆豐松德,富喬,2,12,-10
兆豐松德,台揚,0,10,-10
兆豐松德,富邦金,0,10,-10
兆豐松德,宏致,2,12,-10
兆豐松德,裕山,0,10,-10
兆豐松德,藍天,0,9,-9
兆豐松德,臺企銀,0,9,-9
兆豐松德,彩晶,0,9,-9
兆豐松德,00675L富邦臺灣加權正2,0,7,-7
兆豐松德,00720B元大投資級公司債,0,6,-6
兆豐松德,華榮,0,6,-6
兆豐松德,神基,0,6,-6
兆豐松德,鴻海,2,8,-6
兆豐松德,富世達,0,6,-6
兆豐松德,00858永豐美國500大,0,6,-6
兆豐松德,00929復華台灣科技優息,0,6,-6
兆豐松德,順達,19,24,-5
兆豐松德,00951台新日本半導體,0,5,-5
兆豐松德,燁輝,0,5,-5
兆豐松德,華通,0,5,-5
 中信託新      ,00878國泰永續高股息,189,7,182
 中信託新      ,00937B群益ESG投等債20,115,2,113
 中信託新      ,912000晨訊科-DR,100,0,100
 中信託新      ,元大高股息,89,5,84
 中信託新      ,聯電,131,48,83
 中信託新      ,00637L元大滬深300正2,114,31,83
 中信託新      ,00679B元大美債20年,55,14,41
 中信託新      ,台泥,38,1,37
 中信託新      ,啟��,31,3,28
 中信託新      ,矽格,24,3,21
 中信託新      ,00918大華優利高填息30,24,4,20
 中信託新      ,00688L國泰20年美債正2,20,0,20
 中信託新      ,00665L富邦�琤肭磪囓�2,15,0,15
 中信託新      ,欣興,17,2,15
 中信託新      ,亞光,13,0,13
 中信託新      ,蔚華科,26,13,13
 中信託新      ,力積電,107,94,13
 中信託新      ,00959B大華投等美債15Y+,13,0,13
 中信託新      ,迅得,16,4,12
 中信託新      ,宏捷科,11,0,11
 中信託新      ,00953B群益優選非投等債,11,0,11
 中信託新      ,00713元大台灣高息低波,10,0,10
 中信託新      ,和椿,47,37,10
 中信託新      ,亞力,10,0,10
 中信託新      ,00687B國泰20年美債,11,1,10
 中信託新      ,精成科,36,26,10
 中信託新      ,兆勁,10,0,10
 中信託新      ,中興電,10,0,10
 中信託新      ,興富發,10,0,10
 中信託新      ,00971野村美國研發龍頭,12,2,10
 中信託新      ,英業達,9,0,9
 中信託新      ,00680L元大美債20正2,35,26,9
 中信託新      ,南亞科,9,0,9
 中信託新      ,彬台,9,0,9
 中信託新      ,00725B國泰投資級公司債,8,0,8
 中信託新      ,欣欣,8,0,8
 中信託新      ,00882中信中國高股息,7,0,7
 中信託新      ,立敦,22,15,7
 中信託新      ,立隆電,45,38,7
 中信託新      ,新光金,20,13,7
 中信託新      ,00731復華富時高息低波,6,0,6
 中信託新      ,宏��,6,0,6
 中信託新      ,00960野村全球航運龍頭,6,0,6
 中信託新      ,中天,6,0,6
 中信託新      ,立��,7,1,6
 中信託新      ,萬泰科,6,0,6
 中信託新      ,華新,6,0,6
 中信託新      ,00895富邦未來車,7,1,6
 中信託新      ,緯創,32,27,5
 中信託新      ,聯鈞,31,26,5
 中信託新      ,00940元大台灣價值高息,0,122,-122
 中信託新      ,00929復華台灣科技優息,15,73,-58
 中信託新      ,00963中信全球高股息,0,57,-57
 中信託新      ,00934中信成長高股息,0,53,-53
 中信託新      ,光環,0,51,-51
 中信託新      ,遠東銀,0,50,-50
 中信託新      ,00631L元大台灣50正2,11,54,-43
 中信託新      ,00852L國泰美國道瓊正2,1,41,-40
 中信託新      ,泰金寶-DR,24,61,-37
 中信託新      ,玉山金,5,41,-36
 中信託新      ,00941中信上游半導體,3,33,-30
 中信託新      ,台積電,26,54,-28
 中信託新      ,天良,0,24,-24
 中信託新      ,中信金,24,48,-24
 中信託新      ,富邦金,3,27,-24
 中信託新      ,定穎投控,2,25,-23
 中信託新      ,台灣虎航,5,28,-23
 中信託新      ,006208富邦台50,18,40,-22
 中信託新      ,00965元大航太防衛科技,0,20,-20
 中信託新      ,毅嘉,0,20,-20
 中信託新      ,00706L期元大S＆P日圓正2,0,20,-20
 中信託新      ,00933B國泰10Y+金融債,0,20,-20
 中信託新      ,台達電,2,21,-19
 中信託新      ,00893國泰智能電動車,1,20,-19
 中信託新      ,鴻海,15,32,-17
 中信託新      ,華星光,26,44,-18
 中信託新      ,華南金,0,17,-17
 中信託新      ,連展投控,3,20,-17
 中信託新      ,群創,18,35,-17
 中信託新      ,宏達電,182,199,-17
 中信託新      ,光寶科,0,16,-16
 中信託新      ,00632R元大台灣50反1,5,21,-16
 中信託新      ,00881國泰台灣5G+,2,18,-16
 中信託新      ,全域,5,21,-16
 中信託新      ,00936台新永續高息中小,0,15,-15
 中信託新      ,翔名,0,15,-15
 中信託新      ,銘異,0,15,-15
 中信託新      ,智邦,2,16,-14
 中信託新      ,日月光投控,1,15,-14
 中信託新      ,00948B中信優息投資級債,0,14,-14
 中信託新      ,僑威,13,27,-14
 中信託新      ,華航,4,18,-14
 中信託新      ,00830國泰費城半導體,2,14,-12
 中信託新      ,00891中信關鍵半導體,0,12,-12
 中信託新      ,00910第一金太空衛星,0,12,-12
 中信託新      ,00673R期元大S＆P原油反1,0,12,-12
 中信託新      ,欣銓,51,63,-12
 中信託新      ,國泰金,0,11,-11
 中信託新      ,00915凱基優選高股息30,7,18,-11
 中信託新      ,雷虎,1,12,-11
 元大楊梅,聯電,240,54,186
 元大楊梅,00706L期元大S＆P日圓正2,102,0,102
 元大楊梅,新光金,103,20,83
 元大楊梅,00637L元大滬深300正2,76,3,73
 元大楊梅,00937B群益ESG投等債20,77,10,67
 元大楊梅,00720B元大投資級公司債,50,0,50
 元大楊梅,00751B元大AAA至A公司債,50,2,48
 元大楊梅,大同,50,6,44
 元大楊梅,錸德,39,5,34
 元大楊梅,台揚,32,1,31
 元大楊梅,聯華,31,1,30
 元大楊梅,00679B元大美債20年,28,0,28
 元大楊梅,愛之味,20,0,20
 元大楊梅,00909國泰數位支付服務,20,0,20
 元大楊梅,00858永豐美國500大,48,31,17
 元大楊梅,興能高,135,118,17
 元大楊梅,英濟,46,30,16
 元大楊梅,台泥,16,1,15
 元大楊梅,泰金寶-DR,194,180,14
 元大楊梅,聯鈞,33,19,14
 元大楊梅,精誠,14,0,14
 元大楊梅,昇陽半導體,17,4,13
 元大楊梅,緯創,19,6,13
 元大楊梅,00919群益台灣精選高息,31,19,12
 元大楊梅,00971野村美國研發龍頭,12,0,12
 元大楊梅,00752中信中國50,12,0,12
 元大楊梅,聯合再生,11,0,11
 元大楊梅,友達,18,7,11
 元大楊梅,00959B大華投等美債15Y+,10,0,10
 元大楊梅,允強,10,0,10
 元大楊梅,成霖,10,0,10
 元大楊梅,中信金,12,2,10
 元大楊梅,華星光,54,44,10
 元大楊梅,00687B國泰20年美債,16,7,9
 元大楊梅,廣宇,10,1,9
 元大楊梅,和椿,27,18,9
 元大楊梅,金寶,15,7,8
 元大楊梅,京元電子,8,0,8
 元大楊梅,第一金,8,0,8
 元大楊梅,00900富邦特選高股息30,21,13,8
 元大楊梅,新纖,8,0,8
 元大楊梅,冠軍,8,0,8
 元大楊梅,光環,8,0,8
 元大楊梅,凱美,10,2,8
 元大楊梅,科妍,7,0,7
 元大楊梅,00960野村全球航運龍頭,8,1,7
 元大楊梅,永光,8,1,7
 元大楊梅,東捷,8,1,7
 元大楊梅,擎亞,42,35,7
 元大楊梅,00918大華優利高填息30,19,12,7
 元大楊梅,00940元大台灣價值高息,4,454,-450
 元大楊梅,力積電,51,248,-197
 元大楊梅,00946群益科技高息成長,0,146,-146
 元大楊梅,恆大,9,120,-111
 元大楊梅,00680L元大美債20正2,0,104,-104
 元大楊梅,元大高股息,17,66,-49
 元大楊梅,006208富邦台50,1,45,-44
 元大楊梅,00929復華台灣科技優息,1,43,-42
 元大楊梅,集盛,0,38,-38
 元大楊梅,00905FT臺灣Smart,2,36,-34
 元大楊梅,00941中信上游半導體,0,30,-30
 元大楊梅,中光電,2,26,-24
 元大楊梅,00922國泰台灣領袖50,0,23,-23
 元大楊梅,連展投控,2,25,-23
 元大楊梅,欣銓,27,50,-23
 元大楊梅,凱基金,1,23,-22
 元大楊梅,00965元大航太防衛科技,0,22,-22
 元大楊梅,神達,102,124,-22
 元大楊梅,事欣科,10,31,-21
 元大楊梅,華紙,0,20,-20
 元大楊梅,正德,0,19,-19
 元大楊梅,台積電,8,27,-19
 元大楊梅,00686R群益臺灣加權反1,2,20,-18
 元大楊梅,鴻準,15,33,-18
 元大楊梅,華航,5,22,-17
 元大楊梅,華城,8,24,-16
 元大楊梅,宏致,6,21,-15
 元大楊梅,富邦金,0,14,-14
 元大楊梅,00770國泰北美科技,1,15,-14
 元大楊梅,日月光投控,3,16,-13
 元大楊梅,星宇航空,6,20,-14
 元大楊梅,能率,0,13,-13
 元大楊梅,00936台新永續高息中小,2,15,-13
 元大楊梅,中華,2,14,-12
 元大楊梅,00712復華富時不動產,5,16,-11
 元大楊梅,00939統一台灣高息動能,0,11,-11
 元大楊梅,宏達電,86,95,-9
 元大楊梅,華南金,0,9,-9
 元大楊梅,華邦電,2,11,-9
 元大楊梅,展宇,0,9,-9
 元大楊梅,00638R元大滬深300反1,0,9,-9
 元大楊梅,00676R富邦臺灣加權反1,0,9,-9
 元大楊梅,順達,1,10,-9
 元大楊梅,鳳凰,4,12,-8
 元大楊梅,良維,2,10,-8
 元大楊梅,中鋼,2,10,-8
 元大楊梅,長榮航,3,10,-7
 元大楊梅,00673R期元大S＆P原油反1,0,7,-7
 元大楊梅,仁寶,0,7,-7
 元大楊梅,志信,0,7,-7
國票敦北,國泰金,1105,42,1063
國票敦北,兆豐金,152,0,152
國票敦北,志強-KY,149,1,148
國票敦北,聯發科,125,2,123
國票敦北,00632R元大台灣50反1,101,0,101
國票敦北,00852L國泰美國道瓊正2,100,0,100
國票敦北,潤泰新,100,0,100
國票敦北,聯鈞,109,24,85
國票敦北,欣興,114,35,79
國票敦北,凱美,76,7,69
國票敦北,廣達,75,12,63
國票敦北,中鴻,65,8,57
國票敦北,致伸,60,3,57
國票敦北,00637L元大滬深300正2,143,87,56
國票敦北,華擎,56,1,55
國票敦北,世芯-KY,55,1,54
國票敦北,00662富邦NASDAQ,50,0,50
國票敦北,金像電,46,3,43
國票敦北,瑞昱,40,0,40
國票敦北,台積電,81,45,36
國票敦北,達邁,44,9,35
國票敦北,鴻海,42,10,32
國票敦北,昇達科,32,1,31
國票敦北,00701國泰股利精選30,30,0,30
國票敦北,華碩,22,0,22
國票敦北,台達電,33,13,20
國票敦北,世界,18,0,18
國票敦北,華星光,69,51,18
國票敦北,日月光投控,41,24,17
國票敦北,00924復華S＆P500成長,19,2,17
國票敦北,達運光電,17,0,17
國票敦北,亞聚,17,0,17
國票敦北,京城銀,15,0,15
國票敦北,邑錡,15,0,15
國票敦北,亞通,15,0,15
國票敦北,微星,15,0,15
國票敦北,大成鋼,15,0,15
國票敦北,00878國泰永續高股息,14,0,14
國票敦北,緯創,22,9,13
國票敦北,盛餘,12,0,12
國票敦北,光環,11,0,11
國票敦北,台特化,11,0,11
國票敦北,皇昌,16,5,11
國票敦北,嘉裕,26,16,10
國票敦北,光鋐,10,0,10
國票敦北,志信,10,0,10
國票敦北,英濟,17,7,10
國票敦北,致茂,11,1,10
國票敦北,燁興,10,0,10
國票敦北,鑫創,9,0,9
國票敦北,新光金,7883,13461,-5578
國票敦北,欣銓,95,847,-752
國票敦北,宏達電,116,607,-491
國票敦北,華通,0,400,-400
國票敦北,光寶科,1,383,-382
國票敦北,和碩,0,381,-381
國票敦北,聯電,328,581,-253
國票敦北,恆大,3,186,-183
國票敦北,精材,4,165,-161
國票敦北,台塑,1,152,-151
國票敦北,茂達,1,150,-149
國票敦北,台化,10,122,-112
國票敦北,中信金,0,102,-102
國票敦北,立��,4,104,-100
國票敦北,南亞,1,100,-99
國票敦北,裕民,1,100,-99
國票敦北,台郡,0,70,-70
國票敦北,波若威,66,130,-64
國票敦北,台塑化,0,62,-62
國票敦北,永豐金,0,56,-56
國票敦北,元大金,1,56,-55
國票敦北,富邦金,0,44,-44
國票敦北,高鋒,0,43,-43
國票敦北,新日興,58,93,-35
國票敦北,慶騰,0,35,-35
國票敦北,台灣虎航,1,33,-32
國票敦北,昆盈,0,32,-32
國票敦北,智邦,2,31,-29
國票敦北,大立光,1,30,-29
國票敦北,豐藝,0,27,-27
國票敦北,台光電,6,32,-26
國票敦北,泓德能源,0,25,-25
國票敦北,京元電子,10,35,-25
國票敦北,永崴投控,0,24,-24
國票敦北,神達,44,66,-22
國票敦北,威健,0,20,-20
國票敦北,00954中信日本半導體,0,20,-20
國票敦北,可成,0,20,-20
國票敦北,富喬,0,19,-19
國票敦北,優群,0,18,-18
國票敦北,華夏,0,17,-17
國票敦北,晶豪科,0,15,-15
國票敦北,華航,1,15,-14
國票敦北,群創,0,14,-14
國票敦北,玉晶光,2,15,-13
國票敦北,創惟,7,20,-13
國票敦北,貿聯-KY,5,18,-13
國票敦北,00940元大台灣價值高息,0,11,-11
國票敦北,仁寶,0,11,-11
國票敦北,昇陽半導體,1,12,-11
第一中山,00980B台新特選IG債10+,70,0,70
第一中山,智邦,53,1,52
第一中山,金寶,50,0,50
第一中山,聯電,44,1,43
第一中山,連展投控,38,1,37
第一中山,00664R國泰臺灣加權反1,30,0,30
第一中山,00937B群益ESG投等債20,27,0,27
第一中山,中鋼,27,2,25
第一中山,00693U期街口S＆P黃豆,21,0,21
第一中山,凱基金,25,4,21
第一中山,00671R富邦NASDAQ反1,20,0,20
第一中山,AES-KY,18,0,18
第一中山,00637L元大滬深300正2,717,700,17
第一中山,統新,15,0,15
第一中山,00651R復華香港反1,13,0,13
第一中山,亞翔,15,3,12
第一中山,富邦金,15,3,12
第一中山,00919群益台灣精選高息,13,2,11
第一中山,亞光,12,1,11
第一中山,00753L中信中國50正2,10,0,10
第一中山,00737國泰AI+Robo,10,0,10
第一中山,華邦電,10,1,9
第一中山,宏達電,9,2,7
第一中山,欣興,16,10,6
第一中山,元大高股息,7,1,6
第一中山,富喬,11,5,6
第一中山,大成鋼,6,0,6
第一中山,鴻華先進-創,6,0,6
第一中山,陽明,10,4,6
第一中山,00631L元大台灣50正2,5,0,5
第一中山,皇翔,5,0,5
第一中山,玉山金,5,0,5
第一中山,世紀鋼,5,0,5
第一中山,00713元大台灣高息低波,4,0,4
第一中山,00680L元大美債20正2,4,0,4
第一中山,眾達-KY,7,3,4
第一中山,同欣電,4,0,4
第一中山,興能高,21,17,4
第一中山,立��,4,0,4
第一中山,藥華藥,3,0,3
第一中山,富世達,5,2,3
第一中山,00632R元大台灣50反1,3,0,3
第一中山,00674R期元大S＆P黃金反1,3,0,3
第一中山,00706L期元大S＆P日圓正2,3,0,3
第一中山,英業達,6,3,3
第一中山,慧洋-KY,3,0,3
第一中山,兆利,4,1,3
第一中山,富采,9,6,3
第一中山,聯光通,3,0,3
第一中山,矽格,5,2,3
第一中山,五福,0,100,-100
第一中山,宏致,0,69,-69
第一中山,00929復華台灣科技優息,0,64,-64
第一中山,聰泰,0,61,-61
第一中山,合庫金,1,57,-56
第一中山,力積電,0,36,-36
第一中山,聯發科,1,37,-36
第一中山,國泰金,0,25,-25
第一中山,長榮航,3,27,-24
第一中山,台灣虎航,15,37,-22
第一中山,遠百,0,20,-20
第一中山,00881國泰台灣5G+,5,25,-20
第一中山,00941中信上游半導體,1,20,-19
第一中山,神達,6,24,-18
第一中山,00715L期街口布蘭特正2,1,18,-17
第一中山,三發地產,0,14,-14
第一中山,友達,0,13,-13
第一中山,00933B國泰10Y+金融債,0,13,-13
第一中山,新光金,0,12,-12
第一中山,00922國泰台灣領袖50,0,12,-12
第一中山,華南金,0,11,-11
第一中山,元大台灣50,0,10,-10
第一中山,鴻海,6,16,-10
第一中山,00940元大台灣價值高息,0,10,-10
第一中山,可寧衛,0,10,-10
第一中山,00830國泰費城半導體,4,13,-9
第一中山,00935野村臺灣新科技50,0,9,-9
第一中山,00878國泰永續高股息,14,22,-8
第一中山,00924復華S＆P500成長,0,8,-8
第一中山,昇達科,4,11,-7
第一中山,德晉,1,8,-7
第一中山,台達電,0,7,-7
第一中山,00892富邦台灣半導體,0,6,-6
第一中山,00905FT臺灣Smart,0,6,-6
第一中山,00668國泰美國道瓊,0,6,-6
第一中山,00757統一FANG+,1,6,-5
第一中山,華航,0,5,-5
第一中山,00692富邦公司治理,0,5,-5
第一中山,00633L富邦上証正2,0,5,-5
第一中山,00675L富邦臺灣加權正2,0,5,-5
第一中山,台玻,0,5,-5
第一中山,IKKA-KY,1,6,-5
第一中山,新建,0,5,-5
第一中山,長榮,0,5,-5
第一中山,欣銓,6,11,-5
第一中山,由田,0,5,-5
第一中山,新唐,0,5,-5
第一中山,千附精密,0,5,-5
第一中山,合騏,12,17,-5
第一中山,00910第一金太空衛星,1,5,-4
兆豐中壢,00753L中信中國50正2,100,0,100
兆豐中壢,鴻海,84,18,66
兆豐中壢,00935野村臺灣新科技50,50,0,50
兆豐中壢,00795B中信美國公債20年,27,0,27
兆豐中壢,佳世達,26,1,25
兆豐中壢,聯電,28,6,22
兆豐中壢,00679B元大美債20年,21,0,21
兆豐中壢,006208富邦台50,27,6,21
兆豐中壢,力積電,26,8,18
兆豐中壢,大成鋼,25,8,17
兆豐中壢,天宇,18,3,15
兆豐中壢,00631L元大台灣50正2,11,0,11
兆豐中壢,千興,10,0,10
兆豐中壢,00632R元大台灣50反1,10,1,9
兆豐中壢,綠界科技*,9,0,9
兆豐中壢,時碩工業,9,1,8
兆豐中壢,泰金寶-DR,57,50,7
兆豐中壢,昇達科,32,26,6
兆豐中壢,00913兆豐台灣晶圓製造,5,0,5
兆豐中壢,00937B群益ESG投等債20,5,0,5
兆豐中壢,華通,5,0,5
兆豐中壢,友訊,5,0,5
兆豐中壢,日電貿,5,0,5
兆豐中壢,聯光通,5,0,5
兆豐中壢,00687B國泰20年美債,4,0,4
兆豐中壢,00655L國泰中國A50正2,4,0,4
兆豐中壢,大魯閣,4,0,4
兆豐中壢,燿華,4,0,4
兆豐中壢,中工,4,0,4
兆豐中壢,jpp-KY,10,6,4
兆豐中壢,群創,6,2,4
兆豐中壢,圓剛,3,0,3
兆豐中壢,00932兆豐永續高息等權,5,2,3
兆豐中壢,00960野村全球航運龍頭,3,0,3
兆豐中壢,台泥,5,2,3
兆豐中壢,佳格,3,0,3
兆豐中壢,和大,3,0,3
兆豐中壢,華邦電,3,0,3
兆豐中壢,佳能,3,0,3
兆豐中壢,皇昌,10,7,3
兆豐中壢,和碩,3,0,3
兆豐中壢,00858永豐美國500大,2,0,2
兆豐中壢,台積電,2,0,2
兆豐中壢,00646元大S＆P500,2,0,2
兆豐中壢,欣興,22,20,2
兆豐中壢,00918大華優利高填息30,4,2,2
兆豐中壢,緯創,4,2,2
兆豐中壢,聯鈞,8,6,2
兆豐中壢,00915凱基優選高股息30,2,0,2
兆豐中壢,00713元大台灣高息低波,2,0,2
兆豐中壢,00650L復華香港正2,0,80,-80
兆豐中壢,元大高股息,17,94,-77
兆豐中壢,宏遠證,0,70,-70
兆豐中壢,中華,0,40,-40
兆豐中壢,廣宇,0,39,-39
兆豐中壢,00933B國泰10Y+金融債,0,31,-31
兆豐中壢,00929復華台灣科技優息,0,30,-30
兆豐中壢,GIS-KY,0,26,-26
兆豐中壢,00878國泰永續高股息,8,30,-22
兆豐中壢,欣銓,4,26,-22
兆豐中壢,立隆電,5,26,-21
兆豐中壢,訊芯-KY,2,22,-20
兆豐中壢,00980B台新特選IG債10+,5,23,-18
兆豐中壢,長科*,7,25,-18
兆豐中壢,友達,2,19,-17
兆豐中壢,00957B兆豐US優選投等債,0,15,-15
兆豐中壢,00720B元大投資級公司債,0,14,-14
兆豐中壢,美時,0,14,-14
兆豐中壢,中環,10,23,-13
兆豐中壢,波若威,19,32,-13
兆豐中壢,神達,35,48,-13
兆豐中壢,00692富邦公司治理,0,10,-10
兆豐中壢,達麗,0,10,-10
兆豐中壢,新盛力,8,18,-10
兆豐中壢,彰銀,0,8,-8
兆豐中壢,英濟,7,15,-8
兆豐中壢,鴻準,2,10,-8
兆豐中壢,宏致,1,9,-8
兆豐中壢,廣積,0,7,-7
兆豐中壢,鈺齊-KY,0,6,-6
兆豐中壢,州巧,0,6,-6
兆豐中壢,營邦,0,6,-6
兆豐中壢,00761B國泰A級公司債,0,5,-5
兆豐中壢,00940元大台灣價值高息,0,5,-5
兆豐中壢,台化,0,5,-5
兆豐中壢,鑫科,0,5,-5
兆豐中壢,華星光,23,28,-5
兆豐中壢,台星科,0,5,-5
兆豐中壢,00910第一金太空衛星,0,4,-4
兆豐中壢,00941中信上游半導體,0,3,-3
兆豐中壢,00948B中信優息投資級債,0,3,-3
兆豐中壢,00951台新日本半導體,0,3,-3
兆豐中壢,錸德,0,3,-3
兆豐中壢,宏達電,96,99,-3
兆豐中壢,德晉,0,3,-3
兆豐中壢,御嵿,0,3,-3
兆豐中壢,定穎投控,0,3,-3
兆豐中壢,眾達-KY,7,10,-3
兆豐中壢,佳總,0,3,-3
兆豐中壢,中光電,6,9,-3
 元大永和,聯電,192,37,155
 元大永和,00687B國泰20年美債,68,0,68
 元大永和,力積電,162,108,54
 元大永和,00632R元大台灣50反1,50,3,47
 元大永和,00945B凱基美國非投等債,45,1,44
 元大永和,欣興,39,0,39
 元大永和,承啟,31,0,31
 元大永和,00637L元大滬深300正2,30,2,28
 元大永和,玉晶光,26,0,26
 元大永和,大成鋼,24,0,24
 元大永和,新盛力,57,33,24
 元大永和,00937B群益ESG投等債20,27,4,23
 元大永和,立敦,36,14,22
 元大永和,臺企銀,20,1,19
 元大永和,元大高股息,22,4,18
 元大永和,00680L元大美債20正2,16,0,16
 元大永和,00923群益台ESG低碳50,25,9,16
 元大永和,艾訊,17,2,15
 元大永和,中石化,18,3,15
 元大永和,宏��,13,0,13
 元大永和,00918大華優利高填息30,14,2,12
 元大永和,亞光,17,6,11
 元大永和,00882中信中國高股息,11,0,11
 元大永和,國光生,11,0,11
 元大永和,凌巨,11,0,11
 元大永和,華通,14,4,10
 元大永和,00905FT臺灣Smart,10,0,10
 元大永和,00968B元大優息投等債,10,0,10
 元大永和,00864B中信美國公債0-1,10,0,10
 元大永和,00894中信小資高價30,10,0,10
 元大永和,天虹,9,0,9
 元大永和,00720B元大投資級公司債,10,1,9
 元大永和,00933B國泰10Y+金融債,9,0,9
 元大永和,臺龍,9,0,9
 元大永和,00953B群益優選非投等債,9,0,9
 元大永和,微星,10,1,9
 元大永和,第一金,8,0,8
 元大永和,永豐金,9,1,8
 元大永和,00960野村全球航運龍頭,8,0,8
 元大永和,群益證,8,0,8
 元大永和,聯鈞,20,12,8
 元大永和,台化,11,3,8
 元大永和,三商電,7,0,7
 元大永和,金寶,47,40,7
 元大永和,台星科,13,6,7
 元大永和,宏盛,6,0,6
 元大永和,裕隆,9,3,6
 元大永和,006201元大富櫃50,6,0,6
 元大永和,00858永豐美國500大,6,0,6
 元大永和,合騏,7,1,6
 元大永和,富邦金,2,219,-217
 元大永和,國泰金,0,145,-145
 元大永和,00965元大航太防衛科技,0,120,-120
 元大永和,00878國泰永續高股息,10,72,-62
 元大永和,東聯,0,61,-61
 元大永和,泰金寶-DR,29,71,-42
 元大永和,矽統,2,36,-34
 元大永和,宏達電,58,88,-30
 元大永和,宏致,1,28,-27
 元大永和,中纖,0,26,-26
 元大永和,中信金,2,25,-23
 元大永和,台灣虎航,4,25,-21
 元大永和,00701國泰股利精選30,0,20,-20
 元大永和,00980B台新特選IG債10+,0,20,-20
 元大永和,00708L期元大S＆P黃金正2,2,21,-19
 元大永和,川寶,1,20,-19
 元大永和,友訊,1,20,-19
 元大永和,立隆電,17,35,-18
 元大永和,亞翔,13,31,-18
 元大永和,00929復華台灣科技優息,20,38,-18
 元大永和,00922國泰台灣領袖50,0,17,-17
 元大永和,00940元大台灣價值高息,5,22,-17
 元大永和,緯創,21,38,-17
 元大永和,華南金,1,17,-16
 元大永和,凱基金,1,16,-15
 元大永和,鄉林,0,15,-15
 元大永和,磐儀,0,15,-15
 元大永和,直得,4,17,-13
 元大永和,義隆,0,13,-13
 元大永和,凱美,30,43,-13
 元大永和,00930永豐ESG低碳高息,0,12,-12
 元大永和,00941中信上游半導體,0,12,-12
 元大永和,澤米,3,15,-12
 元大永和,欣銓,1,13,-12
 元大永和,矽格,0,12,-12
 元大永和,00910第一金太空衛星,0,11,-11
 元大永和,00679B元大美債20年,1,12,-11
 元大永和,興能高,88,99,-11
 元大永和,中鋼,2,13,-11
 元大永和,達邁,42,53,-11
 元大永和,順達,29,40,-11
 元大永和,四維航,0,10,-10
 元大永和,台積電,6,16,-10
 元大永和,名軒,0,10,-10
 元大永和,00948B中信優息投資級債,0,10,-10
 元大永和,金像電,1,11,-10
 元大永和,愛山林,0,10,-10
 元大永和,陽明,8,18,-10
 元大永和,00830國泰費城半導體,0,10,-10
 元大永和,瑞軒,0,10,-10
台中銀員林,聯電,65,11,54
台中銀員林,00950B凱基A級公司債,41,0,41
台中銀員林,神達,128,90,38
台中銀員林,立隆電,43,14,29
台中銀員林,00919群益台灣精選高息,29,2,27
台中銀員林,台翰,26,0,26
台中銀員林,00632R元大台灣50反1,20,0,20
台中銀員林,聯光通,39,23,16
台中銀員林,00665L富邦�琤肭磪囓�2,25,10,15
台中銀員林,元大高股息,20,5,15
台中銀員林,緯創,18,4,14
台中銀員林,鳳凰,16,2,14
台中銀員林,00680L元大美債20正2,12,0,12
台中銀員林,承啟,55,43,12
台中銀員林,益航,12,0,12
台中銀員林,汎銓,19,7,12
台中銀員林,元大台灣50,26,15,11
台中銀員林,00891中信關鍵半導體,11,0,11
台中銀員林,大銀微系統,10,0,10
台中銀員林,00945B凱基美國非投等債,10,0,10
台中銀員林,金雨,10,0,10
台中銀員林,建國,10,0,10
台中銀員林,彩晶,10,0,10
台中銀員林,友訊,9,0,9
台中銀員林,英業達,13,4,9
台中銀員林,力成,18,11,7
台中銀員林,昇陽半導體,16,9,7
台中銀員林,眾達-KY,39,33,6
台中銀員林,臺企銀,5,0,5
台中銀員林,亞光,9,4,5
台中銀員林,00895富邦未來車,5,0,5
台中銀員林,00927群益半導體收益,5,0,5
台中銀員林,淘帝-KY,5,0,5
台中銀員林,典範,5,0,5
台中銀員林,揚明光,5,0,5
台中銀員林,泰金寶-DR,10,5,5
台中銀員林,00706L期元大S＆P日圓正2,4,0,4
台中銀員林,00924復華S＆P500成長,4,0,4
台中銀員林,台榮,4,0,4
台中銀員林,佳能,5,1,4
台中銀員林,宏盛,4,0,4
台中銀員林,今皓,4,0,4
台中銀員林,正達,5,1,4
台中銀員林,00918大華優利高填息30,3,0,3
台中銀員林,00965元大航太防衛科技,3,0,3
台中銀員林,華榮,3,0,3
台中銀員林,僑威,4,1,3
台中銀員林,晟楠,4,1,3
台中銀員林,尚凡*,3,0,3
台中銀員林,立敦,28,25,3
台中銀員林,宏達電,42,150,-108
台中銀員林,群創,30,100,-70
台中銀員林,00637L元大滬深300正2,8,72,-64
台中銀員林,00753L中信中國50正2,0,60,-60
台中銀員林,00830國泰費城半導體,8,40,-32
台中銀員林,00673R期元大S＆P原油反1,3,33,-30
台中銀員林,力積電,29,58,-29
台中銀員林,華航,1,30,-29
台中銀員林,富喬,24,52,-28
台中銀員林,富邦金,6,33,-27
台中銀員林,006208富邦台50,1,28,-27
台中銀員林,00887永豐中國科技50大,0,21,-21
台中銀員林,凱基金,0,20,-20
台中銀員林,冠軍,1,20,-19
台中銀員林,欣銓,7,23,-16
台中銀員林,華南金,0,15,-15
台中銀員林,新光金,2,15,-13
台中銀員林,新盛力,56,69,-13
台中銀員林,冠西電,1,13,-12
台中銀員林,燿華,1,12,-11
台中銀員林,威剛,0,11,-11
台中銀員林,北基,0,11,-11
台中銀員林,00942B台新美A公司債20+,0,10,-10
台中銀員林,百和,0,10,-10
台中銀員林,00713元大台灣高息低波,0,10,-10
台中銀員林,大成鋼,2,11,-9
台中銀員林,友達,2,11,-9
台中銀員林,00929復華台灣科技優息,1,9,-8
台中銀員林,00675L富邦臺灣加權正2,0,8,-8
台中銀員林,聯上發,0,8,-8
台中銀員林,連展投控,1,9,-8
台中銀員林,台中銀,1,8,-7
台中銀員林,00934中信成長高股息,0,7,-7
台中銀員林,臻鼎-KY,0,7,-7
台中銀員林,00878國泰永續高股息,2,9,-7
台中銀員林,00685L群益臺灣加權正2,0,6,-6
台中銀員林,台塑,6,12,-6
台中銀員林,華新,2,8,-6
台中銀員林,輔信,0,6,-6
台中銀員林,聯亞,0,6,-6
台中銀員林,東浦,0,6,-6
台中銀員林,東捷,0,6,-6
台中銀員林,萬海,0,6,-6
台中銀員林,合庫金,0,6,-6
台中銀員林,00888永豐台灣ESG,0,5,-5
台中銀員林,喬山,0,5,-5
台中銀員林,廣宇,4,9,-5
台中銀員林,美律,0,5,-5
台中銀員林,中信金,0,5,-5
台中銀員林,昇銳,0,5,-5
 元富吉利,聯電,156,13,143
 元富吉利,元大高股息,96,5,91
 元富吉利,00932兆豐永續高息等權,48,0,48
 元富吉利,宏達電,32,2,30
 元富吉利,和椿,30,7,23
 元富吉利,英業達,33,13,20
 元富吉利,和益,16,0,16
 元富吉利,00918大華優利高填息30,15,0,15
 元富吉利,台塑,16,2,14
 元富吉利,御嵿,12,1,11
 元富吉利,亞光,22,11,11
 元富吉利,普安,10,0,10
 元富吉利,泰谷,10,0,10
 元富吉利,捷流閥業,10,0,10
 元富吉利,惠特,10,0,10
 元富吉利,元大台灣50,13,3,10
 元富吉利,群創,11,1,10
 元富吉利,神達,17,9,8
 元富吉利,00633L富邦上証正2,8,0,8
 元富吉利,大成鋼,8,1,7
 元富吉利,緯創,10,3,7
 元富吉利,能率,7,0,7
 元富吉利,大同,10,4,6
 元富吉利,欣興,5,0,5
 元富吉利,00937B群益ESG投等債20,5,0,5
 元富吉利,金像電,13,8,5
 元富吉利,六暉-KY,5,0,5
 元富吉利,矽統,10,5,5
 元富吉利,漢翔,5,0,5
 元富吉利,中鋼,5,1,4
 元富吉利,00664R國泰臺灣加權反1,4,0,4
 元富吉利,熱映,4,0,4
 元富吉利,立敦,10,6,4
 元富吉利,岳豐,4,0,4
 元富吉利,台泥,3,0,3
 元富吉利,00669R國泰美國道瓊反1,3,0,3
 元富吉利,00632R元大台灣50反1,3,0,3
 元富吉利,南港,3,0,3
 元富吉利,圓剛,4,1,3
 元富吉利,長榮航太,3,0,3
 元富吉利,昇貿,3,0,3
 元富吉利,高鋒,3,0,3
 元富吉利,台新金,2,0,2
 元富吉利,00858永豐美國500大,2,0,2
 元富吉利,00715L期街口布蘭特正2,2,0,2
 元富吉利,台化,2,0,2
 元富吉利,精剛,2,0,2
 元富吉利,旺宏,7,5,2
 元富吉利,精元,2,0,2
 元富吉利,兆豐金,2,0,2
 元富吉利,00980B台新特選IG債10+,0,675,-675
 元富吉利,宏遠證,0,285,-285
 元富吉利,00929復華台灣科技優息,0,154,-154
 元富吉利,00712復華富時不動產,11,57,-46
 元富吉利,泰金寶-DR,7,52,-45
 元富吉利,凌巨,1,36,-35
 元富吉利,松普,0,31,-31
 元富吉利,00637L元大滬深300正2,211,241,-30
 元富吉利,立隆電,7,30,-23
 元富吉利,新光金,1,22,-21
 元富吉利,山林水,0,20,-20
 元富吉利,全球傳動,3,20,-17
 元富吉利,南亞科,1,18,-17
 元富吉利,僑威,0,15,-15
 元富吉利,力積電,2,16,-14
 元富吉利,00688L國泰20年美債正2,0,14,-14
 元富吉利,中信金,0,13,-13
 元富吉利,興能高,27,40,-13
 元富吉利,順達,1,13,-12
 元富吉利,擎亞,1,13,-12
 元富吉利,立��,10,22,-12
 元富吉利,富喬,1,12,-11
 元富吉利,精成科,20,31,-11
 元富吉利,向榮生技-創,0,11,-11
 元富吉利,信邦,6,17,-11
 元富吉利,00887永豐中國科技50大,0,10,-10
 元富吉利,00939統一台灣高息動能,0,10,-10
 元富吉利,振曜,0,10,-10
 元富吉利,華星光,11,20,-9
 元富吉利,宏致,1,10,-9
 元富吉利,大江,0,9,-9
 元富吉利,00922國泰台灣領袖50,0,8,-8
 元富吉利,00934中信成長高股息,0,8,-8
 元富吉利,陽明,2,10,-8
 元富吉利,三一東林,0,8,-8
 元富吉利,台積電,4,12,-8
 元富吉利,凱基金,0,7,-7
 元富吉利,中化控股,0,7,-7
 元富吉利,玉山金,1,8,-7
 元富吉利,00631L元大台灣50正2,0,6,-6
 元富吉利,光寶科,0,6,-6
 元富吉利,菱生,0,6,-6
 元富吉利,上緯投控,0,6,-6
 元富吉利,亞翔,5,11,-6
 元富吉利,訊芯-KY,21,27,-6
 元富吉利,00935野村臺灣新科技50,0,5,-5
 元富吉利,00907永豐優息存股,0,5,-5
 元富吉利,華航,1,6,-5
 元富吉利,榮剛,0,5,-5
 元富吉利,龍巖,0,5,-5
富邦    ,日月光投控,5710,995,4715
富邦    ,神達,6549,3118,3431
富邦    ,聯電,2294,63,2231
富邦    ,群創,1629,5,1624
富邦    ,00929復華台灣科技優息,1653,125,1528
富邦    ,興能高,1580,489,1091
富邦    ,名軒,1000,0,1000
富邦    ,華通,987,10,977
富邦    ,新盛力,1116,258,858
富邦    ,00968B元大優息投等債,800,0,800
富邦    ,光寶科,734,8,726
富邦    ,台達電,709,5,704
富邦    ,元大台灣50,748,87,661
富邦    ,奇鋐,679,24,655
富邦    ,精成科,681,85,596
富邦    ,00980B台新特選IG債10+,557,0,557
富邦    ,00662富邦NASDAQ,538,0,538
富邦    ,華航,511,11,500
富邦    ,00687B國泰20年美債,634,159,475
富邦    ,凌陽,468,0,468
富邦    ,順達,1147,732,415
富邦    ,欣銓,430,29,401
富邦    ,廣宇,394,0,394
富邦    ,億光,394,0,394
富邦    ,00948B中信優息投資級債,367,47,320
富邦    ,台光電,302,3,299
富邦    ,南亞,276,2,274
富邦    ,華晶科,272,0,272
富邦    ,景碩,288,20,268
富邦    ,致茂,262,0,262
富邦    ,00959B大華投等美債15Y+,250,0,250
富邦    ,中信金,312,65,247
富邦    ,貿聯-KY,258,18,240
富邦    ,00740B富邦全球投等債,1720,1481,239
富邦    ,仁寶,240,1,239
富邦    ,00850元大臺灣ESG永續,223,1,222
富邦    ,00971野村美國研發龍頭,924,719,205
富邦    ,00966B統一ESG投等債15,203,0,203
富邦    ,00701國泰股利精選30,202,0,202
富邦    ,昆盈,196,1,195
富邦    ,00664R國泰臺灣加權反1,185,0,185
富邦    ,00904新光臺灣半導體30,184,0,184
富邦    ,中磊,184,3,181
富邦    ,盟立,166,0,166
富邦    ,漢唐,163,2,161
富邦    ,006208富邦台50,171,20,151
富邦    ,宏致,401,257,144
富邦    ,新日興,145,11,134
富邦    ,00934中信成長高股息,163,31,132
富邦    ,00692富邦公司治理,135,6,129
富邦    ,00937B群益ESG投等債20,376,12916,-12540
富邦    ,00953B群益優選非投等債,6,4662,-4656
富邦    ,兆豐金,4,3370,-3366
富邦    ,永豐金,0,3003,-3003
富邦    ,00919群益台灣精選高息,31,2818,-2787
富邦    ,第一金,0,2003,-2003
富邦    ,00918大華優利高填息30,28,1783,-1755
富邦    ,00878國泰永續高股息,277,1943,-1666
富邦    ,00900富邦特選高股息30,0,1545,-1545
富邦    ,統一證,0,972,-972
富邦    ,00927群益半導體收益,2,755,-753
富邦    ,正新,0,625,-625
富邦    ,00933B國泰10Y+金融債,66,687,-621
富邦    ,中租-KY,0,572,-572
富邦    ,00960野村全球航運龍頭,3,505,-502
富邦    ,00858永豐美國500大,1,499,-498
富邦    ,00969B元大零息超長美債,5,502,-497
富邦    ,達邁,314,804,-490
富邦    ,台郡,0,450,-450
富邦    ,00891中信關鍵半導體,31,461,-430
富邦    ,00950B凱基A級公司債,0,423,-423
富邦    ,精材,34,408,-374
富邦    ,錸德,0,310,-310
富邦    ,大聯大,3,307,-304
富邦    ,00795B中信美國公債20年,1,303,-302
富邦    ,文曄,0,283,-283
富邦    ,00751B元大AAA至A公司債,223,501,-278
富邦    ,國產,0,262,-262
富邦    ,00830國泰費城半導體,3,264,-261
富邦    ,00655L國泰中國A50正2,62,321,-259
富邦    ,瑞昱,10,266,-256
富邦    ,00945B凱基美國非投等債,0,240,-240
富邦    ,00643群益深証中小,65,304,-239
富邦    ,元大高股息,38,259,-221
富邦    ,00725B國泰投資級公司債,11,209,-198
富邦    ,00741B富邦全球非投等債,100,290,-190
富邦    ,晶技,0,180,-180
富邦    ,緯穎,9,188,-179
富邦    ,環宇-KY,183,344,-161
富邦    ,華星光,2611,2767,-156
富邦    ,泰鼎-KY,10,165,-155
富邦    ,00753L中信中國50正2,1,151,-150
富邦    ,欣興,105,254,-149
富邦    ,00922國泰台灣領袖50,126,275,-149
富邦    ,00773B中信優先金融債,361,495,-134
富邦    ,台新金,1,134,-133
富邦    ,00737國泰AI+Robo,0,126,-126
富邦    ,康霈*,22,145,-123
富邦    ,00956中信日經高股息,0,114,-114
富邦    ,00952凱基台灣AI50,21,133,-112
群益台北,友訊,200,0,200
群益台北,台積電,175,1,174
群益台北,00637L元大滬深300正2,50,0,50
群益台北,萬潤,28,2,26
群益台北,00919群益台灣精選高息,22,0,22
群益台北,鴻海,21,0,21
群益台北,英業達,44,27,17
群益台北,恩德,10,0,10
群益台北,台聚,10,0,10
群益台北,00632R元大台灣50反1,10,0,10
群益台北,金寶,10,0,10
群益台北,中信金,11,1,10
群益台北,瀚宇博,91,82,9
群益台北,伊雲谷,9,1,8
群益台北,聯電,9,2,7
群益台北,立德,7,0,7
群益台北,00830國泰費城半導體,6,0,6
群益台北,佳能,8,2,6
群益台北,聯亞,6,0,6
群益台北,緯創,16,10,6
群益台北,合騏,6,0,6
群益台北,映泰,5,0,5
群益台北,力旺,5,0,5
群益台北,迅得,5,0,5
群益台北,雍智科技,5,0,5
群益台北,緯穎,4,0,4
群益台北,中鋼,4,0,4
群益台北,川寶,4,0,4
群益台北,廣明,12,8,4
群益台北,中美晶,3,0,3
群益台北,00858永豐美國500大,3,0,3
群益台北,00929復華台灣科技優息,3,0,3
群益台北,國建,3,0,3
群益台北,精材,4,1,3
群益台北,新鉅科,3,0,3
群益台北,達興材料,3,0,3
群益台北,廣運,16,13,3
群益台北,系微,2,0,2
群益台北,運錩,2,0,2
群益台北,00922國泰台灣領袖50,2,0,2
群益台北,威盛,2,0,2
群益台北,友達,2,0,2
群益台北,裕民,2,0,2
群益台北,晶豪科,2,0,2
群益台北,穩懋,2,0,2
群益台北,環天科,2,0,2
群益台北,揚明光,2,0,2
群益台北,中天,2,0,2
群益台北,新盛力,17,15,2
群益台北,91APP*-KY,2,0,2
群益台北,精成科,479,619,-140
群益台北,宏達電,13,104,-91
群益台北,力積電,0,62,-62
群益台北,彰銀,0,60,-60
群益台北,00940元大台灣價值高息,0,28,-28
群益台北,00980B台新特選IG債10+,10,30,-20
群益台北,jpp-KY,0,20,-20
群益台北,華邦電,21,40,-19
群益台北,華夏,0,10,-10
群益台北,東元,0,10,-10
群益台北,遠東銀,0,10,-10
群益台北,旺矽,8,18,-10
群益台北,富威電力,0,10,-10
群益台北,加高,0,10,-10
群益台北,僑威,0,9,-9
群益台北,911868同方友友-DR,0,9,-9
群益台北,巨騰-DR,0,9,-9
群益台北,00687B國泰20年美債,1,8,-7
群益台北,00675L富邦臺灣加權正2,0,7,-7
群益台北,國泰金,11,18,-7
群益台北,正崴,3,9,-6
群益台北,鈺齊-KY,0,6,-6
群益台北,華城,0,5,-5
群益台北,亞力,0,5,-5
群益台北,大亞,0,5,-5
群益台北,一詮,0,5,-5
群益台北,新日興,0,5,-5
群益台北,神基,5,9,-4
群益台北,雄獅,0,4,-4
群益台北,富邦金,1,5,-4
群益台北,其陽,4,8,-4
群益台北,岱宇,0,3,-3
群益台北,新光金,0,3,-3
群益台北,奇鋐,0,3,-3
群益台北,欣銓,0,3,-3
群益台北,展達,3,6,-3
群益台北,鄉林,0,3,-3
群益台北,振曜,0,3,-3
群益台北,驊訊,0,3,-3
群益台北,達邦蛋白,0,3,-3
群益台北,新漢,8,11,-3
群益台北,大成鋼,0,2,-2
群益台北,00885富邦越南,0,2,-2
群益台北,中華電,0,2,-2
群益台北,仲琦,0,2,-2
群益台北,大綜,3,5,-2
群益台北,群創,0,2,-2
群益台北,大眾控,0,2,-2
群益台北,金雨,0,2,-2
群益台北,新應材,0,2,-2
 元富信義,00909國泰數位支付服務,202,4,198
 元富信義,聯電,123,30,93
 元富信義,宏致,304,226,78
 元富信義,新纖,60,0,60
 元富信義,力智,35,1,34
 元富信義,00878國泰永續高股息,22,0,22
 元富信義,啟��,29,7,22
 元富信義,富喬,306,285,21
 元富信義,華新,20,0,20
 元富信義,00653L富邦印度正2,20,0,20
 元富信義,台新金,20,0,20
 元富信義,方土霖,20,0,20
 元富信義,浪凡,20,0,20
 元富信義,彰銀,30,10,20
 元富信義,群創,20,1,19
 元富信義,朋億*,46,27,19
 元富信義,永豐金,17,0,17
 元富信義,00881國泰台灣5G+,16,0,16
 元富信義,建國,17,2,15
 元富信義,伯特光,17,2,15
 元富信義,00937B群益ESG投等債20,16,2,14
 元富信義,天品,13,0,13
 元富信義,京元電子,13,1,12
 元富信義,新建,12,0,12
 元富信義,元大高股息,11,0,11
 元富信義,聯鈞,64,53,11
 元富信義,00632R元大台灣50反1,11,0,11
 元富信義,00753L中信中國50正2,11,0,11
 元富信義,華邦電,10,0,10
 元富信義,采鈺,15,5,10
 元富信義,00751B元大AAA至A公司債,10,0,10
 元富信義,00719B元大美債1-3,40,30,10
 元富信義,訊達,12,2,10
 元富信義,昆盈,12,3,9
 元富信義,盟立,9,0,9
 元富信義,IKKA-KY,9,0,9
 元富信義,中光電,8,0,8
 元富信義,00945B凱基美國非投等債,7,0,7
 元富信義,欣興,9,2,7
 元富信義,00665L富邦�琤肭磪囓�2,7,0,7
 元富信義,永道-KY,7,0,7
 元富信義,智原,6,0,6
 元富信義,00858永豐美國500大,6,0,6
 元富信義,00965元大航太防衛科技,6,0,6
 元富信義,台肥,6,0,6
 元富信義,強茂,7,1,6
 元富信義,皇昌,15,9,6
 元富信義,濟生,6,0,6
 元富信義,新盛力,302,296,6
 元富信義,環宇-KY,124,118,6
 元富信義,00980B台新特選IG債10+,0,830,-830
 元富信義,力積電,2,410,-408
 元富信義,泰金寶-DR,1,75,-74
 元富信義,新華,0,63,-63
 元富信義,炎洲,0,53,-53
 元富信義,中鋼,5,56,-51
 元富信義,00922國泰台灣領袖50,0,51,-51
 元富信義,台翰,0,50,-50
 元富信義,康和證,0,50,-50
 元富信義,聯光通,181,219,-38
 元富信義,國泰金,0,33,-33
 元富信義,愛之味,0,30,-30
 元富信義,順達,51,80,-29
 元富信義,00934中信成長高股息,0,25,-25
 元富信義,00919群益台灣精選高息,6,30,-24
 元富信義,台達電,20,41,-21
 元富信義,00954中信日本半導體,0,20,-20
 元富信義,華電網,0,20,-20
 元富信義,00720B元大投資級公司債,2,20,-18
 元富信義,連展投控,1,18,-17
 元富信義,凱基金,5,20,-15
 元富信義,雷虎,69,84,-15
 元富信義,00905FT臺灣Smart,1,15,-14
 元富信義,光寶科,3,16,-13
 元富信義,欣銓,10,23,-13
 元富信義,和碩,0,13,-13
 元富信義,台積電,43,56,-13
 元富信義,新興,0,12,-12
 元富信義,00891中信關鍵半導體,0,11,-11
 元富信義,宏達電,307,318,-11
 元富信義,華南金,0,11,-11
 元富信義,006208富邦台50,3,13,-10
 元富信義,00897富邦基因免疫生技,0,10,-10
 元富信義,00970B新光BBB投等債20,0,10,-10
 元富信義,華榮,0,10,-10
 元富信義,英利-KY,0,10,-10
 元富信義,皇翔,0,10,-10
 元富信義,911608明輝-DR,0,10,-10
 元富信義,00946群益科技高息成長,0,10,-10
 元富信義,星宇航空,1,10,-9
 元富信義,全漢,0,9,-9
 元富信義,大同,5,13,-8
 元富信義,安泰銀,0,8,-8
 元富信義,台特化,2,10,-8
 元富信義,元大台灣50,1,8,-7
 元富信義,00772B中信高評級公司債,0,7,-7
 元富信義,中石化,0,7,-7
 元富信義,友訊,1,8,-7
 元富信義,友達,0,7,-7
 元富信義,國賓,3,10,-7
凱基三重,力積電,11206,104,11102
凱基三重,國喬,186,1,185
凱基三重,聯電,167,30,137
凱基三重,佳能,130,3,127
凱基三重,00937B群益ESG投等債20,100,1,99
凱基三重,達邁,132,37,95
凱基三重,友訊,96,4,92
凱基三重,潤泰全,88,0,88
凱基三重,00637L元大滬深300正2,86,11,75
凱基三重,晟銘電,53,2,51
凱基三重,晟德,50,0,50
凱基三重,新麥,50,0,50
凱基三重,00719B元大美債1-3,50,0,50
凱基三重,00671R富邦NASDAQ反1,50,0,50
凱基三重,00919群益台灣精選高息,52,9,43
凱基三重,台化,73,32,41
凱基三重,00965元大航太防衛科技,40,0,40
凱基三重,泰金寶-DR,34,0,34
凱基三重,兆豐金,34,0,34
凱基三重,華邦電,34,0,34
凱基三重,緯創,47,14,33
凱基三重,英濟,66,34,32
凱基三重,中鼎,31,0,31
凱基三重,中石化,36,7,29
凱基三重,00688L國泰20年美債正2,29,0,29
凱基三重,聯光通,38,10,28
凱基三重,氣立,26,0,26
凱基三重,惠特,27,2,25
凱基三重,元大金,30,6,24
凱基三重,南亞,28,5,23
凱基三重,00915凱基優選高股息30,23,1,22
凱基三重,00910第一金太空衛星,22,0,22
凱基三重,彩晶,20,0,20
凱基三重,環泰,20,0,20
凱基三重,00878國泰永續高股息,37,18,19
凱基三重,擎亞,50,32,18
凱基三重,第一金,20,2,18
凱基三重,欣興,28,10,18
凱基三重,王道銀行,18,0,18
凱基三重,合晶,18,0,18
凱基三重,00650L復華香港正2,16,0,16
凱基三重,力成,20,4,16
凱基三重,興能高,197,181,16
凱基三重,錸德,15,0,15
凱基三重,群創,23,8,15
凱基三重,元大高股息,18,5,13
凱基三重,永豐金,14,1,13
凱基三重,玉山金,16,3,13
凱基三重,立敦,36,24,12
凱基三重,鈺太,11,0,11
凱基三重,三商壽,2,1501,-1499
凱基三重,00980B台新特選IG債10+,0,267,-267
凱基三重,凱基金,0,231,-231
凱基三重,00929復華台灣科技優息,0,171,-171
凱基三重,00952凱基台灣AI50,0,130,-130
凱基三重,昆盈,2,122,-120
凱基三重,00753L中信中國50正2,35,135,-100
凱基三重,台新金,14,103,-89
凱基三重,神達,76,155,-79
凱基三重,富采,6,73,-67
凱基三重,精成科,52,110,-58
凱基三重,騰輝電子-KY,1,53,-52
凱基三重,00715L期街口布蘭特正2,2,54,-52
凱基三重,台塑,9,61,-52
凱基三重,立��,4,53,-49
凱基三重,00679B元大美債20年,17,62,-45
凱基三重,欣銓,4,45,-41
凱基三重,神基,2,42,-40
凱基三重,00971野村美國研發龍頭,1,41,-40
凱基三重,昇達科,8,44,-36
凱基三重,華南金,0,34,-34
凱基三重,00852L國泰美國道瓊正2,0,31,-31
凱基三重,愛之味,0,30,-30
凱基三重,華航,2,32,-30
凱基三重,長榮航,5,34,-29
凱基三重,長華*,1,30,-29
凱基三重,富邦金,11,37,-26
凱基三重,前鼎,14,40,-26
凱基三重,新日興,8,32,-24
凱基三重,創惟,4,27,-23
凱基三重,鴻準,18,41,-23
凱基三重,中興電,2,24,-22
凱基三重,台泥,2,23,-21
凱基三重,友達,20,41,-21
凱基三重,彰銀,0,20,-20
凱基三重,圓剛,4,24,-20
凱基三重,伍豐,0,20,-20
凱基三重,00632R元大台灣50反1,12,30,-18
凱基三重,綠界科技*,4,21,-17
凱基三重,00951台新日本半導體,4,20,-16
凱基三重,陽明,16,32,-16
凱基三重,世禾,5,20,-15
凱基三重,能率,8,23,-15
凱基三重,00830國泰費城半導體,2,16,-14
凱基三重,宏達電,50,64,-14
凱基三重,眾達-KY,21,35,-14
凱基三重,00706L期元大S＆P日圓正2,0,14,-14
凱基三重,00930永豐ESG低碳高息,0,14,-14
凱基三重,00900富邦特選高股息30,2,16,-14
凱基三重,凌陽,0,14,-14
凱基永和,友訊,168,1,167
凱基永和,台肥,105,0,105
凱基永和,友達,105,3,102
凱基永和,00706L期元大S＆P日圓正2,95,0,95
凱基永和,欣銓,100,7,93
凱基永和,00940元大台灣價值高息,81,7,74
凱基永和,神達,497,448,49
凱基永和,聯電,43,1,42
凱基永和,緯創,39,0,39
凱基永和,富喬,42,5,37
凱基永和,00882中信中國高股息,32,0,32
凱基永和,志強-KY,74,50,24
凱基永和,英業達,23,1,22
凱基永和,00858永豐美國500大,15,0,15
凱基永和,盛群,15,0,15
凱基永和,00953B群益優選非投等債,16,2,14
凱基永和,英濟,24,12,12
凱基永和,00878國泰永續高股息,13,2,11
凱基永和,長榮,13,2,11
凱基永和,廣運,11,0,11
凱基永和,00685L群益臺灣加權正2,11,0,11
凱基永和,00633L富邦上証正2,10,0,10
凱基永和,台塑,10,0,10
凱基永和,元大高股息,7,0,7
凱基永和,廣達,10,3,7
凱基永和,00647L元大S＆P500正2,7,0,7
凱基永和,00959B大華投等美債15Y+,6,0,6
凱基永和,00960野村全球航運龍頭,6,0,6
凱基永和,智邦,10,4,6
凱基永和,IET-KY,6,0,6
凱基永和,兆豐金,5,0,5
凱基永和,上銀,7,2,5
凱基永和,00632R元大台灣50反1,5,0,5
凱基永和,00725B國泰投資級公司債,5,0,5
凱基永和,海華,5,0,5
凱基永和,東洋,5,0,5
凱基永和,中裕,5,0,5
凱基永和,澤米,5,0,5
凱基永和,九暘,5,0,5
凱基永和,騰輝電子-KY,4,0,4
凱基永和,台灣精銳,3,0,3
凱基永和,力成,3,0,3
凱基永和,京元電子,3,0,3
凱基永和,00757統一FANG+,6,3,3
凱基永和,00650L復華香港正2,3,0,3
凱基永和,圓剛,6,3,3
凱基永和,華固,3,0,3
凱基永和,聯亞,3,0,3
凱基永和,艾訊,4,1,3
凱基永和,達邁,6,3,3
凱基永和,華星光,2,164,-162
凱基永和,00971野村美國研發龍頭,3,143,-140
凱基永和,00980B台新特選IG債10+,0,110,-110
凱基永和,興能高,3,95,-92
凱基永和,力積電,7,77,-70
凱基永和,00753L中信中國50正2,11,74,-63
凱基永和,00665L富邦�琤肭磪囓�2,50,110,-60
凱基永和,00927群益半導體收益,0,42,-42
凱基永和,00905FT臺灣Smart,0,40,-40
凱基永和,00680L元大美債20正2,0,40,-40
凱基永和,中信金,0,35,-35
凱基永和,中鋼,0,29,-29
凱基永和,中興電,0,20,-20
凱基永和,上海商銀,0,20,-20
凱基永和,00919群益台灣精選高息,13,31,-18
凱基永和,華航,0,17,-17
凱基永和,森崴能源,0,17,-17
凱基永和,00929復華台灣科技優息,0,14,-14
凱基永和,鼎元,0,13,-13
凱基永和,振樺電,0,13,-13
凱基永和,南港,0,10,-10
凱基永和,00937B群益ESG投等債20,0,10,-10
凱基永和,星宇航空,0,10,-10
凱基永和,淘帝-KY,0,10,-10
凱基永和,元大台灣50,2,12,-10
凱基永和,聯華,1,11,-10
凱基永和,高端疫苗,1,10,-9
凱基永和,昆盈,0,9,-9
凱基永和,玉山金,0,9,-9
凱基永和,國泰金,0,7,-7
凱基永和,新光金,5,12,-7
凱基永和,久昌,0,7,-7
凱基永和,台灣虎航,0,7,-7
凱基永和,台積電,10,17,-7
凱基永和,00926凱基全球菁英55,0,6,-6
凱基永和,漢翔,0,6,-6
凱基永和,台新金,1,7,-6
凱基永和,福邦證,0,6,-6
凱基永和,立敦,3,9,-6
凱基永和,豐藝,0,6,-6
凱基永和,漢磊,0,6,-6
凱基永和,聯光通,2,8,-6
凱基永和,泰金寶-DR,40,45,-5
凱基永和,00923群益台ESG低碳50,2,7,-5
凱基永和,00679B元大美債20年,0,5,-5
凱基永和,00951台新日本半導體,0,5,-5
凱基永和,中電,0,5,-5
凱基永和,瑞軒,0,5,-5
凱基永和,第一金,0,5,-5
凱基永和,太普高,0,5,-5
 元大台南,三商壽,559,5,554
 元大台南,元大高股息,160,10,150
 元大台南,00637L元大滬深300正2,206,104,102
 元大台南,00725B國泰投資級公司債,86,0,86
 元大台南,力積電,121,43,78
 元大台南,00953B群益優選非投等債,75,0,75
 元大台南,聯電,135,62,73
 元大台南,緯創,53,18,35
 元大台南,00937B群益ESG投等債20,45,11,34
 元大台南,00680L元大美債20正2,30,0,30
 元大台南,位速,26,0,26
 元大台南,00688L國泰20年美債正2,21,0,21
 元大台南,006208富邦台50,23,3,20
 元大台南,00882中信中國高股息,16,0,16
 元大台南,00919群益台灣精選高息,27,11,16
 元大台南,00909國泰數位支付服務,15,0,15
 元大台南,00910第一金太空衛星,21,7,14
 元大台南,00687B國泰20年美債,42,29,13
 元大台南,00971野村美國研發龍頭,12,0,12
 元大台南,00858永豐美國500大,11,0,11
 元大台南,00632R元大台灣50反1,13,2,11
 元大台南,新盛力,43,32,11
 元大台南,中租-KY,12,2,10
 元大台南,彩晶,10,0,10
 元大台南,聯傑,10,0,10
 元大台南,高鋒,11,1,10
 元大台南,均豪,10,0,10
 元大台南,00830國泰費城半導體,11,1,10
 元大台南,欣興,18,8,10
 元大台南,元大金,9,0,9
 元大台南,00959B大華投等美債15Y+,10,1,9
 元大台南,宏全,10,1,9
 元大台南,力成,10,1,9
 元大台南,立敦,13,5,8
 元大台南,興能高,147,139,8
 元大台南,創惟,8,0,8
 元大台南,達邁,38,30,8
 元大台南,神達,121,114,7
 元大台南,亞泰,8,1,7
 元大台南,台灣高鐵,7,0,7
 元大台南,廣達,11,4,7
 元大台南,元大台灣50,10,3,7
 元大台南,盟立,6,0,6
 元大台南,中工,6,0,6
 元大台南,00633L富邦上証正2,6,0,6
 元大台南,同欣電,6,0,6
 元大台南,00968B元大優息投等債,6,0,6
 元大台南,旺宏,6,1,5
 元大台南,英業達,6,1,5
 元大台南,景碩,7,2,5
 元大台南,00965元大航太防衛科技,5,312,-307
 元大台南,00673R期元大S＆P原油反1,2,97,-95
 元大台南,中信金,1,55,-54
 元大台南,00929復華台灣科技優息,4,49,-45
 元大台南,欣銓,1,41,-40
 元大台南,華航,1,40,-39
 元大台南,國票金,0,38,-38
 元大台南,新光金,1,38,-37
 元大台南,臺企銀,0,36,-36
 元大台南,00940元大台灣價值高息,5,40,-35
 元大台南,00941中信上游半導體,0,32,-32
 元大台南,00903富邦元宇宙,0,31,-31
 元大台南,凱基金,6,36,-30
 元大台南,富邦金,2,30,-28
 元大台南,00712復華富時不動產,15,38,-23
 元大台南,菱光,3,25,-22
 元大台南,宏達電,81,102,-21
 元大台南,眾達-KY,21,40,-19
 元大台南,環宇-KY,24,42,-18
 元大台南,00905FT臺灣Smart,0,16,-16
 元大台南,建錩,0,16,-16
 元大台南,華新,4,20,-16
 元大台南,00706L期元大S＆P日圓正2,0,15,-15
 元大台南,00720B元大投資級公司債,0,15,-15
 元大台南,大同,4,18,-14
 元大台南,燿華,5,17,-12
 元大台南,00881國泰台灣5G+,1,13,-12
 元大台南,台塑化,0,12,-12
 元大台南,00922國泰台灣領袖50,0,12,-12
 元大台南,長榮航,9,21,-12
 元大台南,台積電,12,24,-12
 元大台南,台達電,2,14,-12
 元大台南,台境*,0,11,-11
 元大台南,凱美,8,18,-10
 元大台南,威健,0,10,-10
 元大台南,增你強,0,10,-10
 元大台南,威剛,0,10,-10
 元大台南,富威電力,1,10,-9
 元大台南,00917中信特選金融,2,11,-9
 元大台南,昇陽半導體,3,12,-9
 元大台南,00936台新永續高息中小,5,14,-9
 元大台南,斐成,0,9,-9
 元大台南,加百裕,30,38,-8
 元大台南,光罩,5,13,-8
 元大台南,00877復華中國5G,0,8,-8
 元大台南,台灣虎航,7,15,-8
 元大台南,友達,2,10,-8
 元大台南,華星光,21,28,-7
 元大台南,朋億*,4,11,-7
 元大台南,仁寶,0,7,-7
 元大天母,來頡,256,2,254
 元大天母,00675L富邦臺灣加權正2,126,19,107
 元大天母,強茂,106,0,106
 元大天母,湧德,84,0,84
 元大天母,00937B群益ESG投等債20,77,3,74
 元大天母,鴻海,70,11,59
 元大天母,中光電,64,7,57
 元大天母,富喬,55,11,44
 元大天母,聯電,59,16,43
 元大天母,00664R國泰臺灣加權反1,40,0,40
 元大天母,00919群益台灣精選高息,38,2,36
 元大天母,友訊,42,7,35
 元大天母,元大高股息,46,11,35
 元大天母,立隆電,40,5,35
 元大天母,00632R元大台灣50反1,32,0,32
 元大天母,元大金,32,0,32
 元大天母,00895富邦未來車,30,0,30
 元大天母,020033統一�琤肮黕篾,30,0,30
 元大天母,佳能,29,0,29
 元大天母,憶聲,33,4,29
 元大天母,00878國泰永續高股息,36,8,28
 元大天母,大成鋼,28,2,26
 元大天母,合晶,25,0,25
 元大天母,宣德,22,0,22
 元大天母,廣達,24,3,21
 元大天母,彰銀,21,0,21
 元大天母,00637L元大滬深300正2,60,39,21
 元大天母,浩鼎,20,0,20
 元大天母,海華,18,1,17
 元大天母,00753L中信中國50正2,180,163,17
 元大天母,亞光,36,19,17
 元大天母,正崴,20,3,17
 元大天母,生展,13,0,13
 元大天母,迅得,13,0,13
 元大天母,宏��,14,2,12
 元大天母,玉晶光,12,0,12
 元大天母,凌華,14,3,11
 元大天母,臺企銀,10,0,10
 元大天母,陽明,32,22,10
 元大天母,英業達,24,14,10
 元大天母,00924復華S＆P500成長,10,0,10
 元大天母,三商壽,10,0,10
 元大天母,國喬,10,0,10
 元大天母,南亞科,10,0,10
 元大天母,耿鼎,10,0,10
 元大天母,緯創,51,42,9
 元大天母,00673R期元大S＆P原油反1,9,0,9
 元大天母,00633L富邦上証正2,9,0,9
 元大天母,環宇-KY,14,5,9
 元大天母,僑威,10,2,8
 元大天母,00965元大航太防衛科技,9,593,-584
 元大天母,凱基金,1,82,-81
 元大天母,華邦電,0,52,-52
 元大天母,00887永豐中國科技50大,0,51,-51
 元大天母,玉山金,0,44,-44
 元大天母,志強-KY,1,43,-42
 元大天母,00955中信日本商社,0,42,-42
 元大天母,連展投控,5,40,-35
 元大天母,新光金,29,62,-33
 元大天母,00929復華台灣科技優息,0,33,-33
 元大天母,神達,56,87,-31
 元大天母,元大台灣50,2,32,-30
 元大天母,華紙,0,30,-30
 元大天母,友達,0,23,-23
 元大天母,00757統一FANG+,3,25,-22
 元大天母,華通,0,22,-22
 元大天母,長榮航,1,23,-22
 元大天母,006208富邦台50,0,21,-21
 元大天母,兆豐金,14,34,-20
 元大天母,雷虎,4,24,-20
 元大天母,00940元大台灣價值高息,0,18,-18
 元大天母,擎亞,1,17,-16
 元大天母,00933B國泰10Y+金融債,5,20,-15
 元大天母,加捷生醫,0,15,-15
 元大天母,00891中信關鍵半導體,0,13,-13
 元大天母,華航,3,16,-13
 元大天母,00881國泰台灣5G+,0,13,-13
 元大天母,00665L富邦�琤肭磪囓�2,0,12,-12
 元大天母,聿新科,0,11,-11
 元大天母,台灣虎航,1,11,-10
 元大天母,中鴻,0,10,-10
 元大天母,大聯大,0,10,-10
 元大天母,新日興,2,12,-10
 元大天母,朋億*,3,13,-10
 元大天母,聯發科,2,12,-10
 元大天母,台揚,2,11,-9
 元大天母,00934中信成長高股息,1,10,-9
 元大天母,今國光,1,10,-9
 元大天母,事欣科,4,13,-9
 元大天母,澤米,1,10,-9
 元大天母,光寶科,1,10,-9
 元大天母,昇達科,2,10,-8
 元大天母,洋基工程,0,8,-8
 元大天母,綠界科技*,8,16,-8
 元大天母,星宇航空,0,8,-8
 元大天母,華城,2,9,-7
 元大天母,群創,0,7,-7
 元大天母,天品,2,9,-7
 元大天母,00909國泰數位支付服務,3,9,-6
 元大天母,華義,0,6,-6
凱基信義,欣銓,1611,8,1603
凱基信義,華星光,1505,65,1440
凱基信義,擎亞,1088,100,988
凱基信義,精成科,246,1,245
凱基信義,凱基金,210,0,210
凱基信義,波若威,174,18,156
凱基信義,順達,134,17,117
凱基信義,遠東銀,100,0,100
凱基信義,中信金,100,1,99
凱基信義,事欣科,96,2,94
凱基信義,富喬,99,24,75
凱基信義,神達,94,20,74
凱基信義,創惟,71,2,69
凱基信義,中鋼,62,3,59
凱基信義,第一金,50,0,50
凱基信義,樺晟,44,0,44
凱基信義,僑威,51,10,41
凱基信義,00632R元大台灣50反1,40,0,40
凱基信義,陽明,42,2,40
凱基信義,萬海,38,0,38
凱基信義,系微,30,0,30
凱基信義,科妍,41,11,30
凱基信義,00637L元大滬深300正2,29,0,29
凱基信義,新日興,41,12,29
凱基信義,皇昌,24,3,21
凱基信義,00887永豐中國科技50大,20,0,20
凱基信義,00753L中信中國50正2,23,3,20
凱基信義,華立,20,0,20
凱基信義,三一東林,19,0,19
凱基信義,聯電,35,17,18
凱基信義,泰鼎-KY,16,0,16
凱基信義,新應材,15,0,15
凱基信義,00679B元大美債20年,15,1,14
凱基信義,長榮,14,0,14
凱基信義,鈺太,13,0,13
凱基信義,廣達,11,0,11
凱基信義,台泥,11,0,11
凱基信義,00885富邦越南,10,0,10
凱基信義,中華化,10,0,10
凱基信義,大綜,10,0,10
凱基信義,晟德,10,0,10
凱基信義,力成,10,0,10
凱基信義,南茂,10,0,10
凱基信義,00933B國泰10Y+金融債,9,0,9
凱基信義,凱美,21,13,8
凱基信義,大成鋼,8,0,8
凱基信義,00910第一金太空衛星,9,2,7
凱基信義,元大MSCI金融,6,0,6
凱基信義,長華*,6,0,6
凱基信義,世芯-KY,6,0,6
凱基信義,晟銘電,10,200,-190
凱基信義,大銀微系統,3,100,-97
凱基信義,鉅祥,0,80,-80
凱基信義,昇貿,0,74,-74
凱基信義,智邦,1,55,-54
凱基信義,一詮,0,43,-43
凱基信義,湧德,0,40,-40
凱基信義,艾笛森,0,31,-31
凱基信義,00929復華台灣科技優息,2,29,-27
凱基信義,友訊,0,23,-23
凱基信義,光寶科,0,20,-20
凱基信義,中租-KY,0,20,-20
凱基信義,大同,4,23,-19
凱基信義,宏達電,9,27,-18
凱基信義,力積電,12,28,-16
凱基信義,敦陽科,0,16,-16
凱基信義,華航,10,24,-14
凱基信義,友達,0,13,-13
凱基信義,興富發,0,13,-13
凱基信義,新光金,0,13,-13
凱基信義,奇鋐,5,17,-12
凱基信義,南亞,0,11,-11
凱基信義,建漢,0,11,-11
凱基信義,泰山,0,10,-10
凱基信義,00673R期元大S＆P原油反1,0,10,-10
凱基信義,定穎投控,0,10,-10
凱基信義,達麗,0,10,-10
凱基信義,逸達,0,10,-10
凱基信義,台亞,1,10,-9
凱基信義,聯亞,1,10,-9
凱基信義,AES-KY,2,11,-9
凱基信義,亞航,0,8,-8
凱基信義,神基,2,9,-7
凱基信義,光環,3,10,-7
凱基信義,加百裕,9,16,-7
凱基信義,迅得,0,7,-7
凱基信義,達運光電,0,7,-7
凱基信義,德律,0,6,-6
凱基信義,鴻碩,0,6,-6
凱基信義,康和證,0,6,-6
凱基信義,裕慶-KY,5,11,-6
凱基信義,廣宇,2,7,-5
凱基信義,00937B群益ESG投等債20,5,10,-5
凱基信義,首利,0,5,-5
凱基信義,名軒,6,11,-5
凱基信義,華邦電,0,5,-5
凱基信義,仲琦,0,5,-5
凱基信義,盟立,0,5,-5
凱基信義,緯創,4,9,-5
凱基信義,士開,0,5,-5
凱基竹東,00637L元大滬深300正2,60,10,50
凱基竹東,澤米,51,1,50
凱基竹東,00937B群益ESG投等債20,50,14,36
凱基竹東,00679B元大美債20年,35,0,35
凱基竹東,聯電,32,0,32
凱基竹東,00680L元大美債20正2,30,0,30
凱基竹東,鴻準,37,9,28
凱基竹東,和椿,28,3,25
凱基竹東,興能高,49,26,23
凱基竹東,中鋼,21,0,21
凱基竹東,東陽,20,0,20
凱基竹東,佳能,20,0,20
凱基竹東,精成科,27,8,19
凱基竹東,泰金寶-DR,174,158,16
凱基竹東,華邦電,16,1,15
凱基竹東,元大高股息,14,1,13
凱基竹東,宏齊,14,2,12
凱基竹東,圓剛,11,0,11
凱基竹東,益登,11,0,11
凱基竹東,廣達,11,2,9
凱基竹東,凱基金,10,1,9
凱基竹東,日月光投控,13,4,9
凱基竹東,旺宏,8,1,7
凱基竹東,00720B元大投資級公司債,5,0,5
凱基竹東,00892富邦台灣半導體,5,0,5
凱基竹東,所羅門,5,0,5
凱基竹東,南亞科,5,0,5
凱基竹東,世界,5,0,5
凱基竹東,越峰,5,0,5
凱基竹東,聯鈞,9,5,4
凱基竹東,統一證,4,0,4
凱基竹東,立��,11,7,4
凱基竹東,智原,4,0,4
凱基竹東,00900富邦特選高股息30,3,0,3
凱基竹東,00882中信中國高股息,3,0,3
凱基竹東,京元電子,4,1,3
凱基竹東,慧洋-KY,3,0,3
凱基竹東,國泰金,4,1,3
凱基竹東,永豐金,3,0,3
凱基竹東,威剛,3,0,3
凱基竹東,英濟,3,0,3
凱基竹東,宜鼎,3,0,3
凱基竹東,昇陽半導體,3,0,3
凱基竹東,00635U期元大S＆P黃金,3,0,3
凱基竹東,健椿,3,0,3
凱基竹東,兆豐金,2,0,2
凱基竹東,00830國泰費城半導體,2,0,2
凱基竹東,巨庭,2,0,2
凱基竹東,志聖,2,0,2
凱基竹東,立隆電,2,0,2
凱基竹東,00980B台新特選IG債10+,0,70,-70
凱基竹東,00940元大台灣價值高息,0,50,-50
凱基竹東,00878國泰永續高股息,10,37,-27
凱基竹東,昇達科,0,22,-22
凱基竹東,00673R期元大S＆P原油反1,0,20,-20
凱基竹東,友達,0,20,-20
凱基竹東,緯創,22,39,-17
凱基竹東,00632R元大台灣50反1,0,12,-12
凱基竹東,英業達,2,12,-10
凱基竹東,華新,0,9,-9
凱基竹東,力積電,13,22,-9
凱基竹東,台積電,0,8,-8
凱基竹東,金寶,0,8,-8
凱基竹東,海光,0,7,-7
凱基竹東,00929復華台灣科技優息,0,7,-7
凱基竹東,00795B中信美國公債20年,0,6,-6
凱基竹東,晟德,0,6,-6
凱基竹東,00946群益科技高息成長,0,5,-5
凱基竹東,00939統一台灣高息動能,0,5,-5
凱基竹東,亞翔,0,5,-5
凱基竹東,台達化,0,4,-4
凱基竹東,華夏,0,4,-4
凱基竹東,00927群益半導體收益,0,4,-4
凱基竹東,中華,1,5,-4
凱基竹東,光寶科,0,4,-4
凱基竹東,宏達電,17,21,-4
凱基竹東,神達,12,16,-4
凱基竹東,IET-KY,0,4,-4
凱基竹東,00770國泰北美科技,0,3,-3
凱基竹東,恆大,0,3,-3
凱基竹東,聯成,0,3,-3
凱基竹東,友訊,0,3,-3
凱基竹東,富邦金,0,3,-3
凱基竹東,新光金,0,3,-3
凱基竹東,僑威,1,4,-3
凱基竹東,海灣,0,3,-3
凱基竹東,達邁,5,8,-3
凱基竹東,萬泰科,0,3,-3
凱基竹東,系微,5,8,-3
凱基竹東,台虹,0,3,-3
凱基竹東,凌巨,0,3,-3
凱基竹東,台達電,0,2,-2
凱基竹東,00953B群益優選非投等債,0,2,-2
凱基竹東,南港,0,2,-2
凱基竹東,泰茂,0,2,-2
凱基竹東,華通,1,3,-2
凱基竹東,華泰,0,2,-2
凱基竹東,華南金,1,3,-2
凱基竹東,元大金,0,2,-2
凱基竹東,台新金,1,3,-2
華南虎尾,00676R富邦臺灣加權反1,800,0,800
華南虎尾,00632R元大台灣50反1,269,0,269
華南虎尾,聯電,222,60,162
華南虎尾,00637L元大滬深300正2,168,60,108
華南虎尾,00701國泰股利精選30,40,0,40
華南虎尾,006208富邦台50,40,1,39
華南虎尾,統一,36,0,36
華南虎尾,菱生,32,0,32
華南虎尾,眾達-KY,32,7,25
華南虎尾,00751B元大AAA至A公司債,24,0,24
華南虎尾,00665L富邦�琤肭磪囓�2,24,0,24
華南虎尾,00720B元大投資級公司債,20,0,20
華南虎尾,欣興,22,2,20
華南虎尾,錸寶,20,0,20
華南虎尾,聯光通,85,65,20
華南虎尾,00688L國泰20年美債正2,13,0,13
華南虎尾,大成鋼,14,1,13
華南虎尾,日勝生,20,7,13
華南虎尾,國喬,12,0,12
華南虎尾,允強,12,0,12
華南虎尾,百和,14,2,12
華南虎尾,新鋼,13,2,11
華南虎尾,00882中信中國高股息,10,0,10
華南虎尾,00664R國泰臺灣加權反1,10,0,10
華南虎尾,華泰,10,0,10
華南虎尾,均豪,10,0,10
華南虎尾,方土昶,10,0,10
華南虎尾,龍德造船,10,0,10
華南虎尾,台積電,28,19,9
華南虎尾,太景*-KY,19,10,9
華南虎尾,華榮,10,1,9
華南虎尾,金寶,10,1,9
華南虎尾,精成科,21,12,9
華南虎尾,廣達,8,0,8
華南虎尾,00753L中信中國50正2,8,0,8
華南虎尾,第一金,11,3,8
華南虎尾,新盛力,30,22,8
華南虎尾,宏齊,8,0,8
華南虎尾,00909國泰數位支付服務,7,0,7
華南虎尾,00965元大航太防衛科技,11,4,7
華南虎尾,愛之味,7,0,7
華南虎尾,國泰金,9,2,7
華南虎尾,敦泰,7,0,7
華南虎尾,乙盛-KY,11,4,7
華南虎尾,00953B群益優選非投等債,6,0,6
華南虎尾,訊連,6,0,6
華南虎尾,星雲,6,0,6
華南虎尾,森鉅,6,0,6
華南虎尾,00650L復華香港正2,5,0,5
華南虎尾,00670L富邦NASDAQ正2,5,0,5
華南虎尾,台聚,0,100,-100
華南虎尾,00934中信成長高股息,0,94,-94
華南虎尾,群創,11,69,-58
華南虎尾,力積電,91,145,-54
華南虎尾,00919群益台灣精選高息,9,62,-53
華南虎尾,友達,0,41,-41
華南虎尾,瑞軒,0,40,-40
華南虎尾,鴻海,2,40,-38
華南虎尾,緯創,13,50,-37
華南虎尾,台化,0,35,-35
華南虎尾,凱基金,0,35,-35
華南虎尾,寶成,0,32,-32
華南虎尾,大同,0,30,-30
華南虎尾,00960野村全球航運龍頭,0,30,-30
華南虎尾,中環,0,30,-30
華南虎尾,良維,0,29,-29
華南虎尾,00971野村美國研發龍頭,0,27,-27
華南虎尾,華航,2,24,-22
華南虎尾,00712復華富時不動產,0,22,-22
華南虎尾,元大高股息,17,39,-22
華南虎尾,聯華,0,20,-20
華南虎尾,遠東銀,0,20,-20
華南虎尾,邦泰,0,20,-20
華南虎尾,華邦電,0,20,-20
華南虎尾,仁寶,0,19,-19
華南虎尾,00915凱基優選高股息30,2,20,-18
華南虎尾,泰金寶-DR,11,28,-17
華南虎尾,00887永豐中國科技50大,0,15,-15
華南虎尾,00929復華台灣科技優息,0,14,-14
華南虎尾,鴻準,3,16,-13
華南虎尾,中信金,0,13,-13
華南虎尾,國統,0,13,-13
華南虎尾,王品,0,13,-13
華南虎尾,00930永豐ESG低碳高息,0,12,-12
華南虎尾,迅得,2,14,-12
華南虎尾,白紗科,0,12,-12
華南虎尾,00895富邦未來車,0,11,-11
華南虎尾,00878國泰永續高股息,2,13,-11
華南虎尾,元大台灣50,1,11,-10
華南虎尾,00954中信日本半導體,0,10,-10
華南虎尾,能率,0,10,-10
華南虎尾,朋億*,0,10,-10
華南虎尾,欣銓,9,19,-10
華南虎尾,長榮航,6,15,-9
華南虎尾,00710B復華彭博非投等債,0,9,-9
華南虎尾,00922國泰台灣領袖50,1,10,-9
華南虎尾,泰山,1,10,-9
華南虎尾,大山,0,9,-9
華南虎尾,錸德,6,15,-9
華南虎尾,南亞,2,10,-8
華南敦南,中信金,421,6,415
華南敦南,事欣科,122,0,122
華南敦南,聯電,107,9,98
華南敦南,00918大華優利高填息30,41,0,41
華南敦南,正達,32,2,30
華南敦南,桓達,30,0,30
華南敦南,能率網通,25,0,25
華南敦南,達邁,36,14,22
華南敦南,00706L期元大S＆P日圓正2,20,0,20
華南敦南,00927群益半導體收益,15,0,15
華南敦南,富喬,17,2,15
華南敦南,國泰金,20,5,15
華南敦南,00882中信中國高股息,12,0,12
華南敦南,富邦金,12,0,12
華南敦南,東台,12,0,12
華南敦南,大成鋼,11,0,11
華南敦南,德記,11,0,11
華南敦南,南亞,10,0,10
華南敦南,京元電子,10,0,10
華南敦南,元大金,10,0,10
華南敦南,泰詠,10,0,10
華南敦南,昇陽半導體,16,6,10
華南敦南,006208富邦台50,9,0,9
華南敦南,精材,13,5,8
華南敦南,巧新,8,0,8
華南敦南,日月光投控,7,0,7
華南敦南,聯發科,7,0,7
華南敦南,00919群益台灣精選高息,7,0,7
華南敦南,00679B元大美債20年,6,0,6
華南敦南,00931B統一美債20年,6,0,6
華南敦南,詮欣,7,1,6
華南敦南,力成,6,0,6
華南敦南,大汽電,6,0,6
華南敦南,宏達電,39,33,6
華南敦南,台泥,6,1,5
華南敦南,00688L國泰20年美債正2,5,0,5
華南敦南,00633L富邦上証正2,5,0,5
華南敦南,微星,5,0,5
華南敦南,永豐金,5,0,5
華南敦南,威剛,5,0,5
華南敦南,致伸,5,0,5
華南敦南,力麒,5,0,5
華南敦南,長虹,5,0,5
華南敦南,達麗,5,0,5
華南敦南,惠特,5,0,5
華南敦南,00900富邦特選高股息30,5,0,5
華南敦南,台中銀,5,0,5
華南敦南,長榮航,6,1,5
華南敦南,元大高股息,5,1,4
華南敦南,永道-KY,4,0,4
華南敦南,連展投控,0,223,-223
華南敦南,立敦,97,295,-198
華南敦南,00929復華台灣科技優息,0,142,-142
華南敦南,台積電,5,45,-40
華南敦南,英濟,26,51,-25
華南敦南,擎亞,19,44,-25
華南敦南,系統電,0,18,-18
華南敦南,菱生,0,16,-16
華南敦南,00940元大台灣價值高息,0,15,-15
華南敦南,神達,40,54,-14
華南敦南,力積電,39,52,-13
華南敦南,長榮,24,34,-10
華南敦南,IET-KY,0,10,-10
華南敦南,高端疫苗,0,10,-10
華南敦南,光寶科,0,9,-9
華南敦南,佰研,0,9,-9
華南敦南,友訊,0,8,-8
華南敦南,鴻海,0,8,-8
華南敦南,佳世達,0,6,-6
華南敦南,臺企銀,0,6,-6
華南敦南,僑威,0,6,-6
華南敦南,欣銓,1,7,-6
華南敦南,晟德,0,6,-6
華南敦南,台半,0,6,-6
華南敦南,萬泰科,0,6,-6
華南敦南,00937B群益ESG投等債20,0,5,-5
華南敦南,00830國泰費城半導體,4,9,-5
華南敦南,中鴻,4,9,-5
華南敦南,南帝,0,5,-5
華南敦南,楠梓電,0,5,-5
華南敦南,矽格,1,6,-5
華南敦南,裕融,0,5,-5
華南敦南,00670L富邦NASDAQ正2,1,6,-5
華南敦南,宏觀,0,4,-4
華南敦南,揚博,0,4,-4
華南敦南,旭軟,0,4,-4
華南敦南,訊芯-KY,0,4,-4
華南敦南,順達,2,5,-3
華南敦南,00675L富邦臺灣加權正2,0,3,-3
華南敦南,正隆,0,3,-3
華南敦南,聯強,0,3,-3
華南敦南,潤弘,0,3,-3
華南敦南,波若威,20,23,-3
華南敦南,杭特,1,4,-3
華南敦南,華星光,30,33,-3
華南敦南,南茂,3,6,-3
華南敦南,汎銓,0,3,-3
華南敦南,亞翔,3,6,-3
華南敦南,00954中信日本半導體,0,2,-2
華南敦南,台達電,3,5,-2
 元富新興,00950B凱基A級公司債,1100,0,1100
 元富新興,00687B國泰20年美債,60,0,60
 元富新興,聯電,60,3,57
 元富新興,華星光,59,23,36
 元富新興,凌巨,30,0,30
 元富新興,00637L元大滬深300正2,40,13,27
 元富新興,00753L中信中國50正2,20,0,20
 元富新興,00706L期元大S＆P日圓正2,20,0,20
 元富新興,宏致,23,3,20
 元富新興,波若威,36,19,17
 元富新興,元大高股息,18,3,15
 元富新興,2887E台新戊特,14,0,14
 元富新興,00878國泰永續高股息,14,2,12
 元富新興,00918大華優利高填息30,18,6,12
 元富新興,緯創,32,21,11
 元富新興,英業達,12,1,11
 元富新興,昇達科,18,7,11
 元富新興,00679B元大美債20年,10,0,10
 元富新興,00673R期元大S＆P原油反1,10,0,10
 元富新興,大成鋼,11,1,10
 元富新興,海華,12,2,10
 元富新興,00708L期元大S＆P黃金正2,10,0,10
 元富新興,00910第一金太空衛星,15,6,9
 元富新興,00715L期街口布蘭特正2,15,6,9
 元富新興,中信金,13,5,8
 元富新興,天宇,8,0,8
 元富新興,英濟,17,9,8
 元富新興,00940元大台灣價值高息,10,2,8
 元富新興,00720B元大投資級公司債,7,0,7
 元富新興,和椿,14,7,7
 元富新興,金寶,9,2,7
 元富新興,三商壽,11,4,7
 元富新興,富采,10,3,7
 元富新興,昇陽半導體,8,1,7
 元富新興,立��,11,4,7
 元富新興,00919群益台灣精選高息,14,7,7
 元富新興,亞航,6,0,6
 元富新興,精成科,23,17,6
 元富新興,00924復華S＆P500成長,5,0,5
 元富新興,00927群益半導體收益,5,0,5
 元富新興,00935野村臺灣新科技50,5,0,5
 元富新興,00665L富邦�琤肭磪囓�2,5,0,5
 元富新興,00722B群益投資級電信債,5,0,5
 元富新興,00953B群益優選非投等債,5,0,5
 元富新興,統一,5,0,5
 元富新興,福懋油,5,0,5
 元富新興,達邁,34,29,5
 元富新興,永崴投控,6,1,5
 元富新興,欣興,6,2,4
 元富新興,中鋼,8,4,4
 元富新興,00980B台新特選IG債10+,10,231,-221
 元富新興,00937B群益ESG投等債20,26,100,-74
 元富新興,欣銓,7,69,-62
 元富新興,神達,24,68,-44
 元富新興,新光金,0,40,-40
 元富新興,凱基金,0,36,-36
 元富新興,00929復華台灣科技優息,15,45,-30
 元富新興,連展投控,10,37,-27
 元富新興,冠軍,0,20,-20
 元富新興,陽明,4,24,-20
 元富新興,00970B新光BBB投等債20,1,20,-19
 元富新興,力積電,17,34,-17
 元富新興,長榮航,0,15,-15
 元富新興,加百裕,33,47,-14
 元富新興,華航,0,12,-12
 元富新興,和碩,0,12,-12
 元富新興,00922國泰台灣領袖50,5,17,-12
 元富新興,三晃,0,11,-11
 元富新興,力新,0,11,-11
 元富新興,愛普*,0,11,-11
 元富新興,00664R國泰臺灣加權反1,0,10,-10
 元富新興,00633L富邦上証正2,0,10,-10
 元富新興,泰山,0,10,-10
 元富新興,IKKA-KY,3,13,-10
 元富新興,遠東銀,0,10,-10
 元富新興,精材,8,18,-10
 元富新興,南電,2,11,-9
 元富新興,華東,0,9,-9
 元富新興,00631L元大台灣50正2,0,8,-8
 元富新興,上曜,2,10,-8
 元富新興,星宇航空,0,8,-8
 元富新興,居易,0,8,-8
 元富新興,永道-KY,2,10,-8
 元富新興,萬海,0,7,-7
 元富新興,愛之味,0,7,-7
 元富新興,裕隆,0,7,-7
 元富新興,友達,3,10,-7
 元富新興,宏達電,48,54,-6
 元富新興,智原,0,6,-6
 元富新興,新光鋼,0,6,-6
 元富新興,晶彩科,0,6,-6
 元富新興,洋華,0,6,-6
 元富新興,環宇-KY,10,16,-6
 元富新興,大同,0,6,-6
 元富新興,興能高,18,24,-6
 元富新興,順達,5,11,-6
 元富新興,晟銘電,0,6,-6
 元富新興,亞翔,0,5,-5
 元富新興,力麗,0,5,-5
 元富新興,友訊,0,5,-5
陽信石碑,兆豐金,500,0,500
陽信石碑,永豐金,301,0,301
陽信石碑,00633L富邦上証正2,106,6,100
陽信石碑,聯電,126,32,94
陽信石碑,00686R群益臺灣加權反1,50,0,50
陽信石碑,國光生,50,11,39
陽信石碑,啟��,37,0,37
陽信石碑,恩德,35,0,35
陽信石碑,00641R富邦日本反1,31,0,31
陽信石碑,新盛力,61,30,31
陽信石碑,00919群益台灣精選高息,28,0,28
陽信石碑,國產,28,0,28
陽信石碑,凌巨,26,0,26
陽信石碑,00948B中信優息投資級債,25,0,25
陽信石碑,英濟,45,21,24
陽信石碑,鴻準,52,30,22
陽信石碑,00940元大台灣價值高息,20,0,20
陽信石碑,00857B永豐20年美公債,20,0,20
陽信石碑,台化,20,0,20
陽信石碑,中保科,20,0,20
陽信石碑,世紀鋼,20,0,20
陽信石碑,00651R復華香港反1,25,10,15
陽信石碑,兆勁,20,6,14
陽信石碑,泰金寶-DR,50,36,14
陽信石碑,鈺齊-KY,14,0,14
陽信石碑,佳能,17,5,12
陽信石碑,中鋼,11,0,11
陽信石碑,第一金,11,0,11
陽信石碑,緯創,29,18,11
陽信石碑,廣達,13,3,10
陽信石碑,台聚,10,0,10
陽信石碑,00650L復華香港正2,10,0,10
陽信石碑,彰銀,10,0,10
陽信石碑,華南金,10,0,10
陽信石碑,遠百,10,0,10
陽信石碑,東浦,10,0,10
陽信石碑,漢磊,10,0,10
陽信石碑,統一實,10,0,10
陽信石碑,中鼎,10,0,10
陽信石碑,全科,9,0,9
陽信石碑,聿新科,10,1,9
陽信石碑,亞光,14,6,8
陽信石碑,鴻海,16,8,8
陽信石碑,統一超,7,0,7
陽信石碑,台船,7,0,7
陽信石碑,信立,7,0,7
陽信石碑,中租-KY,8,1,7
陽信石碑,00918大華優利高填息30,6,0,6
陽信石碑,00922國泰台灣領袖50,11,5,6
陽信石碑,精英,7,1,6
陽信石碑,00713元大台灣高息低波,0,203,-203
陽信石碑,力積電,38,236,-198
陽信石碑,台中銀,0,133,-133
陽信石碑,神達,13,99,-86
陽信石碑,00673R期元大S＆P原油反1,0,60,-60
陽信石碑,華航,0,53,-53
陽信石碑,仁寶,3,40,-37
陽信石碑,00655L國泰中國A50正2,0,25,-25
陽信石碑,事欣科,1,21,-20
陽信石碑,宏��,0,19,-19
陽信石碑,中揚光,0,18,-18
陽信石碑,友達,14,32,-18
陽信石碑,創惟,2,20,-18
陽信石碑,欣銓,8,24,-16
陽信石碑,圓剛,0,15,-15
陽信石碑,台塑,104,119,-15
陽信石碑,台達電,1,15,-14
陽信石碑,金寶,10,23,-13
陽信石碑,凱基金,0,13,-13
陽信石碑,中興電,1,14,-13
陽信石碑,日月光投控,2,14,-12
陽信石碑,聯光通,10,22,-12
陽信石碑,友訊,0,11,-11
陽信石碑,台光電,1,12,-11
陽信石碑,台積電,10,21,-11
陽信石碑,華新,0,10,-10
陽信石碑,聚亨,0,10,-10
陽信石碑,楠梓電,0,10,-10
陽信石碑,玉山金,0,10,-10
陽信石碑,新光金,5,15,-10
陽信石碑,南港,0,9,-9
陽信石碑,亞翔,0,9,-9
陽信石碑,三芳,0,8,-8
陽信石碑,臺企銀,0,8,-8
陽信石碑,精材,3,11,-8
陽信石碑,群創,1,9,-8
陽信石碑,新應材,1,9,-8
陽信石碑,00632R元大台灣50反1,2,9,-7
陽信石碑,欣興,3,10,-7
陽信石碑,燿華,1,7,-6
陽信石碑,大同,12,18,-6
陽信石碑,上詮,0,6,-6
陽信石碑,彩晶,0,6,-6
陽信石碑,00935野村臺灣新科技50,0,5,-5
陽信石碑,首利,0,5,-5
陽信石碑,第一銅,0,5,-5
陽信石碑,矽統,3,8,-5
陽信石碑,冠德,0,5,-5
陽信石碑,漢翔,0,5,-5
陽信石碑,聯陽,0,5,-5
凱基民權,00637L元大滬深300正2,390,140,250
凱基民權,00772B中信高評級公司債,100,0,100
凱基民權,00795B中信美國公債20年,100,0,100
凱基民權,00773B中信優先金融債,71,0,71
凱基民權,00937B群益ESG投等債20,48,3,45
凱基民權,聯電,48,9,39
凱基民權,00753L中信中國50正2,40,2,38
凱基民權,緯創,43,12,31
凱基民權,00954中信日本半導體,30,0,30
凱基民權,立敦,39,9,30
凱基民權,00971野村美國研發龍頭,26,0,26
凱基民權,00679B元大美債20年,27,2,25
凱基民權,富邦金,30,5,25
凱基民權,力積電,76,52,24
凱基民權,00919群益台灣精選高息,21,1,20
凱基民權,00939統一台灣高息動能,18,0,18
凱基民權,達邁,39,22,17
凱基民權,00915凱基優選高股息30,20,5,15
凱基民權,聯德控股-KY,15,0,15
凱基民權,中鋼,13,2,11
凱基民權,00632R元大台灣50反1,10,0,10
凱基民權,00969B元大零息超長美債,10,0,10
凱基民權,三商壽,10,1,9
凱基民權,00898國泰基因免疫革命,9,0,9
凱基民權,新興,9,0,9
凱基民權,創惟,15,8,7
凱基民權,迎廣,7,0,7
凱基民權,南亞,6,0,6
凱基民權,金橋,6,0,6
凱基民權,宏齊,6,0,6
凱基民權,00858永豐美國500大,5,0,5
凱基民權,天宇,5,0,5
凱基民權,00725B國泰投資級公司債,10,5,5
凱基民權,00950B凱基A級公司債,5,0,5
凱基民權,和桐,5,0,5
凱基民權,全漢,5,0,5
凱基民權,龍巖,5,0,5
凱基民權,宏��,5,0,5
凱基民權,世紀鋼,5,1,4
凱基民權,台泥,4,0,4
凱基民權,00757統一FANG+,7,3,4
凱基民權,00670L富邦NASDAQ正2,6,2,4
凱基民權,00719B元大美債1-3,4,0,4
凱基民權,臺企銀,4,0,4
凱基民權,00733富邦臺灣中小,3,0,3
凱基民權,精誠,3,0,3
凱基民權,亞光,3,0,3
凱基民權,00938凱基優選30,3,0,3
凱基民權,00948B中信優息投資級債,3,0,3
凱基民權,英業達,3,0,3
凱基民權,00712復華富時不動產,1,105,-104
凱基民權,中華電,0,100,-100
凱基民權,新光金,0,61,-61
凱基民權,凱基金,0,42,-42
凱基民權,00688L國泰20年美債正2,0,42,-42
凱基民權,亞翔,0,31,-31
凱基民權,明泰,0,27,-27
凱基民權,00935野村臺灣新科技50,0,27,-27
凱基民權,遠雄港,0,23,-23
凱基民權,00680L元大美債20正2,0,22,-22
凱基民權,00929復華台灣科技優息,7,29,-22
凱基民權,元大高股息,16,37,-21
凱基民權,00634R富邦上証反1,0,20,-20
凱基民權,福邦證,0,20,-20
凱基民權,日月光投控,0,19,-19
凱基民權,中石化,0,19,-19
凱基民權,00638R元大滬深300反1,0,16,-16
凱基民權,大成鋼,1,16,-15
凱基民權,00905FT臺灣Smart,0,15,-15
凱基民權,昆盈,0,15,-15
凱基民權,全科,0,15,-15
凱基民權,00878國泰永續高股息,12,26,-14
凱基民權,聯合再生,1,15,-14
凱基民權,華電網,0,14,-14
凱基民權,星宇航空,1,15,-14
凱基民權,玉山金,0,13,-13
凱基民權,006208富邦台50,7,20,-13
凱基民權,華航,0,11,-11
凱基民權,鴻海,6,16,-10
凱基民權,00933B國泰10Y+金融債,0,10,-10
凱基民權,三芳,0,10,-10
凱基民權,台灣大,0,10,-10
凱基民權,工信,0,10,-10
凱基民權,00940元大台灣價值高息,4,14,-10
凱基民權,宏達電,31,41,-10
凱基民權,大同,4,13,-9
凱基民權,00887永豐中國科技50大,1,9,-8
凱基民權,00980B台新特選IG債10+,2,10,-8
凱基民權,威健,2,10,-8
凱基民權,台積電,4,12,-8
凱基民權,華星光,17,24,-7
凱基民權,00631L元大台灣50正2,0,7,-7
凱基民權,00930永豐ESG低碳高息,0,7,-7
凱基民權,錸德,0,7,-7
凱基民權,輔信,5,12,-7
凱基民權,台塑,0,7,-7
凱基民權,欣興,6,12,-6
凱基民權,台灣虎航,10,16,-6
凱基民權,彰銀,0,6,-6
凱基民權,建漢,0,6,-6
第一自由,三商壽,2708,2,2706
第一自由,00637L元大滬深300正2,352,122,230
第一自由,凱基金,167,14,153
第一自由,聯電,145,7,138
第一自由,朋億*,110,0,110
第一自由,00950B凱基A級公司債,100,0,100
第一自由,立��,63,8,55
第一自由,元大高股息,44,2,42
第一自由,友達,41,4,37
第一自由,00953B群益優選非投等債,35,0,35
第一自由,中工,30,0,30
第一自由,達邁,58,29,29
第一自由,富喬,276,248,28
第一自由,立敦,37,12,25
第一自由,正新,21,0,21
第一自由,IKKA-KY,22,2,20
第一自由,長榮航太,20,0,20
第一自由,大成鋼,22,3,19
第一自由,宏齊,27,9,18
第一自由,緯創,24,7,17
第一自由,欣興,23,6,17
第一自由,精成科,55,39,16
第一自由,上銀,15,0,15
第一自由,豐祥-KY,14,0,14
第一自由,擎亞,26,12,14
第一自由,昆盈,14,1,13
第一自由,華星光,21,8,13
第一自由,中石化,12,0,12
第一自由,凌巨,11,0,11
第一自由,華邦電,11,0,11
第一自由,環宇-KY,30,19,11
第一自由,台中銀,10,0,10
第一自由,合庫金,11,1,10
第一自由,台勝科,10,0,10
第一自由,00655L國泰中國A50正2,10,0,10
第一自由,光環,11,2,9
第一自由,華航,12,3,9
第一自由,泰鼎-KY,9,0,9
第一自由,玉晶光,9,0,9
第一自由,友訊,12,3,9
第一自由,艾訊,10,1,9
第一自由,00882中信中國高股息,11,2,9
第一自由,英業達,33,25,8
第一自由,富邦金,9,1,8
第一自由,加百裕,14,7,7
第一自由,仲琦,7,0,7
第一自由,00939統一台灣高息動能,7,0,7
第一自由,00918大華優利高填息30,7,0,7
第一自由,統一超,6,0,6
第一自由,崇友,6,0,6
第一自由,臺企銀,3,198,-195
第一自由,欣銓,1,132,-131
第一自由,力積電,29,117,-88
第一自由,00878國泰永續高股息,13,75,-62
第一自由,00946群益科技高息成長,0,58,-58
第一自由,興能高,69,124,-55
第一自由,00638R元大滬深300反1,0,50,-50
第一自由,永豐金,0,48,-48
第一自由,弘裕,9,50,-41
第一自由,台積電,6,39,-33
第一自由,宏達電,81,113,-32
第一自由,華新,0,32,-32
第一自由,00688L國泰20年美債正2,0,30,-30
第一自由,00951台新日本半導體,0,29,-29
第一自由,立隆電,20,49,-29
第一自由,00937B群益ESG投等債20,13,42,-29
第一自由,長榮航,21,48,-27
第一自由,雷虎,9,35,-26
第一自由,精剛,0,25,-25
第一自由,00929復華台灣科技優息,0,23,-23
第一自由,臻鼎-KY,0,21,-21
第一自由,能率,0,21,-21
第一自由,00885富邦越南,0,20,-20
第一自由,宏致,13,32,-19
第一自由,聯光通,4,23,-19
第一自由,振發,1,20,-19
第一自由,建錩,0,17,-17
第一自由,新盛力,90,107,-17
第一自由,大亞,0,16,-16
第一自由,中鋼,7,22,-15
第一自由,青新-創,0,15,-15
第一自由,00706L期元大S＆P日圓正2,2,17,-15
第一自由,泰金寶-DR,4,19,-15
第一自由,00687B國泰20年美債,1,16,-15
第一自由,京元電子,1,15,-14
第一自由,北極星藥業-KY,0,13,-13
第一自由,中信金,3,16,-13
第一自由,高鋒,0,12,-12
第一自由,大同,3,15,-12
第一自由,台達電,0,11,-11
第一自由,台揚,2,13,-11
第一自由,00936台新永續高息中小,0,11,-11
第一自由,華榮,0,11,-11
第一自由,華南金,0,11,-11
第一自由,00919群益台灣精選高息,25,35,-10
第一自由,彬台,0,10,-10
第一自由,福華,0,10,-10
第一自由,玉山金,0,10,-10
第一自由,00971野村美國研發龍頭,0,10,-10
第一自由,00715L期街口布蘭特正2,0,9,-9
台銀金山,00753L中信中國50正2,180,0,180
台銀金山,臺企銀,120,1,119
台銀金山,廣達,112,14,98
台銀金山,聯電,88,4,84
台銀金山,00937B群益ESG投等債20,104,47,57
台銀金山,中華,41,2,39
台銀金山,00915凱基優選高股息30,39,0,39
台銀金山,00918大華優利高填息30,47,11,36
台銀金山,泰金寶-DR,73,37,36
台銀金山,兆豐金,37,2,35
台銀金山,00751B元大AAA至A公司債,30,0,30
台銀金山,中石化,41,11,30
台銀金山,00637L元大滬深300正2,66,37,29
台銀金山,元大高股息,46,17,29
台銀金山,宏達電,50,24,26
台銀金山,00858永豐美國500大,20,0,20
台銀金山,00731復華富時高息低波,20,0,20
台銀金山,中租-KY,21,3,18
台銀金山,台灣高鐵,18,1,17
台銀金山,00971野村美國研發龍頭,17,0,17
台銀金山,00679B元大美債20年,27,11,16
台銀金山,合庫金,16,1,15
台銀金山,00664R國泰臺灣加權反1,15,0,15
台銀金山,宏��,14,0,14
台銀金山,眾達-KY,29,16,13
台銀金山,00878國泰永續高股息,31,18,13
台銀金山,力積電,14,1,13
台銀金山,擎亞,16,3,13
台銀金山,00712復華富時不動產,15,2,13
台銀金山,00713元大台灣高息低波,20,8,12
台銀金山,00830國泰費城半導體,15,3,12
台銀金山,光環,12,0,12
台銀金山,永豐金,14,3,11
台銀金山,新盛力,45,34,11
台銀金山,00706L期元大S＆P日圓正2,11,0,11
台銀金山,瀚宇博,13,2,11
台銀金山,00881國泰台灣5G+,11,0,11
台銀金山,欣興,14,4,10
台銀金山,00919群益台灣精選高息,25,15,10
台銀金山,00688L國泰20年美債正2,10,0,10
台銀金山,00887永豐中國科技50大,10,0,10
台銀金山,頎邦,11,1,10
台銀金山,聯發,10,0,10
台銀金山,波若威,25,15,10
台銀金山,勝悅-KY,9,0,9
台銀金山,00959B大華投等美債15Y+,8,0,8
台銀金山,京城銀,12,4,8
台銀金山,寶成,8,0,8
台銀金山,大同,12,4,8
台銀金山,00650L復華香港正2,7,0,7
台銀金山,00953B群益優選非投等債,0,116,-116
台銀金山,00940元大台灣價值高息,1,116,-115
台銀金山,中鋼,13,125,-112
台銀金山,00929復華台灣科技優息,1,110,-109
台銀金山,00676R富邦臺灣加權反1,0,100,-100
台銀金山,00671R富邦NASDAQ反1,0,100,-100
台銀金山,神達,27,76,-49
台銀金山,元大台灣50,3,40,-37
台銀金山,00648R元大S＆P500反1,0,35,-35
台銀金山,長榮航,0,33,-33
台銀金山,彩晶,1,32,-31
台銀金山,台新金,0,31,-31
台銀金山,富邦金,6,35,-29
台銀金山,00905FT臺灣Smart,2,30,-28
台銀金山,華南金,0,26,-26
台銀金山,玉山金,0,26,-26
台銀金山,彰銀,4,29,-25
台銀金山,00669R國泰美國道瓊反1,0,25,-25
台銀金山,新光金,0,23,-23
台銀金山,00675L富邦臺灣加權正2,10,33,-23
台銀金山,00680L元大美債20正2,0,22,-22
台銀金山,00687B國泰20年美債,26,47,-21
台銀金山,00951台新日本半導體,0,20,-20
台銀金山,華夏,0,20,-20
台銀金山,陽明,25,45,-20
台銀金山,華邦電,1,20,-19
台銀金山,國泰金,1,19,-18
台銀金山,仲琦,0,18,-18
台銀金山,00720B元大投資級公司債,0,18,-18
台銀金山,迅得,1,17,-16
台銀金山,00631L元大台灣50正2,0,15,-15
台銀金山,006208富邦台50,7,21,-14
台銀金山,力麒,0,15,-15
台銀金山,國票金,0,14,-14
台銀金山,台積電,7,21,-14
台銀金山,南亞科,8,21,-13
台銀金山,00696B富邦美債20年,0,13,-13
台銀金山,震旦行,0,13,-13
台銀金山,00935野村臺灣新科技50,0,12,-12
台銀金山,萬泰科,6,17,-11
台銀金山,杏輝,0,10,-10
台銀金山,利奇,0,10,-10
台銀金山,富強鑫,0,10,-10
台銀金山,八貫,0,9,-9
台銀金山,台揚,1,10,-9
台銀金山,南茂,0,9,-9
台銀金山,00670L富邦NASDAQ正2,4,13,-9
台銀金山,日月光投控,4,13,-9
台銀金山,鈺齊-KY,0,9,-9
台銀金山,亞翔,5,14,-9
統一內湖  ,00967B元大優息美債,200,0,200
統一內湖  ,鴻海,108,2,106
統一內湖  ,擎亞,113,8,105
統一內湖  ,00706L期元大S＆P日圓正2,50,0,50
統一內湖  ,英業達,40,0,40
統一內湖  ,聯電,67,31,36
統一內湖  ,緯創,67,34,33
統一內湖  ,00757統一FANG+,31,0,31
統一內湖  ,立敦,30,2,28
統一內湖  ,鈺齊-KY,25,0,25
統一內湖  ,愛普*,25,1,24
統一內湖  ,長榮,23,0,23
統一內湖  ,昇陽半導體,22,0,22
統一內湖  ,力成,26,5,21
統一內湖  ,訊芯-KY,25,4,21
統一內湖  ,兆豐金,17,0,17
統一內湖  ,神達,351,334,17
統一內湖  ,興能高,45,29,16
統一內湖  ,立��,21,5,16
統一內湖  ,台積電,18,4,14
統一內湖  ,亞翔,17,4,13
統一內湖  ,00635U期元大S＆P黃金,12,0,12
統一內湖  ,大成鋼,17,5,12
統一內湖  ,騰輝電子-KY,12,0,12
統一內湖  ,彬台,12,1,11
統一內湖  ,亞泰,11,0,11
統一內湖  ,欣銓,40,29,11
統一內湖  ,永光,10,0,10
統一內湖  ,中天,10,0,10
統一內湖  ,洋基工程,10,0,10
統一內湖  ,廣明,10,0,10
統一內湖  ,裕民,10,0,10
統一內湖  ,元大高股息,10,1,9
統一內湖  ,網家,9,0,9
統一內湖  ,杭特,8,0,8
統一內湖  ,亞光,8,1,7
統一內湖  ,聯鈞,10,4,6
統一內湖  ,聯發科,7,1,6
統一內湖  ,00633L富邦上証正2,12,6,6
統一內湖  ,統一,6,0,6
統一內湖  ,陽明,7,1,6
統一內湖  ,台灣大,6,0,6
統一內湖  ,和椿,9,3,6
統一內湖  ,久昌,7,1,6
統一內湖  ,南電,5,0,5
統一內湖  ,華夏,10,5,5
統一內湖  ,皇昌,5,0,5
統一內湖  ,五福,5,0,5
統一內湖  ,三商,5,0,5
統一內湖  ,達邁,14,9,5
統一內湖  ,三一東林,0,497,-497
統一內湖  ,台塑,1,400,-399
統一內湖  ,00665L富邦�琤肭磪囓�2,6,400,-394
統一內湖  ,偉訓,0,120,-120
統一內湖  ,00965元大航太防衛科技,0,115,-115
統一內湖  ,00632R元大台灣50反1,0,95,-95
統一內湖  ,僑威,0,55,-55
統一內湖  ,國精化,0,50,-50
統一內湖  ,長榮航,50,95,-45
統一內湖  ,華南金,0,41,-41
統一內湖  ,宏達電,20,60,-40
統一內湖  ,邁達特,1,33,-32
統一內湖  ,迅得,5,35,-30
統一內湖  ,精成科,7,36,-29
統一內湖  ,力積電,128,156,-28
統一內湖  ,建漢,0,27,-27
統一內湖  ,聯光通,0,25,-25
統一內湖  ,台達電,1,23,-22
統一內湖  ,橘子,0,21,-21
統一內湖  ,台聚,0,20,-20
統一內湖  ,華通,0,20,-20
統一內湖  ,順達,19,38,-19
統一內湖  ,00929復華台灣科技優息,0,19,-19
統一內湖  ,營邦,3,20,-17
統一內湖  ,達航科技,0,17,-17
統一內湖  ,新日興,1,17,-16
統一內湖  ,00673R期元大S＆P原油反1,0,15,-15
統一內湖  ,漢翔,1,16,-15
統一內湖  ,太子,0,14,-14
統一內湖  ,榮剛,0,14,-14
統一內湖  ,來頡,0,14,-14
統一內湖  ,華邦電,0,12,-12
統一內湖  ,富邦金,0,11,-11
統一內湖  ,020033統一�琤肮黕篾,0,10,-10
統一內湖  ,澤米,0,10,-10
統一內湖  ,00937B群益ESG投等債20,2,11,-9
統一內湖  ,玉山金,1,10,-9
統一內湖  ,群電,0,9,-9
統一內湖  ,台泥,2,10,-8
統一內湖  ,台光電,0,8,-8
統一內湖  ,亞航,0,7,-7
統一內湖  ,創惟,0,7,-7
統一內湖  ,訊達,3,10,-7
統一內湖  ,京元電子,0,6,-6
統一內湖  ,奇鋐,0,6,-6
統一內湖  ,鈞興-KY,0,6,-6
統一內湖  ,00951台新日本半導體,0,5,-5
統一內湖  ,華晶科,0,5,-5
統一內湖  ,伊雲谷,0,5,-5
統一內湖  ,華宏,0,5,-5
群益板橋,00687B國泰20年美債,127,27,100
群益板橋,信立,40,0,40
群益板橋,聯電,40,2,38
群益板橋,00642U期元大S＆P石油,30,0,30
群益板橋,00970B新光BBB投等債20,28,0,28
群益板橋,亞聚,28,0,28
群益板橋,遠百,25,0,25
群益板橋,中碳,22,0,22
群益板橋,00643群益深証中小,60,40,20
群益板橋,00895富邦未來車,21,1,20
群益板橋,00953B群益優選非投等債,18,1,17
群益板橋,00947台新臺灣IC設計,10,0,10
群益板橋,00753L中信中國50正2,10,0,10
群益板橋,00878國泰永續高股息,10,0,10
群益板橋,00671R富邦NASDAQ反1,10,0,10
群益板橋,興能高,62,52,10
群益板橋,新漢,10,0,10
群益板橋,連展投控,15,5,10
群益板橋,台表科,10,1,9
群益板橋,富喬,31,22,9
群益板橋,英濟,14,5,9
群益板橋,玉晶光,11,2,9
群益板橋,精成科,15,8,7
群益板橋,00680L元大美債20正2,6,0,6
群益板橋,英業達,8,2,6
群益板橋,昇達科,5,0,5
群益板橋,00924復華S＆P500成長,5,0,5
群益板橋,華新,5,0,5
群益板橋,台船,5,0,5
群益板橋,陽明,13,8,5
群益板橋,建漢,5,0,5
群益板橋,佳邦,20,15,5
群益板橋,00673R期元大S＆P原油反1,4,0,4
群益板橋,00662富邦NASDAQ,4,0,4
群益板橋,00940元大台灣價值高息,4,0,4
群益板橋,立隆電,14,10,4
群益板橋,大量,4,0,4
群益板橋,統一,3,0,3
群益板橋,眾達-KY,16,13,3
群益板橋,00937B群益ESG投等債20,14,11,3
群益板橋,00923群益台ESG低碳50,3,0,3
群益板橋,00655L國泰中國A50正2,3,0,3
群益板橋,穩懋,3,0,3
群益板橋,達邁,10,7,3
群益板橋,前鼎,14,11,3
群益板橋,迅得,4,1,3
群益板橋,伊雲谷,3,0,3
群益板橋,台灣虎航,13,10,3
群益板橋,千附精密,3,0,3
群益板橋,長榮航,2,0,2
群益板橋,00980B台新特選IG債10+,10,140,-130
群益板橋,00929復華台灣科技優息,3,54,-51
群益板橋,錸德,0,20,-20
群益板橋,長榮航太,0,20,-20
群益板橋,中租-KY,0,15,-15
群益板橋,欣銓,5,18,-13
群益板橋,神達,54,66,-12
群益板橋,宏正,0,12,-12
群益板橋,精英,0,11,-11
群益板橋,00686R群益臺灣加權反1,0,10,-10
群益板橋,星宇航空,0,10,-10
群益板橋,僑威,2,12,-10
群益板橋,順達,13,22,-9
群益板橋,友達,0,8,-8
群益板橋,皇昌,6,14,-8
群益板橋,TPK-KY,0,8,-8
群益板橋,國泰金,1,9,-8
群益板橋,臺企銀,0,7,-7
群益板橋,鴻海,2,9,-7
群益板橋,元大高股息,2,9,-7
群益板橋,00939統一台灣高息動能,0,6,-6
群益板橋,華城,1,7,-6
群益板橋,友訊,0,6,-6
群益板橋,三一東林,0,6,-6
群益板橋,華星光,32,38,-6
群益板橋,00891中信關鍵半導體,0,5,-5
群益板橋,00679B元大美債20年,0,5,-5
群益板橋,美吾華,5,10,-5
群益板橋,美時,0,5,-5
群益板橋,威盛,2,7,-5
群益板橋,中工,0,5,-5
群益板橋,慧洋-KY,0,5,-5
群益板橋,偉訓,11,16,-5
群益板橋,宏致,15,20,-5
群益板橋,嘉聯益,0,5,-5
群益板橋,群益證,0,5,-5
群益板橋,台積電,7,11,-4
群益板橋,00927群益半導體收益,1,5,-4
群益板橋,華航,0,4,-4
群益板橋,彰銀,1,5,-4
群益板橋,新光金,0,4,-4
群益板橋,東洋,0,4,-4
群益板橋,同亨,0,4,-4
群益板橋,元大台灣50,0,3,-3
群益板橋,中信金,0,3,-3
群益板橋,00685L群益臺灣加權正2,0,3,-3
群益板橋,燿華,0,3,-3
群益板橋,中華電,0,3,-3
群益板橋,聯鈞,33,36,-3
群益板橋,和碩,0,3,-3
安泰楠梓,聯電,44,1,43
安泰楠梓,興能高,43,11,32
安泰楠梓,廣積,30,0,30
安泰楠梓,群益證,20,0,20
安泰楠梓,00637L元大滬深300正2,15,0,15
安泰楠梓,緯軟,11,0,11
安泰楠梓,訊達,10,0,10
安泰楠梓,富喬,9,0,9
安泰楠梓,00891中信關鍵半導體,7,0,7
安泰楠梓,00919群益台灣精選高息,7,0,7
安泰楠梓,中鋼,7,2,5
安泰楠梓,進泰電子,5,0,5
安泰楠梓,台揚,4,0,4
安泰楠梓,台塑,3,0,3
安泰楠梓,美隆電,4,1,3
安泰楠梓,華容,3,0,3
安泰楠梓,立敦,3,0,3
安泰楠梓,00878國泰永續高股息,3,0,3
安泰楠梓,欣興,2,0,2
安泰楠梓,佳能,12,10,2
安泰楠梓,國際中橡,2,0,2
安泰楠梓,00907永豐優息存股,2,0,2
安泰楠梓,鴻準,2,0,2
安泰楠梓,廣達,2,0,2
安泰楠梓,翔耀,2,0,2
安泰楠梓,陽明,2,0,2
安泰楠梓,台新金,2,0,2
安泰楠梓,晶彩科,2,0,2
安泰楠梓,桓達,2,0,2
安泰楠梓,亞泰,3,1,2
安泰楠梓,和椿,5,3,2
安泰楠梓,達運光電,2,0,2
安泰楠梓,華通,1,0,1
安泰楠梓,00687B國泰20年美債,1,0,1
安泰楠梓,元大高股息,1,0,1
安泰楠梓,00858永豐美國500大,1,0,1
安泰楠梓,00830國泰費城半導體,1,0,1
安泰楠梓,聯華,1,0,1
安泰楠梓,三芳,1,0,1
安泰楠梓,華邦電,1,0,1
安泰楠梓,台亞,1,0,1
安泰楠梓,宏��,1,0,1
安泰楠梓,技嘉,1,0,1
安泰楠梓,亞航,1,0,1
安泰楠梓,亞光,1,0,1
安泰楠梓,鴻碩,1,0,1
安泰楠梓,景碩,1,0,1
安泰楠梓,緯創,2,1,1
安泰楠梓,光環,1,0,1
安泰楠梓,鑫創,1,0,1
安泰楠梓,00934中信成長高股息,0,50,-50
安泰楠梓,彬台,1,36,-35
安泰楠梓,大亞,0,24,-24
安泰楠梓,日月光投控,0,23,-23
安泰楠梓,新光金,0,16,-16
安泰楠梓,力積電,0,15,-15
安泰楠梓,華航,0,14,-14
安泰楠梓,和桐,6,16,-10
安泰楠梓,台化,1,10,-9
安泰楠梓,零壹,0,9,-9
安泰楠梓,高端疫苗,0,9,-9
安泰楠梓,弘凱,0,8,-8
安泰楠梓,大同,0,7,-7
安泰楠梓,川寶,0,5,-5
安泰楠梓,三商壽,0,5,-5
安泰楠梓,創威,0,5,-5
安泰楠梓,友訊,0,4,-4
安泰楠梓,00926凱基全球菁英55,2,6,-4
安泰楠梓,華固,0,4,-4
安泰楠梓,華南金,0,4,-4
安泰楠梓,東台,0,4,-4
安泰楠梓,榮剛,0,4,-4
安泰楠梓,北基,0,4,-4
安泰楠梓,00680L元大美債20正2,0,3,-3
安泰楠梓,華城,0,3,-3
安泰楠梓,華泰,0,3,-3
安泰楠梓,瑞儀,0,3,-3
安泰楠梓,華星光,0,3,-3
安泰楠梓,廣宇,0,2,-2
安泰楠梓,台積電,0,2,-2
安泰楠梓,金寶,0,2,-2
安泰楠梓,三晃,0,2,-2
安泰楠梓,光寶科,1,3,-2
安泰楠梓,00685L群益臺灣加權正2,0,2,-2
安泰楠梓,國喬,0,2,-2
安泰楠梓,永崴投控,0,2,-2
安泰楠梓,新盛力,0,2,-2
安泰楠梓,和碩,0,2,-2
安泰楠梓,世紀,0,2,-2
安泰楠梓,均豪,0,2,-2
安泰楠梓,伊雲谷,0,2,-2
安泰楠梓,國統,0,2,-2
安泰楠梓,宏達電,1,2,-1
安泰楠梓,元大台灣50,0,1,-1
安泰楠梓,00753L中信中國50正2,30,31,-1
安泰楠梓,東元,0,1,-1
安泰楠梓,和大,0,1,-1
安泰楠梓,亞力,0,1,-1
安泰楠梓,圓剛,0,1,-1
安泰楠梓,宏璟,0,1,-1
 元富花蓮,00950B凱基A級公司債,437,0,437
 元富花蓮,佳能,60,2,58
 元富花蓮,00905FT臺灣Smart,50,1,49
 元富花蓮,00753L中信中國50正2,48,0,48
 元富花蓮,友訊,50,2,48
 元富花蓮,佳和,45,0,45
 元富花蓮,燿華,41,3,38
 元富花蓮,英濟,44,11,33
 元富花蓮,能率,36,5,31
 元富花蓮,蜜望實,30,0,30
 元富花蓮,00632R元大台灣50反1,32,3,29
 元富花蓮,新盛力,48,22,26
 元富花蓮,華邦電,25,2,23
 元富花蓮,創威,21,0,21
 元富花蓮,00968B元大優息投等債,20,0,20
 元富花蓮,中鋼,19,0,19
 元富花蓮,和椿,18,1,17
 元富花蓮,元大高股息,14,0,14
 元富花蓮,聯電,31,18,13
 元富花蓮,00878國泰永續高股息,17,4,13
 元富花蓮,合庫金,13,1,12
 元富花蓮,一詮,12,0,12
 元富花蓮,宏達電,38,27,11
 元富花蓮,前鼎,12,2,10
 元富花蓮,興勤,10,1,9
 元富花蓮,高鋒,10,1,9
 元富花蓮,創惟,20,11,9
 元富花蓮,緯創,13,6,7
 元富花蓮,健鼎,7,0,7
 元富花蓮,冠德,7,0,7
 元富花蓮,科風,6,0,6
 元富花蓮,怡利電,6,0,6
 元富花蓮,鈞興-KY,6,0,6
 元富花蓮,立敦,13,7,6
 元富花蓮,富威電力,10,4,6
 元富花蓮,昇陽半導體,6,1,5
 元富花蓮,00918大華優利高填息30,5,0,5
 元富花蓮,鑽全,5,0,5
 元富花蓮,大成鋼,5,0,5
 元富花蓮,神達,29,24,5
 元富花蓮,天品,5,0,5
 元富花蓮,大江,5,0,5
 元富花蓮,00909國泰數位支付服務,5,0,5
 元富花蓮,景碩,6,1,5
 元富花蓮,欣銓,7,3,4
 元富花蓮,光環,4,0,4
 元富花蓮,新門,4,0,4
 元富花蓮,高技,4,0,4
 元富花蓮,宏齊,4,0,4
 元富花蓮,康霈*,3,0,3
 元富花蓮,00665L富邦�琤肭磪囓�2,25,998,-973
 元富花蓮,00887永豐中國科技50大,0,600,-600
 元富花蓮,00637L元大滬深300正2,215,815,-600
 元富花蓮,00937B群益ESG投等債20,0,416,-416
 元富花蓮,00980B台新特選IG債10+,0,251,-251
 元富花蓮,泰金寶-DR,48,173,-125
 元富花蓮,友達,0,61,-61
 元富花蓮,00929復華台灣科技優息,5,47,-42
 元富花蓮,新光金,31,73,-42
 元富花蓮,群創,20,61,-41
 元富花蓮,光群雷,0,40,-40
 元富花蓮,大立,0,38,-38
 元富花蓮,富邦金,0,32,-32
 元富花蓮,力積電,14,37,-23
 元富花蓮,立德,0,22,-22
 元富花蓮,美隆電,0,20,-20
 元富花蓮,銘異,0,20,-20
 元富花蓮,00680L元大美債20正2,0,19,-19
 元富花蓮,雷虎,0,16,-16
 元富花蓮,00970B新光BBB投等債20,0,15,-15
 元富花蓮,波若威,25,40,-15
 元富花蓮,亞光,6,19,-13
 元富花蓮,鴻準,0,12,-12
 元富花蓮,凌通,0,12,-12
 元富花蓮,百和興業-KY,0,12,-12
 元富花蓮,00919群益台灣精選高息,9,21,-12
 元富花蓮,台燿,0,11,-11
 元富花蓮,凱基金,0,11,-11
 元富花蓮,杭特,0,11,-11
 元富花蓮,永崴投控,1,12,-11
 元富花蓮,00882中信中國高股息,0,11,-11
 元富花蓮,鴻海,8,18,-10
 元富花蓮,海華,0,10,-10
 元富花蓮,恆大,1,11,-10
 元富花蓮,泰鼎-KY,0,10,-10
 元富花蓮,驊訊,2,12,-10
 元富花蓮,澤米,0,10,-10
 元富花蓮,大汽電,0,10,-10
 元富花蓮,眾達-KY,8,18,-10
 元富花蓮,00935野村臺灣新科技50,0,9,-9
 元富花蓮,基亞,0,9,-9
 元富花蓮,宸曜,0,8,-8
 元富花蓮,銘鈺,0,8,-8
 元富花蓮,神盾,4,12,-8
 元富花蓮,原相,3,10,-7
 元富花蓮,盟立,0,7,-7
 元富花蓮,宏觀,0,7,-7
 元富花蓮,00650L復華香港正2,0,6,-6
 元富花蓮,正崴,0,6,-6
 元富花蓮,鑫科,0,6,-6
群益開元,00953B群益優選非投等債,205,0,205
群益開元,聯電,109,26,83
群益開元,泰金寶-DR,91,22,69
群益開元,力積電,70,22,48
群益開元,00959B大華投等美債15Y+,40,0,40
群益開元,元大高股息,34,2,32
群益開元,富邦金,26,3,23
群益開元,00968B元大優息投等債,20,0,20
群益開元,00910第一金太空衛星,18,0,18
群益開元,00919群益台灣精選高息,23,7,16
群益開元,00858永豐美國500大,14,0,14
群益開元,大成鋼,13,0,13
群益開元,慧洋-KY,13,0,13
群益開元,凱美,22,9,13
群益開元,大亞,11,0,11
群益開元,台特化,11,0,11
群益開元,00685L群益臺灣加權正2,11,0,11
群益開元,邁達特,11,0,11
群益開元,廣運,10,0,10
群益開元,00665L富邦�琤肭磪囓�2,10,0,10
群益開元,聰泰,10,0,10
群益開元,金寶,11,1,10
群益開元,00922國泰台灣領袖50,9,0,9
群益開元,台名,9,0,9
群益開元,宏齊,8,0,8
群益開元,生達,8,0,8
群益開元,宏��,8,0,8
群益開元,華邦電,9,2,7
群益開元,力成,9,2,7
群益開元,澤米,7,0,7
群益開元,興能高,178,171,7
群益開元,玉山金,11,4,7
群益開元,英業達,24,18,6
群益開元,緯創,32,26,6
群益開元,台新金,26,20,6
群益開元,臺鹽,6,0,6
群益開元,00632R元大台灣50反1,6,0,6
群益開元,ITH-KY,6,0,6
群益開元,亞泰,6,0,6
群益開元,美律,6,1,5
群益開元,國光生,5,0,5
群益開元,統一,5,0,5
群益開元,長榮航太,5,0,5
群益開元,漢平,5,0,5
群益開元,茂迪,5,0,5
群益開元,安國,5,0,5
群益開元,00878國泰永續高股息,18,14,4
群益開元,00918大華優利高填息30,4,0,4
群益開元,圓剛,4,0,4
群益開元,藥華藥,4,0,4
群益開元,00980B台新特選IG債10+,1,160,-159
群益開元,凱基金,16,132,-116
群益開元,群創,1,101,-100
群益開元,致和證,0,69,-69
群益開元,臺企銀,2,51,-49
群益開元,順達,1,44,-43
群益開元,中工,0,30,-30
群益開元,鈺邦,0,30,-30
群益開元,00945B凱基美國非投等債,0,30,-30
群益開元,南茂,7,32,-25
群益開元,台灣高鐵,1,25,-24
群益開元,友訊,0,22,-22
群益開元,台塑,6,28,-22
群益開元,00929復華台灣科技優息,10,31,-21
群益開元,新建,2,22,-20
群益開元,00687B國泰20年美債,0,20,-20
群益開元,00900富邦特選高股息30,1,20,-19
群益開元,矽統,1,20,-19
群益開元,明泰,2,19,-17
群益開元,燿華,0,17,-17
群益開元,眾達-KY,13,29,-16
群益開元,遠東新,0,15,-15
群益開元,宏遠證,0,15,-15
群益開元,00946群益科技高息成長,0,15,-15
群益開元,華南金,1,15,-14
群益開元,中石化,1,15,-14
群益開元,康和證,6,20,-14
群益開元,元太,0,13,-13
群益開元,00939統一台灣高息動能,0,12,-12
群益開元,00951台新日本半導體,0,12,-12
群益開元,華航,0,12,-12
群益開元,00941中信上游半導體,0,11,-11
群益開元,士電,0,11,-11
群益開元,連展投控,0,11,-11
群益開元,00903富邦元宇宙,0,10,-10
群益開元,合庫金,1,11,-10
群益開元,台化,0,10,-10
群益開元,偉訓,0,10,-10
群益開元,億光,0,10,-10
群益開元,亞翔,2,12,-10
群益開元,00905FT臺灣Smart,0,9,-9
群益開元,堤維西,0,9,-9
群益開元,00712復華富時不動產,1,10,-9
群益開元,日電貿,6,15,-9
群益開元,亞通,0,9,-9
群益開元,欣銓,21,30,-9
群益開元,台積電,7,15,-8
群益開元,00966B統一ESG投等債15,0,8,-8
群益開元,鴻海,5,13,-8
群益開元,亞航,0,7,-7
 元大大雅,聯電,252,47,205
 元大大雅,中鋼,111,8,103
 元大大雅,00937B群益ESG投等債20,85,5,80
 元大大雅,長佳智能,79,0,79
 元大大雅,00753L中信中國50正2,88,20,68
 元大大雅,00637L元大滬深300正2,114,51,63
 元大大雅,三商壽,58,0,58
 元大大雅,精材,64,6,58
 元大大雅,勤美,55,0,55
 元大大雅,晟銘電,54,1,53
 元大大雅,00948B中信優息投資級債,50,0,50
 元大大雅,台新金,50,0,50
 元大大雅,力積電,161,116,45
 元大大雅,00919群益台灣精選高息,46,21,25
 元大大雅,中石化,35,11,24
 元大大雅,00688L國泰20年美債正2,22,0,22
 元大大雅,元大高股息,30,9,21
 元大大雅,00679B元大美債20年,22,3,19
 元大大雅,農林,19,0,19
 元大大雅,新盛力,110,92,18
 元大大雅,00697B元大美債7-10,17,0,17
 元大大雅,大成鋼,23,6,17
 元大大雅,00924復華S＆P500成長,18,2,16
 元大大雅,順藥,16,0,16
 元大大雅,劍麟,15,0,15
 元大大雅,環宇-KY,67,52,15
 元大大雅,00687B國泰20年美債,17,2,15
 元大大雅,聯鈞,61,48,13
 元大大雅,00632R元大台灣50反1,15,2,13
 元大大雅,00882中信中國高股息,18,7,11
 元大大雅,熒茂,11,0,11
 元大大雅,欣興,18,8,10
 元大大雅,王道銀行,10,0,10
 元大大雅,第一銅,10,0,10
 元大大雅,大聯大,12,2,10
 元大大雅,千如,10,0,10
 元大大雅,益航,10,0,10
 元大大雅,00945B凱基美國非投等債,26,16,10
 元大大雅,台泥,11,2,9
 元大大雅,00772B中信高評級公司債,9,0,9
 元大大雅,濱川,15,6,9
 元大大雅,雷科,11,2,9
 元大大雅,信立,9,0,9
 元大大雅,立隆電,19,10,9
 元大大雅,昇達科,16,8,8
 元大大雅,和椿,47,39,8
 元大大雅,海華,9,1,8
 元大大雅,台揚,8,0,8
 元大大雅,00773B中信優先金融債,8,0,8
 元大大雅,惠特,10,2,8
 元大大雅,台塑,34,188,-154
 元大大雅,友達,0,103,-103
 元大大雅,臺企銀,11,83,-72
 元大大雅,00915凱基優選高股息30,4,59,-55
 元大大雅,00965元大航太防衛科技,5,53,-48
 元大大雅,00929復華台灣科技優息,2,43,-41
 元大大雅,神達,152,189,-37
 元大大雅,00954中信日本半導體,0,35,-35
 元大大雅,欣銓,34,69,-35
 元大大雅,美食-KY,1,35,-34
 元大大雅,群益證,10,44,-34
 元大大雅,振樺電,0,33,-33
 元大大雅,00673R期元大S＆P原油反1,53,86,-33
 元大大雅,大同,5,37,-32
 元大大雅,晟德,0,32,-32
 元大大雅,00934中信成長高股息,0,30,-30
 元大大雅,00852L國泰美國道瓊正2,0,30,-30
 元大大雅,00959B大華投等美債15Y+,10,40,-30
 元大大雅,長榮航,4,33,-29
 元大大雅,中信金,0,27,-27
 元大大雅,興能高,261,286,-25
 元大大雅,新光金,0,25,-25
 元大大雅,00922國泰台灣領袖50,11,35,-24
 元大大雅,00830國泰費城半導體,4,27,-23
 元大大雅,00940元大台灣價值高息,1,22,-21
 元大大雅,台灣虎航,1,22,-21
 元大大雅,建漢,0,21,-21
 元大大雅,亞翔,6,26,-20
 元大大雅,00642U期元大S＆P石油,0,20,-20
 元大大雅,00878國泰永續高股息,24,44,-20
 元大大雅,00675L富邦臺灣加權正2,0,19,-19
 元大大雅,昆盈,5,24,-19
 元大大雅,華航,0,17,-17
 元大大雅,茂迪,0,17,-17
 元大大雅,神基,2,18,-16
 元大大雅,廣宇,6,22,-16
 元大大雅,銘旺科,0,16,-16
 元大大雅,日月光投控,3,19,-16
 元大大雅,台灣高鐵,1,16,-15
 元大大雅,萬旭,0,14,-14
 元大大雅,星宇航空,0,14,-14
 元大大雅,鴻準,2,16,-14
 元大大雅,汎銓,0,13,-13
 元大大雅,東捷,3,16,-13
 元大大雅,00909國泰數位支付服務,1,13,-12
 元大大雅,00680L元大美債20正2,1,13,-12
 元大大雅,富喬,75,87,-12
 元大大雅,精金,0,12,-12
 元大大雅,00936台新永續高息中小,1,12,-11
 元大大雅,泰金寶-DR,66,77,-11
大昌新竹,00712復華富時不動產,60,0,60
大昌新竹,頎邦,58,0,58
大昌新竹,00937B群益ESG投等債20,57,0,57
大昌新竹,00655L國泰中國A50正2,59,7,52
大昌新竹,00878國泰永續高股息,30,0,30
大昌新竹,006208富邦台50,30,5,25
大昌新竹,皇昌,20,0,20
大昌新竹,茂林-KY,20,0,20
大昌新竹,00909國泰數位支付服務,20,1,19
大昌新竹,00753L中信中國50正2,15,0,15
大昌新竹,聯電,11,0,11
大昌新竹,英業達,11,0,11
大昌新竹,緯創,17,6,11
大昌新竹,中石化,10,0,10
大昌新竹,00904新光臺灣半導體30,10,0,10
大昌新竹,神達,33,23,10
大昌新竹,新盛力,37,29,8
大昌新竹,三商壽,6,0,6
大昌新竹,順天,6,0,6
大昌新竹,00918大華優利高填息30,6,0,6
大昌新竹,00632R元大台灣50反1,15,10,5
大昌新竹,普安,5,0,5
大昌新竹,朋億*,8,3,5
大昌新竹,雍智科技,9,4,5
大昌新竹,迅杰,5,0,5
大昌新竹,達邁,33,29,4
大昌新竹,00633L富邦上証正2,4,0,4
大昌新竹,00858永豐美國500大,4,0,4
大昌新竹,統一,4,0,4
大昌新竹,裕民,4,0,4
大昌新竹,雷虎,4,0,4
大昌新竹,所羅門,3,0,3
大昌新竹,台新金,3,0,3
大昌新竹,淘帝-KY,5,2,3
大昌新竹,波若威,21,18,3
大昌新竹,熱映,3,0,3
大昌新竹,立隆電,2,0,2
大昌新竹,華星光,21,19,2
大昌新竹,00980B台新特選IG債10+,2,0,2
大昌新竹,00945B凱基美國非投等債,2,0,2
大昌新竹,00891中信關鍵半導體,2,0,2
大昌新竹,00882中信中國高股息,2,0,2
大昌新竹,00706L期元大S＆P日圓正2,2,0,2
大昌新竹,鴻準,2,0,2
大昌新竹,廣達,3,1,2
大昌新竹,威盛,2,0,2
大昌新竹,全新,4,2,2
大昌新竹,冠西電,2,0,2
大昌新竹,星宇航空,5,3,2
大昌新竹,元大金,2,0,2
大昌新竹,00637L元大滬深300正2,28,210,-182
大昌新竹,宏達電,51,130,-79
大昌新竹,欣銓,5,75,-70
大昌新竹,00751B元大AAA至A公司債,0,51,-51
大昌新竹,00929復華台灣科技優息,0,48,-48
大昌新竹,豐藝,11,57,-46
大昌新竹,00940元大台灣價值高息,5,50,-45
大昌新竹,00877復華中國5G,0,30,-30
大昌新竹,富邦金,0,30,-30
大昌新竹,欣興,2,32,-30
大昌新竹,力積電,10,38,-28
大昌新竹,日月光投控,0,21,-21
大昌新竹,元大台灣50,1,19,-18
大昌新竹,台玻,3,20,-17
大昌新竹,精成科,5,22,-17
大昌新竹,兆赫,0,13,-13
大昌新竹,00947台新臺灣IC設計,0,10,-10
大昌新竹,神基,0,10,-10
大昌新竹,聯合再生,0,10,-10
大昌新竹,ITH-KY,0,10,-10
大昌新竹,鴻海,8,16,-8
大昌新竹,00930永豐ESG低碳高息,0,8,-8
大昌新竹,協易機,0,7,-7
大昌新竹,00687B國泰20年美債,4,10,-6
大昌新竹,華南金,0,6,-6
大昌新竹,智原,0,6,-6
大昌新竹,台積電,2,7,-5
大昌新竹,京元電子,0,5,-5
大昌新竹,國泰金,0,5,-5
大昌新竹,泰谷,0,5,-5
大昌新竹,雷科,0,5,-5
大昌新竹,長榮航,3,8,-5
大昌新竹,00675L富邦臺灣加權正2,0,4,-4
大昌新竹,大亞,0,4,-4
大昌新竹,長榮,0,4,-4
大昌新竹,中信金,1,5,-4
大昌新竹,新日興,0,4,-4
大昌新竹,中租-KY,2,6,-4
大昌新竹,長科*,0,4,-4
大昌新竹,台灣虎航,0,4,-4
大昌新竹,商億-KY,2,6,-4
大昌新竹,泰金寶-DR,5,9,-4
大昌新竹,友達,1,5,-4
大昌新竹,基泰,0,3,-3
大昌新竹,廣宇,0,3,-3
大昌新竹,智邦,0,3,-3
大昌新竹,新光金,0,3,-3
大昌新竹,光聖,0,3,-3
大昌新竹,華泰,0,3,-3
大昌新竹,南茂,0,3,-3
美好基隆,聯電,34,8,26
美好基隆,台塑,55,30,25
美好基隆,僑威,23,1,22
美好基隆,燁輝,20,0,20
美好基隆,立端,13,0,13
美好基隆,英業達,10,0,10
美好基隆,中天,10,0,10
美好基隆,中環,8,0,8
美好基隆,泰金寶-DR,8,0,8
美好基隆,耿鼎,7,0,7
美好基隆,威強電,7,0,7
美好基隆,台新金,5,0,5
美好基隆,旺宏,5,0,5
美好基隆,台航,5,0,5
美好基隆,御嵿,5,0,5
美好基隆,能率,5,0,5
美好基隆,萬潤,5,0,5
美好基隆,00919群益台灣精選高息,4,0,4
美好基隆,00909國泰數位支付服務,4,0,4
美好基隆,力積電,10,6,4
美好基隆,00858永豐美國500大,3,0,3
美好基隆,正達,3,0,3
美好基隆,聯鈞,5,2,3
美好基隆,虹堡,3,0,3
美好基隆,群益證,3,0,3
美好基隆,立��,3,0,3
美好基隆,中鋼,2,0,2
美好基隆,大成鋼,3,1,2
美好基隆,凱美,2,0,2
美好基隆,永豐金,2,0,2
美好基隆,揚智,2,0,2
美好基隆,高鋒,2,0,2
美好基隆,中美晶,2,0,2
美好基隆,力成,2,0,2
美好基隆,矽力*-KY,2,0,2
美好基隆,緯創,4,2,2
美好基隆,廣達,2,0,2
美好基隆,國泰金,2,0,2
美好基隆,技嘉,1,0,1
美好基隆,00878國泰永續高股息,1,0,1
美好基隆,00795B中信美國公債20年,1,0,1
美好基隆,宏達電,6,5,1
美好基隆,陽明,1,0,1
美好基隆,萬海,1,0,1
美好基隆,慧洋-KY,1,0,1
美好基隆,中信金,1,0,1
美好基隆,天方能源,1,0,1
美好基隆,光環,1,0,1
美好基隆,欣銓,1,0,1
美好基隆,加百裕,1,0,1
美好基隆,千興,0,100,-100
美好基隆,群創,0,34,-34
美好基隆,00892富邦台灣半導體,0,20,-20
美好基隆,00943兆豐電子高息等權,0,20,-20
美好基隆,三商壽,0,13,-13
美好基隆,宏遠,0,10,-10
美好基隆,00951台新日本半導體,0,9,-9
美好基隆,神達,7,16,-9
美好基隆,華航,0,8,-8
美好基隆,凱基金,2,9,-7
美好基隆,信邦,0,7,-7
美好基隆,00905FT臺灣Smart,0,6,-6
美好基隆,台星科,0,6,-6
美好基隆,精華,0,5,-5
美好基隆,00900富邦特選高股息30,0,5,-5
美好基隆,新日興,0,5,-5
美好基隆,00881國泰台灣5G+,0,4,-4
美好基隆,漢翔,0,4,-4
美好基隆,森寶,0,4,-4
美好基隆,亞翔,1,5,-4
美好基隆,神基,0,4,-4
美好基隆,鴻海,0,4,-4
美好基隆,昇達科,1,5,-4
美好基隆,中興電,0,3,-3
美好基隆,連展投控,0,3,-3
美好基隆,永彰,0,3,-3
美好基隆,榮科,0,3,-3
美好基隆,興能高,0,3,-3
美好基隆,東陽,0,2,-2
美好基隆,00929復華台灣科技優息,0,2,-2
美好基隆,國化,0,2,-2
美好基隆,八貫,0,2,-2
美好基隆,00642U期元大S＆P石油,0,2,-2
美好基隆,00632R元大台灣50反1,0,2,-2
美好基隆,長榮,0,2,-2
美好基隆,星宇航空,0,2,-2
美好基隆,統一證,0,2,-2
美好基隆,晶豪科,0,2,-2
美好基隆,旭軟,0,2,-2
美好基隆,達邁,0,2,-2
美好基隆,大聯大,0,2,-2
美好基隆,聰泰,0,2,-2
美好基隆,全譜,0,2,-2
美好基隆,廣錠,0,2,-2
美好基隆,光聖,0,2,-2
美好基隆,006208富邦台50,0,2,-2
美好基隆,瑞軒,0,1,-1
美好基隆,00715L期街口布蘭特正2,0,1,-1
美好基隆,00762元大全球AI,0,1,-1
美好基隆,華城,0,1,-1
 元富緯城,聯鈞,142,40,102
 元富緯城,00671R富邦NASDAQ反1,100,0,100
 元富緯城,臺企銀,100,0,100
 元富緯城,新纖,90,0,90
 元富緯城,聯電,65,8,57
 元富緯城,00637L元大滬深300正2,55,0,55
 元富緯城,00648R元大S＆P500反1,50,0,50
 元富緯城,金寶,60,22,38
 元富緯城,00725B國泰投資級公司債,31,0,31
 元富緯城,中美晶,30,0,30
 元富緯城,00680L元大美債20正2,30,0,30
 元富緯城,中鋼,32,3,29
 元富緯城,三商壽,31,3,28
 元富緯城,00706L期元大S＆P日圓正2,30,5,25
 元富緯城,建德工業,20,0,20
 元富緯城,00953B群益優選非投等債,20,0,20
 元富緯城,潤泰全,20,0,20
 元富緯城,兆豐金,17,0,17
 元富緯城,普安,16,0,16
 元富緯城,緯創,16,1,15
 元富緯城,和椿,24,9,15
 元富緯城,興能高,145,130,15
 元富緯城,達邁,22,8,14
 元富緯城,00878國泰永續高股息,17,5,12
 元富緯城,00932兆豐永續高息等權,12,0,12
 元富緯城,新建,19,8,11
 元富緯城,00919群益台灣精選高息,13,2,11
 元富緯城,康全電訊,10,0,10
 元富緯城,宏齊,10,0,10
 元富緯城,冠軍,10,0,10
 元富緯城,錸德,10,0,10
 元富緯城,聯強,10,0,10
 元富緯城,00673R期元大S＆P原油反1,10,0,10
 元富緯城,乙盛-KY,12,2,10
 元富緯城,大成鋼,11,2,9
 元富緯城,英濟,15,6,9
 元富緯城,00751B元大AAA至A公司債,10,1,9
 元富緯城,今皓,9,0,9
 元富緯城,堤維西,10,1,9
 元富緯城,00736國泰新興市場,9,0,9
 元富緯城,00924復華S＆P500成長,7,0,7
 元富緯城,立敦,15,8,7
 元富緯城,耿鼎,7,0,7
 元富緯城,大亞,7,0,7
 元富緯城,台航,7,0,7
 元富緯城,百和,7,0,7
 元富緯城,能率,14,7,7
 元富緯城,亞光,10,3,7
 元富緯城,欣興,6,0,6
 元富緯城,00918大華優利高填息30,6,0,6
 元富緯城,00980B台新特選IG債10+,0,572,-572
 元富緯城,華星光,16,169,-153
 元富緯城,中信金,0,115,-115
 元富緯城,00770國泰北美科技,1,56,-55
 元富緯城,台積電,2,33,-31
 元富緯城,為升,0,30,-30
 元富緯城,00922國泰台灣領袖50,1,30,-29
 元富緯城,群創,435,463,-28
 元富緯城,仁寶,0,26,-26
 元富緯城,良維,0,22,-22
 元富緯城,國泰金,0,21,-21
 元富緯城,00877復華中國5G,0,20,-20
 元富緯城,00898國泰基因免疫革命,0,20,-20
 元富緯城,國光生,1,20,-19
 元富緯城,立��,8,27,-19
 元富緯城,元大台灣50,1,19,-18
 元富緯城,友達,0,18,-18
 元富緯城,宏達電,42,58,-16
 元富緯城,00937B群益ESG投等債20,5,20,-15
 元富緯城,元晶,0,15,-15
 元富緯城,光寶科,1,16,-15
 元富緯城,神達,133,148,-15
 元富緯城,明泰,0,14,-14
 元富緯城,原相,1,14,-13
 元富緯城,新光金,1,12,-11
 元富緯城,華新,1,12,-11
 元富緯城,台聚,0,10,-10
 元富緯城,建通,0,10,-10
 元富緯城,居易,0,10,-10
 元富緯城,00650L復華香港正2,0,10,-10
 元富緯城,凌陽,0,10,-10
 元富緯城,連展投控,0,9,-9
 元富緯城,泰金寶-DR,21,30,-9
 元富緯城,方土昶,0,9,-9
 元富緯城,力積電,26,34,-8
 元富緯城,第一保,0,8,-8
 元富緯城,冠好,0,8,-8
 元富緯城,全球傳動,5,13,-8
 元富緯城,日月光投控,5,12,-7
 元富緯城,台達電,0,7,-7
 元富緯城,宏致,4,11,-7
 元富緯城,事欣科,0,7,-7
 元富緯城,浩鼎,0,7,-7
 元富緯城,00679B元大美債20年,4,11,-7
 元富緯城,鴻海,5,11,-6
 元富緯城,凱基金,0,6,-6
 元富緯城,陽明,26,32,-6
 元富緯城,柏承,0,6,-6
 元富緯城,單井,0,6,-6
 元富緯城,彩晶,0,6,-6
美林,新光金,9961,37,9924
美林,凱基金,8511,188,8323
美林,國泰金,6023,844,5179
美林,華南金,5134,585,4549
美林,富邦金,3738,212,3526
美林,友達,5093,1641,3452
美林,華航,3199,73,3126
美林,華邦電,3242,247,2995
美林,長榮航,2942,358,2584
美林,玉山金,3530,1006,2524
美林,鴻準,2125,115,2010
美林,仁寶,1972,275,1697
美林,鴻海,5214,3675,1539
美林,陽明,1944,616,1328
美林,欣興,1633,486,1147
美林,神達,2734,1671,1063
美林,台化,1377,320,1057
美林,緯創,2408,1382,1026
美林,長榮,1207,253,954
美林,台泥,1368,513,855
美林,大同,679,50,629
美林,泰金寶-DR,1963,1337,626
美林,和碩,844,231,613
美林,亞翔,675,74,601
美林,華城,635,75,560
美林,南亞科,1060,502,558
美林,新日興,821,318,503
美林,台灣虎航,457,30,427
美林,旺宏,497,76,421
美林,國票金,501,89,412
美林,東元,426,25,401
美林,燿華,397,13,384
美林,萬海,566,190,376
美林,智原,425,53,372
美林,宏達電,1592,1227,365
美林,零壹,399,39,360
美林,智邦,520,178,342
美林,中鴻,567,250,317
美林,精材,296,0,296
美林,南亞,538,244,294
美林,超豐,290,1,289
美林,遠傳,503,216,287
美林,上銀,314,29,285
美林,定穎投控,350,85,265
美林,連展投控,271,16,255
美林,一詮,358,111,247
美林,創惟,280,38,242
美林,裕隆,317,77,240
美林,遠東新,677,447,230
美林,和椿,433,206,227
美林,聯電,2841,10458,-7617
美林,中信金,441,4604,-4163
美林,台積電,1245,4504,-3259
美林,永豐金,543,3450,-2907
美林,兆豐金,262,2630,-2368
美林,元大金,504,2379,-1875
美林,00929復華台灣科技優息,1,1800,-1799
美林,三商壽,85,1608,-1523
美林,群益證,137,1498,-1361
美林,精成科,402,1582,-1180
美林,台新金,79,1107,-1028
美林,寶成,95,1092,-997
美林,華新,256,1197,-941
美林,台燿,43,968,-925
美林,聯強,79,760,-681
美林,立敦,22,689,-667
美林,金寶,294,906,-612
美林,力積電,738,1266,-528
美林,台達電,338,812,-474
美林,統一,62,439,-377
美林,台塑化,454,823,-369
美林,順達,139,507,-368
美林,微星,12,355,-343
美林,彰銀,931,1246,-315
美林,南茂,103,394,-291
美林,英業達,100,384,-284
美林,聯詠,163,446,-283
美林,群創,2377,2656,-279
美林,群光,105,379,-274
美林,華碩,82,350,-268
美林,昇陽半導體,0,259,-259
美林,研華,32,285,-253
美林,名軒,41,283,-242
美林,正新,78,317,-239
美林,大成鋼,1,226,-225
美林,聯華,37,250,-213
美林,海華,44,236,-192
美林,緯穎,347,522,-175
美林,全新,11,185,-174
美林,力成,197,368,-171
美林,台虹,96,267,-171
美林,貿聯-KY,110,276,-166
美林,冠德,74,237,-163
美林,廣達,803,957,-154
美林,至上,19,157,-138
美林,世界,73,209,-136
美林,亞光,127,250,-123
美林,上海商銀,325,444,-119
美林,浪凡,27,143,-116
美林,台塑,533,647,-114
 中信託高      ,北基,1238,5,1233
 中信託高      ,00632R元大台灣50反1,208,2,206
 中信託高      ,00673R期元大S＆P原油反1,239,35,204
 中信託高      ,00680L元大美債20正2,192,0,192
 中信託高      ,00905FT臺灣Smart,166,13,153
 中信託高      ,京元電子,125,5,120
 中信託高      ,聯電,137,20,117
 中信託高      ,元大高股息,85,8,77
 中信託高      ,00953B群益優選非投等債,82,5,77
 中信託高      ,00719B元大美債1-3,70,0,70
 中信託高      ,宏致,65,11,54
 中信託高      ,00795B中信美國公債20年,52,0,52
 中信託高      ,興能高,281,234,47
 中信託高      ,力積電,86,41,45
 中信託高      ,欣銓,73,32,41
 中信託高      ,00948B中信優息投資級債,63,23,40
 中信託高      ,星宇航空,40,2,38
 中信託高      ,00688L國泰20年美債正2,35,0,35
 中信託高      ,00918大華優利高填息30,34,0,34
 中信託高      ,00882中信中國高股息,33,0,33
 中信託高      ,00960野村全球航運龍頭,34,1,33
 中信託高      ,亞信,30,0,30
 中信託高      ,00637L元大滬深300正2,27,0,27
 中信託高      ,群創,60,35,25
 中信託高      ,英業達,27,5,22
 中信託高      ,亞光,24,3,21
 中信託高      ,兆豐金,21,0,21
 中信託高      ,中租-KY,21,0,21
 中信託高      ,欣興,23,3,20
 中信託高      ,新盛力,175,155,20
 中信託高      ,00772B中信高評級公司債,20,0,20
 中信託高      ,上曜,20,2,18
 中信託高      ,00858永豐美國500大,18,0,18
 中信託高      ,精成科,39,21,18
 中信託高      ,台灣虎航,24,7,17
 中信託高      ,TPK-KY,17,0,17
 中信託高      ,圓剛,20,3,17
 中信託高      ,富喬,45,29,16
 中信託高      ,00671R富邦NASDAQ反1,15,0,15
 中信託高      ,盟立,16,2,14
 中信託高      ,00959B大華投等美債15Y+,19,5,14
 中信託高      ,晟銘電,22,8,14
 中信託高      ,華通,18,4,14
 中信託高      ,00915凱基優選高股息30,18,5,13
 中信託高      ,沛波,12,0,12
 中信託高      ,富林-KY,12,0,12
 中信託高      ,志強-KY,14,2,12
 中信託高      ,00770國泰北美科技,12,0,12
 中信託高      ,鼎元,11,0,11
 中信託高      ,昇陽半導體,17,6,11
 中信託高      ,中鴻,33,426,-393
 中信託高      ,00980B台新特選IG債10+,5,224,-219
 中信託高      ,00878國泰永續高股息,44,240,-196
 中信託高      ,00929復華台灣科技優息,5,139,-134
 中信託高      ,神達,89,193,-104
 中信託高      ,006208富邦台50,5,74,-69
 中信託高      ,立隆電,13,66,-53
 中信託高      ,00633L富邦上証正2,20,69,-49
 中信託高      ,海光,0,41,-41
 中信託高      ,擎亞,74,114,-40
 中信託高      ,00940元大台灣價值高息,3,40,-37
 中信託高      ,長榮航,4,38,-34
 中信託高      ,宏達電,118,152,-34
 中信託高      ,00937B群益ESG投等債20,86,118,-32
 中信託高      ,華南金,0,32,-32
 中信託高      ,00712復華富時不動產,4,36,-32
 中信託高      ,00662富邦NASDAQ,1,32,-31
 中信託高      ,歐買尬,0,30,-30
 中信託高      ,台新金,1,31,-30
 中信託高      ,京城銀,0,29,-29
 中信託高      ,00954中信日本半導體,6,34,-28
 中信託高      ,中鋼,5,32,-27
 中信託高      ,中信金,45,72,-27
 中信託高      ,華航,1,27,-26
 中信託高      ,友達,5,27,-22
 中信託高      ,東典光電,0,22,-22
 中信託高      ,大成鋼,17,38,-21
 中信託高      ,00934中信成長高股息,0,20,-20
 中信託高      ,00922國泰台灣領袖50,3,22,-19
 中信託高      ,00951台新日本半導體,0,18,-18
 中信託高      ,凱基金,13,31,-18
 中信託高      ,00679B元大美債20年,13,31,-18
 中信託高      ,00919群益台灣精選高息,45,62,-17
 中信託高      ,朋億*,29,44,-15
 中信託高      ,五福,2,17,-15
 中信託高      ,立敦,56,70,-14
 中信託高      ,大同,18,32,-14
 中信託高      ,鴻海,45,58,-13
 中信託高      ,元翎,0,13,-13
 中信託高      ,00887永豐中國科技50大,1,14,-13
 中信託高      ,鴻準,3,16,-13
 中信託高      ,致茂,0,12,-12
 中信託高      ,宏觀,1,13,-12
 中信託高      ,僑威,9,21,-12
 中信託高      ,矽統,6,18,-12
 中信託高      ,國泰金,3,14,-11
 中信託高      ,00939統一台灣高息動能,0,11,-11
 中信託高      ,臺企銀,1,12,-11
 中信託高      ,眾達-KY,37,48,-11
 中信託高      ,00912中信臺灣智慧50,0,10,-10
華南楠梓,聯電,109,17,92
華南楠梓,元大高股息,62,8,54
華南楠梓,00937B群益ESG投等債20,46,0,46
華南楠梓,永崴投控,45,0,45
華南楠梓,群創,50,6,44
華南楠梓,長榮,36,1,35
華南楠梓,緯創,43,8,35
華南楠梓,00637L元大滬深300正2,54,20,34
華南楠梓,國光生,30,0,30
華南楠梓,新光金,61,33,28
華南楠梓,永豐金,27,1,26
華南楠梓,00919群益台灣精選高息,39,15,24
華南楠梓,大成鋼,24,2,22
華南楠梓,泰金寶-DR,22,0,22
華南楠梓,長興,22,0,22
華南楠梓,第一金,24,3,21
華南楠梓,00720B元大投資級公司債,20,0,20
華南楠梓,00715L期街口布蘭特正2,25,5,20
華南楠梓,安集,20,1,19
華南楠梓,台虹,17,0,17
華南楠梓,連展投控,23,6,17
華南楠梓,00632R元大台灣50反1,18,1,17
華南楠梓,00687B國泰20年美債,20,5,15
華南楠梓,矽統,19,4,15
華南楠梓,鴻海,19,6,13
華南楠梓,宏達電,48,35,13
華南楠梓,聯鈞,33,21,12
華南楠梓,和椿,19,8,11
華南楠梓,天剛,11,0,11
華南楠梓,凌巨,10,0,10
華南楠梓,燿華,11,1,10
華南楠梓,00969B元大零息超長美債,10,0,10
華南楠梓,永道-KY,10,0,10
華南楠梓,美德醫療-DR,10,0,10
華南楠梓,立敦,37,29,8
華南楠梓,僑威,13,5,8
華南楠梓,興能高,208,201,7
華南楠梓,凱美,17,10,7
華南楠梓,台化,7,0,7
華南楠梓,加百裕,17,10,7
華南楠梓,中電,7,0,7
華南楠梓,00918大華優利高填息30,8,2,6
華南楠梓,00858永豐美國500大,6,0,6
華南楠梓,00915凱基優選高股息30,10,4,6
華南楠梓,元大寶滬深,6,0,6
華南楠梓,合庫金,11,5,6
華南楠梓,潤泰全,5,0,5
華南楠梓,00633L富邦上証正2,5,0,5
華南楠梓,風青,5,0,5
華南楠梓,奇偶,5,0,5
華南楠梓,致伸,0,115,-115
華南楠梓,波若威,18,82,-64
華南楠梓,華邦電,1,58,-57
華南楠梓,00753L中信中國50正2,8,63,-55
華南楠梓,00940元大台灣價值高息,0,54,-54
華南楠梓,00894中信小資高價30,0,52,-52
華南楠梓,聚亨,0,50,-50
華南楠梓,日月光投控,6,54,-48
華南楠梓,創威,0,39,-39
華南楠梓,毛寶,0,33,-33
華南楠梓,聯邦銀,0,32,-32
華南楠梓,友訊,1,31,-30
華南楠梓,同欣電,0,30,-30
華南楠梓,立隆電,9,39,-30
華南楠梓,00929復華台灣科技優息,1,28,-27
華南楠梓,友達,8,29,-21
華南楠梓,華南金,10,31,-21
華南楠梓,迅得,1,21,-20
華南楠梓,三商壽,0,20,-20
華南楠梓,居易,0,20,-20
華南楠梓,晟德,0,20,-20
華南楠梓,高僑,0,20,-20
華南楠梓,神達,99,118,-19
華南楠梓,00971野村美國研發龍頭,2,20,-18
華南楠梓,康那香,0,17,-17
華南楠梓,臻鼎-KY,1,18,-17
華南楠梓,英業達,4,21,-17
華南楠梓,華航,0,16,-16
華南楠梓,台積電,1,17,-16
華南楠梓,南電,20,35,-15
華南楠梓,順達,14,29,-15
華南楠梓,宏致,2,17,-15
華南楠梓,00946群益科技高息成長,0,14,-14
華南楠梓,華容,7,19,-12
華南楠梓,00673R期元大S＆P原油反1,0,11,-11
華南楠梓,台燿,0,11,-11
華南楠梓,南亞,2,13,-11
華南楠梓,2883B凱基金乙特,0,10,-10
華南楠梓,慧洋-KY,0,10,-10
華南楠梓,大同,1,11,-10
華南楠梓,00941中信上游半導體,0,9,-9
華南楠梓,達邁,20,28,-8
華南楠梓,士電,0,7,-7
華南楠梓,佳能,2,9,-7
華南楠梓,富喬,16,23,-7
華南楠梓,台光電,0,7,-7
華南楠梓,新盛力,188,194,-6
華南楠梓,東鹼,0,6,-6
華南楠梓,百和興業-KY,0,6,-6
華南楠梓,八貫,0,6,-6
彰銀七賢,00937B群益ESG投等債20,127,0,127
彰銀七賢,永豐金,104,0,104
彰銀七賢,00706L期元大S＆P日圓正2,100,0,100
彰銀七賢,00965元大航太防衛科技,100,0,100
彰銀七賢,精誠,41,0,41
彰銀七賢,鴻準,20,0,20
彰銀七賢,00923群益台ESG低碳50,18,0,18
彰銀七賢,台塑化,21,3,18
彰銀七賢,00635U期元大S＆P黃金,17,0,17
彰銀七賢,精材,23,6,17
彰銀七賢,聯電,37,24,13
彰銀七賢,00878國泰永續高股息,11,0,11
彰銀七賢,凱基金,10,0,10
彰銀七賢,益登,10,0,10
彰銀七賢,僑威,10,1,9
彰銀七賢,中鋼,11,2,9
彰銀七賢,玉晶光,9,0,9
彰銀七賢,00738U期元大道瓊白銀,10,1,9
彰銀七賢,元大高股息,8,0,8
彰銀七賢,台塑,7,0,7
彰銀七賢,華新,7,0,7
彰銀七賢,長榮航太,6,0,6
彰銀七賢,達邁,6,0,6
彰銀七賢,兆豐金,6,0,6
彰銀七賢,00725B國泰投資級公司債,5,0,5
彰銀七賢,00687B國泰20年美債,5,0,5
彰銀七賢,英業達,5,0,5
彰銀七賢,廣達,10,5,5
彰銀七賢,建準,5,0,5
彰銀七賢,佰鴻,5,0,5
彰銀七賢,世禾,5,0,5
彰銀七賢,雷虎,5,0,5
彰銀七賢,宏達電,11,7,4
彰銀七賢,創威,4,0,4
彰銀七賢,00909國泰數位支付服務,5,2,3
彰銀七賢,漢唐,3,0,3
彰銀七賢,群益證,3,0,3
彰銀七賢,廣運,3,0,3
彰銀七賢,建德工業,3,0,3
彰銀七賢,國泰金,4,2,2
彰銀七賢,緯創,2,0,2
彰銀七賢,00881國泰台灣5G+,2,0,2
彰銀七賢,00904新光臺灣半導體30,2,0,2
彰銀七賢,00891中信關鍵半導體,2,0,2
彰銀七賢,00888永豐台灣ESG,2,0,2
彰銀七賢,00693U期街口S＆P黃豆,2,0,2
彰銀七賢,00637L元大滬深300正2,2,0,2
彰銀七賢,00858永豐美國500大,2,0,2
彰銀七賢,愛之味,2,0,2
彰銀七賢,00927群益半導體收益,3,1,2
彰銀七賢,00922國泰台灣領袖50,0,50,-50
彰銀七賢,零壹,0,40,-40
彰銀七賢,台新金,2,40,-38
彰銀七賢,華航,5,35,-30
彰銀七賢,南寶,0,30,-30
彰銀七賢,00929復華台灣科技優息,0,29,-29
彰銀七賢,00918大華優利高填息30,2,30,-28
彰銀七賢,大成鋼,0,25,-25
彰銀七賢,華南金,0,22,-22
彰銀七賢,新光金,0,20,-20
彰銀七賢,彰銀,0,15,-15
彰銀七賢,雷科,0,15,-15
彰銀七賢,華邦電,1,15,-14
彰銀七賢,鴻海,12,25,-13
彰銀七賢,景碩,0,11,-11
彰銀七賢,堤維西,0,10,-10
彰銀七賢,立端,0,10,-10
彰銀七賢,00919群益台灣精選高息,1,10,-9
彰銀七賢,00910第一金太空衛星,0,8,-8
彰銀七賢,台積電,1,9,-8
彰銀七賢,興能高,8,15,-7
彰銀七賢,力積電,0,7,-7
彰銀七賢,00885富邦越南,0,6,-6
彰銀七賢,中工,0,6,-6
彰銀七賢,松瑞藥,0,6,-6
彰銀七賢,元晶,0,6,-6
彰銀七賢,奇鋐,0,5,-5
彰銀七賢,貿聯-KY,0,5,-5
彰銀七賢,富邦金,0,5,-5
彰銀七賢,台達電,0,4,-4
彰銀七賢,環泥,0,4,-4
彰銀七賢,00830國泰費城半導體,1,5,-4
彰銀七賢,加百裕,1,5,-4
彰銀七賢,神達,14,18,-4
彰銀七賢,元大台灣50,1,5,-4
彰銀七賢,亞昕,0,3,-3
彰銀七賢,華城,1,4,-3
彰銀七賢,川湖,0,3,-3
彰銀七賢,仁寶,0,3,-3
彰銀七賢,金像電,0,3,-3
彰銀七賢,微星,0,3,-3
彰銀七賢,富野,0,3,-3
彰銀七賢,光鋐,0,3,-3
彰銀七賢,系統電,0,3,-3
彰銀七賢,伊雲谷,0,3,-3
彰銀七賢,百和興業-KY,0,3,-3
彰銀七賢,新盛力,16,18,-2
彰銀七賢,00951台新日本半導體,0,2,-2
彰銀七賢,00940元大台灣價值高息,0,2,-2
彰銀七賢,00895富邦未來車,0,2,-2
群益嘉義,聯電,129,8,121
群益嘉義,00715L期街口布蘭特正2,120,0,120
群益嘉義,佳能,104,5,99
群益嘉義,00637L元大滬深300正2,52,0,52
群益嘉義,鴻海,63,12,51
群益嘉義,泰金寶-DR,55,6,49
群益嘉義,00687B國泰20年美債,35,0,35
群益嘉義,商億-KY,33,3,30
群益嘉義,華邦電,23,1,22
群益嘉義,建漢,24,3,21
群益嘉義,00937B群益ESG投等債20,32,12,20
群益嘉義,台塑,19,3,16
群益嘉義,廣達,21,6,15
群益嘉義,00632R元大台灣50反1,15,0,15
群益嘉義,長榮航,28,13,15
群益嘉義,前鼎,16,4,12
群益嘉義,新建,13,1,12
群益嘉義,波若威,36,24,12
群益嘉義,信立,12,0,12
群益嘉義,00919群益台灣精選高息,21,9,12
群益嘉義,凱美,15,4,11
群益嘉義,眾達-KY,19,8,11
群益嘉義,志強-KY,10,0,10
群益嘉義,00945B凱基美國非投等債,10,0,10
群益嘉義,中鋼,24,14,10
群益嘉義,元大高股息,9,0,9
群益嘉義,立敦,9,0,9
群益嘉義,慶騰,9,0,9
群益嘉義,揚智,10,1,9
群益嘉義,台聚,10,2,8
群益嘉義,統一證,8,0,8
群益嘉義,裕隆,10,2,8
群益嘉義,冠西電,10,2,8
群益嘉義,00953B群益優選非投等債,8,0,8
群益嘉義,00878國泰永續高股息,10,2,8
群益嘉義,宏齊,10,3,7
群益嘉義,群益證,10,3,7
群益嘉義,緯創,14,8,6
群益嘉義,力麒,6,0,6
群益嘉義,兆豐金,6,0,6
群益嘉義,宜鼎,6,0,6
群益嘉義,淘帝-KY,6,0,6
群益嘉義,台新金,7,1,6
群益嘉義,00910第一金太空衛星,8,2,6
群益嘉義,富喬,28,22,6
群益嘉義,力積電,38,32,6
群益嘉義,大銀微系統,6,1,5
群益嘉義,欣興,10,5,5
群益嘉義,森崴能源,5,0,5
群益嘉義,00918大華優利高填息30,5,0,5
群益嘉義,玉山金,0,211,-211
群益嘉義,00980B台新特選IG債10+,1,100,-99
群益嘉義,00688L國泰20年美債正2,0,77,-77
群益嘉義,00680L元大美債20正2,1,77,-76
群益嘉義,環宇-KY,9,46,-37
群益嘉義,富邦金,2,34,-32
群益嘉義,超豐,0,32,-32
群益嘉義,台積電,3,35,-32
群益嘉義,昇達科,1,32,-31
群益嘉義,陽明,24,52,-28
群益嘉義,00946群益科技高息成長,0,25,-25
群益嘉義,台境*,0,22,-22
群益嘉義,凱基金,1,23,-22
群益嘉義,三陽工業,0,21,-21
群益嘉義,友訊,3,23,-20
群益嘉義,華東,0,20,-20
群益嘉義,00948B中信優息投資級債,0,20,-20
群益嘉義,群創,5,24,-19
群益嘉義,大亞,1,20,-19
群益嘉義,日月光投控,1,19,-18
群益嘉義,亞航,1,18,-17
群益嘉義,00929復華台灣科技優息,0,17,-17
群益嘉義,00665L富邦�琤肭磪囓�2,300,315,-15
群益嘉義,00673R期元大S＆P原油反1,1,15,-14
群益嘉義,萬海,2,15,-13
群益嘉義,彰銀,3,15,-12
群益嘉義,00905FT臺灣Smart,0,12,-12
群益嘉義,華新,4,16,-12
群益嘉義,00940元大台灣價值高息,0,12,-12
群益嘉義,良維,0,12,-12
群益嘉義,宏致,1,12,-11
群益嘉義,00936台新永續高息中小,0,11,-11
群益嘉義,華航,0,11,-11
群益嘉義,國泰金,1,12,-11
群益嘉義,嘉聯益,0,10,-10
群益嘉義,海悅,0,10,-10
群益嘉義,亞翔,0,10,-10
群益嘉義,御嵿,0,9,-9
群益嘉義,大成鋼,2,11,-9
群益嘉義,台泥,3,11,-8
群益嘉義,佳世達,5,13,-8
群益嘉義,00706L期元大S＆P日圓正2,0,7,-7
群益嘉義,00646元大S＆P500,0,7,-7
群益嘉義,華友聯,0,7,-7
群益嘉義,00692富邦公司治理,0,6,-6
群益嘉義,欣銓,16,22,-6
群益嘉義,南亞科,1,7,-6
群益嘉義,00701國泰股利精選30,0,5,-5
群益嘉義,國碩,0,5,-5
群益嘉義,00922國泰台灣領袖50,0,5,-5
宏遠台南,聯電,77,30,47
宏遠台南,華新,40,0,40
宏遠台南,宏達電,109,79,30
宏遠台南,00706L期元大S＆P日圓正2,29,0,29
宏遠台南,華盈,21,0,21
宏遠台南,朋億*,21,0,21
宏遠台南,00919群益台灣精選高息,14,1,13
宏遠台南,鴻海,17,5,12
宏遠台南,廣達,18,6,12
宏遠台南,00878國泰永續高股息,18,6,12
宏遠台南,00662富邦NASDAQ,11,0,11
宏遠台南,大亞,12,1,11
宏遠台南,全新,13,2,11
宏遠台南,英濟,37,26,11
宏遠台南,高鋒,15,4,11
宏遠台南,台虹,11,0,11
宏遠台南,00941中信上游半導體,10,0,10
宏遠台南,00680L元大美債20正2,10,0,10
宏遠台南,富喬,25,15,10
宏遠台南,超豐,10,0,10
宏遠台南,耀登,9,0,9
宏遠台南,華容,25,16,9
宏遠台南,00633L富邦上証正2,8,0,8
宏遠台南,緯創,8,0,8
宏遠台南,天宇,8,0,8
宏遠台南,新盛力,22,14,8
宏遠台南,00715L期街口布蘭特正2,11,4,7
宏遠台南,00960野村全球航運龍頭,7,0,7
宏遠台南,志聯,7,0,7
宏遠台南,富邦金,8,1,7
宏遠台南,承業醫,28,22,6
宏遠台南,泰金寶-DR,16,10,6
宏遠台南,矽統,6,1,5
宏遠台南,00948B中信優息投資級債,5,0,5
宏遠台南,中華化,5,0,5
宏遠台南,華紙,5,0,5
宏遠台南,微星,6,1,5
宏遠台南,第一金,5,0,5
宏遠台南,波若威,17,12,5
宏遠台南,00757統一FANG+,4,0,4
宏遠台南,上銀,6,2,4
宏遠台南,英業達,5,1,4
宏遠台南,南良,4,0,4
宏遠台南,宏齊,4,0,4
宏遠台南,台燿,5,1,4
宏遠台南,欣興,4,1,3
宏遠台南,00655L國泰中國A50正2,14,11,3
宏遠台南,00738U期元大道瓊白銀,3,0,3
宏遠台南,00900富邦特選高股息30,3,0,3
宏遠台南,00637L元大滬深300正2,18,15,3
宏遠台南,元大高股息,0,80,-80
宏遠台南,00918大華優利高填息30,0,70,-70
宏遠台南,00922國泰台灣領袖50,0,60,-60
宏遠台南,華城,5,46,-41
宏遠台南,力積電,7,45,-38
宏遠台南,和勤,0,32,-32
宏遠台南,亞航,1,20,-19
宏遠台南,南寶,0,17,-17
宏遠台南,00951台新日本半導體,0,15,-15
宏遠台南,大成鋼,1,15,-14
宏遠台南,台揚,0,12,-12
宏遠台南,中信金,0,12,-12
宏遠台南,高端疫苗,8,20,-12
宏遠台南,奇鋐,0,11,-11
宏遠台南,00940元大台灣價值高息,6,16,-10
宏遠台南,00929復華台灣科技優息,0,10,-10
宏遠台南,群創,0,10,-10
宏遠台南,宏致,1,11,-10
宏遠台南,擎亞,1,11,-10
宏遠台南,新光金,0,9,-9
宏遠台南,光寶科,0,8,-8
宏遠台南,順達,3,11,-8
宏遠台南,群聯,0,7,-7
宏遠台南,神達,44,50,-6
宏遠台南,國碩,4,10,-6
宏遠台南,華南金,0,6,-6
宏遠台南,台積電,1,7,-6
宏遠台南,三商壽,0,5,-5
宏遠台南,全台,0,5,-5
宏遠台南,昇達科,2,7,-5
宏遠台南,連展投控,0,5,-5
宏遠台南,能率,0,5,-5
宏遠台南,友勁,0,5,-5
宏遠台南,千附精密,0,5,-5
宏遠台南,00923群益台ESG低碳50,0,4,-4
宏遠台南,00650L復華香港正2,1,5,-4
宏遠台南,大同,0,4,-4
宏遠台南,友達,0,4,-4
宏遠台南,華廣,0,4,-4
宏遠台南,宣德,0,4,-4
宏遠台南,同欣電,0,4,-4
宏遠台南,銳澤,0,4,-4
宏遠台南,一詮,0,4,-4
宏遠台南,00896中信綠能及電動車,0,3,-3
宏遠台南,00903富邦元宇宙,0,3,-3
宏遠台南,00930永豐ESG低碳高息,0,3,-3
宏遠台南,映泰,5,8,-3
宏遠台南,長榮航,3,6,-3
宏遠台南,星宇航空,0,3,-3
宏遠台南,國泰金,0,3,-3
群益桃園,金寶,164,2,162
群益桃園,00687B國泰20年美債,152,0,152
群益桃園,00937B群益ESG投等債20,123,5,118
群益桃園,聯電,118,10,108
群益桃園,00664R國泰臺灣加權反1,100,0,100
群益桃園,00637L元大滬深300正2,135,55,80
群益桃園,潤泰新,50,0,50
群益桃園,宏��,40,0,40
群益桃園,臺企銀,38,1,37
群益桃園,00924復華S＆P500成長,36,0,36
群益桃園,高林股,34,0,34
群益桃園,緯創,37,3,34
群益桃園,中鋼,35,3,32
群益桃園,力成,32,1,31
群益桃園,盟立,35,5,30
群益桃園,太欣,25,0,25
群益桃園,00915凱基優選高股息30,23,0,23
群益桃園,恆大,25,2,23
群益桃園,榮剛,22,0,22
群益桃園,精成科,25,4,21
群益桃園,雷虎,23,6,17
群益桃園,大成鋼,21,4,17
群益桃園,00919群益台灣精選高息,29,14,15
群益桃園,00918大華優利高填息30,19,4,15
群益桃園,亞光,51,36,15
群益桃園,00632R元大台灣50反1,22,9,13
群益桃園,富喬,35,23,12
群益桃園,嘉聯益,12,0,12
群益桃園,啟��,31,20,11
群益桃園,昆盈,21,11,10
群益桃園,台達化,10,0,10
群益桃園,00953B群益優選非投等債,24,14,10
群益桃園,精誠,10,0,10
群益桃園,華東,10,0,10
群益桃園,亞聚,9,0,9
群益桃園,達邁,33,24,9
群益桃園,宏達電,88,80,8
群益桃園,威盛,10,2,8
群益桃園,方土霖,7,0,7
群益桃園,技嘉,6,0,6
群益桃園,聯光通,9,3,6
群益桃園,乙盛-KY,6,0,6
群益桃園,彩晶,6,0,6
群益桃園,中天,10,4,6
群益桃園,台船,5,0,5
群益桃園,今皓,6,1,5
群益桃園,友達,11,6,5
群益桃園,宏遠證,5,0,5
群益桃園,神盾,5,0,5
群益桃園,三芳,5,0,5
群益桃園,神達,41,117,-76
群益桃園,00948B中信優息投資級債,0,70,-70
群益桃園,00940元大台灣價值高息,0,67,-67
群益桃園,00878國泰永續高股息,8,65,-57
群益桃園,宏捷科,2,43,-41
群益桃園,00679B元大美債20年,5,43,-38
群益桃園,力積電,37,74,-37
群益桃園,00980B台新特選IG債10+,50,80,-30
群益桃園,鴻海,13,38,-25
群益桃園,慧洋-KY,7,30,-23
群益桃園,大同,9,29,-20
群益桃園,00688L國泰20年美債正2,0,20,-20
群益桃園,台積電,26,45,-19
群益桃園,00905FT臺灣Smart,3,22,-19
群益桃園,佳能,4,21,-17
群益桃園,瑞智,0,16,-16
群益桃園,東台,0,15,-15
群益桃園,00970B新光BBB投等債20,0,15,-15
群益桃園,敦吉,0,15,-15
群益桃園,中租-KY,3,17,-14
群益桃園,00633L富邦上証正2,25,39,-14
群益桃園,台達電,10,24,-14
群益桃園,華南金,0,11,-11
群益桃園,英業達,6,17,-11
群益桃園,宏致,10,21,-11
群益桃園,00909國泰數位支付服務,1,12,-11
群益桃園,岱宇,1,11,-10
群益桃園,愛之味,0,10,-10
群益桃園,00693U期街口S＆P黃豆,0,10,-10
群益桃園,亞通,0,10,-10
群益桃園,彰銀,0,10,-10
群益桃園,00929復華台灣科技優息,3,13,-10
群益桃園,長榮航,12,21,-9
群益桃園,00631L元大台灣50正2,0,9,-9
群益桃園,華新,1,10,-9
群益桃園,華新科,0,9,-9
群益桃園,00923群益台ESG低碳50,0,8,-8
群益桃園,00673R期元大S＆P原油反1,0,8,-8
群益桃園,欣銓,6,14,-8
群益桃園,日月光投控,0,7,-7
群益桃園,泰鼎-KY,1,8,-7
群益桃園,興能高,96,103,-7
群益桃園,00939統一台灣高息動能,0,7,-7
群益桃園,華邦電,3,10,-7
群益桃園,和大,0,7,-7
群益桃園,文曄,0,7,-7
群益桃園,新光金,1,7,-6
群益桃園,元大台灣50,1,7,-6
群益桃園,新建,0,6,-6
群益桃園,00935野村臺灣新科技50,4,10,-6
 元富台南,00680L元大美債20正2,180,0,180
 元富台南,00950B凱基A級公司債,70,0,70
 元富台南,聯電,52,0,52
 元富台南,錸寶,30,0,30
 元富台南,00881國泰台灣5G+,30,2,28
 元富台南,欣興,27,2,25
 元富台南,00882中信中國高股息,23,0,23
 元富台南,大成鋼,22,1,21
 元富台南,00965元大航太防衛科技,20,0,20
 元富台南,00720B元大投資級公司債,14,0,14
 元富台南,緯創,18,4,14
 元富台南,安國,13,0,13
 元富台南,泰金寶-DR,17,6,11
 元富台南,神隆,10,0,10
 元富台南,潤泰全,10,0,10
 元富台南,元大高股息,9,0,9
 元富台南,00858永豐美國500大,9,0,9
 元富台南,中鋼,10,1,9
 元富台南,立敦,17,8,9
 元富台南,連展投控,11,3,8
 元富台南,智擎,8,0,8
 元富台南,裕隆,13,6,7
 元富台南,鉅橡,6,0,6
 元富台南,羅昇,6,0,6
 元富台南,兆豐金,5,0,5
 元富台南,弘憶股,5,0,5
 元富台南,陽程,5,0,5
 元富台南,晟田,5,0,5
 元富台南,神達,30,25,5
 元富台南,南紡,4,0,4
 元富台南,威盛,4,0,4
 元富台南,陽明,5,1,4
 元富台南,世禾,4,0,4
 元富台南,穎漢,4,0,4
 元富台南,台虹,4,0,4
 元富台南,創意,3,0,3
 元富台南,00633L富邦上証正2,3,0,3
 元富台南,台達化,3,0,3
 元富台南,廣宇,4,1,3
 元富台南,華邦電,3,0,3
 元富台南,正崴,6,3,3
 元富台南,倚天酷��-創,3,0,3
 元富台南,亞航,3,0,3
 元富台南,亞弘電,3,0,3
 元富台南,南茂,5,2,3
 元富台南,建新國際,3,0,3
 元富台南,富喬,13,11,2
 元富台南,00918大華優利高填息30,2,0,2
 元富台南,力成,2,0,2
 元富台南,廣達,5,3,2
 元富台南,00980B台新特選IG債10+,0,207,-207
 元富台南,00937B群益ESG投等債20,17,71,-54
 元富台南,00954中信日本半導體,0,52,-52
 元富台南,00951台新日本半導體,0,50,-50
 元富台南,00967B元大優息美債,0,41,-41
 元富台南,三商壽,1,40,-39
 元富台南,弘凱,0,30,-30
 元富台南,力積電,9,34,-25
 元富台南,國泰金,0,24,-24
 元富台南,凱基金,10,33,-23
 元富台南,大同,0,21,-21
 元富台南,華南金,0,20,-20
 元富台南,富邦金,0,19,-19
 元富台南,台積電,7,25,-18
 元富台南,00929復華台灣科技優息,3,19,-16
 元富台南,台光電,2,16,-14
 元富台南,聯發科,4,18,-14
 元富台南,006208富邦台50,4,17,-13
 元富台南,英濟,3,16,-13
 元富台南,宏達電,12,25,-13
 元富台南,台揚,0,11,-11
 元富台南,華城,1,10,-9
 元富台南,和椿,0,9,-9
 元富台南,新光金,0,8,-8
 元富台南,揚智,0,8,-8
 元富台南,TPK-KY,0,8,-8
 元富台南,金像電,1,8,-7
 元富台南,玉山金,0,7,-7
 元富台南,00919群益台灣精選高息,13,20,-7
 元富台南,00891中信關鍵半導體,0,6,-6
 元富台南,眾達-KY,7,13,-6
 元富台南,百德,0,5,-5
 元富台南,良維,0,5,-5
 元富台南,華星光,14,19,-5
 元富台南,順達,0,5,-5
 元富台南,台泥,5,10,-5
 元富台南,鴻華先進-創,0,5,-5
 元富台南,長榮航,0,5,-5
 元富台南,華票,0,5,-5
 元富台南,僑威,2,7,-5
 元富台南,昇貿,0,5,-5
 元富台南,宏致,3,8,-5
 元富台南,大洋-KY,0,5,-5
 元富台南,鴻海,9,14,-5
 元富台南,00922國泰台灣領袖50,1,5,-4
 元富台南,欣銓,27,31,-4
 元富台南,亞翔,3,7,-4
 元富台南,台達電,1,5,-4
 元富台南,台灣虎航,1,5,-4
 元富台南,00948B中信優息投資級債,0,4,-4
聯邦大業,00706L期元大S＆P日圓正2,200,0,200
聯邦大業,台積電,92,4,88
聯邦大業,00669R國泰美國道瓊反1,60,0,60
聯邦大業,聯電,26,1,25
聯邦大業,欣興,16,2,14
聯邦大業,泰金寶-DR,22,8,14
聯邦大業,00946群益科技高息成長,13,0,13
聯邦大業,00665L富邦�琤肭磪囓�2,14,2,12
聯邦大業,技嘉,12,0,12
聯邦大業,台中銀,13,1,12
聯邦大業,群創,24,13,11
聯邦大業,立敦,11,0,11
聯邦大業,元大高股息,11,0,11
聯邦大業,正崴,10,0,10
聯邦大業,錸寶,10,0,10
聯邦大業,緯創,10,1,9
聯邦大業,00753L中信中國50正2,10,1,9
聯邦大業,00915凱基優選高股息30,10,2,8
聯邦大業,00687B國泰20年美債,7,0,7
聯邦大業,英濟,21,14,7
聯邦大業,00933B國泰10Y+金融債,6,0,6
聯邦大業,00757統一FANG+,5,0,5
聯邦大業,00938凱基優選30,5,0,5
聯邦大業,毛寶,5,0,5
聯邦大業,富喬,8,3,5
聯邦大業,大成鋼,5,0,5
聯邦大業,百德,5,0,5
聯邦大業,得力,4,0,4
聯邦大業,英業達,5,1,4
聯邦大業,陽明,7,3,4
聯邦大業,正達,4,0,4
聯邦大業,鈞興-KY,4,0,4
聯邦大業,00909國泰數位支付服務,3,0,3
聯邦大業,00688L國泰20年美債正2,3,0,3
聯邦大業,中石化,3,0,3
聯邦大業,金寶,3,0,3
聯邦大業,銘旺科,3,0,3
聯邦大業,盟立,3,0,3
聯邦大業,富野,3,0,3
聯邦大業,光環,3,0,3
聯邦大業,協易機,3,0,3
聯邦大業,新盛力,11,8,3
聯邦大業,南電,3,0,3
聯邦大業,鴻海,3,1,2
聯邦大業,00712復華富時不動產,2,0,2
聯邦大業,00918大華優利高填息30,4,2,2
聯邦大業,00679B元大美債20年,2,0,2
聯邦大業,中鋼,3,1,2
聯邦大業,偉詮電,2,0,2
聯邦大業,宏達電,35,33,2
聯邦大業,友達,0,110,-110
聯邦大業,00905FT臺灣Smart,0,44,-44
聯邦大業,00929復華台灣科技優息,0,42,-42
聯邦大業,神達,74,112,-38
聯邦大業,富世達,4,40,-36
聯邦大業,00637L元大滬深300正2,150,180,-30
聯邦大業,力積電,14,42,-28
聯邦大業,良維,3,29,-26
聯邦大業,龍德造船,0,22,-22
聯邦大業,連展投控,0,17,-17
聯邦大業,精成科,0,15,-15
聯邦大業,立德,0,15,-15
聯邦大業,晶彩科,0,15,-15
聯邦大業,山隆,0,15,-15
聯邦大業,00701國泰股利精選30,0,14,-14
聯邦大業,順達,10,21,-11
聯邦大業,虹冠電,0,10,-10
聯邦大業,新日興,7,17,-10
聯邦大業,正隆,0,9,-9
聯邦大業,00878國泰永續高股息,7,16,-9
聯邦大業,凱基金,1,9,-8
聯邦大業,欣銓,5,13,-8
聯邦大業,福懋油,0,6,-6
聯邦大業,國泰金,0,6,-6
聯邦大業,00940元大台灣價值高息,1,6,-5
聯邦大業,光寶科,0,5,-5
聯邦大業,佳能,1,5,-4
聯邦大業,廣明,1,5,-4
聯邦大業,百徽,0,4,-4
聯邦大業,致新,0,4,-4
聯邦大業,建暐,0,4,-4
聯邦大業,世紀鋼,0,4,-4
聯邦大業,00910第一金太空衛星,0,3,-3
聯邦大業,神腦,0,3,-3
聯邦大業,長榮航,3,6,-3
聯邦大業,眾達-KY,1,4,-3
聯邦大業,信昌電,0,3,-3
聯邦大業,永道-KY,0,3,-3
聯邦大業,台揚,1,4,-3
聯邦大業,華城,20,23,-3
聯邦大業,宏致,0,2,-2
聯邦大業,長榮,1,3,-2
聯邦大業,00675L富邦臺灣加權正2,0,2,-2
聯邦大業,00892富邦台灣半導體,0,2,-2
聯邦大業,00960野村全球航運龍頭,0,2,-2
聯邦大業,東和鋼鐵,0,2,-2
聯邦大業,官田鋼,0,2,-2
聯邦大業,大同,7,9,-2
聯邦大業,新光金,0,2,-2
聯邦大業,神基,0,2,-2
統一南京  ,波若威,152,20,132
統一南京  ,順達,193,76,117
統一南京  ,虹冠電,60,0,60
統一南京  ,宏盛,154,102,52
統一南京  ,大成鋼,50,0,50
統一南京  ,聯電,57,18,39
統一南京  ,00632R元大台灣50反1,37,0,37
統一南京  ,00980B台新特選IG債10+,50,15,35
統一南京  ,神達,84,50,34
統一南京  ,僑威,34,3,31
統一南京  ,00959B大華投等美債15Y+,30,0,30
統一南京  ,台灣虎航,43,13,30
統一南京  ,超豐,30,1,29
統一南京  ,00919群益台灣精選高息,23,0,23
統一南京  ,陽明,26,3,23
統一南京  ,凱美,23,3,20
統一南京  ,亞諾法,20,0,20
統一南京  ,鈞興-KY,20,0,20
統一南京  ,台塑,22,3,19
統一南京  ,台達電,31,12,19
統一南京  ,00965元大航太防衛科技,18,0,18
統一南京  ,智原,20,2,18
統一南京  ,00676R富邦臺灣加權反1,17,0,17
統一南京  ,臺企銀,18,1,17
統一南京  ,華航,20,4,16
統一南京  ,亞翔,27,11,16
統一南京  ,圓剛,16,1,15
統一南京  ,友輝,13,0,13
統一南京  ,00933B國泰10Y+金融債,10,0,10
統一南京  ,00725B國泰投資級公司債,10,0,10
統一南京  ,喬山,10,0,10
統一南京  ,中鋼,12,2,10
統一南京  ,榮運,10,0,10
統一南京  ,兆豐金,11,1,10
統一南京  ,富喬,23,14,9
統一南京  ,00637L元大滬深300正2,7,0,7
統一南京  ,大綜,17,10,7
統一南京  ,豐藝,7,0,7
統一南京  ,雍智科技,10,3,7
統一南京  ,漢翔,15,9,6
統一南京  ,廣運,6,0,6
統一南京  ,志強-KY,6,0,6
統一南京  ,力積電,14,8,6
統一南京  ,原相,6,0,6
統一南京  ,瀚宇博,5,0,5
統一南京  ,巨鎧精密-創,10,5,5
統一南京  ,怡利電,5,0,5
統一南京  ,台航,5,0,5
統一南京  ,華立,5,0,5
統一南京  ,艾訊,5,0,5
統一南京  ,寶得利,66,185,-119
統一南京  ,立隆電,14,121,-107
統一南京  ,三陽工業,0,60,-60
統一南京  ,亞光,63,122,-59
統一南京  ,00924復華S＆P500成長,0,49,-49
統一南京  ,00881國泰台灣5G+,2,51,-49
統一南京  ,宏達電,449,494,-45
統一南京  ,福懋油,0,44,-44
統一南京  ,日月光投控,3,45,-42
統一南京  ,00905FT臺灣Smart,0,42,-42
統一南京  ,鴻準,8,49,-41
統一南京  ,華星光,11,52,-41
統一南京  ,00939統一台灣高息動能,0,35,-35
統一南京  ,環宇-KY,124,159,-35
統一南京  ,精材,1,36,-35
統一南京  ,緯創,126,159,-33
統一南京  ,啟��,1,33,-32
統一南京  ,華新,0,27,-27
統一南京  ,00926凱基全球菁英55,0,25,-25
統一南京  ,新漢,0,25,-25
統一南京  ,富邦金,5,26,-21
統一南京  ,新光金,1,21,-20
統一南京  ,友達,0,20,-20
統一南京  ,擎亞,1,21,-20
統一南京  ,安普新,0,19,-19
統一南京  ,00680L元大美債20正2,12,30,-18
統一南京  ,00894中信小資高價30,0,18,-18
統一南京  ,00895富邦未來車,0,16,-16
統一南京  ,旺宏,1,16,-15
統一南京  ,AES-KY,6,21,-15
統一南京  ,00929復華台灣科技優息,0,15,-15
統一南京  ,國泰金,8,22,-14
統一南京  ,創惟,10,22,-12
統一南京  ,00940元大台灣價值高息,2,14,-12
統一南京  ,遠東新,0,12,-12
統一南京  ,健策,0,12,-12
統一南京  ,台灣精銳,0,12,-12
統一南京  ,高技,1,12,-11
統一南京  ,迅得,13,24,-11
統一南京  ,元大高股息,9,20,-11
統一南京  ,00878國泰永續高股息,9,20,-11
統一南京  ,台積電,222,232,-10
統一南京  ,華南金,0,10,-10
統一南京  ,新日興,4,14,-10
統一南京  ,台通,0,10,-10
統一南京  ,世紀鋼,2,12,-10
統一南京  ,聯鈞,40,50,-10
統一南京  ,玉山金,1,10,-9
統一南京  ,中信金,2,11,-9
統一南京  ,眾達-KY,8,17,-9
富邦竹東,聯電,180,33,147
富邦竹東,00680L元大美債20正2,123,1,122
富邦竹東,緯創,74,27,47
富邦竹東,00937B群益ESG投等債20,45,1,44
富邦竹東,大成鋼,49,6,43
富邦竹東,00637L元大滬深300正2,48,7,41
富邦竹東,鈺創,30,0,30
富邦竹東,佳能,30,2,28
富邦竹東,華新,26,1,25
富邦竹東,華邦電,24,4,20
富邦竹東,憶聲,21,1,20
富邦竹東,泰金寶-DR,35,15,20
富邦竹東,力積電,93,75,18
富邦竹東,欣興,21,5,16
富邦竹東,矽統,16,0,16
富邦竹東,00927群益半導體收益,15,0,15
富邦竹東,敬鵬,14,0,14
富邦竹東,艾訊,13,0,13
富邦竹東,英業達,42,30,12
富邦竹東,00632R元大台灣50反1,24,12,12
富邦竹東,台火,12,0,12
富邦竹東,星宇航空,13,1,12
富邦竹東,長華*,18,7,11
富邦竹東,金寶,10,0,10
富邦竹東,台玻,10,0,10
富邦竹東,正達,11,1,10
富邦竹東,尚立,10,0,10
富邦竹東,中華,10,0,10
富邦竹東,恩德,10,0,10
富邦竹東,旺宏,10,0,10
富邦竹東,台康生技,10,0,10
富邦竹東,台通,10,0,10
富邦竹東,宏��,9,0,9
富邦竹東,京元電子,10,1,9
富邦竹東,台塑,14,5,9
富邦竹東,2881A富邦特,9,0,9
富邦竹東,廣達,13,4,9
富邦竹東,友訊,16,8,8
富邦竹東,00858永豐美國500大,8,0,8
富邦竹東,堤維西,13,5,8
富邦竹東,長榮航,11,3,8
富邦竹東,湧德,10,2,8
富邦竹東,采鈺,8,0,8
富邦竹東,皇昌,8,0,8
富邦竹東,頎邦,8,0,8
富邦竹東,新漢,8,0,8
富邦竹東,鴻海,20,13,7
富邦竹東,兆豐金,7,0,7
富邦竹東,創威,7,0,7
富邦竹東,能率,10,3,7
富邦竹東,00929復華台灣科技優息,0,148,-148
富邦竹東,神達,58,135,-77
富邦竹東,台泥,46,119,-73
富邦竹東,00936台新永續高息中小,0,50,-50
富邦竹東,友達,0,42,-42
富邦竹東,00965元大航太防衛科技,0,40,-40
富邦竹東,群創,26,61,-35
富邦竹東,元大高股息,4,38,-34
富邦竹東,光寶科,1,31,-30
富邦竹東,橋椿,0,30,-30
富邦竹東,00941中信上游半導體,0,28,-28
富邦竹東,00878國泰永續高股息,14,40,-26
富邦竹東,宏致,12,38,-26
富邦竹東,00940元大台灣價值高息,0,26,-26
富邦竹東,矽格,0,25,-25
富邦竹東,雷科,1,24,-23
富邦竹東,台積電,3,26,-23
富邦竹東,典範,0,20,-20
富邦竹東,00687B國泰20年美債,0,20,-20
富邦竹東,00919群益台灣精選高息,12,31,-19
富邦竹東,富采,13,31,-18
富邦竹東,陽明,17,34,-17
富邦竹東,英濟,1,17,-16
富邦竹東,華南金,1,17,-16
富邦竹東,華航,0,16,-16
富邦竹東,艾恩特,0,16,-16
富邦竹東,順達,32,46,-14
富邦竹東,士電,0,14,-14
富邦竹東,中鴻,1,15,-14
富邦竹東,凱基金,1,15,-14
富邦竹東,曜亞,0,12,-12
富邦竹東,華夏,0,12,-12
富邦竹東,00931B統一美債20年,0,12,-12
富邦竹東,00946群益科技高息成長,0,12,-12
富邦竹東,00980B台新特選IG債10+,13,25,-12
富邦竹東,中興電,1,13,-12
富邦竹東,元大台灣50,3,15,-12
富邦竹東,00935野村臺灣新科技50,0,11,-11
富邦竹東,圓剛,1,11,-10
富邦竹東,00934中信成長高股息,0,10,-10
富邦竹東,台半,0,10,-10
富邦竹東,冠軍,0,10,-10
富邦竹東,東台,0,10,-10
富邦竹東,太景*-KY,0,10,-10
富邦竹東,信大,0,10,-10
富邦竹東,00881國泰台灣5G+,0,10,-10
富邦竹東,台達電,0,10,-10
富邦竹東,達邁,15,24,-9
富邦竹東,和大,0,9,-9
富邦竹東,藍天,0,9,-9
 元富屏東,聯電,217,8,209
 元富屏東,00632R元大台灣50反1,113,3,110
 元富屏東,神達,78,44,34
 元富屏東,00882中信中國高股息,30,10,20
 元富屏東,3036A文曄甲特,20,0,20
 元富屏東,南茂,20,0,20
 元富屏東,力積電,64,45,19
 元富屏東,00940元大台灣價值高息,22,7,15
 元富屏東,00918大華優利高填息30,14,0,14
 元富屏東,元大高股息,15,0,15
 元富屏東,00937B群益ESG投等債20,42,31,11
 元富屏東,00708L期元大S＆P黃金正2,10,0,10
 元富屏東,00664R國泰臺灣加權反1,10,0,10
 元富屏東,恩德,12,2,10
 元富屏東,漢翔,10,0,10
 元富屏東,慧洋-KY,10,0,10
 元富屏東,炎洲,12,2,10
 元富屏東,00637L元大滬深300正2,9,0,9
 元富屏東,00725B國泰投資級公司債,8,0,8
 元富屏東,台泥,8,0,8
 元富屏東,緯創,15,7,8
 元富屏東,京元電子,8,0,8
 元富屏東,宏達電,20,12,8
 元富屏東,台星科,7,0,7
 元富屏東,00919群益台灣精選高息,7,0,7
 元富屏東,鴻海,9,3,6
 元富屏東,大同,13,7,6
 元富屏東,三能-KY,6,0,6
 元富屏東,台新金,8,3,5
 元富屏東,00933B國泰10Y+金融債,5,0,5
 元富屏東,00953B群益優選非投等債,10,5,5
 元富屏東,橋椿,5,0,5
 元富屏東,皇將,5,0,5
 元富屏東,綠界科技*,5,0,5
 元富屏東,星雲,5,0,5
 元富屏東,群創,5,0,5
 元富屏東,加百裕,5,0,5
 元富屏東,大成鋼,4,0,4
 元富屏東,冠德,4,0,4
 元富屏東,先進光,5,1,4
 元富屏東,達邁,43,40,3
 元富屏東,00926凱基全球菁英55,3,0,3
 元富屏東,亞泥,3,0,3
 元富屏東,神隆,3,0,3
 元富屏東,春源,3,0,3
 元富屏東,英業達,5,2,3
 元富屏東,元大金,3,0,3
 元富屏東,晶睿,5,2,3
 元富屏東,安可,3,0,3
 元富屏東,亞昕,3,0,3
 元富屏東,00980B台新特選IG債10+,0,165,-165
 元富屏東,00673R期元大S＆P原油反1,3,161,-158
 元富屏東,00965元大航太防衛科技,0,100,-100
 元富屏東,00887永豐中國科技50大,0,100,-100
 元富屏東,00951台新日本半導體,0,60,-60
 元富屏東,00929復華台灣科技優息,6,49,-43
 元富屏東,興能高,84,124,-40
 元富屏東,景碩,1,41,-40
 元富屏東,昆盈,0,24,-24
 元富屏東,長榮航,2,22,-20
 元富屏東,00950B凱基A級公司債,2,20,-18
 元富屏東,鼎元,0,18,-18
 元富屏東,00936台新永續高息中小,1,18,-17
 元富屏東,宏致,3,19,-16
 元富屏東,海悅,0,15,-15
 元富屏東,佳能,0,15,-15
 元富屏東,亞航,0,12,-12
 元富屏東,毅嘉,0,11,-11
 元富屏東,陽明,2,13,-11
 元富屏東,元晶,0,11,-11
 元富屏東,冠軍,2,12,-10
 元富屏東,世德,0,10,-10
 元富屏東,強茂,0,10,-10
 元富屏東,訊舟,0,10,-10
 元富屏東,協易機,0,10,-10
 元富屏東,能率網通,0,10,-10
 元富屏東,00922國泰台灣領袖50,1,10,-9
 元富屏東,敬鵬,0,9,-9
 元富屏東,雲豹能源,0,9,-9
 元富屏東,元大台灣50,1,10,-9
 元富屏東,00958B永豐ESG銀行債15,0,8,-8
 元富屏東,鴻準,2,9,-7
 元富屏東,凱基金,2,9,-7
 元富屏東,新光金,0,6,-6
 元富屏東,奇偶,0,6,-6
 元富屏東,00934中信成長高股息,0,6,-6
 元富屏東,華晶科,2,8,-6
 元富屏東,富采,2,8,-6
 元富屏東,精成科,0,6,-6
 元富屏東,僑威,0,6,-6
 元富屏東,00638R元大滬深300反1,0,5,-5
 元富屏東,友訊,5,10,-5
 元富屏東,環科,0,5,-5
 元富屏東,普安,0,5,-5
 元富屏東,信邦,0,5,-5
 元富屏東,展達,0,5,-5
 元富屏東,日月光投控,0,5,-5
 元富屏東,迅杰,0,5,-5
 元富屏東,台表科,0,5,-5
 元富屏東,泰金寶-DR,14,19,-5
玉山台南,聯電,198,40,158
玉山台南,精英,124,1,123
玉山台南,00919群益台灣精選高息,115,10,105
玉山台南,群創,121,29,92
玉山台南,國統,101,13,88
玉山台南,00882中信中國高股息,77,0,77
玉山台南,緯創,114,44,70
玉山台南,輔信,62,0,62
玉山台南,高林股,69,11,58
玉山台南,嘉威,56,0,56
玉山台南,00665L富邦�琤肭磪囓�2,55,2,53
玉山台南,台境*,68,17,51
玉山台南,元大高股息,68,18,50
玉山台南,欣興,55,5,50
玉山台南,00915凱基優選高股息30,41,2,39
玉山台南,00671R富邦NASDAQ反1,33,0,33
玉山台南,加百裕,170,138,32
玉山台南,長華*,33,2,31
玉山台南,00751B元大AAA至A公司債,30,0,30
玉山台南,光洋科,32,2,30
玉山台南,三商壽,34,5,29
玉山台南,00858永豐美國500大,28,0,28
玉山台南,00971野村美國研發龍頭,27,0,27
玉山台南,00937B群益ESG投等債20,46,20,26
玉山台南,00918大華優利高填息30,25,0,25
玉山台南,南仁湖,25,0,25
玉山台南,力成,24,0,24
玉山台南,00632R元大台灣50反1,23,1,22
玉山台南,玉山金,50,29,21
玉山台南,合庫金,25,4,21
玉山台南,富喬,67,46,21
玉山台南,華碩,21,1,20
玉山台南,台塑,31,11,20
玉山台南,晟德,19,0,19
玉山台南,00715L期街口布蘭特正2,18,0,18
玉山台南,00909國泰數位支付服務,72,55,17
玉山台南,詮欣,17,0,17
玉山台南,威剛,20,3,17
玉山台南,00693U期街口S＆P黃豆,20,3,17
玉山台南,友達,20,3,17
玉山台南,達邁,60,45,15
玉山台南,00676R富邦臺灣加權反1,35,20,15
玉山台南,久元,15,0,15
玉山台南,金寶,21,6,15
玉山台南,00960野村全球航運龍頭,14,0,14
玉山台南,台化,14,0,14
玉山台南,宏達電,110,96,14
玉山台南,新建,13,1,12
玉山台南,三商,11,0,11
玉山台南,英業達,24,13,11
玉山台南,大成鋼,44,314,-270
玉山台南,00939統一台灣高息動能,0,240,-240
玉山台南,00894中信小資高價30,0,190,-190
玉山台南,00929復華台灣科技優息,9,152,-143
玉山台南,00757統一FANG+,13,100,-87
玉山台南,006208富邦台50,15,95,-80
玉山台南,00662富邦NASDAQ,1,73,-72
玉山台南,興能高,166,223,-57
玉山台南,00943兆豐電子高息等權,0,51,-51
玉山台南,華航,0,49,-49
玉山台南,力積電,41,88,-47
玉山台南,欣銓,20,64,-44
玉山台南,00926凱基全球菁英55,0,39,-39
玉山台南,志強-KY,1,37,-36
玉山台南,神達,168,204,-36
玉山台南,00878國泰永續高股息,20,56,-36
玉山台南,00923群益台ESG低碳50,0,34,-34
玉山台南,光寶科,0,34,-34
玉山台南,00712復華富時不動產,4,36,-32
玉山台南,00720B元大投資級公司債,0,29,-29
玉山台南,和大,1,30,-29
玉山台南,泰金寶-DR,31,59,-28
玉山台南,00673R期元大S＆P原油反1,13,41,-28
玉山台南,大同,2,29,-27
玉山台南,00940元大台灣價值高息,3,31,-28
玉山台南,富邦金,1,28,-27
玉山台南,長榮航,1,25,-24
玉山台南,東鹼,0,23,-23
玉山台南,00631L元大台灣50正2,2,24,-22
玉山台南,南亞,0,22,-22
玉山台南,新日興,5,26,-21
玉山台南,凱基金,1,22,-21
玉山台南,00931B統一美債20年,0,21,-21
玉山台南,菱光,2,22,-20
玉山台南,00864B中信美國公債0-1,0,20,-20
玉山台南,00941中信上游半導體,0,20,-20
玉山台南,順達,24,43,-19
玉山台南,擎亞,7,26,-19
玉山台南,台玻,4,22,-18
玉山台南,元大台灣50,5,23,-18
玉山台南,亞翔,4,19,-15
玉山台南,神基,0,15,-15
玉山台南,萬海,3,18,-15
玉山台南,燿華,0,15,-15
玉山台南,先進光,1,16,-15
玉山台南,強茂,1,16,-15
玉山台南,00670L富邦NASDAQ正2,0,15,-15
玉山台南,00885富邦越南,0,15,-15
玉山台南,正達,10,25,-15
玉山台南,00685L群益臺灣加權正2,5,20,-15
亞東高雄 ,廣達,66,2,64
亞東高雄 ,00632R元大台灣50反1,62,0,62
亞東高雄 ,緯創,92,45,47
亞東高雄 ,台灣高鐵,40,0,40
亞東高雄 ,聯電,44,23,21
亞東高雄 ,00935野村臺灣新科技50,20,0,20
亞東高雄 ,00878國泰永續高股息,20,0,20
亞東高雄 ,00688L國泰20年美債正2,20,0,20
亞東高雄 ,新麗,20,0,20
亞東高雄 ,宏泰,16,0,16
亞東高雄 ,榮剛,15,0,15
亞東高雄 ,聯一光,14,1,13
亞東高雄 ,嘉泥,12,0,12
亞東高雄 ,遠東銀,12,0,12
亞東高雄 ,00753L中信中國50正2,10,0,10
亞東高雄 ,00751B元大AAA至A公司債,10,0,10
亞東高雄 ,佰鴻,10,0,10
亞東高雄 ,連展投控,10,2,8
亞東高雄 ,00631L元大台灣50正2,6,0,6
亞東高雄 ,立��,5,0,5
亞東高雄 ,精聯,5,0,5
亞東高雄 ,海華,5,0,5
亞東高雄 ,亞翔,8,3,5
亞東高雄 ,倍微,5,0,5
亞東高雄 ,00924復華S＆P500成長,4,0,4
亞東高雄 ,00900富邦特選高股息30,4,0,4
亞東高雄 ,南亞科,17,13,4
亞東高雄 ,東台,4,0,4
亞東高雄 ,銘鈺,5,1,4
亞東高雄 ,動力-KY,4,0,4
亞東高雄 ,澤米,4,0,4
亞東高雄 ,寶隆,3,0,3
亞東高雄 ,宏��,4,1,3
亞東高雄 ,燦星旅,3,0,3
亞東高雄 ,高鋒,3,0,3
亞東高雄 ,新唐,3,0,3
亞東高雄 ,合庫金,3,0,3
亞東高雄 ,00679B元大美債20年,2,0,2
亞東高雄 ,中天,4,2,2
亞東高雄 ,00719B元大美債1-3,2,0,2
亞東高雄 ,00697B元大美債7-10,2,0,2
亞東高雄 ,00945B凱基美國非投等債,2,0,2
亞東高雄 ,00933B國泰10Y+金融債,2,0,2
亞東高雄 ,力山,2,0,2
亞東高雄 ,統一,2,0,2
亞東高雄 ,昆盈,2,0,2
亞東高雄 ,映泰,2,0,2
亞東高雄 ,京元電子,2,0,2
亞東高雄 ,永豐金,2,0,2
亞東高雄 ,由田,2,0,2
亞東高雄 ,00757統一FANG+,0,371,-371
亞東高雄 ,00715L期街口布蘭特正2,0,50,-50
亞東高雄 ,力積電,1,50,-49
亞東高雄 ,00934中信成長高股息,0,30,-30
亞東高雄 ,波若威,0,21,-21
亞東高雄 ,00857B永豐20年美公債,0,20,-20
亞東高雄 ,00915凱基優選高股息30,0,20,-20
亞東高雄 ,台新金,0,15,-15
亞東高雄 ,00680L元大美債20正2,20,33,-13
亞東高雄 ,富喬,12,25,-13
亞東高雄 ,磐亞,0,12,-12
亞東高雄 ,00637L元大滬深300正2,0,10,-10
亞東高雄 ,和大,0,10,-10
亞東高雄 ,友訊,0,10,-10
亞東高雄 ,橘子,0,9,-9
亞東高雄 ,泰金寶-DR,8,17,-9
亞東高雄 ,廣宇,0,8,-8
亞東高雄 ,益登,0,8,-8
亞東高雄 ,雷科,2,10,-8
亞東高雄 ,台化,17,24,-7
亞東高雄 ,欣銓,0,7,-7
亞東高雄 ,華通,0,6,-6
亞東高雄 ,凱基金,1,7,-6
亞東高雄 ,歐買尬,0,6,-6
亞東高雄 ,神達,13,19,-6
亞東高雄 ,00919群益台灣精選高息,0,6,-6
亞東高雄 ,00795B中信美國公債20年,0,5,-5
亞東高雄 ,00937B群益ESG投等債20,0,5,-5
亞東高雄 ,友達,0,5,-5
亞東高雄 ,陽明,1,6,-5
亞東高雄 ,網龍,0,5,-5
亞東高雄 ,前鼎,5,10,-5
亞東高雄 ,新門,1,6,-5
亞東高雄 ,鳳凰,0,5,-5
亞東高雄 ,台郡,0,5,-5
亞東高雄 ,鴻準,1,5,-4
亞東高雄 ,富邦金,0,4,-4
亞東高雄 ,昇貿,0,4,-4
亞東高雄 ,TPK-KY,0,4,-4
亞東高雄 ,精成科,0,4,-4
亞東高雄 ,旭暉應材,10,14,-4
亞東高雄 ,00922國泰台灣領袖50,0,4,-4
亞東高雄 ,堤維西,0,3,-3
亞東高雄 ,00912中信臺灣智慧50,0,3,-3
亞東高雄 ,夏都,0,3,-3
亞東高雄 ,國泰金,2,5,-3
亞東高雄 ,宏致,0,3,-3
亞東高雄 ,雷虎,0,3,-3
亞東高雄 ,常珵,3,6,-3
亞東高雄 ,長榮,0,3,-3
玉山雙和,00632R元大台灣50反1,193,0,193
玉山雙和,聯電,145,12,133
玉山雙和,宏��,102,10,92
玉山雙和,00680L元大美債20正2,90,0,90
玉山雙和,00858永豐美國500大,58,1,57
玉山雙和,良維,46,0,46
玉山雙和,00919群益台灣精選高息,59,13,46
玉山雙和,00878國泰永續高股息,52,8,44
玉山雙和,元大高股息,50,12,38
玉山雙和,00688L國泰20年美債正2,38,0,38
玉山雙和,瑞軒,31,0,31
玉山雙和,00637L元大滬深300正2,82,52,30
玉山雙和,聯鈞,95,66,29
玉山雙和,緯創,42,15,27
玉山雙和,中鋼,24,1,23
玉山雙和,欣興,23,0,23
玉山雙和,友達,22,0,22
玉山雙和,旺宏,21,0,21
玉山雙和,00937B群益ESG投等債20,31,10,21
玉山雙和,玉山金,25,5,20
玉山雙和,事欣科,21,1,20
玉山雙和,00830國泰費城半導體,19,0,19
玉山雙和,00687B國泰20年美債,20,2,18
玉山雙和,威剛,18,0,18
玉山雙和,台積電,33,16,17
玉山雙和,00720B元大投資級公司債,18,2,16
玉山雙和,華電網,16,0,16
玉山雙和,00713元大台灣高息低波,15,0,15
玉山雙和,00795B中信美國公債20年,15,0,15
玉山雙和,台塑,32,18,14
玉山雙和,00960野村全球航運龍頭,11,0,11
玉山雙和,00959B大華投等美債15Y+,11,0,11
玉山雙和,00882中信中國高股息,10,0,10
玉山雙和,00679B元大美債20年,10,0,10
玉山雙和,00918大華優利高填息30,12,2,10
玉山雙和,00665L富邦�琤肭磪囓�2,10,0,10
玉山雙和,00953B群益優選非投等債,10,0,10
玉山雙和,三商,9,0,9
玉山雙和,金山電,10,1,9
玉山雙和,晟銘電,21,13,8
玉山雙和,擎亞,12,5,7
玉山雙和,新盛力,56,49,7
玉山雙和,台化,7,0,7
玉山雙和,高鋒,7,1,6
玉山雙和,凌陽,6,0,6
玉山雙和,茂達,6,0,6
玉山雙和,鴻準,8,2,6
玉山雙和,訊芯-KY,10,4,6
玉山雙和,兆豐金,6,0,6
玉山雙和,亞矽,5,0,5
玉山雙和,凱基金,0,203,-203
玉山雙和,宏達電,19,220,-201
玉山雙和,00650L復華香港正2,5,149,-144
玉山雙和,富喬,30,148,-118
玉山雙和,陽明,0,109,-109
玉山雙和,00950B凱基A級公司債,0,60,-60
玉山雙和,神達,98,145,-47
玉山雙和,欣銓,17,61,-44
玉山雙和,00673R期元大S＆P原油反1,10,50,-40
玉山雙和,中美晶,0,40,-40
玉山雙和,富邦金,1,41,-40
玉山雙和,華航,0,34,-34
玉山雙和,00757統一FANG+,3,35,-32
玉山雙和,長榮航,8,40,-32
玉山雙和,00929復華台灣科技優息,1,33,-32
玉山雙和,萬海,3,34,-31
玉山雙和,東友,0,30,-30
玉山雙和,00949復華日本龍頭,0,30,-30
玉山雙和,00905FT臺灣Smart,4,34,-30
玉山雙和,中工,2,31,-29
玉山雙和,如興,0,27,-27
玉山雙和,雷虎,18,44,-26
玉山雙和,臺企銀,4,29,-25
玉山雙和,創惟,0,23,-23
玉山雙和,元大台灣50,4,26,-22
玉山雙和,006208富邦台50,4,27,-23
玉山雙和,年興,0,22,-22
玉山雙和,和碩,0,21,-21
玉山雙和,鳳凰,1,22,-21
玉山雙和,友訊,8,28,-20
玉山雙和,永豐金,4,23,-19
玉山雙和,神基,0,18,-18
玉山雙和,浪凡,0,18,-18
玉山雙和,00940元大台灣價值高息,5,22,-17
玉山雙和,力積電,47,64,-17
玉山雙和,新光金,10,26,-16
玉山雙和,連展投控,0,16,-16
玉山雙和,中華電,0,16,-16
玉山雙和,國票金,0,15,-15
玉山雙和,名軒,2,16,-14
玉山雙和,00922國泰台灣領袖50,2,16,-14
玉山雙和,00692富邦公司治理,2,15,-13
玉山雙和,00954中信日本半導體,0,14,-14
玉山雙和,環宇-KY,188,201,-13
玉山雙和,全新,1,14,-13
玉山雙和,元太,0,12,-12
玉山雙和,宸曜,0,12,-12
玉山雙和,聯一光,13,24,-11
玉山雙和,宏致,0,10,-10
玉山雙和,喬福,0,10,-10
美    好,00753L中信中國50正2,263,66,197
美    好,元大金,60,0,60
美    好,宏全,62,2,60
美    好,漢翔,50,0,50
美    好,長佳,46,0,46
美    好,聯電,42,0,42
美    好,緯創,34,2,32
美    好,華星光,34,4,30
美    好,美好證,35,6,29
美    好,富采,26,0,26
美    好,湧德,20,0,20
美    好,廣達,20,1,19
美    好,皇昌,15,0,15
美    好,昇達科,19,4,15
美    好,宏達電,62,47,15
美    好,泰茂,15,1,14
美    好,中鴻,13,0,13
美    好,瀚荃,13,0,13
美    好,00650L復華香港正2,12,0,12
美    好,晶技,12,0,12
美    好,美律,11,0,11
美    好,群創,11,0,11
美    好,波若威,14,3,11
美    好,00882中信中國高股息,10,0,10
美    好,00688L國泰20年美債正2,10,0,10
美    好,堤維西,10,0,10
美    好,太子,10,0,10
美    好,三顧,10,0,10
美    好,鈞興-KY,10,1,9
美    好,興能高,24,15,9
美    好,00633L富邦上証正2,8,0,8
美    好,群光,8,0,8
美    好,雷虎,9,1,8
美    好,桓達,7,0,7
美    好,凡甲,6,0,6
美    好,創惟,6,0,6
美    好,元大高股息,5,0,5
美    好,00940元大台灣價值高息,5,0,5
美    好,00971野村美國研發龍頭,5,0,5
美    好,00680L元大美債20正2,5,0,5
美    好,合機,5,0,5
美    好,英業達,5,0,5
美    好,台灣高鐵,5,0,5
美    好,英濟,10,5,5
美    好,熱映,5,0,5
美    好,百和興業-KY,5,0,5
美    好,合騏,7,2,5
美    好,00858永豐美國500大,3,0,3
美    好,亞光,6,3,3
美    好,優群,3,0,3
美    好,00637L元大滬深300正2,1335,1608,-273
美    好,和碩,0,47,-47
美    好,定穎投控,10,50,-40
美    好,00878國泰永續高股息,2,41,-39
美    好,鴻海,2,36,-34
美    好,逸達,0,26,-26
美    好,富喬,0,22,-22
美    好,欣銓,0,22,-22
美    好,神達,22,41,-19
美    好,020000富邦特選蘋果N,0,17,-17
美    好,力積電,0,15,-15
美    好,新日興,1,13,-12
美    好,廣明,0,12,-12
美    好,00922國泰台灣領袖50,0,11,-11
美    好,第一銅,0,10,-10
美    好,中磊,0,10,-10
美    好,廣運,0,10,-10
美    好,台積電,4,13,-9
美    好,中光電,0,8,-8
美    好,長虹,0,8,-8
美    好,長榮航,0,7,-7
美    好,晟楠,24,31,-7
美    好,00877復華中國5G,0,6,-6
美    好,IKKA-KY,1,7,-6
美    好,台達電,0,6,-6
美    好,大立光,0,6,-6
美    好,國統,0,6,-6
美    好,00713元大台灣高息低波,0,5,-5
美    好,精英,0,5,-5
美    好,錸德,0,5,-5
美    好,長榮,2,7,-5
美    好,憶聲,0,5,-5
美    好,建錩,0,5,-5
美    好,乙盛-KY,0,5,-5
美    好,寬魚國際,0,5,-5
美    好,康舒,0,5,-5
美    好,共信-KY,2,7,-5
美    好,日月光投控,0,4,-4
美    好,台灣精銳,1,5,-4
美    好,新應材,2,6,-4
美    好,系統電,0,4,-4
美    好,亞翔,1,5,-4
美    好,立敦,11,15,-4
美    好,元大台灣50,1,4,-3
美    好,00902中信電池及儲能,0,3,-3
美    好,圓剛,0,3,-3
美    好,星宇航空,0,3,-3
美    好,界霖,0,3,-3
美    好,立衛,0,3,-3
美    好,飛捷,0,3,-3
富邦七賢,北基,1110,32,1078
富邦七賢,力積電,131,28,103
富邦七賢,00971野村美國研發龍頭,100,0,100
富邦七賢,聯電,122,36,86
富邦七賢,泰金寶-DR,51,7,44
富邦七賢,建漢,50,10,40
富邦七賢,騰輝電子-KY,38,0,38
富邦七賢,合庫金,35,0,35
富邦七賢,00830國泰費城半導體,30,0,30
富邦七賢,00882中信中國高股息,27,0,27
富邦七賢,00783富邦中証500,25,0,25
富邦七賢,立德,22,0,22
富邦七賢,亞光,28,8,20
富邦七賢,00676R富邦臺灣加權反1,20,0,20
富邦七賢,00878國泰永續高股息,27,7,20
富邦七賢,英業達,29,11,18
富邦七賢,00887永豐中國科技50大,20,2,18
富邦七賢,00933B國泰10Y+金融債,18,0,18
富邦七賢,世紀,18,1,17
富邦七賢,台揚,22,6,16
富邦七賢,精金,15,0,15
富邦七賢,美時,15,0,15
富邦七賢,易飛網,18,3,15
富邦七賢,亞航,17,3,14
富邦七賢,聯合再生,20,6,14
富邦七賢,臺企銀,21,8,13
富邦七賢,新盛力,77,64,13
富邦七賢,00724B群益投資級金融債,13,0,13
富邦七賢,達邁,33,20,13
富邦七賢,緯創,23,11,12
富邦七賢,台新金,11,0,11
富邦七賢,00679B元大美債20年,12,1,11
富邦七賢,驊訊,19,8,11
富邦七賢,力成,11,0,11
富邦七賢,00637L元大滬深300正2,147,136,11
富邦七賢,元晶,13,2,11
富邦七賢,00915凱基優選高股息30,10,0,10
富邦七賢,永豐實,10,0,10
富邦七賢,台耀,10,0,10
富邦七賢,國際中橡,10,0,10
富邦七賢,立敦,16,6,10
富邦七賢,00680L元大美債20正2,10,0,10
富邦七賢,欣興,11,1,10
富邦七賢,群創,15,6,9
富邦七賢,鳳凰,9,0,9
富邦七賢,大銀微系統,9,0,9
富邦七賢,00885富邦越南,8,0,8
富邦七賢,富喬,21,13,8
富邦七賢,00687B國泰20年美債,8,1,7
富邦七賢,波若威,35,28,7
富邦七賢,00937B群益ESG投等債20,18,102,-84
富邦七賢,國喬,0,76,-76
富邦七賢,宏致,12,84,-72
富邦七賢,00929復華台灣科技優息,3,72,-69
富邦七賢,00712復華富時不動產,0,60,-60
富邦七賢,00922國泰台灣領袖50,7,39,-32
富邦七賢,陽明,9,41,-32
富邦七賢,00940元大台灣價值高息,1,32,-31
富邦七賢,00934中信成長高股息,0,30,-30
富邦七賢,亞帝歐,0,29,-29
富邦七賢,擎亞,6,35,-29
富邦七賢,華航,0,28,-28
富邦七賢,燿華,5,32,-27
富邦七賢,神達,118,141,-23
富邦七賢,連展投控,6,29,-23
富邦七賢,日月光投控,0,22,-22
富邦七賢,澤米,5,26,-21
富邦七賢,金山電,0,20,-20
富邦七賢,聯邦銀,0,20,-20
富邦七賢,020025統一亞洲半導體N,0,20,-20
富邦七賢,康舒,0,19,-19
富邦七賢,鼎元,3,19,-16
富邦七賢,圓剛,1,17,-16
富邦七賢,松上,0,16,-16
富邦七賢,元大台灣50,2,18,-16
富邦七賢,00770國泰北美科技,3,19,-16
富邦七賢,興能高,137,152,-15
富邦七賢,伊雲谷,0,14,-14
富邦七賢,新光金,0,14,-14
富邦七賢,00965元大航太防衛科技,0,13,-13
富邦七賢,00701國泰股利精選30,0,13,-13
富邦七賢,玉山金,0,13,-13
富邦七賢,僑威,19,32,-13
富邦七賢,凱基金,6,19,-13
富邦七賢,鴻海,46,59,-13
富邦七賢,00713元大台灣高息低波,9,20,-11
富邦七賢,前鼎,26,37,-11
富邦七賢,亞翔,0,11,-11
富邦七賢,正文,0,11,-11
富邦七賢,華城,4,15,-11
富邦七賢,艾訊,1,11,-10
富邦七賢,聯德,0,10,-10
富邦七賢,彰銀,0,10,-10
富邦七賢,華東,0,10,-10
富邦七賢,日電貿,0,10,-10
富邦七賢,00980B台新特選IG債10+,0,10,-10
富邦七賢,友勁,0,10,-10
富邦七賢,正達,0,10,-10
富邦七賢,興富發,0,10,-10
富邦七賢,第一金,0,9,-9
 中信託永      ,欣銓,98,7,91
 中信託永      ,所羅門,84,10,74
 中信託永      ,00919群益台灣精選高息,79,14,65
 中信託永      ,聯電,91,30,61
 中信託永      ,00878國泰永續高股息,70,11,59
 中信託永      ,00937B群益ESG投等債20,59,1,58
 中信託永      ,00858永豐美國500大,56,0,56
 中信託永      ,00753L中信中國50正2,51,5,46
 中信託永      ,00637L元大滬深300正2,56,13,43
 中信託永      ,00924復華S＆P500成長,43,0,43
 中信託永      ,岳豐,38,0,38
 中信託永      ,00706L期元大S＆P日圓正2,35,0,35
 中信託永      ,緯創,47,13,34
 中信託永      ,聯華,33,0,33
 中信託永      ,三星,30,0,30
 中信託永      ,00915凱基優選高股息30,28,0,28
 中信託永      ,00933B國泰10Y+金融債,28,1,27
 中信託永      ,00632R元大台灣50反1,37,11,26
 中信託永      ,彩晶,31,7,24
 中信託永      ,元大高股息,38,16,22
 中信託永      ,環泥,22,0,22
 中信託永      ,宏達電,69,48,21
 中信託永      ,新興,21,0,21
 中信託永      ,00942B台新美A公司債20+,20,0,20
 中信託永      ,宏遠證,20,0,20
 中信託永      ,00959B大華投等美債15Y+,55,36,19
 中信託永      ,耿鼎,16,0,16
 中信託永      ,佳和,16,0,16
 中信託永      ,聯華食,15,0,15
 中信託永      ,巨大,13,1,12
 中信託永      ,艾姆勒,12,0,12
 中信託永      ,聯合再生,15,3,12
 中信託永      ,00687B國泰20年美債,27,16,11
 中信託永      ,穎漢,12,1,11
 中信託永      ,良維,13,2,11
 中信託永      ,華票,10,0,10
 中信託永      ,星宇航空,18,8,10
 中信託永      ,雷虎,11,1,10
 中信託永      ,南緯,10,0,10
 中信託永      ,00700富邦�琤肭磪�,10,0,10
 中信託永      ,00673R期元大S＆P原油反1,50,40,10
 中信託永      ,華紙,10,0,10
 中信託永      ,晟德,11,2,9
 中信託永      ,京元電子,13,3,10
 中信託永      ,光環,11,2,9
 中信託永      ,和椿,55,47,8
 中信託永      ,建漢,8,0,8
 中信託永      ,亞泰,11,3,8
 中信託永      ,亞翔,12,4,8
 中信託永      ,新盛力,83,76,7
 中信託永      ,00980B台新特選IG債10+,1,314,-313
 中信託永      ,千興,2,232,-230
 中信託永      ,加百裕,26,226,-200
 中信託永      ,00948B中信優息投資級債,0,146,-146
 中信託永      ,00971野村美國研發龍頭,2,131,-129
 中信託永      ,弘凱,1,95,-94
 中信託永      ,00882中信中國高股息,24,102,-78
 中信託永      ,中鋼,14,89,-75
 中信託永      ,興能高,71,143,-72
 中信託永      ,00929復華台灣科技優息,1,62,-61
 中信託永      ,00909國泰數位支付服務,2,60,-58
 中信託永      ,00940元大台灣價值高息,7,58,-51
 中信託永      ,00712復華富時不動產,6,50,-44
 中信託永      ,00795B中信美國公債20年,0,36,-36
 中信託永      ,華星光,41,76,-35
 中信託永      ,波若威,74,109,-35
 中信託永      ,神達,86,116,-30
 中信託永      ,王道銀行,0,30,-30
 中信託永      ,采鈺,10,36,-26
 中信託永      ,新光金,0,25,-25
 中信託永      ,00680L元大美債20正2,7,30,-23
 中信託永      ,世界,4,26,-22
 中信託永      ,台積電,14,35,-21
 中信託永      ,00946群益科技高息成長,2,23,-21
 中信託永      ,瑞祺電通,0,20,-20
 中信託永      ,00970B新光BBB投等債20,0,20,-20
 中信託永      ,華航,0,18,-18
 中信託永      ,順達,41,59,-18
 中信託永      ,00772B中信高評級公司債,1,18,-17
 中信託永      ,00679B元大美債20年,35,53,-18
 中信託永      ,彰銀,0,16,-16
 中信託永      ,中美晶,4,20,-16
 中信託永      ,00881國泰台灣5G+,0,16,-16
 中信託永      ,00954中信日本半導體,0,15,-15
 中信託永      ,飛宏,0,15,-15
 中信託永      ,玉山金,1,16,-15
 中信託永      ,擎亞,6,20,-14
 中信託永      ,00715L期街口布蘭特正2,6,20,-14
 中信託永      ,太子,0,14,-14
 中信託永      ,00830國泰費城半導體,3,17,-14
 中信託永      ,元大台灣50,5,19,-14
 中信託永      ,佳能,6,19,-13
 中信託永      ,晶相光,0,12,-12
 中信託永      ,凱基金,4,16,-12
 中信託永      ,友達,1,13,-12
 中信託永      ,日月光投控,3,14,-11
 中信託永      ,00905FT臺灣Smart,3,14,-11
 中信託永      ,一詮,0,11,-11
 中信託永      ,江申,0,10,-10
 中信託永      ,台聚,0,10,-10
玉山景美,00687B國泰20年美債,120,0,120
玉山景美,聯電,173,79,94
玉山景美,00937B群益ESG投等債20,86,0,86
玉山景美,00641R富邦日本反1,81,0,81
玉山景美,00919群益台灣精選高息,67,11,56
玉山景美,00953B群益優選非投等債,50,0,50
玉山景美,00673R期元大S＆P原油反1,40,0,40
玉山景美,緯創,43,6,37
玉山景美,00753L中信中國50正2,34,0,34
玉山景美,建漢,34,0,34
玉山景美,00878國泰永續高股息,38,4,34
玉山景美,欣興,34,2,32
玉山景美,聯鈞,49,17,32
玉山景美,00719B元大美債1-3,32,0,32
玉山景美,00688L國泰20年美債正2,30,0,30
玉山景美,00915凱基優選高股息30,29,3,26
玉山景美,00971野村美國研發龍頭,26,0,26
玉山景美,立德,26,0,26
玉山景美,00664R國泰臺灣加權反1,25,0,25
玉山景美,泰金寶-DR,28,5,23
玉山景美,廣達,26,4,22
玉山景美,00933B國泰10Y+金融債,20,0,20
玉山景美,西勝,20,0,20
玉山景美,中鋼構,20,0,20
玉山景美,希華,20,0,20
玉山景美,宏遠證,19,0,19
玉山景美,眾達-KY,34,16,18
玉山景美,00922國泰台灣領袖50,28,10,18
玉山景美,006208富邦台50,53,36,17
玉山景美,00858永豐美國500大,18,1,17
玉山景美,00713元大台灣高息低波,18,2,16
玉山景美,台新金,20,5,15
玉山景美,00669R國泰美國道瓊反1,15,0,15
玉山景美,兆豐金,17,2,15
玉山景美,群光,13,0,13
玉山景美,00633L富邦上証正2,14,1,13
玉山景美,00680L元大美債20正2,13,0,13
玉山景美,00632R元大台灣50反1,21,10,11
玉山景美,永豐金,11,0,11
玉山景美,海華,11,0,11
玉山景美,華新,11,1,10
玉山景美,輔信,10,0,10
玉山景美,三商電,10,0,10
玉山景美,00717富邦美國特別股,10,0,10
玉山景美,永昕,10,0,10
玉山景美,高僑,10,0,10
玉山景美,宏達電,53,43,10
玉山景美,騰輝電子-KY,9,0,9
玉山景美,台星科,9,0,9
玉山景美,晉倫,9,0,9
玉山景美,00887永豐中國科技50大,0,473,-473
玉山景美,環泥,0,374,-374
玉山景美,台積電,9,185,-176
玉山景美,00712復華富時不動產,0,128,-128
玉山景美,力積電,24,151,-127
玉山景美,長榮航,5,121,-116
玉山景美,汎銓,1,82,-81
玉山景美,00675L富邦臺灣加權正2,0,74,-74
玉山景美,群創,2,62,-60
玉山景美,00926凱基全球菁英55,0,51,-51
玉山景美,玉山金,16,63,-47
玉山景美,00671R富邦NASDAQ反1,25,70,-45
玉山景美,富邦金,7,50,-43
玉山景美,陽明,18,59,-41
玉山景美,元大高股息,40,81,-41
玉山景美,太子,0,40,-40
玉山景美,00940元大台灣價值高息,4,43,-39
玉山景美,凱基金,0,32,-32
玉山景美,福懋科,0,30,-30
玉山景美,00941中信上游半導體,1,30,-29
玉山景美,圓剛,12,38,-26
玉山景美,新光金,1,26,-25
玉山景美,00929復華台灣科技優息,3,27,-24
玉山景美,元大台灣50,3,26,-23
玉山景美,00651R復華香港反1,0,20,-20
玉山景美,工信,0,20,-20
玉山景美,00891中信關鍵半導體,2,21,-19
玉山景美,日月光投控,3,22,-19
玉山景美,00656R國泰中國A50反1,0,18,-18
玉山景美,00638R元大滬深300反1,0,18,-18
玉山景美,00939統一台灣高息動能,0,17,-17
玉山景美,00693U期街口S＆P黃豆,0,17,-17
玉山景美,華榮,0,17,-17
玉山景美,友達,5,22,-17
玉山景美,彰銀,1,18,-17
玉山景美,中華電,0,15,-15
玉山景美,國泰金,0,15,-15
玉山景美,欣銓,0,15,-15
玉山景美,華航,0,14,-14
玉山景美,凌群,0,14,-14
玉山景美,00882中信中國高股息,2,16,-14
玉山景美,能率,0,12,-12
玉山景美,一詮,9,21,-12
玉山景美,00946群益科技高息成長,0,11,-11
玉山景美,元大寶滬深,0,11,-11
玉山景美,森鉅,0,11,-11
玉山景美,美亞,0,11,-11
玉山景美,精成科,36,47,-11
玉山景美,華星光,24,34,-10
玉山景美,宏致,11,21,-10
國票中港,00664R國泰臺灣加權反1,60,0,60
國票中港,00637L元大滬深300正2,59,24,35
國票中港,立敦,51,16,35
國票中港,鴻海,13,1,12
國票中港,聯電,13,1,12
國票中港,00648R元大S＆P500反1,10,0,10
國票中港,兆豐金,10,0,10
國票中港,00919群益台灣精選高息,10,1,9
國票中港,英業達,11,2,9
國票中港,金麗科,10,1,9
國票中港,緯創,13,4,9
國票中港,堤維西,8,0,8
國票中港,佳能,9,1,8
國票中港,達邁,25,18,7
國票中港,系統電,6,0,6
國票中港,廣達,7,2,5
國票中港,00669R國泰美國道瓊反1,5,0,5
國票中港,華邦電,5,0,5
國票中港,彬台,5,0,5
國票中港,新盛力,15,10,5
國票中港,百和,5,0,5
國票中港,台化,4,0,4
國票中港,00680L元大美債20正2,4,0,4
國票中港,揚明光,4,0,4
國票中港,台郡,4,0,4
國票中港,新應材,4,0,4
國票中港,00632R元大台灣50反1,3,0,3
國票中港,00713元大台灣高息低波,3,0,3
國票中港,星宇航空,4,1,3
國票中港,僑威,4,1,3
國票中港,海華,3,0,3
國票中港,澤米,7,4,3
國票中港,00830國泰費城半導體,2,0,2
國票中港,00909國泰數位支付服務,2,0,2
國票中港,00907永豐優息存股,2,0,2
國票中港,00930永豐ESG低碳高息,2,0,2
國票中港,恆大,2,0,2
國票中港,中石化,2,0,2
國票中港,陽明,2,0,2
國票中港,聯光通,17,15,2
國票中港,普誠,5,3,2
國票中港,久正,2,0,2
國票中港,愛普*,5,3,2
國票中港,台船,1,0,1
國票中港,中鴻,2,1,1
國票中港,光洋科,1,0,1
國票中港,葡萄王,1,0,1
國票中港,南亞,5,4,1
國票中港,濱川,6,5,1
國票中港,長榮鋼,1,0,1
國票中港,皇昌,0,100,-100
國票中港,創惟,6,87,-81
國票中港,長榮航太,0,70,-70
國票中港,華航,11,39,-28
國票中港,貿聯-KY,1,22,-21
國票中港,長榮航,0,20,-20
國票中港,統一實,0,20,-20
國票中港,宏達電,12,30,-18
國票中港,新光金,0,17,-17
國票中港,驊訊,8,25,-17
國票中港,力積電,0,16,-16
國票中港,華城,0,16,-16
國票中港,宏致,2,18,-16
國票中港,和椿,14,30,-16
國票中港,新日興,0,14,-14
國票中港,加百裕,9,22,-13
國票中港,聯亞,0,11,-11
國票中港,欣銓,1,12,-11
國票中港,三商壽,0,10,-10
國票中港,大綜,0,10,-10
國票中港,聯鈞,2,12,-10
國票中港,豐藝,0,10,-10
國票中港,宏全,0,10,-10
國票中港,環宇-KY,1,10,-9
國票中港,神基,0,8,-8
國票中港,順達,5,12,-7
國票中港,興能高,33,40,-7
國票中港,台積電,1,7,-6
國票中港,006208富邦台50,1,6,-5
國票中港,00929復華台灣科技優息,0,5,-5
國票中港,00877復華中國5G,0,5,-5
國票中港,大成鋼,0,5,-5
國票中港,聯詠,1,6,-5
國票中港,昇貿,0,5,-5
國票中港,上詮,0,5,-5
國票中港,IET-KY,0,5,-5
國票中港,弘凱,13,18,-5
國票中港,國泰金,1,5,-4
國票中港,訊芯-KY,2,6,-4
國票中港,喬山,0,4,-4
國票中港,華星光,12,16,-4
國票中港,聯發科,0,4,-4
國票中港,眾達-KY,0,3,-3
國票中港,鉅祥,0,3,-3
國票中港,寒舍,0,3,-3
國票中港,類比科,0,3,-3
國票中港,定穎投控,0,3,-3
國票中港,大銀微系統,4,7,-3
國票中港,茂迪,0,3,-3
國票中港,銳澤,0,3,-3
群益萬華,00715L期街口布蘭特正2,411,0,411
群益萬華,00679B元大美債20年,151,0,151
群益萬華,柏承,60,0,60
群益萬華,00937B群益ESG投等債20,57,3,54
群益萬華,聯電,77,37,40
群益萬華,欣興,32,3,29
群益萬華,00919群益台灣精選高息,25,0,25
群益萬華,大同,70,45,25
群益萬華,中鋼,26,2,24
群益萬華,精剛,20,0,20
群益萬華,彰銀,20,0,20
群益萬華,00753L中信中國50正2,21,1,20
群益萬華,中纖,20,5,15
群益萬華,00878國泰永續高股息,16,2,14
群益萬華,富喬,16,3,13
群益萬華,富野,10,0,10
群益萬華,茂矽,9,1,8
群益萬華,00637L元大滬深300正2,22,14,8
群益萬華,精材,11,3,8
群益萬華,英業達,8,1,7
群益萬華,居易,7,0,7
群益萬華,亞光,8,1,7
群益萬華,2838A聯邦銀甲特,6,0,6
群益萬華,長華*,6,0,6
群益萬華,世紀鋼,8,2,6
群益萬華,00687B國泰20年美債,5,0,5
群益萬華,增你強,5,0,5
群益萬華,華晶科,16,11,5
群益萬華,合一,5,0,5
群益萬華,華電網,5,0,5
群益萬華,信昌電,5,0,5
群益萬華,裕融,5,0,5
群益萬華,元大高股息,8,3,5
群益萬華,伊雲谷,5,1,4
群益萬華,00968B元大優息投等債,4,0,4
群益萬華,利奇,4,0,4
群益萬華,台星科,5,1,4
群益萬華,新盛力,71,67,4
群益萬華,安普新,4,0,4
群益萬華,昇陽半導體,6,2,4
群益萬華,波若威,26,22,4
群益萬華,創惟,9,5,4
群益萬華,迅得,6,2,4
群益萬華,00918大華優利高填息30,3,0,3
群益萬華,慧洋-KY,3,0,3
群益萬華,00893國泰智能電動車,3,0,3
群益萬華,宏��,5,2,3
群益萬華,太空梭,3,0,3
群益萬華,光環,5,2,3
群益萬華,磐儀,3,0,3
群益萬華,00980B台新特選IG債10+,0,205,-205
群益萬華,00712復華富時不動產,2,110,-108
群益萬華,00650L復華香港正2,0,104,-104
群益萬華,連展投控,0,100,-100
群益萬華,凱基金,0,66,-66
群益萬華,亞聚,0,40,-40
群益萬華,南茂,5,35,-30
群益萬華,佳和,0,27,-27
群益萬華,00673R期元大S＆P原油反1,1,22,-21
群益萬華,00929復華台灣科技優息,0,18,-18
群益萬華,泰金寶-DR,62,80,-18
群益萬華,中石化,0,15,-15
群益萬華,晟德,0,15,-15
群益萬華,00688L國泰20年美債正2,0,14,-14
群益萬華,台虹,1,15,-14
群益萬華,宏致,8,22,-14
群益萬華,力積電,15,27,-12
群益萬華,寶隆,0,12,-12
群益萬華,神基,0,12,-12
群益萬華,鴻海,13,24,-11
群益萬華,中工,0,10,-10
群益萬華,全科,0,10,-10
群益萬華,華東,0,10,-10
群益萬華,00891中信關鍵半導體,1,10,-9
群益萬華,立隆電,9,18,-9
群益萬華,台新金,1,10,-9
群益萬華,華星光,25,34,-9
群益萬華,神達,38,46,-8
群益萬華,金寶,2,10,-8
群益萬華,00882中信中國高股息,0,8,-8
群益萬華,中鴻,2,9,-7
群益萬華,00887永豐中國科技50大,0,7,-7
群益萬華,谷崧,0,7,-7
群益萬華,矽統,2,9,-7
群益萬華,台積電,0,7,-7
群益萬華,宏遠證,0,7,-7
群益萬華,00947台新臺灣IC設計,0,6,-6
群益萬華,華榮,0,6,-6
群益萬華,亞元,0,6,-6
群益萬華,訊芯-KY,2,7,-5
群益萬華,聚隆,0,5,-5
群益萬華,IKKA-KY,1,6,-5
群益萬華,友達,4,9,-5
群益萬華,正德,0,5,-5
群益萬華,三商壽,5,10,-5
群益萬華,元大金,0,5,-5
群益萬華,穩懋,0,5,-5
群益萬華,優盛,0,5,-5
群益萬華,聯光通,8,13,-5
群益萬華,00830國泰費城半導體,0,5,-5
土銀新竹,聯電,211,18,193
土銀新竹,和大,68,1,67
土銀新竹,太子,50,0,50
土銀新竹,00637L元大滬深300正2,100,60,40
土銀新竹,00632R元大台灣50反1,35,0,35
土銀新竹,台化,31,2,29
土銀新竹,00795B中信美國公債20年,27,0,27
土銀新竹,茂矽,24,0,24
土銀新竹,00888永豐台灣ESG,22,0,22
土銀新竹,順藥,21,0,21
土銀新竹,元大高股息,20,0,20
土銀新竹,00960野村全球航運龍頭,22,2,20
土銀新竹,永捷,20,0,20
土銀新竹,IKKA-KY,18,1,17
土銀新竹,緯創,35,19,16
土銀新竹,居易,13,0,13
土銀新竹,程泰,12,0,12
土銀新竹,科妍,12,0,12
土銀新竹,基泰,12,0,12
土銀新竹,00919群益台灣精選高息,11,0,11
土銀新竹,00878國泰永續高股息,33,22,11
土銀新竹,高鋒,11,1,10
土銀新竹,雷虎,20,10,10
土銀新竹,台塑,9,0,9
土銀新竹,精剛,10,1,9
土銀新竹,系微,10,2,8
土銀新竹,永豐金,8,0,8
土銀新竹,合庫金,7,0,7
土銀新竹,華航,15,8,7
土銀新竹,新盛力,83,77,6
土銀新竹,潤泰全,8,2,6
土銀新竹,連展投控,6,0,6
土銀新竹,力成,6,0,6
土銀新竹,潤泰新,10,4,6
土銀新竹,00858永豐美國500大,5,0,5
土銀新竹,00688L國泰20年美債正2,5,0,5
土銀新竹,00950B凱基A級公司債,5,0,5
土銀新竹,裕隆,5,0,5
土銀新竹,欣興,8,3,5
土銀新竹,景碩,5,0,5
土銀新竹,尚凡*,5,0,5
土銀新竹,宏正,5,0,5
土銀新竹,南電,10,5,5
土銀新竹,德勝,5,0,5
土銀新竹,立敦,68,63,5
土銀新竹,陽明,7,3,4
土銀新竹,艾美特-KY,4,0,4
土銀新竹,上銀,4,0,4
土銀新竹,愛山林,4,0,4
土銀新竹,今皓,4,0,4
土銀新竹,力積電,6,127,-121
土銀新竹,亞航,0,109,-109
土銀新竹,00940元大台灣價值高息,0,71,-71
土銀新竹,00931B統一美債20年,0,49,-49
土銀新竹,00887永豐中國科技50大,0,40,-40
土銀新竹,00937B群益ESG投等債20,3,40,-37
土銀新竹,三商壽,0,34,-34
土銀新竹,金居,0,30,-30
土銀新竹,文曄,1,27,-26
土銀新竹,長榮,0,23,-23
土銀新竹,友達,13,33,-20
土銀新竹,圓剛,0,20,-20
土銀新竹,富邦金,0,20,-20
土銀新竹,長榮航,0,16,-16
土銀新竹,三發地產,0,15,-15
土銀新竹,南亞科,6,20,-14
土銀新竹,中鴻,0,13,-13
土銀新竹,中光電,0,13,-13
土銀新竹,華新,10,21,-11
土銀新竹,新光金,0,11,-11
土銀新竹,00970B新光BBB投等債20,0,10,-10
土銀新竹,00954中信日本半導體,0,10,-10
土銀新竹,00939統一台灣高息動能,0,10,-10
土銀新竹,00679B元大美債20年,0,10,-10
土銀新竹,00877復華中國5G,0,10,-10
土銀新竹,台玻,0,10,-10
土銀新竹,瑞智,0,10,-10
土銀新竹,00909國泰數位支付服務,0,9,-9
土銀新竹,大成鋼,1,10,-9
土銀新竹,興能高,16,25,-9
土銀新竹,華南金,0,9,-9
土銀新竹,南紡,0,8,-8
土銀新竹,濱川,0,8,-8
土銀新竹,泰金寶-DR,0,8,-8
土銀新竹,聯合再生,2,9,-7
土銀新竹,台積電,6,12,-6
土銀新竹,盟立,1,7,-6
土銀新竹,華通,0,6,-6
土銀新竹,華建,0,6,-6
土銀新竹,臺企銀,0,6,-6
土銀新竹,新保,0,6,-6
土銀新竹,00929復華台灣科技優息,0,5,-5
土銀新竹,南亞,0,5,-5
土銀新竹,亞聚,0,5,-5
土銀新竹,富喬,0,5,-5
土銀新竹,宏達電,10,15,-5
土銀新竹,裕民,12,17,-5
土銀新竹,萬海,0,5,-5
土銀新竹,榮剛,0,5,-5
土銀新竹,欣銓,1,6,-5
凱基新店,聯電,40,0,40
凱基新店,00919群益台灣精選高息,40,0,40
凱基新店,聯鈞,37,12,25
凱基新店,00881國泰台灣5G+,20,0,20
凱基新店,00878國泰永續高股息,20,2,18
凱基新店,宏達電,27,10,17
凱基新店,中鴻,16,0,16
凱基新店,00753L中信中國50正2,15,0,15
凱基新店,00665L富邦�琤肭磪囓�2,15,0,15
凱基新店,元大高股息,16,2,14
凱基新店,00637L元大滬深300正2,12,0,12
凱基新店,欣興,20,8,12
凱基新店,00937B群益ESG投等債20,11,0,11
凱基新店,00795B中信美國公債20年,10,0,10
凱基新店,00952凱基台灣AI50,10,0,10
凱基新店,00632R元大台灣50反1,10,0,10
凱基新店,台積電,14,5,9
凱基新店,綠意,9,0,9
凱基新店,大山,8,0,8
凱基新店,00922國泰台灣領袖50,10,3,7
凱基新店,光鋐,12,5,7
凱基新店,00687B國泰20年美債,6,0,6
凱基新店,富旺,6,0,6
凱基新店,統一超,5,0,5
凱基新店,英業達,7,2,5
凱基新店,00887永豐中國科技50大,5,0,5
凱基新店,榮剛,5,0,5
凱基新店,系統電,5,0,5
凱基新店,蜜望實,5,0,5
凱基新店,錸寶,5,0,5
凱基新店,義隆,5,0,5
凱基新店,貿聯-KY,6,1,5
凱基新店,力積電,16,11,5
凱基新店,00643群益深証中小,4,0,4
凱基新店,矽統,5,1,4
凱基新店,坤悅,4,0,4
凱基新店,006208富邦台50,3,0,3
凱基新店,00770國泰北美科技,3,0,3
凱基新店,友達,3,0,3
凱基新店,森寶,3,0,3
凱基新店,兆豐金,2,0,2
凱基新店,00915凱基優選高股息30,2,0,2
凱基新店,廣達,3,1,2
凱基新店,台灣精銳,2,0,2
凱基新店,華新,2,0,2
凱基新店,毛寶,2,0,2
凱基新店,富喬,3,1,2
凱基新店,台揚,2,0,2
凱基新店,燿華,2,0,2
凱基新店,立隆電,2,0,2
凱基新店,00938凱基優選30,0,200,-200
凱基新店,00951台新日本半導體,0,100,-100
凱基新店,00971野村美國研發龍頭,0,95,-95
凱基新店,00965元大航太防衛科技,1,50,-49
凱基新店,00877復華中國5G,4,46,-42
凱基新店,北基,1,31,-30
凱基新店,鴻海,5,33,-28
凱基新店,五鼎,0,21,-21
凱基新店,桓達,0,20,-20
凱基新店,台灣虎航,1,20,-19
凱基新店,凱基金,0,18,-18
凱基新店,緯創,12,29,-17
凱基新店,00980B台新特選IG債10+,3,20,-17
凱基新店,00929復華台灣科技優息,1,15,-14
凱基新店,研華,0,14,-14
凱基新店,加百裕,3,15,-12
凱基新店,宇隆,0,10,-10
凱基新店,彰銀,0,10,-10
凱基新店,麗豐-KY,0,10,-10
凱基新店,振樺電,0,10,-10
凱基新店,宏致,0,9,-9
凱基新店,神達,19,27,-8
凱基新店,順德,0,8,-8
凱基新店,00940元大台灣價值高息,1,7,-6
凱基新店,順天,0,6,-6
凱基新店,元大台灣50,0,5,-5
凱基新店,奇鋐,1,6,-5
凱基新店,新日興,11,16,-5
凱基新店,致茂,0,5,-5
凱基新店,長榮航,50,55,-5
凱基新店,牧德,5,10,-5
凱基新店,群電,0,4,-4
凱基新店,00934中信成長高股息,0,4,-4
凱基新店,00679B元大美債20年,0,4,-4
凱基新店,亞光,21,25,-4
凱基新店,德晉,0,4,-4
凱基新店,久陽,0,4,-4
凱基新店,上銀,0,4,-4
凱基新店,新盛力,141,145,-4
凱基新店,00891中信關鍵半導體,0,3,-3
凱基新店,冠西電,0,3,-3
凱基新店,大量,0,3,-3
凱基新店,順達,4,7,-3
凱基新店,台達電,0,3,-3
凱基新店,00850元大臺灣ESG永續,0,2,-2
凱基新店,00830國泰費城半導體,1,3,-2
凱基新店,台塑,2,4,-2
凱基新店,光寶科,0,2,-2
凱基新店,佳世達,0,2,-2
凱基新店,鴻準,1,3,-2
 企    銀 ,泰金寶-DR,404,64,340
 企    銀 ,台中銀,288,0,288
 企    銀 ,聯電,147,2,145
 企    銀 ,華紙,58,0,58
 企    銀 ,連展投控,40,3,37
 企    銀 ,大成鋼,35,2,33
 企    銀 ,新光金,35,3,32
 企    銀 ,潤泰全,30,0,30
 企    銀 ,00632R元大台灣50反1,23,0,23
 企    銀 ,萬企,21,0,21
 企    銀 ,中纖,20,0,20
 企    銀 ,雷虎,20,0,20
 企    銀 ,00937B群益ESG投等債20,23,4,19
 企    銀 ,朋億*,22,4,18
 企    銀 ,力積電,28,10,18
 企    銀 ,神基,20,5,15
 企    銀 ,達邁,58,43,15
 企    銀 ,旺宏,34,20,14
 企    銀 ,技嘉,14,0,14
 企    銀 ,宏達電,17,5,12
 企    銀 ,立敦,12,1,11
 企    銀 ,00637L元大滬深300正2,10,0,10
 企    銀 ,00980B台新特選IG債10+,10,0,10
 企    銀 ,研華,10,0,10
 企    銀 ,力成,10,0,10
 企    銀 ,凱美,17,8,9
 企    銀 ,00882中信中國高股息,8,0,8
 企    銀 ,00858永豐美國500大,8,0,8
 企    銀 ,台肥,7,0,7
 企    銀 ,海華,24,17,7
 企    銀 ,臺企銀,30,23,7
 企    銀 ,特力,321,315,6
 企    銀 ,00679B元大美債20年,5,0,5
 企    銀 ,元大高股息,11,5,6
 企    銀 ,00960野村全球航運龍頭,5,0,5
 企    銀 ,00910第一金太空衛星,5,0,5
 企    銀 ,友達,5,0,5
 企    銀 ,偉訓,5,0,5
 企    銀 ,洋華,5,0,5
 企    銀 ,西勝,5,0,5
 企    銀 ,致伸,5,0,5
 企    銀 ,亞泰,13,8,5
 企    銀 ,力新,5,0,5
 企    銀 ,台燿,5,0,5
 企    銀 ,高力,5,0,5
 企    銀 ,聯鈞,28,24,4
 企    銀 ,00687B國泰20年美債,6,2,4
 企    銀 ,雅茗-KY,4,0,4
 企    銀 ,永豐金,4,0,4
 企    銀 ,新應材,4,0,4
 企    銀 ,01009T王道圓滿R1,0,182,-182
 企    銀 ,台積電,4,73,-69
 企    銀 ,昇達科,6,62,-56
 企    銀 ,宏捷科,0,50,-50
 企    銀 ,00731復華富時高息低波,0,47,-47
 企    銀 ,00934中信成長高股息,0,40,-40
 企    銀 ,陽明,4,31,-27
 企    銀 ,國泰金,1,23,-22
 企    銀 ,第一店,0,20,-20
 企    銀 ,宏齊,4,23,-19
 企    銀 ,亞翔,1,18,-17
 企    銀 ,順達,18,34,-16
 企    銀 ,鑫科,0,15,-15
 企    銀 ,全球傳動,0,13,-13
 企    銀 ,亞光,5,17,-12
 企    銀 ,佳世達,0,11,-11
 企    銀 ,晟德,0,11,-11
 企    銀 ,台灣虎航,0,11,-11
 企    銀 ,華城,0,10,-10
 企    銀 ,宏致,0,10,-10
 企    銀 ,00959B大華投等美債15Y+,0,10,-10
 企    銀 ,00941中信上游半導體,0,10,-10
 企    銀 ,00940元大台灣價值高息,0,10,-10
 企    銀 ,星宇航空,0,10,-10
 企    銀 ,華南金,0,10,-10
 企    銀 ,鴻海,5,15,-10
 企    銀 ,共信-KY,0,9,-9
 企    銀 ,凱基金,2,11,-9
 企    銀 ,00919群益台灣精選高息,1,9,-8
 企    銀 ,奇鋐,0,8,-8
 企    銀 ,00643群益深証中小,0,8,-8
 企    銀 ,亞力,2,10,-8
 企    銀 ,華泰,0,8,-8
 企    銀 ,大同,3,11,-8
 企    銀 ,欣銓,0,8,-8
 企    銀 ,康霈*,0,8,-8
 企    銀 ,玉山金,0,7,-7
 企    銀 ,緯穎,0,7,-7
 企    銀 ,長榮,2,8,-6
 企    銀 ,八貫,0,6,-6
 企    銀 ,廣宇,0,6,-6
 企    銀 ,00939統一台灣高息動能,0,5,-5
 企    銀 ,創惟,1,6,-5
 企    銀 ,00922國泰台灣領袖50,0,5,-5
 企    銀 ,00954中信日本半導體,0,5,-5
 企    銀 ,00631L元大台灣50正2,0,5,-5
 企    銀 ,南亞,0,5,-5
 企    銀 ,遠見,0,5,-5
 企    銀 ,世紀鋼,0,5,-5
 企    銀 ,眾達-KY,7,12,-5
群益台中,00637L元大滬深300正2,206,1,205
群益台中,00919群益台灣精選高息,89,5,84
群益台中,00927群益半導體收益,107,25,82
群益台中,00937B群益ESG投等債20,182,118,64
群益台中,聯電,112,52,60
群益台中,020027元大上櫃ESG成長N,80,40,40
群益台中,慶豐富,37,0,37
群益台中,前鼎,31,9,22
群益台中,兆豐金,21,0,21
群益台中,00671R富邦NASDAQ反1,20,0,20
群益台中,群益證,19,0,19
群益台中,00858永豐美國500大,18,0,18
群益台中,緯創,33,15,18
群益台中,新盛力,109,92,17
群益台中,欣興,24,7,17
群益台中,台塑,36,21,15
群益台中,台泥,15,0,15
群益台中,高鋒,16,1,15
群益台中,神達,80,66,14
群益台中,興能高,107,93,14
群益台中,皇昌,30,16,14
群益台中,上詮,15,2,13
群益台中,00770國泰北美科技,13,0,13
群益台中,國際中橡,12,0,12
群益台中,百和興業-KY,11,0,11
群益台中,盛群,11,0,11
群益台中,陽明,10,0,10
群益台中,大成,10,0,10
群益台中,00950B凱基A級公司債,10,0,10
群益台中,兆勁,10,0,10
群益台中,00665L富邦�琤肭磪囓�2,10,0,10
群益台中,00740B富邦全球投等債,10,0,10
群益台中,鴻名,10,0,10
群益台中,彩晶,10,0,10
群益台中,宏齊,9,0,9
群益台中,00924復華S＆P500成長,12,3,9
群益台中,00708L期元大S＆P黃金正2,9,0,9
群益台中,玉山金,10,3,7
群益台中,00960野村全球航運龍頭,7,0,7
群益台中,楠梓電,10,3,7
群益台中,立��,31,24,7
群益台中,00662富邦NASDAQ,9,2,7
群益台中,00891中信關鍵半導體,7,0,7
群益台中,訊達,8,1,7
群益台中,波若威,67,60,7
群益台中,健策,6,0,6
群益台中,景碩,17,11,6
群益台中,00923群益台ESG低碳50,6,0,6
群益台中,加百裕,53,47,6
群益台中,亞泰,12,6,6
群益台中,00953B群益優選非投等債,0,414,-414
群益台中,新光金,0,263,-263
群益台中,凱基金,0,238,-238
群益台中,彰銀,0,161,-161
群益台中,00980B台新特選IG債10+,0,130,-130
群益台中,宏致,57,171,-114
群益台中,勤美,0,85,-85
群益台中,富喬,34,97,-63
群益台中,00940元大台灣價值高息,0,56,-56
群益台中,00945B凱基美國非投等債,3,40,-37
群益台中,00905FT臺灣Smart,14,48,-34
群益台中,加捷生醫,0,31,-31
群益台中,日月光投控,3,31,-28
群益台中,欣銓,47,75,-28
群益台中,00929復華台灣科技優息,0,23,-23
群益台中,華南金,0,22,-22
群益台中,鴻海,11,33,-22
群益台中,00918大華優利高填息30,10,31,-21
群益台中,00675L富邦臺灣加權正2,1,21,-20
群益台中,群創,3,22,-19
群益台中,00631L元大台灣50正2,0,17,-17
群益台中,國泰金,1,18,-17
群益台中,宜特,0,16,-16
群益台中,00713元大台灣高息低波,5,21,-16
群益台中,00878國泰永續高股息,26,41,-15
群益台中,零壹,1,16,-15
群益台中,友達,0,14,-14
群益台中,華星光,33,46,-13
群益台中,立隆電,27,40,-13
群益台中,矽統,0,13,-13
群益台中,頎邦,0,13,-13
群益台中,00909國泰數位支付服務,3,16,-13
群益台中,00951台新日本半導體,0,12,-12
群益台中,00642U期元大S＆P石油,0,12,-12
群益台中,光寶科,9,21,-12
群益台中,富邦金,3,14,-11
群益台中,矽格,1,12,-11
群益台中,006208富邦台50,1,11,-10
群益台中,00934中信成長高股息,0,10,-10
群益台中,光洋科,5,15,-10
群益台中,大山,0,10,-10
群益台中,川寶,0,10,-10
群益台中,茂迪,0,10,-10
群益台中,華夏,0,10,-10
群益台中,喬山,0,10,-10
群益台中,00933B國泰10Y+金融債,5,15,-10
群益台中,橋椿,0,9,-9
群益台中,燿華,0,9,-9
群益台中,華城,27,35,-8
群益台中,台塑化,2,10,-8
 元大太平,00918大華優利高填息30,158,0,158
 元大太平,聯電,161,23,138
 元大太平,泰金寶-DR,199,92,107
 元大太平,00637L元大滬深300正2,68,18,50
 元大太平,00919群益台灣精選高息,53,11,42
 元大太平,元大高股息,49,9,40
 元大太平,寬宏藝術,39,0,39
 元大太平,柏承,34,0,34
 元大太平,友達,53,23,30
 元大太平,00878國泰永續高股息,34,5,29
 元大太平,00679B元大美債20年,26,2,24
 元大太平,00751B元大AAA至A公司債,23,0,23
 元大太平,台星科,23,0,23
 元大太平,00673R期元大S＆P原油反1,90,68,22
 元大太平,中鋼,28,7,21
 元大太平,幸福,20,0,20
 元大太平,易通展,18,0,18
 元大太平,英業達,28,10,18
 元大太平,00858永豐美國500大,14,0,14
 元大太平,00632R元大台灣50反1,17,5,12
 元大太平,緯創,27,15,12
 元大太平,宏��,11,0,11
 元大太平,00960野村全球航運龍頭,11,0,11
 元大太平,輔信,11,0,11
 元大太平,欣興,13,3,10
 元大太平,00770國泰北美科技,10,0,10
 元大太平,兆豐金,10,1,9
 元大太平,旺宏,11,2,9
 元大太平,第一金,10,2,8
 元大太平,智原,8,0,8
 元大太平,大成鋼,9,1,8
 元大太平,八貫,8,0,8
 元大太平,台新金,15,7,8
 元大太平,偉康科技,8,0,8
 元大太平,眾達-KY,36,28,8
 元大太平,00688L國泰20年美債正2,7,0,7
 元大太平,裕民,7,0,7
 元大太平,聯光通,32,25,7
 元大太平,00830國泰費城半導體,6,0,6
 元大太平,國光生,6,0,6
 元大太平,海華,12,6,6
 元大太平,穎漢,6,0,6
 元大太平,達邁,63,57,6
 元大太平,英濟,31,26,5
 元大太平,驊訊,7,2,5
 元大太平,統一證,5,0,5
 元大太平,榮群,5,0,5
 元大太平,2838A聯邦銀甲特,5,0,5
 元大太平,新興,5,0,5
 元大太平,新鉅科,5,0,5
 元大太平,00965元大航太防衛科技,0,128,-128
 元大太平,宏達電,116,213,-97
 元大太平,國喬,0,81,-81
 元大太平,00882中信中國高股息,10,91,-81
 元大太平,00929復華台灣科技優息,3,77,-74
 元大太平,00948B中信優息投資級債,0,60,-60
 元大太平,長榮航,9,64,-55
 元大太平,凱基金,0,52,-52
 元大太平,富邦金,2,39,-37
 元大太平,興能高,158,195,-37
 元大太平,華航,6,38,-32
 元大太平,00940元大台灣價值高息,4,34,-30
 元大太平,神達,139,168,-29
 元大太平,00912中信臺灣智慧50,0,25,-25
 元大太平,乙盛-KY,16,40,-24
 元大太平,青松健康,0,24,-24
 元大太平,東友,0,20,-20
 元大太平,華泰,1,21,-20
 元大太平,星宇航空,5,24,-19
 元大太平,陽明,6,24,-18
 元大太平,新光金,1,19,-18
 元大太平,立隆電,21,38,-17
 元大太平,佳能,13,29,-16
 元大太平,00937B群益ESG投等債20,147,163,-16
 元大太平,玉山金,3,19,-16
 元大太平,日月光投控,2,17,-15
 元大太平,中環,0,14,-14
 元大太平,鴻準,1,15,-14
 元大太平,廣宇,2,15,-13
 元大太平,泰鼎-KY,2,14,-12
 元大太平,世德,0,12,-12
 元大太平,華建,0,12,-12
 元大太平,00640L富邦日本正2,0,12,-12
 元大太平,元大台灣50,0,11,-11
 元大太平,昇達科,3,14,-11
 元大太平,華夏,0,11,-11
 元大太平,良維,0,11,-11
 元大太平,台聚,0,11,-11
 元大太平,太景*-KY,0,10,-10
 元大太平,00887永豐中國科技50大,0,10,-10
 元大太平,群創,7,17,-10
 元大太平,聯上發,0,10,-10
 元大太平,00712復華富時不動產,12,21,-9
 元大太平,00877復華中國5G,0,9,-9
 元大太平,雷科,12,21,-9
 元大太平,台玻,1,10,-9
 元大太平,華城,1,9,-8
 元大太平,凱美,12,20,-8
 元大太平,立積,1,9,-8
 元大太平,立敦,6,14,-8
宏遠,00662富邦NASDAQ,504,0,504
宏遠,海悅,400,0,400
宏遠,松瑞藥,236,0,236
宏遠,啟��,220,0,220
宏遠,泰金寶-DR,205,55,150
宏遠,緯創,110,1,109
宏遠,共信-KY,103,10,93
宏遠,誠美材,70,0,70
宏遠,力積電,66,7,59
宏遠,新建,64,6,58
宏遠,健鼎,55,0,55
宏遠,智邦,52,0,52
宏遠,鈺齊-KY,50,0,50
宏遠,順達,56,7,49
宏遠,連展投控,49,1,48
宏遠,00878國泰永續高股息,45,0,45
宏遠,台光電,52,8,44
宏遠,富采,44,4,40
宏遠,聯電,37,0,37
宏遠,百和,35,1,34
宏遠,00706L期元大S＆P日圓正2,30,0,30
宏遠,乙盛-KY,34,5,29
宏遠,立隆電,95,68,27
宏遠,國泰金,25,0,25
宏遠,00687B國泰20年美債,21,0,21
宏遠,00915凱基優選高股息30,20,0,20
宏遠,冠德,20,0,20
宏遠,正達,20,0,20
宏遠,亞翔,36,16,20
宏遠,凱美,30,13,17
宏遠,華友聯,15,0,15
宏遠,00937B群益ESG投等債20,20,5,15
宏遠,加百裕,24,9,15
宏遠,精成科,44,30,14
宏遠,緯穎,29,16,13
宏遠,元大高股息,12,0,12
宏遠,00830國泰費城半導體,11,0,11
宏遠,上銀,11,0,11
宏遠,00679B元大美債20年,10,0,10
宏遠,00926凱基全球菁英55,10,0,10
宏遠,光寶科,10,0,10
宏遠,慧洋-KY,10,0,10
宏遠,僑威,11,1,10
宏遠,精材,10,0,10
宏遠,閎康,10,0,10
宏遠,鑫科,10,0,10
宏遠,能率,11,1,10
宏遠,佶優,10,0,10
宏遠,亞元,10,0,10
宏遠,浪凡,10,0,10
宏遠,彰銀,0,800,-800
宏遠,台積電,10,204,-194
宏遠,富喬,0,111,-111
宏遠,神達,40,149,-109
宏遠,立端,0,101,-101
宏遠,新華,12,99,-87
宏遠,裕隆,0,76,-76
宏遠,艾笛森,0,58,-58
宏遠,新光金,0,50,-50
宏遠,南港,0,50,-50
宏遠,波若威,17,54,-37
宏遠,鴻海,3,38,-35
宏遠,聯發科,68,103,-35
宏遠,振曜,0,29,-29
宏遠,台灣虎航,30,58,-28
宏遠,英濟,51,76,-25
宏遠,吉茂,0,22,-22
宏遠,皇昌,0,22,-22
宏遠,華航,0,21,-21
宏遠,祥碩,0,21,-21
宏遠,jpp-KY,1,22,-21
宏遠,00665L富邦�琤肭磪囓�2,0,20,-20
宏遠,富邦金,0,20,-20
宏遠,昇貿,4,24,-20
宏遠,研華,0,16,-16
宏遠,宏達電,18,34,-16
宏遠,玉晶光,0,16,-16
宏遠,湧德,1,16,-15
宏遠,復盛應用,0,15,-15
宏遠,華城,3,18,-15
宏遠,新應材,1,15,-14
宏遠,金像電,0,13,-13
宏遠,長榮航,0,13,-13
宏遠,大同,0,12,-12
宏遠,新興,0,12,-12
宏遠,雲豹能源,0,12,-12
宏遠,和椿,79,90,-11
宏遠,世禾,1,11,-10
宏遠,大銀微系統,20,30,-10
宏遠,達興材料,2,12,-10
宏遠,長榮,0,10,-10
宏遠,久昌,1,10,-9
宏遠,群光,3,12,-9
宏遠,微星,1,9,-8
宏遠,十銓,0,8,-8
宏遠,三商壽,0,7,-7
宏遠,神基,0,7,-7
宏遠,亞光,2,9,-7
宏遠,IET-KY,1,8,-7
宏遠,00929復華台灣科技優息,0,6,-6
凱基內湖,00680L元大美債20正2,200,0,200
凱基內湖,新華,114,0,114
凱基內湖,00948B中信優息投資級債,50,0,50
凱基內湖,台塑,49,0,49
凱基內湖,00706L期元大S＆P日圓正2,40,0,40
凱基內湖,台化,30,0,30
凱基內湖,泰金寶-DR,37,11,26
凱基內湖,聯電,26,11,15
凱基內湖,宏達電,26,14,12
凱基內湖,精誠,12,0,12
凱基內湖,合庫金,11,0,11
凱基內湖,精剛,10,0,10
凱基內湖,藍天,10,0,10
凱基內湖,00919群益台灣精選高息,9,0,9
凱基內湖,大成鋼,12,3,9
凱基內湖,00858永豐美國500大,8,0,8
凱基內湖,力積電,18,10,8
凱基內湖,IET-KY,7,0,7
凱基內湖,00940元大台灣價值高息,9,3,6
凱基內湖,00679B元大美債20年,5,0,5
凱基內湖,00713元大台灣高息低波,5,0,5
凱基內湖,00687B國泰20年美債,5,0,5
凱基內湖,彬台,5,0,5
凱基內湖,安格,5,0,5
凱基內湖,00878國泰永續高股息,6,2,4
凱基內湖,櫻花建,4,0,4
凱基內湖,欣興,3,0,3
凱基內湖,緯創,8,5,3
凱基內湖,00882中信中國高股息,5,2,3
凱基內湖,00795B中信美國公債20年,3,0,3
凱基內湖,聯華,3,0,3
凱基內湖,金寶,3,0,3
凱基內湖,啟��,3,0,3
凱基內湖,維田,3,0,3
凱基內湖,立��,5,2,3
凱基內湖,中光電,23,20,3
凱基內湖,緯穎,2,0,2
凱基內湖,大同,2,0,2
凱基內湖,00910第一金太空衛星,2,0,2
凱基內湖,00665L富邦�琤肭磪囓�2,2,0,2
凱基內湖,00927群益半導體收益,2,0,2
凱基內湖,佳和,2,0,2
凱基內湖,南帝,2,0,2
凱基內湖,兆豐金,2,0,2
凱基內湖,第一金,2,0,2
凱基內湖,群創,2,0,2
凱基內湖,連展投控,2,0,2
凱基內湖,瑞智,2,0,2
凱基內湖,全球傳動,3,1,2
凱基內湖,新盛力,16,14,2
凱基內湖,00637L元大滬深300正2,11,100,-89
凱基內湖,00980B台新特選IG債10+,0,53,-53
凱基內湖,英業達,3,43,-40
凱基內湖,00633L富邦上証正2,0,40,-40
凱基內湖,華星光,19,48,-29
凱基內湖,凱基金,0,21,-21
凱基內湖,00881國泰台灣5G+,1,16,-15
凱基內湖,00648R元大S＆P500反1,0,15,-15
凱基內湖,00935野村臺灣新科技50,0,13,-13
凱基內湖,元大台灣50,0,11,-11
凱基內湖,元大高股息,4,14,-10
凱基內湖,中鋼,1,11,-10
凱基內湖,臺企銀,0,10,-10
凱基內湖,潤隆,0,10,-10
凱基內湖,00929復華台灣科技優息,2,11,-9
凱基內湖,00708L期元大S＆P黃金正2,0,9,-9
凱基內湖,一詮,0,8,-8
凱基內湖,波若威,1,9,-8
凱基內湖,海華,0,8,-8
凱基內湖,汎銓,0,8,-8
凱基內湖,宏致,0,7,-7
凱基內湖,旺宏,1,7,-6
凱基內湖,00965元大航太防衛科技,0,5,-5
凱基內湖,00971野村美國研發龍頭,0,5,-5
凱基內湖,南紡,0,5,-5
凱基內湖,上海商銀,0,5,-5
凱基內湖,伊雲谷,1,6,-5
凱基內湖,陽明,1,6,-5
凱基內湖,台達電,0,5,-5
凱基內湖,00895富邦未來車,0,4,-4
凱基內湖,00893國泰智能電動車,0,4,-4
凱基內湖,騰輝電子-KY,0,4,-4
凱基內湖,明安,0,4,-4
凱基內湖,006208富邦台50,1,5,-4
凱基內湖,雙鴻,1,4,-3
凱基內湖,金像電,6,9,-3
凱基內湖,00762元大全球AI,0,3,-3
凱基內湖,00632R元大台灣50反1,0,3,-3
凱基內湖,00939統一台灣高息動能,0,3,-3
凱基內湖,南亞,0,3,-3
凱基內湖,百達-KY,0,3,-3
凱基內湖,鴻準,1,4,-3
凱基內湖,立德,0,3,-3
凱基內湖,聯光通,1,4,-3
凱基內湖,亞昕,0,3,-3
凱基內湖,精成科,0,3,-3
凱基內湖,九齊,0,3,-3
凱基內湖,關中,0,3,-3
凱基內湖,豐泰,0,3,-3
凱基內湖,台積電,1,3,-2
台銀新竹,00878國泰永續高股息,399,13,386
台銀新竹,00882中信中國高股息,133,0,133
台銀新竹,00919群益台灣精選高息,136,8,128
台銀新竹,00937B群益ESG投等債20,125,0,125
台銀新竹,00637L元大滬深300正2,137,32,105
台銀新竹,00918大華優利高填息30,102,1,101
台銀新竹,聯電,109,25,84
台銀新竹,00950B凱基A級公司債,76,0,76
台銀新竹,00738U期元大道瓊白銀,75,0,75
台銀新竹,00655L國泰中國A50正2,75,0,75
台銀新竹,環宇-KY,56,16,40
台銀新竹,00930永豐ESG低碳高息,40,1,39
台銀新竹,廣宇,40,2,38
台銀新竹,00858永豐美國500大,31,0,31
台銀新竹,南茂,35,6,29
台銀新竹,00665L富邦�琤肭磪囓�2,46,20,26
台銀新竹,00761B國泰A級公司債,22,0,22
台銀新竹,00686R群益臺灣加權反1,20,0,20
台銀新竹,聯合再生,19,0,19
台銀新竹,台積電,32,15,17
台銀新竹,00753L中信中國50正2,17,0,17
台銀新竹,台中銀,17,0,17
台銀新竹,中天,15,0,15
台銀新竹,華通,16,1,15
台銀新竹,中磊,15,1,14
台銀新竹,00679B元大美債20年,14,0,14
台銀新竹,彰銀,13,0,13
台銀新竹,00915凱基優選高股息30,15,3,12
台銀新竹,緯創,32,20,12
台銀新竹,第一金,11,0,11
台銀新竹,00650L復華香港正2,11,0,11
台銀新竹,台產,11,0,11
台銀新竹,興能高,97,87,10
台銀新竹,陽明,14,4,10
台銀新竹,00752中信中國50,10,0,10
台銀新竹,力積電,28,18,10
台銀新竹,鴻海,34,24,10
台銀新竹,英業達,15,6,9
台銀新竹,友達,25,16,9
台銀新竹,00892富邦台灣半導體,10,1,9
台銀新竹,景碩,9,0,9
台銀新竹,眾達-KY,23,14,9
台銀新竹,臺企銀,9,1,8
台銀新竹,啟��,10,2,8
台銀新竹,富野,8,0,8
台銀新竹,亞泰,7,0,7
台銀新竹,台玻,7,0,7
台銀新竹,00680L元大美債20正2,7,0,7
台銀新竹,前鼎,7,0,7
台銀新竹,台泥,10,3,7
台銀新竹,00664R國泰臺灣加權反1,0,550,-550
台銀新竹,元大高股息,56,206,-150
台銀新竹,00712復華富時不動產,0,134,-134
台銀新竹,00953B群益優選非投等債,8,100,-92
台銀新竹,統一,1,60,-59
台銀新竹,華南金,1,59,-58
台銀新竹,神達,74,130,-56
台銀新竹,00830國泰費城半導體,7,63,-56
台銀新竹,00929復華台灣科技優息,2,56,-54
台銀新竹,00720B元大投資級公司債,1,54,-53
台銀新竹,新光金,12,62,-50
台銀新竹,群創,0,43,-43
台銀新竹,00941中信上游半導體,2,44,-42
台銀新竹,宏致,6,44,-38
台銀新竹,欣銓,18,44,-26
台銀新竹,00877復華中國5G,0,25,-25
台銀新竹,亞翔,4,27,-23
台銀新竹,台肥,0,22,-22
台銀新竹,華城,2,23,-21
台銀新竹,宏達電,55,75,-20
台銀新竹,00946群益科技高息成長,0,20,-20
台銀新竹,高興昌,0,19,-19
台銀新竹,00965元大航太防衛科技,2,20,-18
台銀新竹,00954中信日本半導體,1,18,-17
台銀新竹,聯光通,12,28,-16
台銀新竹,鈺齊-KY,1,15,-14
台銀新竹,00887永豐中國科技50大,0,14,-14
台銀新竹,波若威,10,23,-13
台銀新竹,華航,0,13,-13
台銀新竹,00673R期元大S＆P原油反1,8,20,-12
台銀新竹,東浦,2,12,-10
台銀新竹,泰金寶-DR,21,31,-10
台銀新竹,和椿,11,21,-10
台銀新竹,國光生,0,10,-10
台銀新竹,晶豪科,0,10,-10
台銀新竹,2883B凱基金乙特,0,10,-10
台銀新竹,臻鼎-KY,1,11,-10
台銀新竹,玉山金,7,17,-10
台銀新竹,中鋼,4,13,-9
台銀新竹,00645富邦日本,0,9,-9
台銀新竹,00922國泰台灣領袖50,1,10,-9
台銀新竹,華票,0,9,-9
台銀新竹,凱基金,3,12,-9
台銀新竹,星宇航空,0,8,-8
台銀新竹,富邦金,3,11,-8
台銀新竹,00932兆豐永續高息等權,0,8,-8
台銀新竹,00940元大台灣價值高息,1,9,-8
台銀新竹,奇鋐,2,10,-8
台銀新竹,飛宏,0,7,-7
台銀新竹,台塑化,1,8,-7
統一彰化  ,00637L元大滬深300正2,375,50,325
統一彰化  ,台新金,100,0,100
統一彰化  ,聯電,65,2,63
統一彰化  ,00753L中信中國50正2,50,0,50
統一彰化  ,00665L富邦�琤肭磪囓�2,50,0,50
統一彰化  ,至上,36,0,36
統一彰化  ,聯合再生,25,0,25
統一彰化  ,磐儀,22,0,22
統一彰化  ,湯石照明,21,0,21
統一彰化  ,台灣大,135,116,19
統一彰化  ,玉晶光,19,0,19
統一彰化  ,鴻海,18,3,15
統一彰化  ,華經,13,0,13
統一彰化  ,金山電,13,0,13
統一彰化  ,幃翔,12,0,12
統一彰化  ,華邦電,11,0,11
統一彰化  ,00918大華優利高填息30,12,2,10
統一彰化  ,精元,10,0,10
統一彰化  ,佰研,10,0,10
統一彰化  ,群創,10,0,10
統一彰化  ,定穎投控,13,3,10
統一彰化  ,矽統,12,3,9
統一彰化  ,信立,9,0,9
統一彰化  ,威盛,9,1,8
統一彰化  ,00946群益科技高息成長,8,0,8
統一彰化  ,英業達,7,0,7
統一彰化  ,達邁,10,3,7
統一彰化  ,00679B元大美債20年,6,0,6
統一彰化  ,00937B群益ESG投等債20,7,1,6
統一彰化  ,彩晶,6,0,6
統一彰化  ,攸泰科技,6,0,6
統一彰化  ,昇陽半導體,6,0,6
統一彰化  ,揚智,6,1,5
統一彰化  ,00915凱基優選高股息30,5,0,5
統一彰化  ,00664R國泰臺灣加權反1,5,0,5
統一彰化  ,毅嘉,5,0,5
統一彰化  ,美律,5,0,5
統一彰化  ,茂迪,6,1,5
統一彰化  ,亞光,6,2,4
統一彰化  ,00878國泰永續高股息,19,15,4
統一彰化  ,好樂迪,4,0,4
統一彰化  ,兆豐金,3,0,3
統一彰化  ,堤維西,3,0,3
統一彰化  ,華通,39,36,3
統一彰化  ,微星,3,0,3
統一彰化  ,陽程,3,0,3
統一彰化  ,海華,4,1,3
統一彰化  ,均豪,3,0,3
統一彰化  ,建國,4,1,3
統一彰化  ,邁達特,4,1,3
統一彰化  ,力積電,81,173,-92
統一彰化  ,新光金,0,71,-71
統一彰化  ,富邦金,0,54,-54
統一彰化  ,宏達電,441,489,-48
統一彰化  ,長榮,1,38,-37
統一彰化  ,慶豐富,0,37,-37
統一彰化  ,00939統一台灣高息動能,0,30,-30
統一彰化  ,00940元大台灣價值高息,0,27,-27
統一彰化  ,友訊,2,22,-20
統一彰化  ,和椿,6,26,-20
統一彰化  ,燿華,1,21,-20
統一彰化  ,00919群益台灣精選高息,3,22,-19
統一彰化  ,00929復華台灣科技優息,0,16,-16
統一彰化  ,長榮航,0,16,-16
統一彰化  ,興能高,34,50,-16
統一彰化  ,中磊,1,14,-13
統一彰化  ,冠西電,0,11,-11
統一彰化  ,健喬,0,11,-11
統一彰化  ,競國,0,11,-11
統一彰化  ,00891中信關鍵半導體,0,10,-10
統一彰化  ,00965元大航太防衛科技,0,10,-10
統一彰化  ,國喬,0,10,-10
統一彰化  ,春源,0,10,-10
統一彰化  ,華南金,0,10,-10
統一彰化  ,建達,5,15,-10
統一彰化  ,亞翔,4,14,-10
統一彰化  ,聯鈞,28,37,-9
統一彰化  ,加高,0,9,-9
統一彰化  ,020030統一智慧電動車N,0,8,-8
統一彰化  ,環宇-KY,44,52,-8
統一彰化  ,台積電,1,9,-8
統一彰化  ,中石化,0,7,-7
統一彰化  ,萬海,5,11,-6
統一彰化  ,眾達-KY,4,10,-6
統一彰化  ,元大高股息,16,22,-6
統一彰化  ,佳能,20,26,-6
統一彰化  ,立隆電,9,14,-5
統一彰化  ,00934中信成長高股息,0,5,-5
統一彰化  ,00678群益那斯達克生技,0,5,-5
統一彰化  ,華新,0,5,-5
統一彰化  ,中鋼,1,6,-5
統一彰化  ,瑞軒,2,7,-5
統一彰化  ,國泰金,0,5,-5
統一彰化  ,元大金,0,5,-5
統一彰化  ,農林,0,5,-5
統一彰化  ,湧德,0,5,-5
統一彰化  ,矽格,0,5,-5
統一彰化  ,南茂,0,5,-5
統一彰化  ,廣明,0,5,-5
統一彰化  ,神達,37,42,-5
 元大中和,聯電,115,10,105
 元大中和,中光電,80,2,78
 元大中和,富喬,77,4,73
 元大中和,凌陽,50,0,50
 元大中和,中信金,85,45,40
 元大中和,宏齊,33,0,33
 元大中和,新光金,45,14,31
 元大中和,台泥,30,0,30
 元大中和,環天科,30,0,30
 元大中和,凱美,71,41,30
 元大中和,00637L元大滬深300正2,29,2,27
 元大中和,麗嬰房,25,0,25
 元大中和,台星科,23,0,23
 元大中和,力成,21,0,21
 元大中和,00673R期元大S＆P原油反1,20,0,20
 元大中和,00924復華S＆P500成長,20,0,20
 元大中和,00882中信中國高股息,19,0,19
 元大中和,00919群益台灣精選高息,22,6,16
 元大中和,元大高股息,22,7,15
 元大中和,00915凱基優選高股息30,12,0,12
 元大中和,技嘉,14,2,12
 元大中和,中租-KY,11,0,11
 元大中和,元大金,12,1,11
 元大中和,中鋼,13,2,11
 元大中和,連展投控,15,4,11
 元大中和,00675L富邦臺灣加權正2,11,1,10
 元大中和,緯創,25,15,10
 元大中和,00900富邦特選高股息30,10,0,10
 元大中和,皇昌,10,0,10
 元大中和,和椿,23,14,9
 元大中和,金寶,12,3,9
 元大中和,志超,9,0,9
 元大中和,英業達,8,0,8
 元大中和,天宇,9,2,7
 元大中和,明泰,7,0,7
 元大中和,華新,6,0,6
 元大中和,中鼎,6,0,6
 元大中和,聯光通,17,11,6
 元大中和,大銀微系統,8,2,6
 元大中和,長華*,7,1,6
 元大中和,華晶科,6,0,6
 元大中和,元太,7,1,6
 元大中和,廣達,8,3,5
 元大中和,兆豐金,6,1,5
 元大中和,00706L期元大S＆P日圓正2,5,0,5
 元大中和,大眾控,6,1,5
 元大中和,建準,5,0,5
 元大中和,泰金寶-DR,8,3,5
 元大中和,華通,5,0,5
 元大中和,中纖,4,0,4
 元大中和,立敦,11,187,-176
 元大中和,群創,6,166,-160
 元大中和,00965元大航太防衛科技,0,94,-94
 元大中和,冠德,0,91,-91
 元大中和,國際中橡,2,80,-78
 元大中和,亞光,9,75,-66
 元大中和,00679B元大美債20年,6,70,-64
 元大中和,00929復華台灣科技優息,1,63,-62
 元大中和,華邦電,0,54,-54
 元大中和,廣積,0,46,-46
 元大中和,中華電,0,42,-42
 元大中和,00753L中信中國50正2,1,34,-33
 元大中和,神達,18,51,-33
 元大中和,陽明,14,46,-32
 元大中和,力積電,37,67,-30
 元大中和,旺宏,0,30,-30
 元大中和,00940元大台灣價值高息,0,30,-30
 元大中和,凱基金,0,28,-28
 元大中和,友達,21,46,-25
 元大中和,明基醫,0,25,-25
 元大中和,00719B元大美債1-3,5,30,-25
 元大中和,新盛力,48,72,-24
 元大中和,00941中信上游半導體,0,20,-20
 元大中和,東浦,0,20,-20
 元大中和,台新金,1,20,-19
 元大中和,全新,4,21,-17
 元大中和,00852L國泰美國道瓊正2,0,16,-16
 元大中和,聯詠,0,15,-15
 元大中和,006208富邦台50,4,17,-13
 元大中和,鴻海,8,20,-12
 元大中和,上福,0,12,-12
 元大中和,大同,3,14,-11
 元大中和,00693U期街口S＆P黃豆,0,11,-11
 元大中和,00881國泰台灣5G+,2,13,-11
 元大中和,前鼎,0,11,-11
 元大中和,國泰金,0,10,-10
 元大中和,揚智,0,10,-10
 元大中和,朋億*,0,10,-10
 元大中和,欣銓,4,13,-9
 元大中和,漢翔,0,9,-9
 元大中和,廣宇,2,11,-9
 元大中和,宏致,4,12,-8
 元大中和,華星光,15,23,-8
 元大中和,興能高,38,46,-8
 元大中和,龍德造船,0,8,-8
 元大中和,創惟,3,10,-7
 元大中和,00680L元大美債20正2,0,7,-7
 元大中和,00688L國泰20年美債正2,5,12,-7
 元大中和,寒舍,11,18,-7
 元大中和,京元電子,3,10,-7
凱基汐止,台康生技,318,0,318
凱基汐止,聯電,109,2,107
凱基汐止,00679B元大美債20年,71,5,66
凱基汐止,科妍,38,0,38
凱基汐止,00919群益台灣精選高息,41,8,33
凱基汐止,00725B國泰投資級公司債,30,0,30
凱基汐止,王道銀行,30,0,30
凱基汐止,南亞,26,0,26
凱基汐止,亞泰,26,1,25
凱基汐止,00637L元大滬深300正2,20,0,20
凱基汐止,00795B中信美國公債20年,20,0,20
凱基汐止,訊達,15,0,15
凱基汐止,臺企銀,13,0,13
凱基汐止,星宇航空,15,4,11
凱基汐止,建漢,11,0,11
凱基汐止,00753L中信中國50正2,20,10,10
凱基汐止,00664R國泰臺灣加權反1,10,0,10
凱基汐止,00632R元大台灣50反1,10,0,10
凱基汐止,和成,10,0,10
凱基汐止,超豐,10,0,10
凱基汐止,環宇-KY,21,12,9
凱基汐止,精成科,18,9,9
凱基汐止,00830國泰費城半導體,8,0,8
凱基汐止,元大高股息,7,0,7
凱基汐止,志聖,7,0,7
凱基汐止,金像電,6,0,6
凱基汐止,00751B元大AAA至A公司債,7,2,5
凱基汐止,中鋼,5,0,5
凱基汐止,宏��,5,0,5
凱基汐止,振發,5,0,5
凱基汐止,帆宣,5,0,5
凱基汐止,東典光電,5,0,5
凱基汐止,綠界科技*,5,0,5
凱基汐止,廣達,4,0,4
凱基汐止,正達,10,6,4
凱基汐止,達邁,11,7,4
凱基汐止,安集,4,0,4
凱基汐止,力智,4,0,4
凱基汐止,光菱,4,0,4
凱基汐止,陽明,6,2,4
凱基汐止,00905FT臺灣Smart,3,0,3
凱基汐止,00924復華S＆P500成長,4,1,3
凱基汐止,京元電子,4,1,3
凱基汐止,敦泰,3,0,3
凱基汐止,晟田,3,0,3
凱基汐止,健椿,3,0,3
凱基汐止,創惟,13,10,3
凱基汐止,新漢,5,2,3
凱基汐止,亞翔,4,1,3
凱基汐止,欣興,3,1,2
凱基汐止,00680L元大美債20正2,0,300,-300
凱基汐止,玉山金,0,76,-76
凱基汐止,00936台新永續高息中小,0,74,-74
凱基汐止,工信,9,82,-73
凱基汐止,岱宇,0,49,-49
凱基汐止,00980B台新特選IG債10+,0,42,-42
凱基汐止,上曜,0,26,-26
凱基汐止,00922國泰台灣領袖50,0,24,-24
凱基汐止,友達,0,24,-24
凱基汐止,00929復華台灣科技優息,0,24,-24
凱基汐止,宏致,20,37,-17
凱基汐止,力積電,4,21,-17
凱基汐止,瀚荃,0,17,-17
凱基汐止,00878國泰永續高股息,3,20,-17
凱基汐止,華航,1,15,-14
凱基汐止,凱基金,0,14,-14
凱基汐止,神達,82,96,-14
凱基汐止,台達電,3,16,-13
凱基汐止,鴻海,10,23,-13
凱基汐止,華星光,6,18,-12
凱基汐止,冠軍,0,12,-12
凱基汐止,佳能,3,14,-11
凱基汐止,台灣虎航,0,11,-11
凱基汐止,00965元大航太防衛科技,0,10,-10
凱基汐止,大洋,0,10,-10
凱基汐止,精剛,0,10,-10
凱基汐止,昆盈,0,10,-10
凱基汐止,菱生,0,10,-10
凱基汐止,台灣高鐵,0,10,-10
凱基汐止,合晶,0,10,-10
凱基汐止,宏達電,28,37,-9
凱基汐止,00673R期元大S＆P原油反1,1,10,-9
凱基汐止,00921兆豐龍頭等權重,0,9,-9
凱基汐止,00971野村美國研發龍頭,0,9,-9
凱基汐止,中石化,1,10,-9
凱基汐止,頎邦,0,9,-9
凱基汐止,嘉聯益,1,10,-9
凱基汐止,長榮鋼,0,8,-8
凱基汐止,南仁湖,0,8,-8
凱基汐止,廣運,0,8,-8
凱基汐止,台積電,0,7,-7
凱基汐止,廣宇,2,9,-7
凱基汐止,矽格,0,7,-7
凱基汐止,富邦金,2,9,-7
凱基汐止,中興電,3,9,-6
凱基汐止,佳世達,0,6,-6
凱基汐止,三商電,0,6,-6
凱基汐止,和碩,0,6,-6
凱基汐止,南茂,0,6,-6
凱基汐止,泰銘,0,6,-6
 元大竹山,聯電,104,9,95
 元大竹山,大同,91,16,75
 元大竹山,富邦金,52,3,49
 元大竹山,元大高股息,27,7,20
 元大竹山,00671R富邦NASDAQ反1,20,0,20
 元大竹山,00676R富邦臺灣加權反1,20,0,20
 元大竹山,00878國泰永續高股息,20,3,17
 元大竹山,00680L元大美債20正2,15,0,15
 元大竹山,岱宇,12,0,12
 元大竹山,臺企銀,15,3,12
 元大竹山,昇貿,14,2,12
 元大竹山,驊訊,13,2,11
 元大竹山,00919群益台灣精選高息,12,1,11
 元大竹山,加百裕,35,25,10
 元大竹山,00959B大華投等美債15Y+,10,0,10
 元大竹山,兆赫,10,0,10
 元大竹山,鄉林,10,0,10
 元大竹山,00632R元大台灣50反1,9,0,9
 元大竹山,英業達,15,6,9
 元大竹山,潤泰全,9,0,9
 元大竹山,00858永豐美國500大,8,0,8
 元大竹山,亞光,14,6,8
 元大竹山,前鼎,20,13,7
 元大竹山,中美晶,6,0,6
 元大竹山,宏��,6,0,6
 元大竹山,00712復華富時不動產,6,0,6
 元大竹山,眾達-KY,57,51,6
 元大竹山,久昌,6,0,6
 元大竹山,立��,6,0,6
 元大竹山,00637L元大滬深300正2,5,0,5
 元大竹山,中環,5,0,5
 元大竹山,錸德,5,0,5
 元大竹山,宏達電,56,51,5
 元大竹山,詮欣,5,0,5
 元大竹山,光隆,5,0,5
 元大竹山,裕融,4,0,4
 元大竹山,欣興,16,12,4
 元大竹山,恩德,4,0,4
 元大竹山,濱川,4,0,4
 元大竹山,億泰,4,0,4
 元大竹山,鑫科,5,1,4
 元大竹山,立積,4,0,4
 元大竹山,南仁湖,4,0,4
 元大竹山,力成,7,3,4
 元大竹山,事欣科,6,2,4
 元大竹山,立敦,14,11,3
 元大竹山,國泰金,3,0,3
 元大竹山,00937B群益ESG投等債20,5,2,3
 元大竹山,00725B國泰投資級公司債,3,0,3
 元大竹山,00673R期元大S＆P原油反1,3,0,3
 元大竹山,00965元大航太防衛科技,1,317,-316
 元大竹山,台泥,3,41,-38
 元大竹山,00882中信中國高股息,5,41,-36
 元大竹山,宏致,1,37,-36
 元大竹山,新盛力,77,108,-31
 元大竹山,力積電,21,48,-27
 元大竹山,台境*,0,25,-25
 元大竹山,環宇-KY,34,58,-24
 元大竹山,神達,85,107,-22
 元大竹山,東浦,0,16,-16
 元大竹山,00675L富邦臺灣加權正2,0,15,-15
 元大竹山,華航,2,17,-15
 元大竹山,凱基金,0,15,-15
 元大竹山,00940元大台灣價值高息,2,16,-14
 元大竹山,00929復華台灣科技優息,4,17,-13
 元大竹山,日月光投控,0,13,-13
 元大竹山,金寶,2,14,-12
 元大竹山,玉山金,3,15,-12
 元大竹山,00891中信關鍵半導體,0,11,-11
 元大竹山,00852L國泰美國道瓊正2,0,11,-11
 元大竹山,順達,13,24,-11
 元大竹山,中華電,0,10,-10
 元大竹山,崇越電,0,10,-10
 元大竹山,泰鼎-KY,0,10,-10
 元大竹山,台聚,0,9,-9
 元大竹山,漢翔,1,10,-9
 元大竹山,聯上,0,9,-9
 元大竹山,欣銓,30,38,-8
 元大竹山,00713元大台灣高息低波,2,10,-8
 元大竹山,迅得,1,9,-8
 元大竹山,興能高,75,83,-8
 元大竹山,波若威,17,25,-8
 元大竹山,台達電,1,8,-7
 元大竹山,星宇航空,0,7,-7
 元大竹山,大成鋼,3,10,-7
 元大竹山,友訊,3,10,-7
 元大竹山,漢平,0,7,-7
 元大竹山,神基,0,7,-7
 元大竹山,三一東林,0,7,-7
 元大竹山,大聯大,0,7,-7
 元大竹山,建暐,0,7,-7
 元大竹山,中石化,1,7,-6
 元大竹山,三晃,0,6,-6
 元大竹山,彰銀,0,6,-6
 元大竹山,御嵿,0,6,-6
 元大竹山,矽格,0,6,-6
 元大竹山,世紀鋼,0,6,-6
 元大竹山,創惟,2,8,-6
 元大竹山,鴻海,3,8,-5
 元大竹山,台積電,4,9,-5
 元大岡山,福邦證,140,100,40
 元大岡山,宏致,35,0,35
 元大岡山,00665L富邦�琤肭磪囓�2,18,5,13
 元大岡山,聯電,29,20,9
 元大岡山,00654R富邦印度反1,9,0,9
 元大岡山,皇昌,9,2,7
 元大岡山,奇偶,7,0,7
 元大岡山,00960野村全球航運龍頭,6,0,6
 元大岡山,岱宇,5,0,5
 元大岡山,00858永豐美國500大,4,0,4
 元大岡山,00878國泰永續高股息,4,0,4
 元大岡山,00632R元大台灣50反1,4,1,3
 元大岡山,富喬,3,0,3
 元大岡山,力積電,4,1,3
 元大岡山,00919群益台灣精選高息,3,0,3
 元大岡山,中鋼,2,0,2
 元大岡山,僑威,2,0,2
 元大岡山,創意,2,0,2
 元大岡山,達邁,2,0,2
 元大岡山,新復興,5,3,2
 元大岡山,昇陽半導體,2,0,2
 元大岡山,欣興,1,0,1
 元大岡山,緯創,1,0,1
 元大岡山,海悅,1,0,1
 元大岡山,宏��,1,0,1
 元大岡山,中石化,1,0,1
 元大岡山,00937B群益ESG投等債20,1,0,1
 元大岡山,00915凱基優選高股息30,1,0,1
 元大岡山,技嘉,1,0,1
 元大岡山,宏達電,16,15,1
 元大岡山,萬海,1,0,1
 元大岡山,台中銀,1,0,1
 元大岡山,耀登,1,0,1
 元大岡山,雙鴻,1,0,1
 元大岡山,時碩工業,1,0,1
 元大岡山,萬達光電,1,0,1
 元大岡山,廣運,1,0,1
 元大岡山,雷科,2,1,1
 元大岡山,雲豹能源,1,0,1
 元大岡山,南電,1,0,1
 元大岡山,合騏,3,2,1
 元大岡山,千附精密,1,0,1
 元大岡山,00687B國泰20年美債,1,0,1
 元大岡山,聯詠,0,0,0
 元大岡山,凱基金,0,0,0
 元大岡山,台新金,0,0,0
 元大岡山,00713元大台灣高息低波,0,0,0
 元大岡山,第一銅,0,0,0
 元大岡山,大銀微系統,0,0,0
 元大岡山,泓德能源,0,0,0
 元大岡山,南茂,0,37,-37
 元大岡山,00909國泰數位支付服務,1,35,-34
 元大岡山,立隆電,9,27,-18
 元大岡山,00675L富邦臺灣加權正2,0,15,-15
 元大岡山,泰金寶-DR,0,15,-15
 元大岡山,波若威,4,18,-14
 元大岡山,00929復華台灣科技優息,0,13,-13
 元大岡山,台塑,0,11,-11
 元大岡山,00905FT臺灣Smart,0,10,-10
 元大岡山,神達,8,15,-7
 元大岡山,陽明,0,7,-7
 元大岡山,00670L富邦NASDAQ正2,0,6,-6
 元大岡山,006208富邦台50,0,5,-5
 元大岡山,台達電,0,5,-5
 元大岡山,大同,1,6,-5
 元大岡山,00948B中信優息投資級債,0,5,-5
 元大岡山,新興,0,5,-5
 元大岡山,連展投控,0,5,-5
 元大岡山,00934中信成長高股息,0,4,-4
 元大岡山,欣銓,5,9,-4
 元大岡山,雷虎,0,4,-4
 元大岡山,中鴻,0,3,-3
 元大岡山,南亞科,0,3,-3
 元大岡山,順達,1,4,-3
 元大岡山,00631L元大台灣50正2,0,2,-2
 元大岡山,台亞,0,2,-2
 元大岡山,廣宇,0,2,-2
 元大岡山,00965元大航太防衛科技,0,2,-2
 元大岡山,00926凱基全球菁英55,0,2,-2
 元大岡山,銘旺科,0,2,-2
 元大岡山,太子,0,2,-2
 元大岡山,華南金,0,2,-2
 元大岡山,加捷生醫,0,2,-2
 元大岡山,IET-KY,0,2,-2
 元大岡山,興能高,4,6,-2
 元大岡山,鈺齊-KY,0,2,-2
 元大岡山,00933B國泰10Y+金融債,0,1,-1
 元大岡山,台光電,0,1,-1
 元大岡山,南亞,0,1,-1
 元大岡山,00910第一金太空衛星,0,1,-1
 元大岡山,堤維西,0,1,-1
 元大岡山,00757統一FANG+,0,1,-1
 元大岡山,佳能,0,1,-1
 元大岡山,漢翔,0,1,-1
 元大岡山,光環,0,1,-1
 元大岡山,英濟,0,1,-1
 元大岡山,聯鈞,1,2,-1
 元大岡山,事欣科,0,1,-1
 元大岡山,新盛力,1,2,-1
 元大岡山,華容,0,1,-1
 元富嘉義,台泥,105,0,105
 元富嘉義,00953B群益優選非投等債,98,0,98
 元富嘉義,聯電,113,30,83
 元富嘉義,00665L富邦�琤肭磪囓�2,63,2,61
 元富嘉義,國產,60,0,60
 元富嘉義,麗嬰房,50,1,49
 元富嘉義,00637L元大滬深300正2,48,2,46
 元富嘉義,三洋電,44,10,34
 元富嘉義,台航,21,0,21
 元富嘉義,宏��,26,5,21
 元富嘉義,00680L元大美債20正2,18,0,18
 元富嘉義,00918大華優利高填息30,18,1,17
 元富嘉義,御嵿,15,0,15
 元富嘉義,00671R富邦NASDAQ反1,14,0,14
 元富嘉義,圓剛,16,2,14
 元富嘉義,群創,15,2,13
 元富嘉義,00919群益台灣精選高息,23,10,13
 元富嘉義,00909國泰數位支付服務,14,1,13
 元富嘉義,東陽,13,0,13
 元富嘉義,凱基金,25,12,13
 元富嘉義,廣達,12,0,12
 元富嘉義,遠百,12,0,12
 元富嘉義,波若威,24,13,11
 元富嘉義,台新金,10,0,10
 元富嘉義,00642U期元大S＆P石油,10,0,10
 元富嘉義,聯陽,11,1,10
 元富嘉義,三一東林,20,10,10
 元富嘉義,東台,10,0,10
 元富嘉義,高端疫苗,10,0,10
 元富嘉義,耿鼎,9,0,9
 元富嘉義,元大高股息,19,10,9
 元富嘉義,欣興,8,1,7
 元富嘉義,立��,10,4,6
 元富嘉義,精材,7,1,6
 元富嘉義,材料-KY,6,0,6
 元富嘉義,00673R期元大S＆P原油反1,6,0,6
 元富嘉義,景碩,6,0,6
 元富嘉義,緯創,9,3,6
 元富嘉義,006208富邦台50,12,7,5
 元富嘉義,永豐金,5,0,5
 元富嘉義,揚智,6,1,5
 元富嘉義,永彰,5,0,5
 元富嘉義,亞通,5,0,5
 元富嘉義,康全電訊,6,1,5
 元富嘉義,艾訊,6,1,5
 元富嘉義,中鋼,16,12,4
 元富嘉義,環宇-KY,20,16,4
 元富嘉義,精誠,4,0,4
 元富嘉義,00763U期街口道瓊銅,4,0,4
 元富嘉義,00882中信中國高股息,4,0,4
 元富嘉義,00980B台新特選IG債10+,50,877,-827
 元富嘉義,萬海,2,71,-69
 元富嘉義,大量,0,50,-50
 元富嘉義,鴻準,0,42,-42
 元富嘉義,宏達電,53,85,-32
 元富嘉義,國泰金,0,31,-31
 元富嘉義,00701國泰股利精選30,0,30,-30
 元富嘉義,00951台新日本半導體,30,57,-27
 元富嘉義,00905FT臺灣Smart,0,25,-25
 元富嘉義,堤維西,1,25,-24
 元富嘉義,長榮航,65,88,-23
 元富嘉義,00959B大華投等美債15Y+,0,23,-23
 元富嘉義,亞翔,14,36,-22
 元富嘉義,00929復華台灣科技優息,0,22,-22
 元富嘉義,友達,1,22,-21
 元富嘉義,台南,82,102,-20
 元富嘉義,台中銀,0,20,-20
 元富嘉義,臺企銀,0,20,-20
 元富嘉義,南茂,6,26,-20
 元富嘉義,鴻海,7,27,-20
 元富嘉義,神達,70,88,-18
 元富嘉義,00631L元大台灣50正2,0,17,-17
 元富嘉義,00927群益半導體收益,0,16,-16
 元富嘉義,00941中信上游半導體,0,16,-16
 元富嘉義,晟銘電,1,17,-16
 元富嘉義,國喬,0,15,-15
 元富嘉義,台積電,3,17,-14
 元富嘉義,中纖,0,14,-14
 元富嘉義,中鴻,10,24,-14
 元富嘉義,龍德造船,5,17,-12
 元富嘉義,大同,3,15,-12
 元富嘉義,南亞,0,12,-12
 元富嘉義,台塑,4,15,-11
 元富嘉義,富喬,15,26,-11
 元富嘉義,宏致,5,16,-11
 元富嘉義,富邦金,2,13,-11
 元富嘉義,00878國泰永續高股息,11,21,-10
 元富嘉義,00903富邦元宇宙,0,10,-10
 元富嘉義,00898國泰基因免疫革命,0,10,-10
 元富嘉義,00735國泰臺韓科技,0,10,-10
 元富嘉義,台化,2,12,-10
 元富嘉義,新日興,3,13,-10
 元富嘉義,百德,0,10,-10
 元富嘉義,立衛,0,10,-10
 元富嘉義,聯嘉,0,10,-10
 元富嘉義,台灣虎航,2,12,-10
 元富嘉義,00850元大臺灣ESG永續,0,10,-10
 元富嘉義,00679B元大美債20年,0,10,-10
 元富嘉義,00712復華富時不動產,1,10,-9
 元富嘉義,00717富邦美國特別股,0,9,-9
台新中壢,00665L富邦�琤肭磪囓�2,360,0,360
台新中壢,00882中信中國高股息,126,0,126
台新中壢,00637L元大滬深300正2,109,0,109
台新中壢,聯電,76,15,61
台新中壢,00632R元大台灣50反1,60,0,60
台新中壢,00753L中信中國50正2,57,0,57
台新中壢,台航,39,1,38
台新中壢,亞航,30,0,30
台新中壢,元大高股息,49,23,26
台新中壢,台灣高鐵,26,0,26
台新中壢,00751B元大AAA至A公司債,21,0,21
台新中壢,00720B元大投資級公司債,20,0,20
台新中壢,大成鋼,21,1,20
台新中壢,中鋼,33,14,19
台新中壢,恆大,21,3,18
台新中壢,台泥,17,0,17
台新中壢,00941中信上游半導體,21,6,15
台新中壢,得力,15,0,15
台新中壢,00679B元大美債20年,16,2,14
台新中壢,緯創,40,26,14
台新中壢,00687B國泰20年美債,20,7,13
台新中壢,群創,17,5,12
台新中壢,達邁,98,86,12
台新中壢,廣達,12,0,12
台新中壢,伯特光,11,0,11
台新中壢,00927群益半導體收益,10,0,10
台新中壢,駿吉-KY,10,0,10
台新中壢,00688L國泰20年美債正2,10,0,10
台新中壢,前鼎,11,1,10
台新中壢,元山,10,0,10
台新中壢,牧東,10,0,10
台新中壢,愛普*,14,4,10
台新中壢,光洋科,10,0,10
台新中壢,太景*-KY,10,0,10
台新中壢,華邦電,13,3,10
台新中壢,雙鴻,14,4,10
台新中壢,00858永豐美國500大,9,0,9
台新中壢,陽明,16,8,8
台新中壢,富野,10,2,8
台新中壢,欣興,7,0,7
台新中壢,彩晶,7,0,7
台新中壢,泰金寶-DR,222,215,7
台新中壢,全球傳動,7,0,7
台新中壢,合晶,7,1,6
台新中壢,00680L元大美債20正2,6,0,6
台新中壢,亞泰,18,12,6
台新中壢,葡萄王,6,0,6
台新中壢,眾達-KY,27,21,6
台新中壢,虹冠電,5,0,5
台新中壢,加百裕,10,5,5
台新中壢,00712復華富時不動產,4,121,-117
台新中壢,神達,107,172,-65
台新中壢,00929復華台灣科技優息,0,58,-58
台新中壢,精成科,6,56,-50
台新中壢,00980B台新特選IG債10+,1,50,-49
台新中壢,華星光,29,71,-42
台新中壢,錸寶,0,36,-36
台新中壢,力積電,46,78,-32
台新中壢,中電,0,32,-32
台新中壢,006208富邦台50,4,35,-31
台新中壢,00948B中信優息投資級債,1,30,-29
台新中壢,00887永豐中國科技50大,0,28,-28
台新中壢,鴻海,10,38,-28
台新中壢,昆盈,3,27,-24
台新中壢,宏達電,103,125,-22
台新中壢,新日興,8,29,-21
台新中壢,新應材,1,22,-21
台新中壢,00715L期街口布蘭特正2,0,20,-20
台新中壢,00937B群益ESG投等債20,40,60,-20
台新中壢,建通,14,34,-20
台新中壢,百和興業-KY,0,20,-20
台新中壢,台塑,5,24,-19
台新中壢,天二科技,0,18,-18
台新中壢,成霖,3,20,-17
台新中壢,永彰,0,17,-17
台新中壢,華城,7,24,-17
台新中壢,華南金,0,16,-16
台新中壢,承啟,0,16,-16
台新中壢,新光金,0,14,-14
台新中壢,00877復華中國5G,0,14,-14
台新中壢,海華,2,16,-14
台新中壢,臺企銀,1,14,-13
台新中壢,奇鋐,4,16,-12
台新中壢,00950B凱基A級公司債,0,11,-11
台新中壢,00881國泰台灣5G+,3,14,-11
台新中壢,鴻準,1,11,-10
台新中壢,久正,0,10,-10
台新中壢,榮群,0,10,-10
台新中壢,明泰,0,10,-10
台新中壢,台聚,10,20,-10
台新中壢,聯傑,0,10,-10
台新中壢,00940元大台灣價值高息,2,12,-10
台新中壢,日月光投控,0,10,-10
台新中壢,啟��,4,14,-10
台新中壢,矽統,0,9,-9
台新中壢,凱基金,0,9,-9
台新中壢,維田,0,9,-9
台新中壢,00878國泰永續高股息,46,55,-9
台新中壢,元大金,2,10,-8
台新中壢,立敦,19,27,-8
凱基東港,群創,301,11,290
凱基東港,雷科,103,3,100
凱基東港,品安,100,0,100
凱基東港,聯電,67,6,61
凱基東港,聯光通,53,1,52
凱基東港,普安,47,1,46
凱基東港,長榮航,58,23,35
凱基東港,南亞科,32,0,32
凱基東港,中鋼,26,3,23
凱基東港,遠百,20,0,20
凱基東港,神達,47,28,19
凱基東港,台灣虎航,22,4,18
凱基東港,00922國泰台灣領袖50,15,2,13
凱基東港,中光電,13,0,13
凱基東港,順達,12,0,12
凱基東港,旺宏,11,0,11
凱基東港,國統,10,0,10
凱基東港,00937B群益ESG投等債20,10,0,10
凱基東港,冠軍,10,0,10
凱基東港,立端,10,0,10
凱基東港,大成鋼,9,0,9
凱基東港,緯創,13,4,9
凱基東港,宏泰,8,0,8
凱基東港,合庫金,7,0,7
凱基東港,萬海,7,0,7
凱基東港,佰鴻,7,0,7
凱基東港,淳紳,7,0,7
凱基東港,永崴投控,10,4,6
凱基東港,00679B元大美債20年,7,1,6
凱基東港,環泥,6,0,6
凱基東港,華邦電,6,0,6
凱基東港,欣技,6,0,6
凱基東港,興能高,51,46,5
凱基東港,00931B統一美債20年,5,0,5
凱基東港,國票金,5,0,5
凱基東港,揚明光,6,1,5
凱基東港,006208富邦台50,5,0,5
凱基東港,富邦金,7,3,4
凱基東港,00762元大全球AI,4,0,4
凱基東港,00910第一金太空衛星,4,0,4
凱基東港,00852L國泰美國道瓊正2,4,0,4
凱基東港,訊達,4,0,4
凱基東港,蜜望實,4,0,4
凱基東港,欣興,5,2,3
凱基東港,海華,9,6,3
凱基東港,華通,3,0,3
凱基東港,00953B群益優選非投等債,3,0,3
凱基東港,00830國泰費城半導體,3,0,3
凱基東港,華新,3,0,3
凱基東港,佳能,4,1,3
凱基東港,國喬,0,150,-150
凱基東港,00980B台新特選IG債10+,0,89,-89
凱基東港,合一,11,96,-85
凱基東港,和大,0,80,-80
凱基東港,欣厚-KY,0,32,-32
凱基東港,00929復華台灣科技優息,2,24,-22
凱基東港,商丞,0,20,-20
凱基東港,立隆電,19,37,-18
凱基東港,00877復華中國5G,0,15,-15
凱基東港,華航,0,15,-15
凱基東港,力積電,32,46,-14
凱基東港,新光金,0,13,-13
凱基東港,00878國泰永續高股息,3,16,-13
凱基東港,華南金,0,12,-12
凱基東港,北基,0,12,-12
凱基東港,中信金,4,15,-11
凱基東港,00675L富邦臺灣加權正2,2,13,-11
凱基東港,鴻海,8,18,-10
凱基東港,00753L中信中國50正2,0,10,-10
凱基東港,友訊,0,10,-10
凱基東港,宏達電,32,42,-10
凱基東港,榮創,0,10,-10
凱基東港,00926凱基全球菁英55,0,10,-10
凱基東港,宏致,0,9,-9
凱基東港,雷虎,5,14,-9
凱基東港,00965元大航太防衛科技,0,8,-8
凱基東港,華夏,0,8,-8
凱基東港,台玻,0,8,-8
凱基東港,鴻準,0,8,-8
凱基東港,正崴,0,8,-8
凱基東港,台達電,0,7,-7
凱基東港,英業達,4,11,-7
凱基東港,澤米,14,20,-6
凱基東港,華東,0,6,-6
凱基東港,國泰金,0,6,-6
凱基東港,彬台,0,5,-5
凱基東港,南亞,0,5,-5
凱基東港,燿華,0,5,-5
凱基東港,建通,0,5,-5
凱基東港,啟��,3,8,-5
凱基東港,北極星藥業-KY,0,5,-5
凱基東港,億豐,0,5,-5
凱基東港,奇鋐,3,8,-5
凱基東港,00936台新永續高息中小,0,4,-4
凱基東港,台揚,0,4,-4
凱基東港,景碩,1,5,-4
凱基東港,英濟,6,10,-4
凱基東港,聯穎,0,4,-4
凱基東港,光頡,0,4,-4
凱基東港,大銀微系統,4,8,-4
第一台中,南茂,134,0,134
第一台中,聯電,136,14,122
第一台中,00637L元大滬深300正2,84,0,84
第一台中,三商壽,84,0,84
第一台中,00937B群益ESG投等債20,50,3,47
第一台中,順達,57,12,45
第一台中,燿華,40,0,40
第一台中,00953B群益優選非投等債,27,0,27
第一台中,IKKA-KY,23,2,21
第一台中,聯光通,25,5,20
第一台中,元大高股息,33,14,19
第一台中,力積電,29,10,19
第一台中,藥華藥,17,0,17
第一台中,兆勁,15,0,15
第一台中,欣興,14,0,14
第一台中,惠特,19,5,14
第一台中,00919群益台灣精選高息,14,1,13
第一台中,中興電,11,0,11
第一台中,綠界科技*,10,0,10
第一台中,邑錡,10,0,10
第一台中,00679B元大美債20年,10,0,10
第一台中,006208富邦台50,12,2,10
第一台中,立��,13,4,9
第一台中,陽明,17,8,9
第一台中,中鋼,10,2,8
第一台中,遠東銀,8,0,8
第一台中,00713元大台灣高息低波,8,0,8
第一台中,華星光,49,42,7
第一台中,臺企銀,7,0,7
第一台中,欣陸,7,0,7
第一台中,昇達科,21,14,7
第一台中,緯創,12,5,7
第一台中,00633L富邦上証正2,6,0,6
第一台中,台泥,6,0,6
第一台中,台塑,6,0,6
第一台中,普安,6,0,6
第一台中,宏致,25,19,6
第一台中,安集,6,0,6
第一台中,英業達,5,0,5
第一台中,京元電子,6,1,5
第一台中,瓦城,5,0,5
第一台中,沛爾生醫-創,5,0,5
第一台中,達運光電,5,0,5
第一台中,00670L富邦NASDAQ正2,8,4,4
第一台中,廣明,4,0,4
第一台中,景碩,4,0,4
第一台中,永信,4,0,4
第一台中,通泰,4,0,4
第一台中,訊芯-KY,9,5,4
第一台中,聯寶,4,0,4
第一台中,00680L元大美債20正2,0,90,-90
第一台中,00715L期街口布蘭特正2,0,56,-56
第一台中,00945B凱基美國非投等債,0,50,-50
第一台中,00929復華台灣科技優息,0,41,-41
第一台中,宏達電,80,110,-30
第一台中,遠雄港,4,32,-28
第一台中,中石化,0,25,-25
第一台中,興能高,40,62,-22
第一台中,新光金,1,22,-21
第一台中,中信金,1,22,-21
第一台中,國泰金,0,20,-20
第一台中,立積,0,20,-20
第一台中,聖暉*,2,22,-20
第一台中,宸曜,0,20,-20
第一台中,啟��,1,20,-19
第一台中,所羅門,2,17,-15
第一台中,00733富邦臺灣中小,0,15,-15
第一台中,和椿,3,17,-14
第一台中,00924復華S＆P500成長,0,13,-13
第一台中,亞翔,4,17,-13
第一台中,創惟,14,26,-12
第一台中,聯鈞,23,35,-12
第一台中,日月光投控,2,13,-11
第一台中,環宇-KY,19,30,-11
第一台中,元大台灣50,3,13,-10
第一台中,00913兆豐台灣晶圓製造,0,10,-10
第一台中,興勤,0,10,-10
第一台中,迅得,9,19,-10
第一台中,金麗科,0,9,-9
第一台中,達興材料,1,10,-9
第一台中,先進光,7,16,-9
第一台中,定穎投控,0,9,-9
第一台中,00918大華優利高填息30,12,20,-8
第一台中,柏文,0,8,-8
第一台中,鴻準,1,8,-7
第一台中,僑威,4,11,-7
第一台中,00951台新日本半導體,0,7,-7
第一台中,華南金,0,7,-7
第一台中,擎亞,1,8,-7
第一台中,神達,32,39,-7
第一台中,貿聯-KY,11,17,-6
第一台中,耿鼎,0,6,-6
第一台中,正崴,0,6,-6
第一台中,連展投控,0,6,-6
第一台中,達運,0,6,-6
第一台中,合晶,0,6,-6
第一台中,巨有科技,0,6,-6
第一台中,長榮航,14,19,-5
第一台中,東元,2,7,-5
第一台中,三晃,0,5,-5
群益高盛,00686R群益臺灣加權反1,100,0,100
群益高盛,聯電,103,6,97
群益高盛,友達,110,20,90
群益高盛,新光金,100,15,85
群益高盛,00919群益台灣精選高息,51,1,50
群益高盛,台塑,47,1,46
群益高盛,晉泰,44,0,44
群益高盛,岱稜,25,0,25
群益高盛,00882中信中國高股息,21,0,21
群益高盛,00907永豐優息存股,16,0,16
群益高盛,統一證,15,0,15
群益高盛,新興,16,2,14
群益高盛,00637L元大滬深300正2,345,333,12
群益高盛,00858永豐美國500大,12,0,12
群益高盛,00971野村美國研發龍頭,12,0,12
群益高盛,微星,22,10,12
群益高盛,立敦,32,21,11
群益高盛,00669R國泰美國道瓊反1,10,0,10
群益高盛,00665L富邦�琤肭磪囓�2,10,0,10
群益高盛,00933B國泰10Y+金融債,10,0,10
群益高盛,新唐,11,1,10
群益高盛,鈺齊-KY,12,2,10
群益高盛,長榮,11,2,9
群益高盛,00632R元大台灣50反1,9,0,9
群益高盛,大成鋼,10,1,9
群益高盛,連展投控,11,3,8
群益高盛,興能高,173,165,8
群益高盛,陽明,19,11,8
群益高盛,00878國泰永續高股息,9,2,7
群益高盛,長科*,7,0,7
群益高盛,康那香,7,0,7
群益高盛,泰金寶-DR,21,15,6
群益高盛,006208富邦台50,9,3,6
群益高盛,緯創,7,2,5
群益高盛,金穎生技,5,0,5
群益高盛,燿華,5,0,5
群益高盛,映泰,5,0,5
群益高盛,農林,5,0,5
群益高盛,先進光,5,0,5
群益高盛,采鈺,5,0,5
群益高盛,東生華,5,0,5
群益高盛,眾達-KY,44,39,5
群益高盛,廣達,6,2,4
群益高盛,力成,4,0,4
群益高盛,大同,6,2,4
群益高盛,00951台新日本半導體,5,1,4
群益高盛,濱川,9,5,4
群益高盛,英濟,30,26,4
群益高盛,時碩工業,4,0,4
群益高盛,聯光通,4,0,4
群益高盛,00680L元大美債20正2,0,90,-90
群益高盛,00929復華台灣科技優息,0,64,-64
群益高盛,世豐,0,60,-60
群益高盛,00980B台新特選IG債10+,3,61,-58
群益高盛,宏致,38,96,-58
群益高盛,00930永豐ESG低碳高息,0,40,-40
群益高盛,飛捷,0,35,-35
群益高盛,00909國泰數位支付服務,0,33,-33
群益高盛,光寶科,0,31,-31
群益高盛,欣銓,13,43,-30
群益高盛,力積電,24,51,-27
群益高盛,虹堡,0,25,-25
群益高盛,元太,0,25,-25
群益高盛,00905FT臺灣Smart,0,21,-21
群益高盛,00940元大台灣價值高息,0,21,-21
群益高盛,南亞,0,20,-20
群益高盛,00915凱基優選高股息30,1,20,-19
群益高盛,00673R期元大S＆P原油反1,3,20,-17
群益高盛,00934中信成長高股息,0,17,-17
群益高盛,台積電,2,18,-16
群益高盛,中鋼,17,31,-14
群益高盛,三商壽,0,13,-13
群益高盛,立��,9,21,-12
群益高盛,昆盈,12,23,-11
群益高盛,僑威,21,32,-11
群益高盛,仁寶,0,10,-10
群益高盛,神達,38,48,-10
群益高盛,驊訊,5,15,-10
群益高盛,中聯資源,0,10,-10
群益高盛,達興材料,3,12,-9
群益高盛,華南金,0,9,-9
群益高盛,00675L富邦臺灣加權正2,4,13,-9
群益高盛,佳能,3,12,-9
群益高盛,世禾,2,11,-9
群益高盛,弘凱,4,13,-9
群益高盛,日月光投控,6,14,-8
群益高盛,海華,4,12,-8
群益高盛,華晶科,3,11,-8
群益高盛,00922國泰台灣領袖50,0,8,-8
群益高盛,富邦金,1,9,-8
群益高盛,寒舍,0,7,-7
群益高盛,營邦,2,9,-7
群益高盛,譜瑞-KY,0,7,-7
群益高盛,成霖,0,7,-7
群益高盛,英業達,4,11,-7
群益高盛,長榮航,0,7,-7
群益高盛,立積,0,6,-6
群益高盛,中華電,0,6,-6
群益高盛,智邦,2,8,-6
群益高盛,元大高股息,6,11,-5
富邦木柵,00676R富邦臺灣加權反1,400,0,400
富邦木柵,所羅門,240,17,223
富邦木柵,宏達電,330,129,201
富邦木柵,上銀,181,1,180
富邦木柵,聯電,173,65,108
富邦木柵,友訊,105,0,105
富邦木柵,雷虎,110,12,98
富邦木柵,00687B國泰20年美債,101,5,96
富邦木柵,冠軍,77,0,77
富邦木柵,元大高股息,73,3,70
富邦木柵,00882中信中國高股息,61,0,61
富邦木柵,裕隆,54,15,39
富邦木柵,00679B元大美債20年,29,0,29
富邦木柵,眾達-KY,36,11,25
富邦木柵,鴻華先進-創,22,0,22
富邦木柵,偉全,20,0,20
富邦木柵,聿新科,20,0,20
富邦木柵,千興,20,0,20
富邦木柵,昇陽半導體,30,11,19
富邦木柵,欣興,20,3,17
富邦木柵,AES-KY,18,1,17
富邦木柵,凌巨,18,2,16
富邦木柵,緯創,36,23,13
富邦木柵,晟銘電,25,12,13
富邦木柵,00720B元大投資級公司債,12,0,12
富邦木柵,南茂,16,4,12
富邦木柵,聚隆,12,0,12
富邦木柵,廣達,18,7,11
富邦木柵,00858永豐美國500大,11,0,11
富邦木柵,台灣精銳,12,1,11
富邦木柵,英業達,11,0,11
富邦木柵,00909國泰數位支付服務,11,0,11
富邦木柵,創惟,10,0,10
富邦木柵,00633L富邦上証正2,10,0,10
富邦木柵,晟鈦,10,0,10
富邦木柵,東陽,35,25,10
富邦木柵,00937B群益ESG投等債20,13,3,10
富邦木柵,臺企銀,13,3,10
富邦木柵,昇貿,10,0,10
富邦木柵,邦泰,10,0,10
富邦木柵,00632R元大台灣50反1,10,0,10
富邦木柵,00915凱基優選高股息30,12,2,10
富邦木柵,台塑,10,0,10
富邦木柵,健鼎,9,0,9
富邦木柵,00918大華優利高填息30,10,1,9
富邦木柵,技嘉,9,1,8
富邦木柵,國喬,8,0,8
富邦木柵,和椿,34,26,8
富邦木柵,台郡,8,0,8
富邦木柵,00900富邦特選高股息30,10,3,7
富邦木柵,00980B台新特選IG債10+,0,158,-158
富邦木柵,凱基金,2,105,-103
富邦木柵,金寶,37,136,-99
富邦木柵,00877復華中國5G,0,56,-56
富邦木柵,00887永豐中國科技50大,0,55,-55
富邦木柵,00941中信上游半導體,0,50,-50
富邦木柵,立隆電,3,48,-45
富邦木柵,00891中信關鍵半導體,0,42,-42
富邦木柵,00929復華台灣科技優息,1,41,-40
富邦木柵,泰金寶-DR,50,87,-37
富邦木柵,台玻,0,33,-33
富邦木柵,圓剛,0,31,-31
富邦木柵,新鉅科,0,28,-28
富邦木柵,宏致,21,45,-24
富邦木柵,鑽石投資,0,22,-22
富邦木柵,華星光,62,84,-22
富邦木柵,00940元大台灣價值高息,0,20,-20
富邦木柵,錦明,0,20,-20
富邦木柵,精材,7,26,-19
富邦木柵,新光金,1,19,-18
富邦木柵,富野,0,16,-16
富邦木柵,久昌,4,20,-16
富邦木柵,華南金,0,15,-15
富邦木柵,00642U期元大S＆P石油,0,15,-15
富邦木柵,00954中信日本半導體,0,15,-15
富邦木柵,乙盛-KY,0,15,-15
富邦木柵,00885富邦越南,0,15,-15
富邦木柵,力積電,18,32,-14
富邦木柵,聯鈞,49,63,-14
富邦木柵,富邦金,1,14,-13
富邦木柵,玉山金,3,16,-13
富邦木柵,精測,0,13,-13
富邦木柵,元大台灣50,1,13,-12
富邦木柵,光寶科,0,12,-12
富邦木柵,波若威,29,41,-12
富邦木柵,世芯-KY,1,13,-12
富邦木柵,00939統一台灣高息動能,0,11,-11
富邦木柵,00947台新臺灣IC設計,0,11,-11
富邦木柵,連展投控,4,15,-11
富邦木柵,長榮航,2,13,-11
富邦木柵,00905FT臺灣Smart,1,12,-11
富邦木柵,中華,0,10,-10
富邦木柵,宇隆,0,10,-10
富邦木柵,國泰金,2,12,-10
富邦木柵,00637L元大滬深300正2,3,13,-10
富邦木柵,耿鼎,6,16,-10
富邦木柵,捷敏-KY,0,10,-10
富邦木柵,澤米,10,20,-10
富邦木柵,00935野村臺灣新科技50,0,9,-9
富邦木柵,大同,14,23,-9
 元大中壢,聯電,353,69,284
 元大中壢,00953B群益優選非投等債,238,12,226
 元大中壢,00637L元大滬深300正2,277,53,224
 元大中壢,精成科,232,38,194
 元大中壢,00632R元大台灣50反1,200,9,191
 元大中壢,00937B群益ESG投等債20,206,23,183
 元大中壢,廣運,127,12,115
 元大中壢,00753L中信中國50正2,128,27,101
 元大中壢,00882中信中國高股息,96,0,96
 元大中壢,永豐金,94,6,88
 元大中壢,宏達電,405,328,77
 元大中壢,00680L元大美債20正2,104,34,70
 元大中壢,中鋼,100,36,64
 元大中壢,00878國泰永續高股息,101,41,60
 元大中壢,凱基金,111,55,56
 元大中壢,00891中信關鍵半導體,65,10,55
 元大中壢,00919群益台灣精選高息,166,114,52
 元大中壢,00971野村美國研發龍頭,44,0,44
 元大中壢,光環,59,17,42
 元大中壢,大同,146,106,40
 元大中壢,大成鋼,69,30,39
 元大中壢,金寶,47,9,38
 元大中壢,緯創,123,89,34
 元大中壢,宏��,34,2,32
 元大中壢,欣興,50,18,32
 元大中壢,00881國泰台灣5G+,35,6,29
 元大中壢,00858永豐美國500大,38,11,27
 元大中壢,00633L富邦上証正2,27,0,27
 元大中壢,00687B國泰20年美債,31,6,25
 元大中壢,00960野村全球航運龍頭,31,7,24
 元大中壢,00688L國泰20年美債正2,30,8,22
 元大中壢,光寶科,30,9,21
 元大中壢,00764B群益25年美債,20,0,20
 元大中壢,00665L富邦�琤肭磪囓�2,29,9,20
 元大中壢,00676R富邦臺灣加權反1,20,0,20
 元大中壢,華泰,20,0,20
 元大中壢,英業達,154,135,19
 元大中壢,創惟,38,19,19
 元大中壢,眾達-KY,76,58,18
 元大中壢,富華新,18,0,18
 元大中壢,00830國泰費城半導體,22,4,18
 元大中壢,僑威,146,130,16
 元大中壢,豪勉,15,0,15
 元大中壢,泰金寶-DR,71,56,15
 元大中壢,雷虎,60,46,14
 元大中壢,合庫金,15,1,14
 元大中壢,彰銀,14,1,13
 元大中壢,00719B元大美債1-3,14,1,13
 元大中壢,皇翔,13,0,13
 元大中壢,國泰金,27,14,13
 元大中壢,00940元大台灣價值高息,93,737,-644
 元大中壢,00673R期元大S＆P原油反1,0,462,-462
 元大中壢,00929復華台灣科技優息,9,314,-305
 元大中壢,中信金,5,264,-259
 元大中壢,00651R復華香港反1,0,141,-141
 元大中壢,欣銓,99,239,-140
 元大中壢,興能高,346,464,-118
 元大中壢,達邁,82,179,-97
 元大中壢,華航,2,98,-96
 元大中壢,頎邦,0,87,-87
 元大中壢,臺企銀,0,76,-76
 元大中壢,元大台灣50,9,84,-75
 元大中壢,00939統一台灣高息動能,0,72,-72
 元大中壢,00909國泰數位支付服務,4,75,-71
 元大中壢,00712復華富時不動產,19,80,-61
 元大中壢,神達,1036,1092,-56
 元大中壢,00965元大航太防衛科技,102,157,-55
 元大中壢,00642U期元大S＆P石油,0,54,-54
 元大中壢,良維,2,52,-50
 元大中壢,誠美材,0,50,-50
 元大中壢,群創,13,56,-43
 元大中壢,00650L復華香港正2,3,45,-42
 元大中壢,力積電,104,144,-40
 元大中壢,國碩,0,40,-40
 元大中壢,三商壽,10,50,-40
 元大中壢,00708L期元大S＆P黃金正2,0,40,-40
 元大中壢,元大高股息,76,111,-35
 元大中壢,鴻海,34,64,-30
 元大中壢,台塑,52,80,-28
 元大中壢,臻鼎-KY,1,29,-28
 元大中壢,00893國泰智能電動車,1,28,-27
 元大中壢,00941中信上游半導體,0,27,-27
 元大中壢,00968B元大優息投等債,10,36,-26
 元大中壢,日月光投控,0,25,-25
 元大中壢,00954中信日本半導體,0,25,-25
 元大中壢,大亞,3,27,-24
 元大中壢,00923群益台ESG低碳50,0,24,-24
 元大中壢,00927群益半導體收益,2,26,-24
 元大中壢,建達,1,24,-23
 元大中壢,友達,13,36,-23
 元大中壢,兆赫,0,21,-21
 元大中壢,西勝,3,24,-21
 元大中壢,006208富邦台50,23,43,-20
 元大中壢,00757統一FANG+,5,24,-19
 元大中壢,華南金,1,21,-20
 元大中壢,宏致,147,166,-19
 元大中壢,新光金,7,26,-19
 元大中壢,中鴻,3,22,-19
 元大中壢,加捷生醫,4,23,-19
 元大中壢,00905FT臺灣Smart,1,20,-19
港商法國興業,群創,594,12,582
港商法國興業,台化,420,0,420
港商法國興業,華邦電,409,0,409
港商法國興業,立隆電,394,0,394
港商法國興業,上海商銀,300,4,296
港商法國興業,南茂,292,0,292
港商法國興業,富喬,278,0,278
港商法國興業,新建,273,0,273
港商法國興業,台積電,300,34,266
港商法國興業,台新金,257,6,251
港商法國興業,台塑,236,0,236
港商法國興業,星宇航空,229,0,229
港商法國興業,啟��,201,0,201
港商法國興業,鈺齊-KY,197,0,197
港商法國興業,聯詠,198,23,175
港商法國興業,上銀,170,0,170
港商法國興業,第一金,168,7,161
港商法國興業,宏致,157,0,157
港商法國興業,零壹,138,0,138
港商法國興業,聯鈞,132,0,132
港商法國興業,致茂,131,0,131
港商法國興業,精成科,120,0,120
港商法國興業,凱基金,129,10,119
港商法國興業,光寶科,114,4,110
港商法國興業,南亞,109,0,109
港商法國興業,玉山金,116,13,103
港商法國興業,頎邦,102,0,102
港商法國興業,新光金,118,17,101
港商法國興業,百和,99,0,99
港商法國興業,中華,96,0,96
港商法國興業,創惟,91,0,91
港商法國興業,中鋼,95,14,81
港商法國興業,富采,78,0,78
港商法國興業,亞光,71,0,71
港商法國興業,耿鼎,70,0,70
港商法國興業,中美晶,70,0,70
港商法國興業,永道-KY,64,0,64
港商法國興業,華南金,71,10,61
港商法國興業,信錦,60,0,60
港商法國興業,艾訊,58,0,58
港商法國興業,臺企銀,55,0,55
港商法國興業,中環,53,0,53
港商法國興業,友達,52,0,52
港商法國興業,揚智,51,0,51
港商法國興業,旺宏,81,31,50
港商法國興業,長華*,50,0,50
港商法國興業,ITH-KY,49,0,49
港商法國興業,聯電,91,43,48
港商法國興業,世芯-KY,48,0,48
港商法國興業,聖暉*,48,0,48
港商法國興業,神達,0,1720,-1720
港商法國興業,鴻海,100,896,-796
港商法國興業,合庫金,86,724,-638
港商法國興業,兆豐金,96,558,-462
港商法國興業,金寶,0,339,-339
港商法國興業,元大金,91,412,-321
港商法國興業,中信金,144,409,-265
港商法國興業,華新,22,212,-190
港商法國興業,力積電,0,135,-135
港商法國興業,立敦,0,132,-132
港商法國興業,富邦金,66,181,-115
港商法國興業,南亞科,10,100,-90
港商法國興業,永豐金,87,173,-86
港商法國興業,榮運,0,76,-76
港商法國興業,美時,0,75,-75
港商法國興業,冠德,0,74,-74
港商法國興業,中工,0,70,-70
港商法國興業,億泰,0,61,-61
港商法國興業,東鹼,0,60,-60
港商法國興業,富鼎,0,54,-54
港商法國興業,神準,6,59,-53
港商法國興業,志超,0,48,-48
港商法國興業,皇翔,0,43,-43
港商法國興業,光聯,0,42,-42
港商法國興業,鑽全,0,40,-40
港商法國興業,宣德,0,35,-35
港商法國興業,隆大,0,33,-33
港商法國興業,亞泥,18,49,-31
港商法國興業,精誠,0,26,-26
港商法國興業,高林股,0,25,-25
港商法國興業,國泰金,77,102,-25
港商法國興業,創意,0,24,-24
港商法國興業,台灣大,14,37,-23
港商法國興業,櫻花,0,23,-23
港商法國興業,茂矽,0,21,-21
港商法國興業,首利,0,20,-20
港商法國興業,昇達科,0,20,-20
港商法國興業,第一銅,0,19,-19
港商法國興業,國碩,0,19,-19
港商法國興業,伯特光,0,18,-18
港商法國興業,貿聯-KY,0,17,-17
港商法國興業,華碩,6,22,-16
港商法國興業,華建,0,15,-15
港商法國興業,聯上,0,15,-15
港商法國興業,2882B國泰金乙特,0,14,-14
港商法國興業,采鈺,3,17,-14
港商法國興業,元太,6,20,-14
港商法國興業,振樺電,0,14,-14
港商法國興業,宏達電,0,13,-13
港商法國興業,臺慶科,0,13,-13
 元大新營,聯電,93,5,88
 元大新營,國產,74,0,74
 元大新營,00632R元大台灣50反1,104,43,61
 元大新營,00882中信中國高股息,47,0,47
 元大新營,承業醫,45,0,45
 元大新營,00753L中信中國50正2,53,10,43
 元大新營,00715L期街口布蘭特正2,40,1,39
 元大新營,元大高股息,45,10,35
 元大新營,00633L富邦上証正2,28,0,28
 元大新營,華邦電,22,0,22
 元大新營,00706L期元大S＆P日圓正2,20,0,20
 元大新營,國碩,20,0,20
 元大新營,五福,19,0,19
 元大新營,金寶,19,5,14
 元大新營,00919群益台灣精選高息,15,2,13
 元大新營,科妍,12,0,12
 元大新營,光鋐,12,0,12
 元大新營,永豐金,11,0,11
 元大新營,尚凡*,10,0,10
 元大新營,聚和,10,0,10
 元大新營,00637L元大滬深300正2,20,10,10
 元大新營,波若威,15,6,9
 元大新營,岱稜,9,0,9
 元大新營,興能高,136,127,9
 元大新營,技嘉,8,0,8
 元大新營,三商電,7,0,7
 元大新營,山富,7,0,7
 元大新營,合勤控,7,0,7
 元大新營,宏齊,7,0,7
 元大新營,立敦,10,3,7
 元大新營,00937B群益ESG投等債20,7,0,7
 元大新營,00881國泰台灣5G+,6,0,6
 元大新營,00693U期街口S＆P黃豆,6,0,6
 元大新營,僑威,8,2,6
 元大新營,00900富邦特選高股息30,5,0,5
 元大新營,欣興,6,1,5
 元大新營,00688L國泰20年美債正2,5,0,5
 元大新營,恆大,5,0,5
 元大新營,得力,5,0,5
 元大新營,川寶,5,0,5
 元大新營,錸德,5,0,5
 元大新營,聯合再生,5,0,5
 元大新營,松上,5,0,5
 元大新營,南茂,5,0,5
 元大新營,緯創,18,13,5
 元大新營,晶彩科,4,0,4
 元大新營,海華,4,0,4
 元大新營,磐亞,4,0,4
 元大新營,眾達-KY,6,2,4
 元大新營,茂迪,4,0,4
 元大新營,凱基金,0,350,-350
 元大新營,00665L富邦�琤肭磪囓�2,0,265,-265
 元大新營,00650L復華香港正2,0,165,-165
 元大新營,00680L元大美債20正2,10,130,-120
 元大新營,國泰金,1,85,-84
 元大新營,力積電,30,69,-39
 元大新營,中信金,17,47,-30
 元大新營,00965元大航太防衛科技,0,30,-30
 元大新營,陽明,16,45,-29
 元大新營,友達,2,31,-29
 元大新營,華航,4,32,-28
 元大新營,昇陽,2,30,-28
 元大新營,昆盈,4,31,-27
 元大新營,台航,0,27,-27
 元大新營,正新,0,22,-22
 元大新營,長榮,0,21,-21
 元大新營,富喬,16,36,-20
 元大新營,00675L富邦臺灣加權正2,2,21,-19
 元大新營,00940元大台灣價值高息,3,19,-16
 元大新營,中航,0,16,-16
 元大新營,神達,67,81,-14
 元大新營,00687B國泰20年美債,1,15,-14
 元大新營,新建,0,13,-13
 元大新營,加百裕,13,26,-13
 元大新營,長科*,0,13,-13
 元大新營,北基,0,12,-12
 元大新營,群創,0,12,-12
 元大新營,瑞基,0,11,-11
 元大新營,台灣虎航,1,12,-11
 元大新營,華南金,0,10,-10
 元大新營,00905FT臺灣Smart,0,10,-10
 元大新營,00923群益台ESG低碳50,0,10,-10
 元大新營,三晃,0,10,-10
 元大新營,立隆電,14,24,-10
 元大新營,中工,0,10,-10
 元大新營,美食-KY,0,10,-10
 元大新營,茂訊,0,10,-10
 元大新營,宏致,8,18,-10
 元大新營,太極,0,10,-10
 元大新營,南仁湖,0,10,-10
 元大新營,創惟,1,11,-10
 元大新營,欣銓,1,10,-9
 元大新營,00954中信日本半導體,0,9,-9
 元大新營,中鋼,16,25,-9
 元大新營,00939統一台灣高息動能,0,8,-8
 元大新營,連展投控,0,8,-8
 元大新營,擎亞,18,26,-8
 元大新營,新盛力,24,32,-8
 元大新營,光寶科,0,7,-7
 元大新營,00924復華S＆P500成長,0,7,-7
兆豐虎尾,聯電,71,15,56
兆豐虎尾,00878國泰永續高股息,24,2,22
兆豐虎尾,力成,19,0,19
兆豐虎尾,00919群益台灣精選高息,20,6,14
兆豐虎尾,中鋼,10,0,10
兆豐虎尾,訊達,6,0,6
兆豐虎尾,00688L國泰20年美債正2,5,0,5
兆豐虎尾,元大高股息,11,6,5
兆豐虎尾,台灣高鐵,5,0,5
兆豐虎尾,合庫金,5,0,5
兆豐虎尾,00923群益台ESG低碳50,4,0,4
兆豐虎尾,佳和,4,0,4
兆豐虎尾,佳世達,4,0,4
兆豐虎尾,晟田,5,1,4
兆豐虎尾,松普,4,0,4
兆豐虎尾,中探針,4,0,4
兆豐虎尾,凌陽,3,0,3
兆豐虎尾,緯創,6,3,3
兆豐虎尾,聚和,4,1,3
兆豐虎尾,潤泰新,3,0,3
兆豐虎尾,三陽工業,2,0,2
兆豐虎尾,00637L元大滬深300正2,2,0,2
兆豐虎尾,00891中信關鍵半導體,2,0,2
兆豐虎尾,鴻海,8,6,2
兆豐虎尾,義隆,2,0,2
兆豐虎尾,統一超,2,0,2
兆豐虎尾,精金,2,0,2
兆豐虎尾,日月光投控,2,0,2
兆豐虎尾,立敦,7,5,2
兆豐虎尾,騰輝電子-KY,2,0,2
兆豐虎尾,凌巨,2,0,2
兆豐虎尾,昶昕,2,0,2
兆豐虎尾,台亞,1,0,1
兆豐虎尾,台積電,1066,1065,1
兆豐虎尾,上曜,1,0,1
兆豐虎尾,和大,1,0,1
兆豐虎尾,樂事綠能,1,0,1
兆豐虎尾,00687B國泰20年美債,1,0,1
兆豐虎尾,00850元大臺灣ESG永續,1,0,1
兆豐虎尾,00830國泰費城半導體,1,0,1
兆豐虎尾,00713元大台灣高息低波,1,0,1
兆豐虎尾,科妍,1,0,1
兆豐虎尾,光洋科,1,0,1
兆豐虎尾,華通,1,0,1
兆豐虎尾,宏��,1,0,1
兆豐虎尾,致茂,1,0,1
兆豐虎尾,友達,1,0,1
兆豐虎尾,立隆電,2,1,1
兆豐虎尾,一詮,1,0,1
兆豐虎尾,陽明,1,0,1
兆豐虎尾,興能高,9,41,-32
兆豐虎尾,00941中信上游半導體,0,30,-30
兆豐虎尾,和椿,0,30,-30
兆豐虎尾,連展投控,0,26,-26
兆豐虎尾,宏達電,37,58,-21
兆豐虎尾,00980B台新特選IG債10+,0,20,-20
兆豐虎尾,00929復華台灣科技優息,2,20,-18
兆豐虎尾,中石化,0,17,-17
兆豐虎尾,群創,0,17,-17
兆豐虎尾,聯鈞,1,17,-16
兆豐虎尾,環宇-KY,5,21,-16
兆豐虎尾,00965元大航太防衛科技,0,12,-12
兆豐虎尾,台星科,0,11,-11
兆豐虎尾,00937B群益ESG投等債20,0,10,-10
兆豐虎尾,彰銀,0,10,-10
兆豐虎尾,宏致,0,10,-10
兆豐虎尾,亞翔,0,10,-10
兆豐虎尾,神達,7,16,-9
兆豐虎尾,威剛,0,8,-8
兆豐虎尾,華容,0,7,-7
兆豐虎尾,華航,0,6,-6
兆豐虎尾,00673R期元大S＆P原油反1,0,5,-5
兆豐虎尾,00927群益半導體收益,0,5,-5
兆豐虎尾,廣宇,0,5,-5
兆豐虎尾,建達,0,5,-5
兆豐虎尾,尖點,0,5,-5
兆豐虎尾,光寶科,0,5,-5
兆豐虎尾,士電,0,4,-4
兆豐虎尾,盟立,0,4,-4
兆豐虎尾,欣銓,3,7,-4
兆豐虎尾,蒙恬,0,4,-4
兆豐虎尾,恆大,0,3,-3
兆豐虎尾,凱基金,0,3,-3
兆豐虎尾,優盛,0,3,-3
兆豐虎尾,前鼎,0,3,-3
兆豐虎尾,信昌電,1,4,-3
兆豐虎尾,華孚,0,3,-3
兆豐虎尾,迅杰,2,5,-3
兆豐虎尾,愛普*,0,3,-3
兆豐虎尾,榮群,0,3,-3
兆豐虎尾,00638R元大滬深300反1,0,2,-2
兆豐虎尾,00877復華中國5G,0,2,-2
兆豐虎尾,大同,0,2,-2
兆豐虎尾,正崴,2,4,-2
兆豐虎尾,新興,0,2,-2
兆豐虎尾,健和興,0,2,-2
兆豐虎尾,華晶科,0,2,-2
兆豐虎尾,新日興,0,2,-2
兆豐虎尾,臻鼎-KY,0,2,-2
兆豐虎尾,力積電,10,12,-2
 元大斗信,00637L元大滬深300正2,155,2,153
 元大斗信,00945B凱基美國非投等債,100,0,100
 元大斗信,00882中信中國高股息,91,0,91
 元大斗信,聯電,112,32,80
 元大斗信,00673R期元大S＆P原油反1,75,25,50
 元大斗信,興能高,183,140,43
 元大斗信,00680L元大美債20正2,86,53,33
 元大斗信,00857B永豐20年美公債,33,0,33
 元大斗信,如興,31,1,30
 元大斗信,國光生,30,0,30
 元大斗信,00858永豐美國500大,23,0,23
 元大斗信,00950B凱基A級公司債,23,0,23
 元大斗信,00632R元大台灣50反1,22,0,22
 元大斗信,中光電,21,0,21
 元大斗信,中石化,20,1,19
 元大斗信,群光,20,1,19
 元大斗信,味全,19,0,19
 元大斗信,第一金,19,0,19
 元大斗信,緯創,142,125,17
 元大斗信,中鋼,22,6,16
 元大斗信,永豐金,16,0,16
 元大斗信,立敦,32,18,14
 元大斗信,00937B群益ESG投等債20,13,0,13
 元大斗信,00688L國泰20年美債正2,11,0,11
 元大斗信,00971野村美國研發龍頭,11,0,11
 元大斗信,濱川,22,12,10
 元大斗信,矽瑪,10,0,10
 元大斗信,建達,10,0,10
 元大斗信,亞光,15,5,10
 元大斗信,00915凱基優選高股息30,9,0,9
 元大斗信,泰金寶-DR,156,147,9
 元大斗信,中鴻,12,3,9
 元大斗信,00751B元大AAA至A公司債,9,0,9
 元大斗信,騰輝電子-KY,10,1,9
 元大斗信,弘凱,10,1,9
 元大斗信,00927群益半導體收益,8,0,8
 元大斗信,富采,7,0,7
 元大斗信,00905FT臺灣Smart,7,0,7
 元大斗信,大成鋼,9,2,7
 元大斗信,宏齊,6,0,6
 元大斗信,聯嘉,6,0,6
 元大斗信,大井泵浦,6,0,6
 元大斗信,光洋科,12,6,6
 元大斗信,綠界科技*,6,0,6
 元大斗信,長華*,7,1,6
 元大斗信,新漢,15,10,5
 元大斗信,海華,5,0,5
 元大斗信,九豪,5,0,5
 元大斗信,協禧,5,0,5
 元大斗信,00926凱基全球菁英55,5,0,5
 元大斗信,00887永豐中國科技50大,3,202,-199
 元大斗信,神達,84,180,-96
 元大斗信,00929復華台灣科技優息,6,97,-91
 元大斗信,00940元大台灣價值高息,22,100,-78
 元大斗信,00965元大航太防衛科技,5,67,-62
 元大斗信,力積電,53,103,-50
 元大斗信,冠軍,0,47,-47
 元大斗信,宏致,17,63,-46
 元大斗信,凱基金,3,49,-46
 元大斗信,華南金,0,43,-43
 元大斗信,新光金,5,46,-41
 元大斗信,東元,0,30,-30
 元大斗信,00884B中信低碳新興債,0,27,-27
 元大斗信,群創,8,32,-24
 元大斗信,00934中信成長高股息,0,23,-23
 元大斗信,00891中信關鍵半導體,3,25,-22
 元大斗信,00633L富邦上証正2,0,22,-22
 元大斗信,友達,0,21,-21
 元大斗信,南亞科,12,32,-20
 元大斗信,統一實,0,20,-20
 元大斗信,燿華,0,19,-19
 元大斗信,00946群益科技高息成長,1,20,-19
 元大斗信,合庫金,27,45,-18
 元大斗信,官田鋼,1,19,-18
 元大斗信,東浦,0,17,-17
 元大斗信,00919群益台灣精選高息,14,30,-16
 元大斗信,鈺齊-KY,2,17,-15
 元大斗信,冠德,0,15,-15
 元大斗信,欣銓,3,17,-14
 元大斗信,00878國泰永續高股息,35,48,-13
 元大斗信,矽統,10,23,-13
 元大斗信,00670L富邦NASDAQ正2,2,14,-12
 元大斗信,006208富邦台50,0,11,-11
 元大斗信,華新,4,15,-11
 元大斗信,神基,1,12,-11
 元大斗信,00662富邦NASDAQ,0,11,-11
 元大斗信,和椿,49,60,-11
 元大斗信,晶豪科,0,10,-10
 元大斗信,南茂,19,29,-10
 元大斗信,全台,0,10,-10
 元大斗信,驊宏資,0,10,-10
 元大斗信,台化,1,10,-9
 元大斗信,台新金,3,12,-9
 元大斗信,達邁,65,74,-9
 元大斗信,玖鼎電力,0,9,-9
 元大斗信,台灣高鐵,1,10,-9
 元大斗信,鴻海,10,18,-8
 元大斗信,00675L富邦臺灣加權正2,1,9,-8
 元大斗信,創惟,5,13,-8
 元大斗信,環宇-KY,58,65,-7
美好中壢,00878國泰永續高股息,265,2,263
美好中壢,彩晶,225,0,225
美好中壢,台中銀,135,0,135
美好中壢,00950B凱基A級公司債,100,0,100
美好中壢,緯創,90,16,74
美好中壢,聯電,73,1,72
美好中壢,00673R期元大S＆P原油反1,45,0,45
美好中壢,力積電,67,28,39
美好中壢,00725B國泰投資級公司債,31,0,31
美好中壢,廣宇,21,1,20
美好中壢,00919群益台灣精選高息,17,2,15
美好中壢,中石化,13,1,12
美好中壢,元晶,12,0,12
美好中壢,昇陽半導體,12,1,11
美好中壢,前鼎,13,2,11
美好中壢,00706L期元大S＆P日圓正2,10,0,10
美好中壢,國際中橡,10,0,10
美好中壢,合庫金,10,0,10
美好中壢,泰金寶-DR,60,50,10
美好中壢,達邁,15,6,9
美好中壢,和椿,10,1,9
美好中壢,00945B凱基美國非投等債,8,0,8
美好中壢,合機,8,0,8
美好中壢,富喬,17,9,8
美好中壢,統一,7,0,7
美好中壢,聯光通,7,0,7
美好中壢,00971野村美國研發龍頭,6,0,6
美好中壢,耿鼎,6,0,6
美好中壢,淳紳,6,0,6
美好中壢,台表科,6,0,6
美好中壢,欣興,7,2,5
美好中壢,00904新光臺灣半導體30,5,0,5
美好中壢,00891中信關鍵半導體,5,0,5
美好中壢,00929復華台灣科技優息,5,0,5
美好中壢,金寶,14,9,5
美好中壢,永彰,5,0,5
美好中壢,時碩工業,6,1,5
美好中壢,立敦,11,7,4
美好中壢,00679B元大美債20年,4,0,4
美好中壢,全新,9,5,4
美好中壢,立隆電,21,17,4
美好中壢,穎漢,4,0,4
美好中壢,寶碩,4,0,4
美好中壢,00924復華S＆P500成長,3,0,3
美好中壢,00882中信中國高股息,4,1,3
美好中壢,00858永豐美國500大,3,0,3
美好中壢,中環,3,0,3
美好中壢,旺宏,3,0,3
美好中壢,威剛,3,0,3
美好中壢,晶睿,4,1,3
美好中壢,王道銀行,0,180,-180
美好中壢,00680L元大美債20正2,0,81,-81
美好中壢,新光金,6,70,-64
美好中壢,神達,37,86,-49
美好中壢,元大高股息,28,73,-45
美好中壢,華航,11,36,-25
美好中壢,00688L國泰20年美債正2,0,24,-24
美好中壢,亞翔,1,23,-22
美好中壢,雙鴻,0,20,-20
美好中壢,群創,2,22,-20
美好中壢,達運,0,20,-20
美好中壢,十銓,0,20,-20
美好中壢,晟銘電,5,24,-19
美好中壢,國泰金,0,17,-17
美好中壢,台航,0,17,-17
美好中壢,大同,0,15,-15
美好中壢,欣銓,5,19,-14
美好中壢,宏達電,34,48,-14
美好中壢,聯邦銀,0,13,-13
美好中壢,台積電,0,13,-13
美好中壢,00887永豐中國科技50大,0,10,-10
美好中壢,岱稜,0,10,-10
美好中壢,宏致,14,24,-10
美好中壢,來億-KY,0,10,-10
美好中壢,00631L元大台灣50正2,0,9,-9
美好中壢,台玻,2,11,-9
美好中壢,友達,0,9,-9
美好中壢,鴻海,9,17,-8
美好中壢,錸德,2,10,-8
美好中壢,精成科,1,9,-8
美好中壢,00930永豐ESG低碳高息,0,6,-6
美好中壢,中鋼,13,19,-6
美好中壢,九豪,0,6,-6
美好中壢,千興,0,5,-5
美好中壢,00922國泰台灣領袖50,0,5,-5
美好中壢,台揚,3,8,-5
美好中壢,興富發,0,5,-5
美好中壢,達能,0,5,-5
美好中壢,中租-KY,1,6,-5
美好中壢,英業達,10,15,-5
美好中壢,京元電子,3,7,-4
美好中壢,中砂,0,4,-4
美好中壢,泰茂,2,6,-4
美好中壢,順達,10,14,-4
美好中壢,富采,0,4,-4
美好中壢,中美晶,1,5,-4
美好中壢,中揚光,0,4,-4
美好中壢,中興電,1,5,-4
美好中壢,華城,56,60,-4
美好中壢,中信金,2,6,-4
 元大復北,群光,200,6,194
 元大復北,00637L元大滬深300正2,123,1,122
 元大復北,聯電,157,42,115
 元大復北,健鼎,100,0,100
 元大復北,廣達,78,4,74
 元大復北,緯創,85,34,51
 元大復北,00671R富邦NASDAQ反1,50,0,50
 元大復北,僑威,72,22,50
 元大復北,昇達科,50,17,33
 元大復北,鴻海,58,26,32
 元大復北,00654R富邦印度反1,30,0,30
 元大復北,元大高股息,33,4,29
 元大復北,連展投控,27,0,27
 元大復北,宏��,27,1,26
 元大復北,00753L中信中國50正2,46,20,26
 元大復北,華新,23,1,22
 元大復北,乙盛-KY,22,0,22
 元大復北,環泥,20,0,20
 元大復北,建通,20,0,20
 元大復北,達邁,66,49,17
 元大復北,00919群益台灣精選高息,16,0,16
 元大復北,00937B群益ESG投等債20,15,0,15
 元大復北,振發,15,0,15
 元大復北,神達,127,112,15
 元大復北,00751B元大AAA至A公司債,15,1,14
 元大復北,順達,25,11,14
 元大復北,00960野村全球航運龍頭,14,0,14
 元大復北,富喬,28,15,13
 元大復北,崇越,13,0,13
 元大復北,00725B國泰投資級公司債,12,0,12
 元大復北,欣興,14,2,12
 元大復北,LINEPAY,11,0,11
 元大復北,訊達,11,0,11
 元大復北,兆豐金,15,5,10
 元大復北,世禾,11,1,10
 元大復北,潤泰全,10,0,10
 元大復北,中鴻,10,0,10
 元大復北,00912中信臺灣智慧50,9,0,9
 元大復北,00927群益半導體收益,9,0,9
 元大復北,00900富邦特選高股息30,9,0,9
 元大復北,技嘉,8,0,8
 元大復北,英業達,29,21,8
 元大復北,玉山金,10,2,8
 元大復北,聯合再生,8,0,8
 元大復北,新盛力,88,81,7
 元大復北,金像電,13,6,7
 元大復北,安可,7,0,7
 元大復北,東台,7,0,7
 元大復北,00772B中信高評級公司債,7,0,7
 元大復北,00770國泰北美科技,6,0,6
 元大復北,彰銀,0,490,-490
 元大復北,皇昌,1,201,-200
 元大復北,長榮航,22,184,-162
 元大復北,富邦金,11,114,-103
 元大復北,00687B國泰20年美債,3,105,-102
 元大復北,華南金,0,101,-101
 元大復北,台積電,31,114,-83
 元大復北,00932兆豐永續高息等權,2,53,-51
 元大復北,台達電,0,45,-45
 元大復北,漢磊,0,43,-43
 元大復北,00965元大航太防衛科技,10,51,-41
 元大復北,力積電,18,48,-30
 元大復北,興能高,65,91,-26
 元大復北,泰金寶-DR,11,36,-25
 元大復北,凱基金,2,26,-24
 元大復北,康霈*,1,24,-23
 元大復北,創惟,0,22,-22
 元大復北,元大台灣50,1,20,-19
 元大復北,東元,1,20,-19
 元大復北,大同,0,16,-16
 元大復北,金寶,0,13,-13
 元大復北,宏致,7,19,-12
 元大復北,環球晶,0,12,-12
 元大復北,海華,1,12,-11
 元大復北,同致,0,11,-11
 元大復北,華航,0,10,-10
 元大復北,冠軍,0,10,-10
 元大復北,聯茂,0,10,-10
 元大復北,六福,0,10,-10
 元大復北,台康生技,0,10,-10
 元大復北,漢平,0,10,-10
 元大復北,淘帝-KY,0,10,-10
 元大復北,零壹,10,20,-10
 元大復北,東浦,0,9,-9
 元大復北,00680L元大美債20正2,1,10,-9
 元大復北,00730富邦臺灣優質高息,0,9,-9
 元大復北,復盛應用,0,9,-9
 元大復北,萬海,1,10,-9
 元大復北,中租-KY,1,10,-9
 元大復北,旺宏,31,40,-9
 元大復北,台新金,0,8,-8
 元大復北,富威電力,0,8,-8
 元大復北,和碩,0,8,-8
 元大復北,至上,0,8,-8
 元大復北,00949復華日本龍頭,0,7,-7
 元大復北,來億-KY,1,8,-7
 元大復北,菱生,0,7,-7
 元大復北,宏泰,0,7,-7
 元大復北,新光金,0,7,-7
 元大復北,一詮,14,21,-7
 企銀豐原 ,00922國泰台灣領袖50,130,0,130
 企銀豐原 ,泰金寶-DR,77,20,57
 企銀豐原 ,長榮鋼,35,0,35
 企銀豐原 ,國際中橡,30,0,30
 企銀豐原 ,宸曜,23,0,23
 企銀豐原 ,聯電,43,22,21
 企銀豐原 ,鴻海,20,2,18
 企銀豐原 ,能率,18,0,18
 企銀豐原 ,00669R國泰美國道瓊反1,10,0,10
 企銀豐原 ,宏遠證,10,0,10
 企銀豐原 ,ITH-KY,10,1,9
 企銀豐原 ,00673R期元大S＆P原油反1,8,0,8
 企銀豐原 ,006208富邦台50,9,1,8
 企銀豐原 ,00905FT臺灣Smart,7,0,7
 企銀豐原 ,00632R元大台灣50反1,6,0,6
 企銀豐原 ,順達,7,1,6
 企銀豐原 ,力積電,9,3,6
 企銀豐原 ,創惟,6,0,6
 企銀豐原 ,凌陽,5,0,5
 企銀豐原 ,欣興,14,10,4
 企銀豐原 ,宏��,4,0,4
 企銀豐原 ,00919群益台灣精選高息,3,0,3
 企銀豐原 ,統一,3,0,3
 企銀豐原 ,00772B中信高評級公司債,3,0,3
 企銀豐原 ,世界健身-KY,3,0,3
 企銀豐原 ,連展投控,6,3,3
 企銀豐原 ,環宇-KY,7,4,3
 企銀豐原 ,金山電,3,0,3
 企銀豐原 ,安國,3,0,3
 企銀豐原 ,00687B國泰20年美債,2,0,2
 企銀豐原 ,和大,2,0,2
 企銀豐原 ,廣達,2,0,2
 企銀豐原 ,00680L元大美債20正2,2,0,2
 企銀豐原 ,00858永豐美國500大,2,0,2
 企銀豐原 ,00953B群益優選非投等債,2,0,2
 企銀豐原 ,00911兆豐洲際半導體,2,0,2
 企銀豐原 ,00924復華S＆P500成長,2,0,2
 企銀豐原 ,00923群益台ESG低碳50,2,0,2
 企銀豐原 ,貿聯-KY,2,0,2
 企銀豐原 ,飛捷,2,0,2
 企銀豐原 ,啟��,2,0,2
 企銀豐原 ,百和興業-KY,2,0,2
 企銀豐原 ,台積電,2,0,2
 企銀豐原 ,宏達電,46,44,2
 企銀豐原 ,天品,2,0,2
 企銀豐原 ,直得,1,0,1
 企銀豐原 ,00965元大航太防衛科技,1,0,1
 企銀豐原 ,00940元大台灣價值高息,1,0,1
 企銀豐原 ,00725B國泰投資級公司債,1,0,1
 企銀豐原 ,豐興,1,0,1
 企銀豐原 ,第一金,0,150,-150
 企銀豐原 ,立��,1,93,-92
 企銀豐原 ,00936台新永續高息中小,0,26,-26
 企銀豐原 ,群創,29,51,-22
 企銀豐原 ,00951台新日本半導體,0,20,-20
 企銀豐原 ,台新金,0,20,-20
 企銀豐原 ,晟田,0,20,-20
 企銀豐原 ,昆盈,1,17,-16
 企銀豐原 ,大亞,0,15,-15
 企銀豐原 ,長榮,200,215,-15
 企銀豐原 ,00715L期街口布蘭特正2,0,13,-13
 企銀豐原 ,川寶,0,10,-10
 企銀豐原 ,中信金,0,10,-10
 企銀豐原 ,新興,0,6,-6
 企銀豐原 ,00954中信日本半導體,0,5,-5
 企銀豐原 ,飛宏,0,5,-5
 企銀豐原 ,日月光投控,0,5,-5
 企銀豐原 ,南港,0,4,-4
 企銀豐原 ,世禾,0,4,-4
 企銀豐原 ,宏致,0,4,-4
 企銀豐原 ,神達,8,12,-4
 企銀豐原 ,惠特,1,5,-4
 企銀豐原 ,元大高股息,1,5,-4
 企銀豐原 ,美時,0,3,-3
 企銀豐原 ,正新,0,3,-3
 企銀豐原 ,台達電,0,3,-3
 企銀豐原 ,精材,0,3,-3
 企銀豐原 ,聯鈞,16,19,-3
 企銀豐原 ,炎洲,0,3,-3
 企銀豐原 ,達興材料,0,3,-3
 企銀豐原 ,乙盛-KY,0,3,-3
 企銀豐原 ,萬海,2,5,-3
 企銀豐原 ,岱宇,0,2,-2
 企銀豐原 ,台聚,0,2,-2
 企銀豐原 ,00631L元大台灣50正2,0,2,-2
 企銀豐原 ,冠西電,0,2,-2
 企銀豐原 ,星宇航空,0,2,-2
 企銀豐原 ,華園,0,2,-2
 企銀豐原 ,富華新,0,2,-2
 企銀豐原 ,海華,0,2,-2
 企銀豐原 ,宏齊,0,2,-2
 企銀豐原 ,和椿,0,2,-2
 企銀豐原 ,矽力*-KY,0,2,-2
 企銀豐原 ,台灣虎航,1,3,-2
 企銀豐原 ,邦泰,0,2,-2
 企銀豐原 ,元大台灣50,0,2,-2
 企銀豐原 ,00878國泰永續高股息,1,3,-2
 企銀豐原 ,波若威,1,3,-2
 企銀豐原 ,興能高,6,7,-1
 企銀豐原 ,聯發科,0,1,-1
群益松山,00864B中信美國公債0-1,166,0,166
群益松山,群創,100,59,41
群益松山,順達,38,3,35
群益松山,台積電,41,7,34
群益松山,00830國泰費城半導體,30,0,30
群益松山,長榮航,30,1,29
群益松山,英濟,90,64,26
群益松山,南亞,20,0,20
群益松山,00670L富邦NASDAQ正2,20,0,20
群益松山,00720B元大投資級公司債,20,0,20
群益松山,00687B國泰20年美債,13,0,13
群益松山,捷敏-KY,11,0,11
群益松山,00918大華優利高填息30,10,0,10
群益松山,00910第一金太空衛星,10,0,10
群益松山,00852L國泰美國道瓊正2,10,0,10
群益松山,聲寶,10,0,10
群益松山,光群雷,10,0,10
群益松山,成信實業*-創,8,0,8
群益松山,聯電,17,10,7
群益松山,亞翔,12,5,7
群益松山,中華化,6,0,6
群益松山,00919群益台灣精選高息,5,0,5
群益松山,00637L元大滬深300正2,5,0,5
群益松山,00929復華台灣科技優息,10,5,5
群益松山,矽統,5,0,5
群益松山,欣興,6,1,5
群益松山,遠見,7,2,5
群益松山,聯鈞,10,5,5
群益松山,鴻海,6,2,4
群益松山,00950B凱基A級公司債,3,0,3
群益松山,00770國泰北美科技,3,0,3
群益松山,006208富邦台50,3,0,3
群益松山,愛山林,3,0,3
群益松山,澤米,3,0,3
群益松山,達運光電,3,0,3
群益松山,能率網通,3,0,3
群益松山,00662富邦NASDAQ,2,0,2
群益松山,00882中信中國高股息,2,0,2
群益松山,光洋科,2,0,2
群益松山,佳能,2,0,2
群益松山,圓剛,3,1,2
群益松山,全漢,2,0,2
群益松山,正達,2,0,2
群益松山,加百裕,4,2,2
群益松山,新盛力,4,2,2
群益松山,雷科,2,0,2
群益松山,瀧澤科,2,0,2
群益松山,綠界科技*,3,1,2
群益松山,�矬�,2,0,2
群益松山,森鉅,2,0,2
群益松山,00682U期元大美元指數,0,390,-390
群益松山,00680L元大美債20正2,0,40,-40
群益松山,威致,0,40,-40
群益松山,GIS-KY,0,30,-30
群益松山,台塑,0,30,-30
群益松山,00757統一FANG+,0,27,-27
群益松山,昆盈,0,20,-20
群益松山,中工,0,20,-20
群益松山,華安,0,20,-20
群益松山,力積電,0,20,-20
群益松山,燿華,0,15,-15
群益松山,臺慶科,2,16,-14
群益松山,台達電,0,11,-11
群益松山,00980B台新特選IG債10+,0,10,-10
群益松山,00725B國泰投資級公司債,0,10,-10
群益松山,00881國泰台灣5G+,0,10,-10
群益松山,鴻華先進-創,0,10,-10
群益松山,台新金,0,10,-10
群益松山,必應,0,8,-8
群益松山,神基,1,8,-7
群益松山,鑫傳,0,7,-7
群益松山,光寶科,0,6,-6
群益松山,雍智科技,1,7,-6
群益松山,兆豐金,0,6,-6
群益松山,萬海,0,5,-5
群益松山,仁寶,0,5,-5
群益松山,正崴,0,5,-5
群益松山,台中銀,0,5,-5
群益松山,王道銀行,0,5,-5
群益松山,華立,0,5,-5
群益松山,零壹,0,5,-5
群益松山,堡達,0,5,-5
群益松山,環宇-KY,7,12,-5
群益松山,雷笛克光學,0,5,-5
群益松山,泰金寶-DR,0,5,-5
群益松山,波若威,3,8,-5
群益松山,00887永豐中國科技50大,0,5,-5
群益松山,國泰金,0,4,-4
群益松山,南電,1,5,-4
群益松山,立端,2,5,-3
群益松山,凱基金,0,3,-3
群益松山,聯光通,7,10,-3
群益松山,鑫禾,0,3,-3
群益松山,亞矽,0,3,-3
群益松山,精誠,0,3,-3
群益松山,長榮,0,3,-3
群益松山,華城,1,4,-3
群益松山,統一,0,2,-2
群益松山,00922國泰台灣領袖50,0,2,-2
群益松山,廣達,1,3,-2
宏遠民生,台灣虎航,224,5,219
宏遠民生,良維,150,10,140
宏遠民生,00882中信中國高股息,33,0,33
宏遠民生,宏齊,30,0,30
宏遠民生,神準,25,0,25
宏遠民生,永彰,25,0,25
宏遠民生,羅昇,12,0,12
宏遠民生,東洋,10,0,10
宏遠民生,精成科,10,0,10
宏遠民生,來頡,10,1,9
宏遠民生,騰輝電子-KY,10,3,7
宏遠民生,立��,7,0,7
宏遠民生,精材,5,0,5
宏遠民生,00655L國泰中國A50正2,5,0,5
宏遠民生,科妍,11,6,5
宏遠民生,拓凱,5,0,5
宏遠民生,富喬,5,0,5
宏遠民生,一詮,5,1,4
宏遠民生,大銀微系統,4,0,4
宏遠民生,遠雄,4,0,4
宏遠民生,英業達,3,0,3
宏遠民生,佳能,3,0,3
宏遠民生,凱美,3,0,3
宏遠民生,正崴,3,0,3
宏遠民生,艾訊,3,0,3
宏遠民生,新復興,3,0,3
宏遠民生,00936台新永續高息中小,2,0,2
宏遠民生,友達,2,0,2
宏遠民生,陽明,2,0,2
宏遠民生,遠百,2,0,2
宏遠民生,聯傑,2,0,2
宏遠民生,連展投控,2,0,2
宏遠民生,環宇-KY,14,12,2
宏遠民生,迅得,10,8,2
宏遠民生,台虹,2,0,2
宏遠民生,擎亞,5,3,2
宏遠民生,商億-KY,2,0,2
宏遠民生,00878國泰永續高股息,1,0,1
宏遠民生,弘塑,1,0,1
宏遠民生,技嘉,1,0,1
宏遠民生,為升,1,0,1
宏遠民生,IKKA-KY,1,0,1
宏遠民生,00637L元大滬深300正2,1,0,1
宏遠民生,00687B國泰20年美債,1,0,1
宏遠民生,00893國泰智能電動車,1,0,1
宏遠民生,00980B台新特選IG債10+,1,0,1
宏遠民生,台達化,1,0,1
宏遠民生,矽統,1,0,1
宏遠民生,興勤,1,0,1
宏遠民生,凌群,1,0,1
宏遠民生,彩晶,0,100,-100
宏遠民生,堤維西,0,98,-98
宏遠民生,力積電,51,93,-42
宏遠民生,00905FT臺灣Smart,0,40,-40
宏遠民生,昆盈,0,37,-37
宏遠民生,00940元大台灣價值高息,0,20,-20
宏遠民生,華星光,10,29,-19
宏遠民生,中鋼,3,20,-17
宏遠民生,台玻,0,15,-15
宏遠民生,兆豐金,0,13,-13
宏遠民生,群創,0,10,-10
宏遠民生,欣銓,1,8,-7
宏遠民生,崇友,0,7,-7
宏遠民生,聯電,4,11,-7
宏遠民生,千興,0,6,-6
宏遠民生,凱基金,0,6,-6
宏遠民生,台積電,1,6,-5
宏遠民生,眾達-KY,13,18,-5
宏遠民生,006208富邦台50,1,6,-5
宏遠民生,5871A中租-KY甲特,0,5,-5
宏遠民生,富強鑫,0,5,-5
宏遠民生,波若威,6,11,-5
宏遠民生,創意,9,14,-5
宏遠民生,宏達電,7,11,-4
宏遠民生,新日興,0,4,-4
宏遠民生,晶彩科,1,5,-4
宏遠民生,志強-KY,0,4,-4
宏遠民生,鑽石投資,0,4,-4
宏遠民生,玉山金,0,3,-3
宏遠民生,富邦金,1,4,-3
宏遠民生,瑞儀,0,3,-3
宏遠民生,達邁,1,4,-3
宏遠民生,新盛力,6,9,-3
宏遠民生,鴻海,4,7,-3
宏遠民生,亞光,2,5,-3
宏遠民生,元大高股息,2,5,-3
宏遠民生,和碩,0,2,-2
宏遠民生,金寶,0,2,-2
宏遠民生,美時,0,2,-2
宏遠民生,華榮,0,2,-2
宏遠民生,華碩,0,2,-2
宏遠民生,圓剛,3,5,-2
宏遠民生,漢平,0,2,-2
宏遠民生,新興,0,2,-2
宏遠民生,晶豪科,0,2,-2
宏遠民生,威剛,0,2,-2
宏遠民生,宏致,0,2,-2
宏遠民生,台特化,0,2,-2
宏遠民生,十銓,0,2,-2
宏遠民生,龍巖,0,2,-2
富邦羅東,00706L期元大S＆P日圓正2,310,0,310
富邦羅東,00680L元大美債20正2,150,0,150
富邦羅東,00937B群益ESG投等債20,115,6,109
富邦羅東,台揚,100,1,99
富邦羅東,友訊,105,19,86
富邦羅東,聯電,118,34,84
富邦羅東,大同,80,5,75
富邦羅東,00858永豐美國500大,55,0,55
富邦羅東,00950B凱基A級公司債,51,0,51
富邦羅東,元大高股息,59,13,46
富邦羅東,00676R富邦臺灣加權反1,40,0,40
富邦羅東,緯創,56,17,39
富邦羅東,雷虎,32,1,31
富邦羅東,精金,30,0,30
富邦羅東,00878國泰永續高股息,53,25,28
富邦羅東,力積電,142,116,26
富邦羅東,宏齊,27,1,26
富邦羅東,海光,27,4,23
富邦羅東,立隆電,31,9,22
富邦羅東,大成鋼,23,1,22
富邦羅東,新建,22,1,21
富邦羅東,00932兆豐永續高息等權,20,0,20
富邦羅東,晟德,20,0,20
富邦羅東,00919群益台灣精選高息,25,7,18
富邦羅東,中鴻,20,3,17
富邦羅東,興能高,291,274,17
富邦羅東,力成,17,2,15
富邦羅東,廣達,22,7,15
富邦羅東,亞光,23,10,13
富邦羅東,連展投控,21,8,13
富邦羅東,健喬,13,1,12
富邦羅東,興勤,12,1,11
富邦羅東,永豐金,11,0,11
富邦羅東,湧德,11,0,11
富邦羅東,合庫金,11,0,11
富邦羅東,00960野村全球航運龍頭,11,0,11
富邦羅東,夏都,10,0,10
富邦羅東,中鼎,10,0,10
富邦羅東,台灣大,11,1,10
富邦羅東,正德,9,0,9
富邦羅東,00952凱基台灣AI50,8,0,8
富邦羅東,東浦,8,0,8
富邦羅東,00891中信關鍵半導體,10,2,8
富邦羅東,慧洋-KY,9,1,8
富邦羅東,立��,11,3,8
富邦羅東,綠界科技*,8,0,8
富邦羅東,00885富邦越南,8,0,8
富邦羅東,建暐,8,0,8
富邦羅東,台郡,8,0,8
富邦羅東,欣興,12,5,7
富邦羅東,00673R期元大S＆P原油反1,30,340,-310
富邦羅東,00953B群益優選非投等債,1,300,-299
富邦羅東,00940元大台灣價值高息,1,209,-208
富邦羅東,00980B台新特選IG債10+,7,119,-112
富邦羅東,揚明光,1,84,-83
富邦羅東,神達,126,204,-78
富邦羅東,欣銓,29,102,-73
富邦羅東,00664R國泰臺灣加權反1,0,60,-60
富邦羅東,00948B中信優息投資級債,0,55,-55
富邦羅東,泰金寶-DR,4,59,-55
富邦羅東,漢翔,1,51,-50
富邦羅東,錸德,0,50,-50
富邦羅東,華航,4,48,-44
富邦羅東,00951台新日本半導體,0,34,-34
富邦羅東,台積電,2,30,-28
富邦羅東,中鋼,8,35,-27
富邦羅東,00692富邦公司治理,1,28,-27
富邦羅東,長榮航,5,32,-27
富邦羅東,宏致,16,43,-27
富邦羅東,彩晶,0,27,-27
富邦羅東,臺企銀,2,25,-23
富邦羅東,華新,1,23,-22
富邦羅東,堤維西,0,21,-21
富邦羅東,台灣高鐵,0,20,-20
富邦羅東,訊舟,1,20,-19
富邦羅東,00907永豐優息存股,1,19,-18
富邦羅東,00965元大航太防衛科技,7,25,-18
富邦羅東,新光金,3,21,-18
富邦羅東,00929復華台灣科技優息,20,37,-17
富邦羅東,亞翔,3,21,-18
富邦羅東,龍德造船,0,17,-17
富邦羅東,南亞,11,28,-17
富邦羅東,中釉,0,17,-17
富邦羅東,富喬,6,22,-16
富邦羅東,順達,4,20,-16
富邦羅東,新興,11,27,-16
富邦羅東,星宇航空,0,16,-16
富邦羅東,00881國泰台灣5G+,0,16,-16
富邦羅東,國泰金,0,15,-15
富邦羅東,世紀鋼,0,15,-15
富邦羅東,希華,0,15,-15
富邦羅東,明泰,1,15,-14
富邦羅東,幸福,0,14,-14
富邦羅東,00922國泰台灣領袖50,11,24,-13
富邦羅東,華邦電,1,14,-13
富邦羅東,富邦金,1,13,-12
富邦羅東,00665L富邦�琤肭磪囓�2,0,12,-12
富邦羅東,和碩,0,12,-12
富邦羅東,佳世達,0,12,-12
富邦羅東,精誠,0,12,-12
台灣摩根士丹利,台新金,3773,113,3660
台灣摩根士丹利,玉山金,3235,20,3215
台灣摩根士丹利,新光金,3021,545,2476
台灣摩根士丹利,台積電,4641,2366,2275
台灣摩根士丹利,友達,2574,637,1937
台灣摩根士丹利,宏達電,2923,994,1929
台灣摩根士丹利,凱基金,2842,968,1874
台灣摩根士丹利,台塑,1562,46,1516
台灣摩根士丹利,華南金,1607,298,1309
台灣摩根士丹利,富邦金,1693,384,1309
台灣摩根士丹利,永豐金,1424,126,1298
台灣摩根士丹利,中信金,1675,561,1114
台灣摩根士丹利,台灣虎航,1062,100,962
台灣摩根士丹利,世界,1157,209,948
台灣摩根士丹利,威盛,1023,154,869
台灣摩根士丹利,奇鋐,1117,328,789
台灣摩根士丹利,兆豐金,783,2,781
台灣摩根士丹利,華城,890,147,743
台灣摩根士丹利,光寶科,758,63,695
台灣摩根士丹利,遠百,684,3,681
台灣摩根士丹利,第一金,744,64,680
台灣摩根士丹利,華航,729,69,660
台灣摩根士丹利,廣宇,631,5,626
台灣摩根士丹利,新日興,1009,417,592
台灣摩根士丹利,緯穎,622,45,577
台灣摩根士丹利,榮剛,538,2,536
台灣摩根士丹利,宏致,635,106,529
台灣摩根士丹利,上銀,555,26,529
台灣摩根士丹利,萬海,712,226,486
台灣摩根士丹利,台光電,549,65,484
台灣摩根士丹利,燿華,431,6,425
台灣摩根士丹利,可成,461,43,418
台灣摩根士丹利,亞泥,387,4,383
台灣摩根士丹利,菱光,401,30,371
台灣摩根士丹利,鴻準,607,239,368
台灣摩根士丹利,定穎投控,369,6,363
台灣摩根士丹利,三芳,381,25,356
台灣摩根士丹利,統一,467,132,335
台灣摩根士丹利,裕隆,353,32,321
台灣摩根士丹利,台郡,322,2,320
台灣摩根士丹利,健鼎,363,50,313
台灣摩根士丹利,致伸,382,69,313
台灣摩根士丹利,景碩,375,63,312
台灣摩根士丹利,萬潤,391,90,301
台灣摩根士丹利,啟��,342,56,286
台灣摩根士丹利,亞翔,406,125,281
台灣摩根士丹利,映泰,279,2,277
台灣摩根士丹利,鈺齊-KY,335,58,277
台灣摩根士丹利,陽明,1946,1677,269
台灣摩根士丹利,彰銀,511,243,268
台灣摩根士丹利,聯電,264,13454,-13190
台灣摩根士丹利,神達,2557,7571,-5014
台灣摩根士丹利,廣達,1227,4874,-3647
台灣摩根士丹利,中鋼,5,2639,-2634
台灣摩根士丹利,緯創,378,2475,-2097
台灣摩根士丹利,長榮航,957,2466,-1509
台灣摩根士丹利,華邦電,63,1546,-1483
台灣摩根士丹利,群創,1180,2461,-1281
台灣摩根士丹利,泰金寶-DR,77,1311,-1234
台灣摩根士丹利,力成,9,1229,-1220
台灣摩根士丹利,京元電子,367,1389,-1022
台灣摩根士丹利,宏��,198,1093,-895
台灣摩根士丹利,鴻海,1604,2424,-820
台灣摩根士丹利,精成科,434,1193,-759
台灣摩根士丹利,仁寶,659,1417,-758
台灣摩根士丹利,群益證,149,890,-741
台灣摩根士丹利,寶成,302,1028,-726
台灣摩根士丹利,英業達,1647,2328,-681
台灣摩根士丹利,慧洋-KY,237,888,-651
台灣摩根士丹利,亞光,0,643,-643
台灣摩根士丹利,合庫金,59,673,-614
台灣摩根士丹利,技嘉,104,680,-576
台灣摩根士丹利,昇陽半導體,2,560,-558
台灣摩根士丹利,眾達-KY,700,1234,-534
台灣摩根士丹利,南茂,72,556,-484
台灣摩根士丹利,潤泰新,71,462,-391
台灣摩根士丹利,臺企銀,76,460,-384
台灣摩根士丹利,欣興,810,1173,-363
台灣摩根士丹利,遠東新,2,346,-344
台灣摩根士丹利,南亞,240,577,-337
台灣摩根士丹利,聯合再生,125,454,-329
台灣摩根士丹利,冠德,2,323,-321
台灣摩根士丹利,力智,4,316,-312
台灣摩根士丹利,大同,271,560,-289
台灣摩根士丹利,玉晶光,103,391,-288
台灣摩根士丹利,華碩,40,310,-270
台灣摩根士丹利,華新,515,782,-267
台灣摩根士丹利,大成鋼,17,282,-265
台灣摩根士丹利,國泰金,3222,3477,-255
台灣摩根士丹利,富世達,115,370,-255
台灣摩根士丹利,南亞科,1189,1433,-244
台灣摩根士丹利,台達電,353,595,-242
台灣摩根士丹利,名軒,40,278,-238
台灣摩根士丹利,和碩,113,344,-231
台灣摩根士丹利,東和鋼鐵,0,230,-230
台灣摩根士丹利,復盛應用,10,236,-226
台灣摩根士丹利,廣運,6,232,-226
台灣摩根士丹利,橘子,0,203,-203
台灣摩根士丹利,勤美,44,246,-202
台灣摩根士丹利,晶技,4,197,-193
台新新營,友達,183,5,178
台新新營,00900富邦特選高股息30,131,0,131
台新新營,00858永豐美國500大,113,0,113
台新新營,00971野村美國研發龍頭,94,0,94
台新新營,金寶,83,3,80
台新新營,新盛力,135,63,72
台新新營,聯電,126,63,63
台新新營,英業達,47,0,47
台新新營,00753L中信中國50正2,41,0,41
台新新營,第一金,40,0,40
台新新營,00632R元大台灣50反1,29,6,23
台新新營,亞昕,25,3,22
台新新營,憶聲,23,1,22
台新新營,台化,27,6,21
台新新營,緯創,52,32,20
台新新營,00937B群益ESG投等債20,20,0,20
台新新營,00924復華S＆P500成長,20,0,20
台新新營,00637L元大滬深300正2,119,100,19
台新新營,慧洋-KY,19,2,17
台新新營,00922國泰台灣領袖50,19,2,17
台新新營,宏易,16,0,16
台新新營,欣興,17,2,15
台新新營,安勤,15,0,15
台新新營,00918大華優利高填息30,12,0,12
台新新營,大成鋼,14,3,11
台新新營,富野,11,0,11
台新新營,00916國泰全球品牌50,11,0,11
台新新營,新復興,10,0,10
台新新營,如興,10,0,10
台新新營,00665L富邦�琤肭磪囓�2,10,0,10
台新新營,聯嘉,10,0,10
台新新營,新纖,10,0,10
台新新營,台虹,12,2,10
台新新營,遠見,10,0,10
台新新營,晟銘電,11,1,10
台新新營,鉅祥,17,8,9
台新新營,富喬,15,6,9
台新新營,立凱-KY,8,0,8
台新新營,全球傳動,10,2,8
台新新營,信立,8,0,8
台新新營,力積電,79,71,8
台新新營,00878國泰永續高股息,19,11,8
台新新營,宏齊,7,0,7
台新新營,國巨,8,1,7
台新新營,聯光通,14,7,7
台新新營,00882中信中國高股息,7,0,7
台新新營,天剛,8,1,7
台新新營,英濟,16,9,7
台新新營,台康生技,9,2,7
台新新營,台灣大,7,0,7
台新新營,00980B台新特選IG債10+,16,554,-538
台新新營,00919群益台灣精選高息,24,103,-79
台新新營,日月光投控,0,52,-52
台新新營,遠百,2,52,-50
台新新營,神達,52,98,-46
台新新營,華航,0,44,-44
台新新營,華電網,0,44,-44
台新新營,長榮航,2,45,-43
台新新營,中石化,0,40,-40
台新新營,00905FT臺灣Smart,5,41,-36
台新新營,元太,0,30,-30
台新新營,遠東銀,1,30,-29
台新新營,亞航,0,24,-24
台新新營,山富,0,24,-24
台新新營,興能高,142,165,-23
台新新營,中華電,0,23,-23
台新新營,台聚,1,23,-22
台新新營,00929復華台灣科技優息,3,23,-20
台新新營,00673R期元大S＆P原油反1,0,19,-19
台新新營,泰金寶-DR,3,21,-18
台新新營,華南金,0,17,-17
台新新營,臺企銀,8,24,-16
台新新營,00934中信成長高股息,0,16,-16
台新新營,00923群益台ESG低碳50,0,16,-16
台新新營,00946群益科技高息成長,0,15,-15
台新新營,台新金,4,18,-14
台新新營,元大高股息,22,36,-14
台新新營,00701國泰股利精選30,8,22,-14
台新新營,立��,12,25,-13
台新新營,僑威,3,16,-13
台新新營,大同,7,20,-13
台新新營,00675L富邦臺灣加權正2,1,13,-12
台新新營,台光電,2,14,-12
台新新營,00892富邦台灣半導體,0,12,-12
台新新營,建達,0,12,-12
台新新營,光洋科,4,16,-12
台新新營,長榮,6,18,-12
台新新營,亞泰,0,10,-10
台新新營,磐儀,0,10,-10
台新新營,大洋-KY,0,10,-10
台新新營,新光金,18,28,-10
台新新營,00951台新日本半導體,0,10,-10
台新新營,凱美,12,22,-10
台新新營,波若威,42,52,-10
台新新營,順達,7,16,-9
台新新營,00909國泰數位支付服務,0,9,-9
台新新營,00939統一台灣高息動能,0,9,-9
台新新營,宏達電,52,60,-8
台新新營,矽格,0,9,-9
台新新營,光寶科,5,13,-8
 元富佳里,00680L元大美債20正2,281,0,281
 元富佳里,00665L富邦�琤肭磪囓�2,250,0,250
 元富佳里,凱基金,200,5,195
 元富佳里,聯電,79,33,46
 元富佳里,00858永豐美國500大,23,0,23
 元富佳里,光聯,23,0,23
 元富佳里,00937B群益ESG投等債20,20,0,20
 元富佳里,三商電,20,0,20
 元富佳里,華票,20,2,18
 元富佳里,鴻準,18,1,17
 元富佳里,00712復華富時不動產,20,5,15
 元富佳里,00878國泰永續高股息,16,3,13
 元富佳里,國泰金,15,3,12
 元富佳里,佳能,12,0,12
 元富佳里,宏達電,51,40,11
 元富佳里,潤泰全,11,0,11
 元富佳里,連展投控,33,22,11
 元富佳里,永崴投控,11,0,11
 元富佳里,恆大,25,15,10
 元富佳里,00953B群益優選非投等債,10,0,10
 元富佳里,國光生,20,10,10
 元富佳里,長榮航太,9,0,9
 元富佳里,崇越,9,0,9
 元富佳里,00919群益台灣精選高息,7,0,7
 元富佳里,緯創,12,5,7
 元富佳里,波若威,11,4,7
 元富佳里,英業達,19,13,6
 元富佳里,菱光,6,0,6
 元富佳里,華新,5,0,5
 元富佳里,00910第一金太空衛星,5,0,5
 元富佳里,勤美,5,0,5
 元富佳里,富喬,12,7,5
 元富佳里,宏��,5,0,5
 元富佳里,立隆電,14,9,5
 元富佳里,萬海,5,0,5
 元富佳里,好德,5,0,5
 元富佳里,佳凌,5,0,5
 元富佳里,茂迪,5,0,5
 元富佳里,00632R元大台灣50反1,4,0,4
 元富佳里,00940元大台灣價值高息,15,11,4
 元富佳里,友訊,8,4,4
 元富佳里,潤弘,4,0,4
 元富佳里,群創,21,17,4
 元富佳里,華盈,4,0,4
 元富佳里,環宇-KY,13,9,4
 元富佳里,朋億*,5,1,4
 元富佳里,欣興,3,0,3
 元富佳里,台聚,3,0,3
 元富佳里,南亞科,3,0,3
 元富佳里,裕民,3,0,3
 元富佳里,00980B台新特選IG債10+,65,475,-410
 元富佳里,00929復華台灣科技優息,2,304,-302
 元富佳里,華航,0,106,-106
 元富佳里,00673R期元大S＆P原油反1,0,70,-70
 元富佳里,彰銀,0,52,-52
 元富佳里,2883B凱基金乙特,0,40,-40
 元富佳里,新光金,3,38,-35
 元富佳里,00830國泰費城半導體,4,31,-27
 元富佳里,00971野村美國研發龍頭,20,45,-25
 元富佳里,00877復華中國5G,0,25,-25
 元富佳里,宏致,1,19,-18
 元富佳里,元太,0,17,-17
 元富佳里,神達,28,43,-15
 元富佳里,新盛力,25,40,-15
 元富佳里,智易,0,10,-10
 元富佳里,堤維西,0,9,-9
 元富佳里,眾達-KY,16,25,-9
 元富佳里,中揚光,0,9,-9
 元富佳里,千附精密,0,9,-9
 元富佳里,中鋼,2,9,-7
 元富佳里,光罩,0,7,-7
 元富佳里,00633L富邦上証正2,0,6,-6
 元富佳里,普安,0,6,-6
 元富佳里,萬企,0,6,-6
 元富佳里,正達,4,10,-6
 元富佳里,台積電,9,15,-6
 元富佳里,元大台灣50,0,6,-6
 元富佳里,伸興,0,5,-5
 元富佳里,長榮航,0,5,-5
 元富佳里,富邦金,0,5,-5
 元富佳里,欣銓,5,10,-5
 元富佳里,榮剛,0,5,-5
 元富佳里,廣明,0,5,-5
 元富佳里,台塑化,0,5,-5
 元富佳里,鴻海,4,9,-5
 元富佳里,鈺齊-KY,1,5,-4
 元富佳里,喬福,0,4,-4
 元富佳里,廣宇,3,7,-4
 元富佳里,聿新科,0,4,-4
 元富佳里,訊達,0,4,-4
 元富佳里,良維,0,4,-4
 元富佳里,力積電,33,37,-4
 元富佳里,擎亞,7,11,-4
 元富佳里,立積,0,3,-3
 元富佳里,00645富邦日本,0,3,-3
 元富佳里,加百裕,11,14,-3
 元富佳里,瑞智,0,3,-3
 元富佳里,泰鼎-KY,0,3,-3
 元富佳里,精成科,15,18,-3
 元富佳里,保勝光學,0,3,-3
 元大福營,彰銀,601,0,601
 元大福營,群創,316,8,308
 元大福營,聯電,275,34,241
 元大福營,00953B群益優選非投等債,101,0,101
 元大福營,00968B元大優息投等債,95,0,95
 元大福營,西勝,85,0,85
 元大福營,南茂,76,6,70
 元大福營,益登,54,0,54
 元大福營,飛宏,30,0,30
 元大福營,橋椿,30,0,30
 元大福營,玉山金,31,4,27
 元大福營,頎邦,25,0,25
 元大福營,緯創,45,22,23
 元大福營,00891中信關鍵半導體,20,0,20
 元大福營,00673R期元大S＆P原油反1,20,0,20
 元大福營,華容,21,1,20
 元大福營,元大高股息,20,4,16
 元大福營,欣興,23,8,15
 元大福營,兆勁,15,0,15
 元大福營,英業達,17,3,14
 元大福營,立隆電,40,26,14
 元大福營,立��,21,7,14
 元大福營,00915凱基優選高股息30,18,5,13
 元大福營,官田鋼,13,0,13
 元大福營,台泥,13,0,13
 元大福營,泰金寶-DR,41,28,13
 元大福營,直得,12,0,12
 元大福營,凱美,27,15,12
 元大福營,能率,14,2,12
 元大福營,達興材料,12,0,12
 元大福營,00918大華優利高填息30,19,7,12
 元大福營,新鋼,11,0,11
 元大福營,00950B凱基A級公司債,10,0,10
 元大福營,仲琦,10,0,10
 元大福營,國光生,10,0,10
 元大福營,新巨,10,0,10
 元大福營,森崴能源,10,0,10
 元大福營,三商壽,10,0,10
 元大福營,康舒,10,0,10
 元大福營,弘凱,12,2,10
 元大福營,統一超,9,0,9
 元大福營,永彰,9,0,9
 元大福營,凌群,9,0,9
 元大福營,瑞軒,10,1,9
 元大福營,萬潤,11,3,8
 元大福營,加百裕,17,9,8
 元大福營,長華*,8,0,8
 元大福營,昇陽半導體,11,3,8
 元大福營,今皓,8,0,8
 元大福營,佳能,11,3,8
 元大福營,00937B群益ESG投等債20,163,902,-739
 元大福營,00965元大航太防衛科技,3,463,-460
 元大福營,00680L元大美債20正2,3,220,-217
 元大福營,00882中信中國高股息,1,203,-202
 元大福營,00940元大台灣價值高息,0,175,-175
 元大福營,00715L期街口布蘭特正2,6,160,-154
 元大福營,00878國泰永續高股息,16,137,-121
 元大福營,神達,98,166,-68
 元大福營,00919群益台灣精選高息,51,116,-65
 元大福營,彩晶,0,58,-58
 元大福營,東台,0,58,-58
 元大福營,集雅社,0,40,-40
 元大福營,00929復華台灣科技優息,2,41,-39
 元大福營,鈺齊-KY,9,43,-34
 元大福營,南亞,0,29,-29
 元大福營,006208富邦台50,9,37,-28
 元大福營,00912中信臺灣智慧50,0,26,-26
 元大福營,00710B復華彭博非投等債,0,25,-25
 元大福營,00881國泰台灣5G+,1,24,-23
 元大福營,新光金,0,22,-22
 元大福營,聯華,0,20,-20
 元大福營,911608明輝-DR,0,20,-20
 元大福營,興能高,187,205,-18
 元大福營,元大台灣50,6,24,-18
 元大福營,華南金,0,16,-16
 元大福營,榮剛,0,15,-15
 元大福營,凱基金,0,14,-14
 元大福營,新日興,39,53,-14
 元大福營,00631L元大台灣50正2,1,15,-14
 元大福營,華邦電,6,20,-14
 元大福營,華城,0,14,-14
 元大福營,廣宇,2,15,-13
 元大福營,力積電,19,32,-13
 元大福營,美吉吉-KY,0,12,-12
 元大福營,高技,3,15,-12
 元大福營,堤維西,1,12,-11
 元大福營,富喬,8,19,-11
 元大福營,迅得,4,15,-11
 元大福營,三芳,0,10,-10
 元大福營,群益期,0,10,-10
 元大福營,宏致,6,16,-10
 元大福營,華豐,0,10,-10
 元大福營,成霖,0,10,-10
 元大福營,亞通,0,10,-10
 元大福營,鈺邦,0,10,-10
 元大福營,邁達特,3,13,-10
 元大福營,瀚宇博,0,10,-10
 元大福營,臻鼎-KY,0,10,-10
 元大福營,順達,17,25,-8
 元大福營,00922國泰台灣領袖50,3,11,-8
統一屏東  ,00937B群益ESG投等債20,276,10,266
統一屏東  ,聯電,63,0,63
統一屏東  ,彰銀,60,0,60
統一屏東  ,泰金寶-DR,67,10,57
統一屏東  ,擎亞,80,33,47
統一屏東  ,00922國泰台灣領袖50,49,4,45
統一屏東  ,統一超,34,0,34
統一屏東  ,00687B國泰20年美債,30,0,30
統一屏東  ,新光金,30,0,30
統一屏東  ,松上,26,0,26
統一屏東  ,00675L富邦臺灣加權正2,15,0,15
統一屏東  ,亞光,19,5,14
統一屏東  ,00637L元大滬深300正2,13,0,13
統一屏東  ,合一,15,3,12
統一屏東  ,友達,21,10,11
統一屏東  ,昇陽半導體,12,1,11
統一屏東  ,00673R期元大S＆P原油反1,10,0,10
統一屏東  ,00680L元大美債20正2,10,0,10
統一屏東  ,星宇航空,10,0,10
統一屏東  ,台新金,16,7,9
統一屏東  ,南茂,9,0,9
統一屏東  ,00757統一FANG+,10,2,8
統一屏東  ,欣興,8,0,8
統一屏東  ,立��,10,2,8
統一屏東  ,00933B國泰10Y+金融債,8,0,8
統一屏東  ,連展投控,10,4,6
統一屏東  ,方土霖,6,0,6
統一屏東  ,00633L富邦上証正2,6,0,6
統一屏東  ,達邁,16,11,5
統一屏東  ,00935野村臺灣新科技50,5,0,5
統一屏東  ,00957B兆豐US優選投等債,5,0,5
統一屏東  ,華航,6,1,5
統一屏東  ,加百裕,11,6,5
統一屏東  ,進泰電子,6,1,5
統一屏東  ,永信,5,0,5
統一屏東  ,中天,6,1,5
統一屏東  ,穎漢,5,0,5
統一屏東  ,上福,5,0,5
統一屏東  ,商丞,5,0,5
統一屏東  ,宏致,7,3,4
統一屏東  ,00939統一台灣高息動能,6,2,4
統一屏東  ,昆盈,6,2,4
統一屏東  ,凱美,24,20,4
統一屏東  ,彬台,6,2,4
統一屏東  ,位速,4,0,4
統一屏東  ,西勝,5,1,4
統一屏東  ,慶騰,4,0,4
統一屏東  ,華容,4,0,4
統一屏東  ,明達醫,4,0,4
統一屏東  ,長佳智能,4,0,4
統一屏東  ,00878國泰永續高股息,5,120,-115
統一屏東  ,00951台新日本半導體,2,104,-102
統一屏東  ,00919群益台灣精選高息,2,100,-98
統一屏東  ,00918大華優利高填息30,1,65,-64
統一屏東  ,元大高股息,55,103,-48
統一屏東  ,00632R元大台灣50反1,20,66,-46
統一屏東  ,00713元大台灣高息低波,1,40,-39
統一屏東  ,力積電,2,38,-36
統一屏東  ,神達,17,48,-31
統一屏東  ,國喬,0,30,-30
統一屏東  ,東台,1,28,-27
統一屏東  ,景岳,0,25,-25
統一屏東  ,台揚,7,30,-23
統一屏東  ,遠東銀,0,22,-22
統一屏東  ,中鋼,11,31,-20
統一屏東  ,00929復華台灣科技優息,0,14,-14
統一屏東  ,興能高,75,90,-15
統一屏東  ,中鴻,0,14,-14
統一屏東  ,廣宇,5,18,-13
統一屏東  ,強茂,0,13,-13
統一屏東  ,永崴投控,0,12,-12
統一屏東  ,006208富邦台50,0,12,-12
統一屏東  ,友訊,3,14,-11
統一屏東  ,興富發,0,11,-11
統一屏東  ,00753L中信中國50正2,0,10,-10
統一屏東  ,00952凱基台灣AI50,0,10,-10
統一屏東  ,展達,0,10,-10
統一屏東  ,泰茂,0,10,-10
統一屏東  ,高鋒,0,9,-9
統一屏東  ,台化,24,31,-7
統一屏東  ,台積電,1,8,-7
統一屏東  ,大成鋼,10,17,-7
統一屏東  ,定穎投控,0,7,-7
統一屏東  ,00915凱基優選高股息30,0,6,-6
統一屏東  ,固緯,0,6,-6
統一屏東  ,盟立,0,6,-6
統一屏東  ,北基,0,6,-6
統一屏東  ,飛捷,0,6,-6
統一屏東  ,新盛力,25,31,-6
統一屏東  ,富喬,4,10,-6
統一屏東  ,日月光投控,2,8,-6
統一屏東  ,00941中信上游半導體,0,5,-5
統一屏東  ,東元,0,5,-5
統一屏東  ,華新,0,5,-5
統一屏東  ,華南金,1,6,-5
統一屏東  ,錸寶,0,5,-5
統一屏東  ,金益鼎,1,6,-5
統一屏東  ,陽明,1,6,-5
統一屏東  ,00946群益科技高息成長,0,4,-4
統一屏東  ,榮成,0,4,-4
國票中正,聯電,82,2,80
國票中正,00937B群益ESG投等債20,76,0,76
國票中正,台積電,43,4,39
國票中正,茂綸,24,0,24
國票中正,潤泰全,18,0,18
國票中正,元大高股息,14,0,14
國票中正,訊達,17,3,14
國票中正,景碩,13,0,13
國票中正,新盛力,30,17,13
國票中正,00919群益台灣精選高息,12,0,12
國票中正,00713元大台灣高息低波,10,0,10
國票中正,生華科,10,0,10
國票中正,錦明,9,0,9
國票中正,事欣科,11,3,8
國票中正,富強鑫,8,0,8
國票中正,南茂,11,3,8
國票中正,宏達電,24,16,8
國票中正,中鋼,10,2,8
國票中正,零壹,8,1,7
國票中正,聯鈞,25,18,7
國票中正,新興,7,0,7
國票中正,群創,8,1,7
國票中正,廣達,13,6,7
國票中正,力成,6,0,6
國票中正,采鈺,7,1,6
國票中正,上曜,5,0,5
國票中正,澤米,6,1,5
國票中正,欣興,5,0,5
國票中正,IET-KY,5,1,4
國票中正,00637L元大滬深300正2,6,2,4
國票中正,台塑,4,0,4
國票中正,立隆電,4,1,3
國票中正,晟銘電,3,0,3
國票中正,浩鼎,3,0,3
國票中正,邁達特,4,1,3
國票中正,精成科,12,9,3
國票中正,旺矽,3,0,3
國票中正,大成鋼,7,4,3
國票中正,康霈*,2,0,2
國票中正,宸曜,2,0,2
國票中正,昇陽半導體,2,0,2
國票中正,亞光,4,2,2
國票中正,神基,2,0,2
國票中正,精材,4,2,2
國票中正,00665L富邦�琤肭磪囓�2,2,0,2
國票中正,台苯,2,0,2
國票中正,中華化,2,0,2
國票中正,光罩,2,0,2
國票中正,佳能,4,2,2
國票中正,中再保,2,0,2
國票中正,00673R期元大S＆P原油反1,0,220,-220
國票中正,台灣虎航,11,160,-149
國票中正,00929復華台灣科技優息,5,128,-123
國票中正,鴻準,0,93,-93
國票中正,富喬,33,107,-74
國票中正,大洋,0,56,-56
國票中正,力積電,8,61,-53
國票中正,00687B國泰20年美債,0,45,-45
國票中正,華邦電,1,31,-30
國票中正,00772B中信高評級公司債,0,30,-30
國票中正,神達,108,138,-30
國票中正,廣宇,0,23,-23
國票中正,00933B國泰10Y+金融債,0,20,-20
國票中正,00877復華中國5G,0,20,-20
國票中正,聯合再生,0,19,-19
國票中正,南亞,0,11,-11
國票中正,國票金,0,11,-11
國票中正,瑞智,0,11,-11
國票中正,台泥,0,10,-10
國票中正,00795B中信美國公債20年,0,10,-10
國票中正,00751B元大AAA至A公司債,0,10,-10
國票中正,00907永豐優息存股,0,10,-10
國票中正,00904新光臺灣半導體30,0,10,-10
國票中正,鼎元,0,10,-10
國票中正,臻鼎-KY,0,10,-10
國票中正,富邦金,1,11,-10
國票中正,致和證,0,9,-9
國票中正,華通,2,9,-7
國票中正,台化,3,10,-7
國票中正,長榮航,0,7,-7
國票中正,興能高,12,19,-7
國票中正,臺企銀,0,7,-7
國票中正,新光金,0,6,-6
國票中正,耀登,1,7,-6
國票中正,榮剛,0,6,-6
國票中正,中磊,0,6,-6
國票中正,緯創,0,6,-6
國票中正,華星光,1,6,-5
國票中正,日月光投控,1,6,-5
國票中正,長榮,7,12,-5
國票中正,金寶,0,5,-5
國票中正,矽統,0,5,-5
國票中正,凱基金,0,5,-5
國票中正,陽程,0,5,-5
國票中正,環宇-KY,5,10,-5
國票中正,宏齊,5,10,-5
國票中正,台達電,0,4,-4
國票中正,華航,1,5,-4
國票中正,順達,4,8,-4
國票中正,騰輝電子-KY,0,4,-4
兆豐員林,00680L元大美債20正2,110,5,105
兆豐員林,宏��,94,0,94
兆豐員林,聯電,172,129,43
兆豐員林,00688L國泰20年美債正2,38,0,38
兆豐員林,中鋼,45,13,32
兆豐員林,00633L富邦上証正2,32,0,32
兆豐員林,力麗,30,0,30
兆豐員林,中鴻,30,1,29
兆豐員林,雷科,24,1,23
兆豐員林,00891中信關鍵半導體,20,0,20
兆豐員林,正達,20,0,20
兆豐員林,00878國泰永續高股息,20,3,17
兆豐員林,00935野村臺灣新科技50,20,5,15
兆豐員林,緯創,18,3,15
兆豐員林,海華,14,0,14
兆豐員林,華通,39,25,14
兆豐員林,達邁,28,14,14
兆豐員林,00919群益台灣精選高息,29,15,14
兆豐員林,台新金,13,0,13
兆豐員林,皇昌,14,2,12
兆豐員林,磐儀,11,0,11
兆豐員林,臺企銀,10,0,10
兆豐員林,永豐金,10,0,10
兆豐員林,達興材料,13,3,10
兆豐員林,雷虎,10,0,10
兆豐員林,台肥,10,1,9
兆豐員林,00915凱基優選高股息30,9,1,8
兆豐員林,昇陽半導體,8,1,7
兆豐員林,英濟,7,0,7
兆豐員林,亞光,8,1,7
兆豐員林,福懋油,7,0,7
兆豐員林,合庫金,7,0,7
兆豐員林,南亞,10,4,6
兆豐員林,玉晶光,6,0,6
兆豐員林,飛捷,6,0,6
兆豐員林,力成,6,0,6
兆豐員林,006208富邦台50,8,3,5
兆豐員林,00673R期元大S＆P原油反1,5,0,5
兆豐員林,00665L富邦�琤肭磪囓�2,5,0,5
兆豐員林,鼎元,5,0,5
兆豐員林,育富,5,0,5
兆豐員林,佳邦,5,0,5
兆豐員林,金山電,8,3,5
兆豐員林,至上,5,0,5
兆豐員林,鴻準,9,5,4
兆豐員林,廣運,6,2,4
兆豐員林,00885富邦越南,4,0,4
兆豐員林,00960野村全球航運龍頭,4,0,4
兆豐員林,凱美,8,4,4
兆豐員林,新至陞,4,0,4
兆豐員林,00980B台新特選IG債10+,0,240,-240
兆豐員林,00940元大台灣價值高息,35,215,-180
兆豐員林,神達,15,150,-135
兆豐員林,00929復華台灣科技優息,3,91,-88
兆豐員林,力積電,2,60,-58
兆豐員林,00637L元大滬深300正2,19,60,-41
兆豐員林,00953B群益優選非投等債,10,50,-40
兆豐員林,00958B永豐ESG銀行債15,0,38,-38
兆豐員林,鴻海,6,43,-37
兆豐員林,上曜,3,35,-32
兆豐員林,華航,7,39,-32
兆豐員林,亞翔,1,28,-27
兆豐員林,精成科,9,36,-27
兆豐員林,志強-KY,1,21,-20
兆豐員林,富喬,13,31,-18
兆豐員林,群創,0,18,-18
兆豐員林,冠德,0,15,-15
兆豐員林,三一東林,0,15,-15
兆豐員林,00905FT臺灣Smart,1,15,-14
兆豐員林,宏達電,25,39,-14
兆豐員林,新光金,0,14,-14
兆豐員林,陽明,1,13,-12
兆豐員林,台泥,11,22,-11
兆豐員林,順達,4,15,-11
兆豐員林,日月光投控,2,13,-11
兆豐員林,00951台新日本半導體,0,10,-10
兆豐員林,漢田生技,1,11,-10
兆豐員林,大亞,0,10,-10
兆豐員林,太子,0,10,-10
兆豐員林,興富發,0,10,-10
兆豐員林,凱基金,0,10,-10
兆豐員林,新復興,0,10,-10
兆豐員林,元大金,0,10,-10
兆豐員林,中華,0,9,-9
兆豐員林,國泰金,1,10,-9
兆豐員林,廣豐,0,8,-8
兆豐員林,英業達,3,11,-8
兆豐員林,立隆電,26,34,-8
兆豐員林,揚博,0,8,-8
兆豐員林,長榮航,0,8,-8
兆豐員林,矽格,1,9,-8
兆豐員林,元太,1,9,-8
兆豐員林,鈺齊-KY,0,8,-8
兆豐員林,台聚,3,10,-7
兆豐員林,泰茂,0,7,-7
兆豐員林,台塑,0,6,-6
兆豐員林,富邦金,2,8,-6
兆豐員林,新日興,0,6,-6
兆豐員林,00918大華優利高填息30,1,7,-6
兆豐員林,東元,0,6,-6
玉    山,00937B群益ESG投等債20,1913,271,1642
玉    山,廣達,804,53,751
玉    山,中鋼,624,39,585
玉    山,南電,354,2,352
玉    山,台灣大,229,0,229
玉    山,全新,272,46,226
玉    山,金像電,222,10,212
玉    山,00706L期元大S＆P日圓正2,167,1,166
玉    山,元大台灣50,211,47,164
玉    山,日月光投控,191,28,163
玉    山,00679B元大美債20年,186,28,158
玉    山,00926凱基全球菁英55,167,12,155
玉    山,元大高股息,180,34,146
玉    山,00795B中信美國公債20年,117,3,114
玉    山,欣銓,203,90,113
玉    山,華星光,217,106,111
玉    山,緯創,329,219,110
玉    山,00676R富邦臺灣加權反1,110,0,110
玉    山,00680L元大美債20正2,108,0,108
玉    山,元太,105,4,101
玉    山,00950B凱基A級公司債,100,2,98
玉    山,聯電,351,256,95
玉    山,南亞,105,16,89
玉    山,00632R元大台灣50反1,87,6,81
玉    山,聯發科,85,5,80
玉    山,鴻海,119,53,66
玉    山,00878國泰永續高股息,144,78,66
玉    山,00712復華富時不動產,81,21,60
玉    山,00720B元大投資級公司債,61,4,57
玉    山,玉山金,203,148,55
玉    山,00891中信關鍵半導體,106,53,53
玉    山,奇鋐,83,32,51
玉    山,00900富邦特選高股息30,63,12,51
玉    山,凱基金,103,53,50
玉    山,00919群益台灣精選高息,86,37,49
玉    山,農林,50,5,45
玉    山,新盛力,154,110,44
玉    山,00858永豐美國500大,44,1,43
玉    山,兆豐金,47,4,43
玉    山,陽明,68,32,36
玉    山,泰金寶-DR,59,23,36
玉    山,00770國泰北美科技,32,0,32
玉    山,精成科,90,59,31
玉    山,00915凱基優選高股息30,53,23,30
玉    山,00700富邦�琤肭磪�,30,0,30
玉    山,光環,33,3,30
玉    山,訊達,30,1,29
玉    山,00757統一FANG+,39,12,27
玉    山,力成,30,3,27
玉    山,00751B元大AAA至A公司債,28,3,25
玉    山,00929復華台灣科技優息,5,244,-239
玉    山,南亞科,7,215,-208
玉    山,長榮航,59,243,-184
玉    山,00637L元大滬深300正2,87,264,-177
玉    山,群聯,0,169,-169
玉    山,00753L中信中國50正2,7,153,-146
玉    山,第一保,0,141,-141
玉    山,浩鼎,0,111,-111
玉    山,宏致,27,135,-108
玉    山,00954中信日本半導體,3,108,-105
玉    山,中鴻,0,104,-104
玉    山,台船,0,101,-101
玉    山,彰銀,1,95,-94
玉    山,00945B凱基美國非投等債,4,90,-86
玉    山,00941中信上游半導體,0,82,-82
玉    山,矽格,1,80,-79
玉    山,台達電,24,102,-78
玉    山,00959B大華投等美債15Y+,22,90,-68
玉    山,緯穎,5,67,-62
玉    山,神達,114,174,-60
玉    山,亞翔,11,67,-56
玉    山,昇達科,15,66,-51
玉    山,00687B國泰20年美債,25,75,-50
玉    山,科妍,2,51,-49
玉    山,00631L元大台灣50正2,4,51,-47
玉    山,友達,9,51,-42
玉    山,英業達,16,56,-40
玉    山,00940元大台灣價值高息,7,47,-40
玉    山,00665L富邦�琤肭磪囓�2,23,61,-38
玉    山,富喬,23,61,-38
玉    山,事欣科,2,38,-36
玉    山,力積電,93,129,-36
玉    山,大亞,1,35,-34
玉    山,聯光通,31,65,-34
玉    山,00675L富邦臺灣加權正2,19,52,-33
玉    山,訊芯-KY,13,47,-34
玉    山,台塑,20,53,-33
玉    山,00922國泰台灣領袖50,3,35,-32
玉    山,00905FT臺灣Smart,1,31,-30
玉    山,00892富邦台灣半導體,0,29,-29
玉    山,星宇航空,10,39,-29
玉    山,上曜,0,27,-27
玉    山,華南金,0,26,-26
玉    山,台灣虎航,6,30,-24
玉    山,00690兆豐藍籌30,1,25,-24
玉    山,百和興業-KY,7,30,-23
玉    山,世界,5,28,-23
玉    山,華航,7,30,-23
玉    山,至上,6,29,-23
玉    山,家登,1,22,-21
富邦新板,臺企銀,200,11,189
富邦新板,00953B群益優選非投等債,112,0,112
富邦新板,聯電,204,94,110
富邦新板,鴻海,99,25,74
富邦新板,神達,280,208,72
富邦新板,00650L復華香港正2,72,20,52
富邦新板,00753L中信中國50正2,39,0,39
富邦新板,00882中信中國高股息,36,0,36
富邦新板,00878國泰永續高股息,41,6,35
富邦新板,金寶,36,6,30
富邦新板,00697B元大美債7-10,28,0,28
富邦新板,00679B元大美債20年,42,15,27
富邦新板,00919群益台灣精選高息,30,3,27
富邦新板,擎亞,37,13,24
富邦新板,盛群,22,0,22
富邦新板,三商壽,71,50,21
富邦新板,00655L國泰中國A50正2,27,6,21
富邦新板,00637L元大滬深300正2,61,40,21
富邦新板,00945B凱基美國非投等債,20,0,20
富邦新板,精金,20,0,20
富邦新板,興勤,20,0,20
富邦新板,00895富邦未來車,20,1,19
富邦新板,新纖,19,0,19
富邦新板,宏��,19,1,18
富邦新板,00937B群益ESG投等債20,19,1,18
富邦新板,雄獅,16,0,16
富邦新板,富采,16,1,15
富邦新板,00909國泰數位支付服務,21,6,15
富邦新板,波若威,40,25,15
富邦新板,燿華,32,17,15
富邦新板,00858永豐美國500大,14,0,14
富邦新板,事欣科,15,1,14
富邦新板,技嘉,15,2,13
富邦新板,欣興,16,4,12
富邦新板,大成鋼,23,11,12
富邦新板,立敦,65,53,12
富邦新板,廣宇,19,7,12
富邦新板,兆豐金,12,0,12
富邦新板,凱美,19,8,11
富邦新板,力積電,67,56,11
富邦新板,興能高,81,70,11
富邦新板,中鋼,23,13,10
富邦新板,昇陽半導體,11,1,10
富邦新板,夏都,10,0,10
富邦新板,鄉林,10,0,10
富邦新板,華容,11,1,10
富邦新板,山富,10,0,10
富邦新板,台翰,10,0,10
富邦新板,00725B國泰投資級公司債,10,0,10
富邦新板,亞光,17,7,10
富邦新板,00673R期元大S＆P原油反1,10,118,-108
富邦新板,元大高股息,15,112,-97
富邦新板,00940元大台灣價值高息,4,88,-84
富邦新板,00941中信上游半導體,0,72,-72
富邦新板,仁寶,0,60,-60
富邦新板,長榮航,2,54,-52
富邦新板,00929復華台灣科技優息,2,53,-51
富邦新板,華航,1,41,-40
富邦新板,00891中信關鍵半導體,0,40,-40
富邦新板,00980B台新特選IG債10+,2,39,-37
富邦新板,晟銘電,6,39,-33
富邦新板,華邦電,8,36,-28
富邦新板,澤米,0,28,-28
富邦新板,00680L元大美債20正2,10,36,-26
富邦新板,眾達-KY,33,59,-26
富邦新板,鴻準,2,25,-23
富邦新板,精成科,16,39,-23
富邦新板,偉訓,1,23,-22
富邦新板,華榮,2,23,-21
富邦新板,00686R群益臺灣加權反1,0,20,-20
富邦新板,廣達,7,26,-19
富邦新板,00676R富邦臺灣加權反1,1,20,-19
富邦新板,宏達電,27,45,-18
富邦新板,高技,1,19,-18
富邦新板,英濟,32,50,-18
富邦新板,亞翔,4,22,-18
富邦新板,光寶科,0,18,-18
富邦新板,00922國泰台灣領袖50,35,52,-17
富邦新板,連展投控,15,32,-17
富邦新板,星雲,0,16,-16
富邦新板,大同,3,18,-15
富邦新板,長科*,0,15,-15
富邦新板,緯創,45,59,-14
富邦新板,華城,0,14,-14
富邦新板,遠見,1,15,-14
富邦新板,雷虎,1,15,-14
富邦新板,聚亨,0,14,-14
富邦新板,陽明,35,49,-14
富邦新板,台塑化,1,15,-14
富邦新板,遠東銀,0,13,-13
富邦新板,台積電,17,30,-13
富邦新板,宏致,13,26,-13
富邦新板,欣銓,35,47,-12
富邦新板,新建,4,16,-12
富邦新板,00687B國泰20年美債,3,15,-12
富邦新板,友輝,3,15,-12
富邦新板,振曜,2,14,-12
富邦新板,友訊,21,33,-12
富邦新板,jpp-KY,0,12,-12
富邦新板,堤維西,1,13,-12
永豐忠孝,00904新光臺灣半導體30,101,1,100
永豐忠孝,00726B國泰新興投等債,97,0,97
永豐忠孝,順達,83,32,51
永豐忠孝,台化,52,2,50
永豐忠孝,00971野村美國研發龍頭,47,0,47
永豐忠孝,020033統一�琤肮黕篾,40,0,40
永豐忠孝,誠美材,38,0,38
永豐忠孝,友訊,40,6,34
永豐忠孝,00637L元大滬深300正2,39,6,33
永豐忠孝,00830國泰費城半導體,39,10,29
永豐忠孝,00937B群益ESG投等債20,29,4,25
永豐忠孝,得力,22,0,22
永豐忠孝,00918大華優利高填息30,22,0,22
永豐忠孝,00948B中信優息投資級債,20,0,20
永豐忠孝,宏遠證,20,0,20
永豐忠孝,00951台新日本半導體,20,0,20
永豐忠孝,錦明,18,0,18
永豐忠孝,00713元大台灣高息低波,20,4,16
永豐忠孝,興能高,127,112,15
永豐忠孝,jpp-KY,24,9,15
永豐忠孝,大銀微系統,18,4,14
永豐忠孝,泰金寶-DR,70,56,14
永豐忠孝,欣興,21,8,13
永豐忠孝,連展投控,16,3,13
永豐忠孝,00632R元大台灣50反1,12,0,12
永豐忠孝,富邦金,22,11,11
永豐忠孝,立隆電,56,44,12
永豐忠孝,佳能,25,14,11
永豐忠孝,力旺,11,0,11
永豐忠孝,景碩,11,0,11
永豐忠孝,中鋼,12,1,11
永豐忠孝,緯創,15,4,11
永豐忠孝,大同,15,5,10
永豐忠孝,台揚,10,0,10
永豐忠孝,時碩工業,10,0,10
永豐忠孝,聯茂,10,0,10
永豐忠孝,合晶,12,2,10
永豐忠孝,00650L復華香港正2,10,0,10
永豐忠孝,士電,10,0,10
永豐忠孝,聯光通,85,76,9
永豐忠孝,上詮,9,0,9
永豐忠孝,元大高股息,10,1,9
永豐忠孝,00646元大S＆P500,9,0,9
永豐忠孝,達邁,66,58,8
永豐忠孝,東台,8,0,8
永豐忠孝,寶成,10,2,8
永豐忠孝,六福,7,0,7
永豐忠孝,高端疫苗,7,0,7
永豐忠孝,精成科,10,3,7
永豐忠孝,00858永豐美國500大,6,0,6
永豐忠孝,凱基金,204,416,-212
永豐忠孝,力積電,6,150,-144
永豐忠孝,00909國泰數位支付服務,1,60,-59
永豐忠孝,長榮航,1,46,-45
永豐忠孝,聯電,69,112,-43
永豐忠孝,00895富邦未來車,7,50,-43
永豐忠孝,燿華,22,60,-38
永豐忠孝,00965元大航太防衛科技,1,36,-35
永豐忠孝,00679B元大美債20年,10,44,-34
永豐忠孝,00954中信日本半導體,1,33,-32
永豐忠孝,光洋科,1,31,-30
永豐忠孝,五福,0,26,-26
永豐忠孝,00924復華S＆P500成長,7,31,-24
永豐忠孝,雍智科技,2,24,-22
永豐忠孝,華航,7,28,-21
永豐忠孝,00631L元大台灣50正2,12,32,-20
永豐忠孝,新盛力,103,120,-17
永豐忠孝,仁寶,0,17,-17
永豐忠孝,新光金,1,18,-17
永豐忠孝,00675L富邦臺灣加權正2,4,19,-15
永豐忠孝,裕隆,12,27,-15
永豐忠孝,00933B國泰10Y+金融債,1,15,-14
永豐忠孝,欣銓,1,14,-13
永豐忠孝,華星光,108,121,-13
永豐忠孝,合庫金,2,13,-11
永豐忠孝,陽明,1,12,-11
永豐忠孝,元大台灣50,0,11,-11
永豐忠孝,中裕,2,12,-10
永豐忠孝,00665L富邦�琤肭磪囓�2,6,16,-10
永豐忠孝,00680L元大美債20正2,20,30,-10
永豐忠孝,新纖,0,9,-9
永豐忠孝,強信-KY,0,9,-9
永豐忠孝,00953B群益優選非投等債,11,20,-9
永豐忠孝,雷科,0,9,-9
永豐忠孝,大成,0,9,-9
永豐忠孝,波若威,54,62,-8
永豐忠孝,友達,2,10,-8
永豐忠孝,逸達,0,8,-8
永豐忠孝,東捷,0,8,-8
永豐忠孝,00923群益台ESG低碳50,6,14,-8
永豐忠孝,鴻海,21,29,-8
永豐忠孝,亞翔,21,28,-7
永豐忠孝,台積電,3,11,-8
永豐忠孝,亞光,17,24,-7
永豐忠孝,太欣,0,7,-7
永豐忠孝,艾訊,0,7,-7
永豐忠孝,達興材料,3,10,-7
永豐忠孝,00929復華台灣科技優息,27,34,-7
永豐忠孝,00877復華中國5G,0,6,-6
永豐忠孝,光寶科,0,6,-6
致和佳里,泰金寶-DR,136,54,82
致和佳里,聯光通,100,27,73
致和佳里,聯電,69,4,65
致和佳里,第一金,61,0,61
致和佳里,神達,135,78,57
致和佳里,立��,30,10,20
致和佳里,前鼎,15,0,15
致和佳里,長榮,20,6,14
致和佳里,廣達,13,1,12
致和佳里,00940元大台灣價值高息,10,0,10
致和佳里,元大高股息,10,0,10
致和佳里,亞光,11,1,10
致和佳里,景碩,10,0,10
致和佳里,晶彩科,10,0,10
致和佳里,國光生,10,0,10
致和佳里,合一,8,0,8
致和佳里,00858永豐美國500大,8,0,8
致和佳里,陽明,12,4,8
致和佳里,台塑,11,4,7
致和佳里,00637L元大滬深300正2,6,0,6
致和佳里,加百裕,14,8,6
致和佳里,耿鼎,5,0,5
致和佳里,聚亨,5,0,5
致和佳里,英業達,7,2,5
致和佳里,佳能,7,2,5
致和佳里,一詮,5,0,5
致和佳里,晟銘電,5,0,5
致和佳里,寶德,5,0,5
致和佳里,友威科,5,0,5
致和佳里,中天,5,0,5
致和佳里,00922國泰台灣領袖50,5,1,4
致和佳里,聯發,4,0,4
致和佳里,富喬,5,1,4
致和佳里,波若威,25,21,4
致和佳里,宏齊,5,1,4
致和佳里,創威,4,0,4
致和佳里,昇陽半導體,7,3,4
致和佳里,00882中信中國高股息,3,0,3
致和佳里,00687B國泰20年美債,3,0,3
致和佳里,廣宇,11,8,3
致和佳里,盟立,3,0,3
致和佳里,天方能源,3,0,3
致和佳里,中美晶,3,0,3
致和佳里,中租-KY,3,0,3
致和佳里,群益證,3,0,3
致和佳里,九豪,3,0,3
致和佳里,力成,4,1,3
致和佳里,寬宏藝術,3,0,3
致和佳里,穩得,3,0,3
致和佳里,大億金茂,3,0,3
致和佳里,新光金,10,110,-100
致和佳里,華南金,0,63,-63
致和佳里,凱基金,0,53,-53
致和佳里,00927群益半導體收益,1,40,-39
致和佳里,宏達電,7,42,-35
致和佳里,00937B群益ESG投等債20,0,26,-26
致和佳里,00881國泰台灣5G+,0,25,-25
致和佳里,力積電,14,37,-23
致和佳里,00929復華台灣科技優息,1,20,-19
致和佳里,00905FT臺灣Smart,0,15,-15
致和佳里,上詮,0,15,-15
致和佳里,群創,0,15,-15
致和佳里,00915凱基優選高股息30,2,15,-13
致和佳里,友訊,5,16,-11
致和佳里,00909國泰數位支付服務,4,14,-10
致和佳里,裕隆,1,10,-9
致和佳里,鼎元,0,9,-9
致和佳里,00895富邦未來車,0,8,-8
致和佳里,大亞,0,7,-7
致和佳里,燿華,0,7,-7
致和佳里,僑威,5,12,-7
致和佳里,精確,0,7,-7
致和佳里,迅得,0,7,-7
致和佳里,台積電,1,7,-6
致和佳里,鴻海,8,13,-5
致和佳里,00878國泰永續高股息,5,10,-5
致和佳里,川寶,0,5,-5
致和佳里,超豐,0,5,-5
致和佳里,欣銓,0,5,-5
致和佳里,彬台,0,5,-5
致和佳里,宏致,0,5,-5
致和佳里,弘凱,0,5,-5
致和佳里,致和證,0,5,-5
致和佳里,華新,3,7,-4
致和佳里,00971野村美國研發龍頭,0,4,-4
致和佳里,生達,0,4,-4
致和佳里,弘憶股,0,4,-4
致和佳里,佳凌,0,4,-4
致和佳里,擎亞,1,5,-4
致和佳里,00712復華富時不動產,0,3,-3
致和佳里,00924復華S＆P500成長,0,3,-3
致和佳里,華城,8,11,-3
致和佳里,福懋,0,3,-3
致和佳里,華邦電,3,6,-3
致和佳里,國泰金,0,3,-3
致和佳里,益登,0,3,-3
致和佳里,連展投控,0,3,-3
致和佳里,日月光投控,0,3,-3
致和佳里,胡連,0,3,-3
致和佳里,GIS-KY,0,3,-3
兆豐板橋,圓剛,481,1,480
兆豐板橋,立隆電,268,17,251
兆豐板橋,鈺齊-KY,131,3,128
兆豐板橋,宏齊,62,0,62
兆豐板橋,商億-KY,60,0,60
兆豐板橋,00858永豐美國500大,62,5,57
兆豐板橋,聯電,43,8,35
兆豐板橋,兆豐金,29,2,27
兆豐板橋,精成科,74,49,25
兆豐板橋,00679B元大美債20年,37,15,22
兆豐板橋,00632R元大台灣50反1,14,0,14
兆豐板橋,00909國泰數位支付服務,14,0,14
兆豐板橋,瑞鼎,13,0,13
兆豐板橋,第一金,15,2,13
兆豐板橋,00751B元大AAA至A公司債,12,0,12
兆豐板橋,堤維西,11,0,11
兆豐板橋,泰鼎-KY,11,0,11
兆豐板橋,光環,10,0,10
兆豐板橋,富邦金,10,0,10
兆豐板橋,00893國泰智能電動車,10,0,10
兆豐板橋,00637L元大滬深300正2,10,0,10
兆豐板橋,00924復華S＆P500成長,10,0,10
兆豐板橋,台泥,10,0,10
兆豐板橋,00922國泰台灣領袖50,22,15,7
兆豐板橋,大同,10,3,7
兆豐板橋,華航,20,13,7
兆豐板橋,遠百,11,4,7
兆豐板橋,穎漢,7,0,7
兆豐板橋,所羅門,6,0,6
兆豐板橋,定穎投控,7,1,6
兆豐板橋,00645富邦日本,5,0,5
兆豐板橋,宜進,5,0,5
兆豐板橋,豐興,5,0,5
兆豐板橋,英業達,5,0,5
兆豐板橋,2887E台新戊特,5,0,5
兆豐板橋,福永生技,5,0,5
兆豐板橋,達輝-KY,5,0,5
兆豐板橋,中光電,5,0,5
兆豐板橋,萬泰科,5,0,5
兆豐板橋,詮欣,5,0,5
兆豐板橋,006208富邦台50,9,5,4
兆豐板橋,欣興,4,0,4
兆豐板橋,中砂,5,1,4
兆豐板橋,宏遠,4,0,4
兆豐板橋,元大高股息,5,2,3
兆豐板橋,00713元大台灣高息低波,3,0,3
兆豐板橋,中興電,4,1,3
兆豐板橋,濱川,6,3,3
兆豐板橋,宏��,4,1,3
兆豐板橋,聯鈞,24,21,3
兆豐板橋,00938凱基優選30,0,2668,-2668
兆豐板橋,00673R期元大S＆P原油反1,0,350,-350
兆豐板橋,神達,175,413,-238
兆豐板橋,友達,1,152,-151
兆豐板橋,00980B台新特選IG債10+,0,130,-130
兆豐板橋,新日興,2,101,-99
兆豐板橋,中鋼,1,62,-61
兆豐板橋,佰鴻,0,61,-61
兆豐板橋,菱生,0,50,-50
兆豐板橋,佳能,27,76,-49
兆豐板橋,00712復華富時不動產,0,35,-35
兆豐板橋,台新金,0,30,-30
兆豐板橋,00941中信上游半導體,0,30,-30
兆豐板橋,宏達電,30,51,-21
兆豐板橋,力積電,1,21,-20
兆豐板橋,昇達科,6,24,-18
兆豐板橋,鴻海,9,25,-16
兆豐板橋,精材,1,15,-14
兆豐板橋,亞元,0,13,-13
兆豐板橋,00940元大台灣價值高息,0,12,-12
兆豐板橋,東台,0,12,-12
兆豐板橋,華星光,17,28,-11
兆豐板橋,00923群益台ESG低碳50,0,10,-10
兆豐板橋,日月光投控,2,12,-10
兆豐板橋,00965元大航太防衛科技,0,10,-10
兆豐板橋,訊舟,0,10,-10
兆豐板橋,康舒,0,10,-10
兆豐板橋,玉山金,0,10,-10
兆豐板橋,威盛,3,12,-9
兆豐板橋,海韻電,0,9,-9
兆豐板橋,台塑,10,19,-9
兆豐板橋,00918大華優利高填息30,2,10,-8
兆豐板橋,長佳智能,0,7,-7
兆豐板橋,鴻準,0,6,-6
兆豐板橋,瑞智,0,6,-6
兆豐板橋,群光,2,8,-6
兆豐板橋,台積電,6,12,-6
兆豐板橋,國票金,0,5,-5
兆豐板橋,宏致,4,9,-5
兆豐板橋,世紀,0,5,-5
兆豐板橋,00905FT臺灣Smart,0,5,-5
兆豐板橋,東元,0,5,-5
兆豐板橋,前鼎,1,6,-5
兆豐板橋,德記,0,5,-5
兆豐板橋,森崴能源,0,5,-5
兆豐板橋,北基,0,5,-5
兆豐板橋,南亞,0,4,-4
兆豐板橋,台化,0,4,-4
兆豐板橋,合機,0,4,-4
兆豐板橋,建準,0,4,-4
兆豐桃鶯,金寶,76,8,68
兆豐桃鶯,聯電,78,11,67
兆豐桃鶯,00878國泰永續高股息,68,1,67
兆豐桃鶯,00673R期元大S＆P原油反1,70,10,60
兆豐桃鶯,00715L期街口布蘭特正2,70,26,44
兆豐桃鶯,元大高股息,39,1,38
兆豐桃鶯,00688L國泰20年美債正2,35,0,35
兆豐桃鶯,雷科,23,0,23
兆豐桃鶯,欣興,26,5,21
兆豐桃鶯,建達,20,0,20
兆豐桃鶯,浪凡,20,0,20
兆豐桃鶯,正達,16,0,16
兆豐桃鶯,00637L元大滬深300正2,14,0,14
兆豐桃鶯,欣銓,15,1,14
兆豐桃鶯,鴻海,15,2,13
兆豐桃鶯,00757統一FANG+,12,0,12
兆豐桃鶯,00915凱基優選高股息30,12,0,12
兆豐桃鶯,前鼎,15,3,12
兆豐桃鶯,友達,11,0,11
兆豐桃鶯,大成鋼,17,7,10
兆豐桃鶯,00670L富邦NASDAQ正2,10,0,10
兆豐桃鶯,00965元大航太防衛科技,10,0,10
兆豐桃鶯,光洋科,10,0,10
兆豐桃鶯,國產,10,0,10
兆豐桃鶯,基泰,10,0,10
兆豐桃鶯,台星科,10,0,10
兆豐桃鶯,群創,10,0,10
兆豐桃鶯,擎亞,10,0,10
兆豐桃鶯,元大台灣50,11,1,10
兆豐桃鶯,遠東銀,8,0,8
兆豐桃鶯,鉅祥,8,0,8
兆豐桃鶯,尼克森,8,0,8
兆豐桃鶯,00665L富邦�琤肭磪囓�2,7,0,7
兆豐桃鶯,立積,7,1,6
兆豐桃鶯,寶成,6,0,6
兆豐桃鶯,亞光,5,0,5
兆豐桃鶯,00642U期元大S＆P石油,5,0,5
兆豐桃鶯,00882中信中國高股息,5,0,5
兆豐桃鶯,圓剛,7,2,5
兆豐桃鶯,加百裕,8,3,5
兆豐桃鶯,佳總,5,0,5
兆豐桃鶯,泰福-KY,5,0,5
兆豐桃鶯,英業達,5,1,4
兆豐桃鶯,泰金寶-DR,9,5,4
兆豐桃鶯,立敦,28,25,3
兆豐桃鶯,00713元大台灣高息低波,3,0,3
兆豐桃鶯,00905FT臺灣Smart,3,0,3
兆豐桃鶯,00679B元大美債20年,3,0,3
兆豐桃鶯,台泥,3,0,3
兆豐桃鶯,華新,4,1,3
兆豐桃鶯,00980B台新特選IG債10+,0,122,-122
兆豐桃鶯,立隆電,13,109,-96
兆豐桃鶯,00940元大台灣價值高息,1,69,-68
兆豐桃鶯,大同,1,42,-41
兆豐桃鶯,00858永豐美國500大,4,40,-36
兆豐桃鶯,00830國泰費城半導體,1,34,-33
兆豐桃鶯,玉山金,3,36,-33
兆豐桃鶯,宏致,4,37,-33
兆豐桃鶯,台通,0,30,-30
兆豐桃鶯,全新,17,42,-25
兆豐桃鶯,00919群益台灣精選高息,3,25,-22
兆豐桃鶯,緯創,8,30,-22
兆豐桃鶯,00941中信上游半導體,0,20,-20
兆豐桃鶯,波若威,9,25,-16
兆豐桃鶯,00929復華台灣科技優息,0,14,-14
兆豐桃鶯,中纖,0,13,-13
兆豐桃鶯,太普高,0,13,-13
兆豐桃鶯,新光金,1,13,-12
兆豐桃鶯,精成科,1,13,-12
兆豐桃鶯,騰輝電子-KY,0,12,-12
兆豐桃鶯,00887永豐中國科技50大,0,11,-11
兆豐桃鶯,南亞,0,11,-11
兆豐桃鶯,神基,1,12,-11
兆豐桃鶯,連展投控,3,14,-11
兆豐桃鶯,中鋼,0,11,-11
兆豐桃鶯,00897富邦基因免疫生技,0,10,-10
兆豐桃鶯,宏達電,31,41,-10
兆豐桃鶯,華容,0,10,-10
兆豐桃鶯,00910第一金太空衛星,1,10,-9
兆豐桃鶯,海光,1,10,-9
兆豐桃鶯,臺企銀,1,10,-9
兆豐桃鶯,華南金,0,9,-9
兆豐桃鶯,中砂,0,9,-9
兆豐桃鶯,聯發科,0,8,-8
兆豐桃鶯,福懋科,0,7,-7
兆豐桃鶯,00927群益半導體收益,0,6,-6
兆豐桃鶯,三商壽,0,6,-6
兆豐桃鶯,神達,43,49,-6
兆豐桃鶯,台灣虎航,6,12,-6
兆豐桃鶯,00933B國泰10Y+金融債,0,6,-6
兆豐桃鶯,00949復華日本龍頭,0,6,-6
兆豐桃鶯,威健,1,6,-5
兆豐桃鶯,谷崧,0,5,-5
兆豐桃鶯,健椿,0,5,-5
兆豐桃鶯,聯光通,5,10,-5
兆豐桃鶯,華孚,0,5,-5
兆豐桃鶯,00675L富邦臺灣加權正2,0,5,-5
兆豐桃鶯,永冠-KY,0,4,-4
兆豐桃鶯,上銀,1,5,-4
兆豐桃鶯,廣宇,13,17,-4
永豐松山,彰銀,200,5,195
永豐松山,聯電,120,23,97
永豐松山,00680L元大美債20正2,100,5,95
永豐松山,泰金寶-DR,109,16,93
永豐松山,華星光,91,22,69
永豐松山,00937B群益ESG投等債20,91,25,66
永豐松山,00751B元大AAA至A公司債,65,0,65
永豐松山,宣德,57,0,57
永豐松山,長榮航太,50,0,50
永豐松山,大同,74,41,33
永豐松山,00910第一金太空衛星,30,0,30
永豐松山,南僑,28,0,28
永豐松山,元大高股息,35,10,25
永豐松山,00918大華優利高填息30,32,10,22
永豐松山,上海商銀,20,0,20
永豐松山,立積,20,1,19
永豐松山,00770國泰北美科技,16,0,16
永豐松山,中纖,16,0,16
永豐松山,00725B國泰投資級公司債,15,0,15
永豐松山,眾達-KY,28,13,15
永豐松山,揚明光,16,2,14
永豐松山,大成鋼,14,0,14
永豐松山,全新,17,3,14
永豐松山,00929復華台灣科技優息,33,20,13
永豐松山,00727B國泰優選非投等債,12,0,12
永豐松山,欣興,22,10,12
永豐松山,00638R元大滬深300反1,12,0,12
永豐松山,聯鈞,31,19,12
永豐松山,00878國泰永續高股息,13,2,11
永豐松山,合庫金,11,0,11
永豐松山,中鋼,13,2,11
永豐松山,00960野村全球航運龍頭,11,1,10
永豐松山,統一實,10,0,10
永豐松山,昇陽半導體,32,22,10
永豐松山,00959B大華投等美債15Y+,10,0,10
永豐松山,首利,10,0,10
永豐松山,新漢,10,0,10
永豐松山,00917中信特選金融,10,0,10
永豐松山,00676R富邦臺灣加權反1,10,0,10
永豐松山,環宇-KY,36,26,10
永豐松山,台化,10,1,9
永豐松山,中信金,10,1,9
永豐松山,台灣虎航,12,3,9
永豐松山,群光,10,1,9
永豐松山,緯創,36,28,8
永豐松山,00891中信關鍵半導體,8,0,8
永豐松山,00949復華日本龍頭,8,0,8
永豐松山,永豐金,8,0,8
永豐松山,00665L富邦�琤肭磪囓�2,7,0,7
永豐松山,00858永豐美國500大,9,2,7
永豐松山,00940元大台灣價值高息,0,342,-342
永豐松山,00885富邦越南,3,200,-197
永豐松山,神達,86,243,-157
永豐松山,長榮航,0,115,-115
永豐松山,00830國泰費城半導體,2,109,-107
永豐松山,日月光投控,1,101,-100
永豐松山,佳世達,0,90,-90
永豐松山,00882中信中國高股息,5,81,-76
永豐松山,興能高,220,280,-60
永豐松山,宏致,2,54,-52
永豐松山,00881國泰台灣5G+,1,50,-49
永豐松山,中華電,0,45,-45
永豐松山,旺宏,7,50,-43
永豐松山,00712復華富時不動產,0,32,-32
永豐松山,龍德造船,0,31,-31
永豐松山,燿華,1,32,-31
永豐松山,神基,4,32,-28
永豐松山,友達,20,48,-28
永豐松山,欣銓,3,30,-27
永豐松山,金寶,16,42,-26
永豐松山,融程電,0,25,-25
永豐松山,彬台,9,33,-24
永豐松山,和勤,0,23,-23
永豐松山,群創,1,23,-22
永豐松山,00919群益台灣精選高息,26,47,-21
永豐松山,新光金,0,21,-21
永豐松山,冠德,10,30,-20
永豐松山,今皓,0,20,-20
永豐松山,藥華藥,0,20,-20
永豐松山,00675L富邦臺灣加權正2,2,21,-19
永豐松山,00687B國泰20年美債,24,43,-19
永豐松山,南良,0,18,-18
永豐松山,力積電,317,334,-17
永豐松山,中鴻,5,22,-17
永豐松山,立敦,17,34,-17
永豐松山,亞翔,1,18,-17
永豐松山,新日興,3,20,-17
永豐松山,聯茂,0,17,-17
永豐松山,國光生,5,21,-16
永豐松山,00631L元大台灣50正2,4,20,-16
永豐松山,如興,0,16,-16
永豐松山,萬潤,3,19,-16
永豐松山,凱基金,0,16,-16
永豐松山,菱光,2,17,-15
永豐松山,00941中信上游半導體,0,15,-15
永豐松山,台積電,11,26,-15
永豐松山,劍湖山,8,22,-14
永豐松山,00948B中信優息投資級債,1,15,-14
永豐松山,波若威,70,83,-13
永豐松山,元太,0,13,-13
華南岡山,彰銀,789,10,779
華南岡山,聯電,446,136,310
華南岡山,00637L元大滬深300正2,172,10,162
華南岡山,00971野村美國研發龍頭,80,10,70
華南岡山,太子,55,20,35
華南岡山,興能高,84,52,32
華南岡山,元大高股息,30,0,30
華南岡山,旺宏,34,5,29
華南岡山,永豐金,31,3,28
華南岡山,台揚,26,1,25
華南岡山,新光金,51,26,25
華南岡山,長科*,22,0,22
華南岡山,00947台新臺灣IC設計,20,0,20
華南岡山,精成科,25,5,20
華南岡山,00675L富邦臺灣加權正2,20,0,20
華南岡山,臺企銀,20,0,20
華南岡山,中鋼,33,15,18
華南岡山,高端疫苗,20,2,18
華南岡山,元大金,17,0,17
華南岡山,長榮航太,15,0,15
華南岡山,兆豐金,14,0,14
華南岡山,台泥,15,1,14
華南岡山,力麒,21,9,12
華南岡山,圓剛,12,0,12
華南岡山,神達,81,69,12
華南岡山,國建,11,0,11
華南岡山,光環,11,0,11
華南岡山,精材,18,7,11
華南岡山,欣興,11,1,10
華南岡山,威致,10,0,10
華南岡山,台塑化,10,0,10
華南岡山,新建,10,0,10
華南岡山,00882中信中國高股息,11,1,10
華南岡山,皇昌,10,0,10
華南岡山,00878國泰永續高股息,13,3,10
華南岡山,寬宏藝術,9,0,9
華南岡山,連展投控,12,3,9
華南岡山,00680L元大美債20正2,12,3,9
華南岡山,力積電,34,25,9
華南岡山,沛波,8,0,8
華南岡山,大同,11,3,8
華南岡山,三商電,7,0,7
華南岡山,00915凱基優選高股息30,11,4,7
華南岡山,00919群益台灣精選高息,13,7,6
華南岡山,IKKA-KY,9,3,6
華南岡山,00751B元大AAA至A公司債,6,0,6
華南岡山,惠特,7,1,6
華南岡山,廣達,7,1,6
華南岡山,聯鈞,33,28,5
華南岡山,正新,8,3,5
華南岡山,斐成,0,90,-90
華南岡山,00929復華台灣科技優息,0,50,-50
華南岡山,00905FT臺灣Smart,0,42,-42
華南岡山,富喬,47,89,-42
華南岡山,00632R元大台灣50反1,0,36,-36
華南岡山,宏達電,85,118,-33
華南岡山,潤泰全,0,30,-30
華南岡山,台塑,23,46,-23
華南岡山,榮剛,0,22,-22
華南岡山,中信金,0,21,-21
華南岡山,聯茂,1,22,-21
華南岡山,上曜,0,21,-21
華南岡山,00940元大台灣價值高息,0,20,-20
華南岡山,康和證,0,20,-20
華南岡山,采鈺,0,20,-20
華南岡山,星宇航空,12,31,-19
華南岡山,順達,3,22,-19
華南岡山,新唐,0,18,-18
華南岡山,日月光投控,3,20,-17
華南岡山,群創,10,27,-17
華南岡山,華南金,1,18,-17
華南岡山,華航,0,16,-16
華南岡山,威剛,0,14,-14
華南岡山,玉山金,1,14,-13
華南岡山,00922國泰台灣領袖50,1,14,-13
華南岡山,欣銓,4,17,-13
華南岡山,台聚,0,12,-12
華南岡山,凌陽,0,12,-12
華南岡山,千興,0,11,-11
華南岡山,麗清,0,11,-11
華南岡山,006208富邦台50,0,11,-11
華南岡山,中興電,12,22,-10
華南岡山,永道-KY,0,10,-10
華南岡山,永捷,2,12,-10
華南岡山,和大,0,10,-10
華南岡山,大成鋼,7,16,-9
華南岡山,瑞軒,0,9,-9
華南岡山,凱基金,30,38,-8
華南岡山,華城,4,12,-8
華南岡山,宏致,5,13,-8
華南岡山,橋椿,0,8,-8
華南岡山,華夏,0,8,-8
華南岡山,擎亞,4,12,-8
華南岡山,華星光,50,57,-7
華南岡山,台積電,3,9,-6
華南岡山,奇鋐,10,16,-6
華南岡山,新日興,0,6,-6
華南岡山,友訊,0,6,-6
華南岡山,尖點,0,6,-6
華南岡山,光寶科,0,6,-6
國票和平,00632R元大台灣50反1,177,0,177
國票和平,00940元大台灣價值高息,79,0,79
國票和平,中鋼,119,48,71
國票和平,矽格,60,3,57
國票和平,00882中信中國高股息,53,0,53
國票和平,元大金,40,0,40
國票和平,00937B群益ESG投等債20,38,0,38
國票和平,亞光,34,3,31
國票和平,大成鋼,62,34,28
國票和平,英業達,31,6,25
國票和平,00725B國泰投資級公司債,23,1,22
國票和平,堤維西,20,1,19
國票和平,東洋,19,0,19
國票和平,邁達特,21,3,18
國票和平,欣興,20,5,15
國票和平,三商,15,0,15
國票和平,泰金寶-DR,50,35,15
國票和平,元大高股息,14,1,13
國票和平,00633L富邦上証正2,12,0,12
國票和平,兆豐金,11,0,11
國票和平,統一超,10,0,10
國票和平,台揚,10,0,10
國票和平,九豪,10,0,10
國票和平,鴻準,10,2,8
國票和平,矽統,8,0,8
國票和平,茂訊,8,0,8
國票和平,擎亞,15,7,8
國票和平,耿鼎,12,5,7
國票和平,百容,7,0,7
國票和平,金寶,8,2,6
國票和平,00655L國泰中國A50正2,6,0,6
國票和平,永冠-KY,6,0,6
國票和平,揚明光,6,0,6
國票和平,大田,6,0,6
國票和平,中石化,18,13,5
國票和平,00637L元大滬深300正2,29,24,5
國票和平,美律,7,2,5
國票和平,三商壽,5,0,5
國票和平,光環,5,0,5
國票和平,連展投控,12,7,5
國票和平,和椿,8,3,5
國票和平,金居,5,0,5
國票和平,百和興業-KY,5,0,5
國票和平,百和,5,0,5
國票和平,直得,5,0,5
國票和平,聯鈞,6,2,4
國票和平,凌陽,4,0,4
國票和平,世禾,4,0,4
國票和平,大宇資,4,0,4
國票和平,力成,4,0,4
國票和平,凱基金,0,126,-126
國票和平,京元電子,0,42,-42
國票和平,宏達電,9,43,-34
國票和平,00720B元大投資級公司債,0,33,-33
國票和平,台灣虎航,0,27,-27
國票和平,神達,20,44,-24
國票和平,富采,0,22,-22
國票和平,力積電,3,25,-22
國票和平,精誠,0,20,-20
國票和平,國泰金,0,19,-19
國票和平,友輝,0,18,-18
國票和平,台光電,0,12,-12
國票和平,鴻海,3,14,-11
國票和平,星宇航空,0,10,-10
國票和平,彰銀,0,10,-10
國票和平,聯邦銀,0,10,-10
國票和平,立敦,21,30,-9
國票和平,欣銓,2,10,-8
國票和平,00929復華台灣科技優息,0,7,-7
國票和平,彰源,0,7,-7
國票和平,正新,1,8,-7
國票和平,廣達,7,13,-6
國票和平,緯創,11,17,-6
國票和平,台積電,3,9,-6
國票和平,國際中橡,0,6,-6
國票和平,大同,4,10,-6
國票和平,00638R元大滬深300反1,0,5,-5
國票和平,正道,0,5,-5
國票和平,台亞,0,5,-5
國票和平,全新,2,7,-5
國票和平,普安,0,5,-5
國票和平,憶聲,0,5,-5
國票和平,全科,0,5,-5
國票和平,東浦,0,5,-5
國票和平,艾笛森,0,5,-5
國票和平,伊雲谷,0,5,-5
國票和平,喬山,0,4,-4
國票和平,科妍,4,8,-4
國票和平,燁興,0,4,-4
國票和平,正崴,0,4,-4
國票和平,聿新科,0,4,-4
國票和平,森崴能源,0,4,-4
國票和平,台塑,0,4,-4
國票和平,奇鋐,0,3,-3
國票和平,雙鴻,1,4,-3
國票和平,陽明,5,8,-3
國票和平,華通,11,14,-3
國票和平,東森,0,3,-3
國票和平,中信金,0,3,-3
國票和平,原相,1,4,-3
宏遠台中,00953B群益優選非投等債,258,0,258
宏遠台中,聯電,52,1,51
宏遠台中,00637L元大滬深300正2,50,0,50
宏遠台中,泰金寶-DR,30,6,24
宏遠台中,久昌,22,2,20
宏遠台中,立��,14,1,13
宏遠台中,立端,13,0,13
宏遠台中,永豐金,12,0,12
宏遠台中,達邁,20,9,11
宏遠台中,連展投控,10,0,10
宏遠台中,旺矽,10,0,10
宏遠台中,神達,59,50,9
宏遠台中,00632R元大台灣50反1,9,0,9
宏遠台中,廣達,9,0,9
宏遠台中,力積電,12,4,8
宏遠台中,00940元大台灣價值高息,18,11,7
宏遠台中,全新,13,6,7
宏遠台中,合庫金,7,0,7
宏遠台中,長榮航,10,3,7
宏遠台中,建達,6,0,6
宏遠台中,力山,5,0,5
宏遠台中,00980B台新特選IG債10+,5,0,5
宏遠台中,00680L元大美債20正2,5,0,5
宏遠台中,台玻,5,0,5
宏遠台中,金寶,6,1,5
宏遠台中,佳醫,5,0,5
宏遠台中,信立,5,0,5
宏遠台中,群益證,5,0,5
宏遠台中,匯鑽科,5,0,5
宏遠台中,緯創,8,3,5
宏遠台中,昇陽半導體,7,3,4
宏遠台中,亞光,7,3,4
宏遠台中,00633L富邦上証正2,4,0,4
宏遠台中,皇昌,11,7,4
宏遠台中,光環,5,1,4
宏遠台中,商億-KY,6,2,4
宏遠台中,立積,4,1,3
宏遠台中,00675L富邦臺灣加權正2,20,17,3
宏遠台中,永裕,3,0,3
宏遠台中,美律,3,0,3
宏遠台中,欣興,3,0,3
宏遠台中,旭富,3,0,3
宏遠台中,全球傳動,3,0,3
宏遠台中,寶成,3,0,3
宏遠台中,大銀微系統,5,3,2
宏遠台中,鴻準,2,0,2
宏遠台中,榮剛,2,0,2
宏遠台中,系統電,2,0,2
宏遠台中,宏洲,2,0,2
宏遠台中,00770國泰北美科技,3,1,2
宏遠台中,台塑,22,139,-117
宏遠台中,三商壽,0,78,-78
宏遠台中,00945B凱基美國非投等債,0,73,-73
宏遠台中,鈺齊-KY,1,61,-60
宏遠台中,00929復華台灣科技優息,0,56,-56
宏遠台中,00941中信上游半導體,0,52,-52
宏遠台中,友訊,8,40,-32
宏遠台中,志強-KY,25,52,-27
宏遠台中,英業達,56,80,-24
宏遠台中,華星光,14,31,-17
宏遠台中,恆大,0,15,-15
宏遠台中,冠西電,0,15,-15
宏遠台中,新日興,2,14,-12
宏遠台中,富邦金,0,11,-11
宏遠台中,欣銓,1,12,-11
宏遠台中,群創,0,11,-11
宏遠台中,00643群益深証中小,0,10,-10
宏遠台中,00951台新日本半導體,0,10,-10
宏遠台中,建準,0,10,-10
宏遠台中,永彰,0,10,-10
宏遠台中,宏達電,5,15,-10
宏遠台中,福裕,0,9,-9
宏遠台中,吉茂,0,7,-7
宏遠台中,毛寶,16,23,-7
宏遠台中,台積電,5,12,-7
宏遠台中,裕隆,0,6,-6
宏遠台中,台達電,0,6,-6
宏遠台中,燿華,0,6,-6
宏遠台中,00905FT臺灣Smart,0,5,-5
宏遠台中,00895富邦未來車,0,5,-5
宏遠台中,興泰,0,5,-5
宏遠台中,喬福,0,5,-5
宏遠台中,喬山,0,5,-5
宏遠台中,一詮,3,8,-5
宏遠台中,萬海,21,26,-5
宏遠台中,TPK-KY,0,5,-5
宏遠台中,百和興業-KY,0,5,-5
宏遠台中,合騏,5,10,-5
宏遠台中,怡利電,0,5,-5
宏遠台中,華城,3,7,-4
宏遠台中,上銀,3,7,-4
宏遠台中,宇隆,1,5,-4
宏遠台中,聯上發,1,5,-4
宏遠台中,昇貿,0,4,-4
宏遠台中,高鋒,0,4,-4
宏遠台中,亞翔,0,4,-4
宏遠台中,瀧澤科,0,4,-4
宏遠台中,龍德造船,0,4,-4
宏遠台中,菱光,5,9,-4
宏遠台中,中興電,2,5,-3
群益館前,00919群益台灣精選高息,94,0,94
群益館前,00937B群益ESG投等債20,72,0,72
群益館前,亞通,69,4,65
群益館前,00795B中信美國公債20年,70,5,65
群益館前,00915凱基優選高股息30,55,0,55
群益館前,華廣,34,0,34
群益館前,盟立,32,0,32
群益館前,兆豐金,33,2,31
群益館前,聯電,63,32,31
群益館前,立��,151,123,28
群益館前,台揚,30,3,27
群益館前,00679B元大美債20年,22,0,22
群益館前,永崴投控,22,1,21
群益館前,00673R期元大S＆P原油反1,20,0,20
群益館前,中鋼,20,1,19
群益館前,威盛,18,0,18
群益館前,大成鋼,146,130,16
群益館前,盛餘,15,0,15
群益館前,jpp-KY,16,2,14
群益館前,中鴻,13,0,13
群益館前,00953B群益優選非投等債,13,0,13
群益館前,連展投控,14,2,12
群益館前,華航,12,0,12
群益館前,友達,13,3,10
群益館前,00713元大台灣高息低波,10,0,10
群益館前,宇隆,22,12,10
群益館前,正新,10,0,10
群益館前,精英,10,0,10
群益館前,森崴能源,10,0,10
群益館前,台郡,10,0,10
群益館前,佳能,10,0,10
群益館前,光群雷,59,50,9
群益館前,友訊,11,2,9
群益館前,宏致,141,132,9
群益館前,富喬,348,340,8
群益館前,大亞,9,1,8
群益館前,聯鈞,194,187,7
群益館前,00670L富邦NASDAQ正2,7,0,7
群益館前,台泥,7,0,7
群益館前,環宇-KY,361,354,7
群益館前,立隆電,30,24,6
群益館前,統一超,6,0,6
群益館前,前鼎,38,32,6
群益館前,虹冠電,6,0,6
群益館前,和康生,6,0,6
群益館前,綠界科技*,20,14,6
群益館前,宏��,5,0,5
群益館前,00770國泰北美科技,5,0,5
群益館前,00637L元大滬深300正2,5,0,5
群益館前,和大,10,5,5
群益館前,力積電,41,598,-557
群益館前,00980B台新特選IG債10+,0,330,-330
群益館前,00948B中信優息投資級債,1,150,-149
群益館前,大同,10,123,-113
群益館前,華南金,0,82,-82
群益館前,00929復華台灣科技優息,0,73,-73
群益館前,立敦,22,77,-55
群益館前,00675L富邦臺灣加權正2,0,51,-51
群益館前,南亞,0,50,-50
群益館前,台塑,1,35,-34
群益館前,00878國泰永續高股息,21,43,-22
群益館前,上曜,0,21,-21
群益館前,昆盈,16,37,-21
群益館前,國建,0,20,-20
群益館前,精金,0,20,-20
群益館前,臺企銀,1,20,-19
群益館前,新盛力,601,619,-18
群益館前,00970B新光BBB投等債20,0,15,-15
群益館前,燿華,0,15,-15
群益館前,00952凱基台灣AI50,0,15,-15
群益館前,台產,0,15,-15
群益館前,群創,1,16,-15
群益館前,00887永豐中國科技50大,0,13,-13
群益館前,新日興,4,17,-13
群益館前,00926凱基全球菁英55,1,13,-12
群益館前,亞光,200,212,-12
群益館前,僑威,16,27,-11
群益館前,欣銓,4,15,-11
群益館前,鴻準,3,13,-10
群益館前,00939統一台灣高息動能,0,10,-10
群益館前,朋億*,5,15,-10
群益館前,遠雄來,0,10,-10
群益館前,勤美,0,10,-10
群益館前,富強鑫,0,10,-10
群益館前,擎亞,92,102,-10
群益館前,今皓,0,9,-9
群益館前,00632R元大台灣50反1,1,10,-9
群益館前,迎輝,0,9,-9
群益館前,群益證,2,11,-9
群益館前,元大台灣50,1,10,-9
群益館前,奇鈦科,1,9,-8
群益館前,南茂,4,12,-8
群益館前,錩新,0,8,-8
群益館前,冠西電,20,27,-7
群益館前,富邦金,0,6,-6
群益館前,國泰金,0,6,-6
群益館前,00905FT臺灣Smart,0,6,-6
群益館前,精成科,106,112,-6
群益館前,華星光,147,153,-6
群益館前,安��,0,6,-6
凱基大里,00753L中信中國50正2,125,69,56
凱基大里,中鋼,34,0,34
凱基大里,00706L期元大S＆P日圓正2,31,0,31
凱基大里,合庫金,25,0,25
凱基大里,00665L富邦�琤肭磪囓�2,24,0,24
凱基大里,聯電,33,14,19
凱基大里,台積電,74,56,18
凱基大里,00858永豐美國500大,18,0,18
凱基大里,達邁,88,74,14
凱基大里,欣興,13,0,13
凱基大里,安集,13,0,13
凱基大里,00864B中信美國公債0-1,13,0,13
凱基大里,揚博,12,0,12
凱基大里,元大高股息,11,0,11
凱基大里,聯華,10,0,10
凱基大里,大亞,10,0,10
凱基大里,錸德,10,0,10
凱基大里,新興,10,0,10
凱基大里,光聯,10,0,10
凱基大里,長科*,10,0,10
凱基大里,鴻海,12,2,10
凱基大里,00945B凱基美國非投等債,11,2,9
凱基大里,國票金,9,0,9
凱基大里,英業達,12,3,9
凱基大里,耿鼎,10,2,8
凱基大里,先益,8,0,8
凱基大里,玉山金,11,3,8
凱基大里,00830國泰費城半導體,10,3,7
凱基大里,神達,99,92,7
凱基大里,眾達-KY,37,31,6
凱基大里,00917中信特選金融,6,0,6
凱基大里,巨庭,6,0,6
凱基大里,英濟,6,0,6
凱基大里,九暘,6,0,6
凱基大里,新漢,6,0,6
凱基大里,聰泰,6,0,6
凱基大里,士電,5,0,5
凱基大里,00708L期元大S＆P黃金正2,15,10,5
凱基大里,台泥,6,1,5
凱基大里,燿華,5,0,5
凱基大里,仲琦,5,0,5
凱基大里,美律,5,0,5
凱基大里,晟銘電,12,7,5
凱基大里,華晶科,5,0,5
凱基大里,加百裕,43,38,5
凱基大里,連展投控,5,0,5
凱基大里,華容,5,0,5
凱基大里,環宇-KY,39,35,4
凱基大里,華新,11,7,4
凱基大里,崑鼎,4,0,4
凱基大里,00893國泰智能電動車,0,415,-415
凱基大里,00940元大台灣價值高息,0,206,-206
凱基大里,00929復華台灣科技優息,0,95,-95
凱基大里,00887永豐中國科技50大,0,60,-60
凱基大里,力積電,15,68,-53
凱基大里,00878國泰永續高股息,5,53,-48
凱基大里,00971野村美國研發龍頭,71,114,-43
凱基大里,00965元大航太防衛科技,0,39,-39
凱基大里,00715L期街口布蘭特正2,0,30,-30
凱基大里,中信金,10,36,-26
凱基大里,茂迪,10,35,-25
凱基大里,00937B群益ESG投等債20,1,22,-21
凱基大里,00980B台新特選IG債10+,1,21,-20
凱基大里,華南金,0,17,-17
凱基大里,雷科,0,16,-16
凱基大里,亞泰金屬,0,15,-15
凱基大里,00909國泰數位支付服務,4,17,-13
凱基大里,中鴻,0,12,-12
凱基大里,宏達電,23,34,-11
凱基大里,力山,0,11,-11
凱基大里,大成鋼,0,11,-11
凱基大里,國泰金,0,10,-10
凱基大里,群創,4,14,-10
凱基大里,00882中信中國高股息,0,10,-10
凱基大里,瑞軒,0,10,-10
凱基大里,信音,0,10,-10
凱基大里,台聚,0,10,-10
凱基大里,順達,21,30,-9
凱基大里,凱基金,1,10,-9
凱基大里,潤泰新,1,8,-7
凱基大里,日月光投控,1,8,-7
凱基大里,三晃,1,8,-7
凱基大里,ITH-KY,2,9,-7
凱基大里,陽明,40,46,-6
凱基大里,華星光,31,37,-6
凱基大里,欣銓,23,29,-6
凱基大里,威盛,0,6,-6
凱基大里,鴻碩,0,6,-6
凱基大里,文曄,0,6,-6
凱基大里,正達,5,10,-5
凱基大里,006208富邦台50,0,5,-5
凱基大里,輔信,0,5,-5
凱基大里,僑威,15,20,-5
凱基大里,聖暉*,0,5,-5
凱基大里,北基,0,5,-5
凱基大里,宏致,7,11,-4
凱基大里,00935野村臺灣新科技50,0,4,-4
凱基大里,亞翔,9,13,-4
凱基大里,中工,2,6,-4
凱基大里,艾笛森,0,4,-4
國泰板橋,00937B群益ESG投等債20,758,18,740
國泰板橋,聯電,893,290,603
國泰板橋,00637L元大滬深300正2,761,398,363
國泰板橋,三商,302,3,299
國泰板橋,00687B國泰20年美債,227,52,175
國泰板橋,新盛力,570,411,159
國泰板橋,00919群益台灣精選高息,210,65,145
國泰板橋,北基,142,9,133
國泰板橋,中鋼,196,63,133
國泰板橋,泰金寶-DR,220,96,124
國泰板橋,00950B凱基A級公司債,116,2,114
國泰板橋,00909國泰數位支付服務,135,26,109
國泰板橋,00632R元大台灣50反1,120,24,96
國泰板橋,00969B元大零息超長美債,80,0,80
國泰板橋,立敦,132,58,74
國泰板橋,00882中信中國高股息,77,4,73
國泰板橋,玉山金,71,3,68
國泰板橋,00971野村美國研發龍頭,73,6,67
國泰板橋,00830國泰費城半導體,87,21,66
國泰板橋,揚智,76,15,61
國泰板橋,00795B中信美國公債20年,65,6,59
國泰板橋,精誠,63,5,58
國泰板橋,台燿,58,1,57
國泰板橋,00664R國泰臺灣加權反1,61,7,54
國泰板橋,00725B國泰投資級公司債,61,9,52
國泰板橋,緯創,144,93,51
國泰板橋,力成,50,2,48
國泰板橋,00679B元大美債20年,100,54,46
國泰板橋,00858永豐美國500大,48,6,42
國泰板橋,連展投控,68,27,41
國泰板橋,00757統一FANG+,80,42,38
國泰板橋,00905FT臺灣Smart,51,14,37
國泰板橋,加百裕,133,97,36
國泰板橋,永豐金,42,6,36
國泰板橋,台泥,35,0,35
國泰板橋,南港,53,19,34
國泰板橋,00719B元大美債1-3,34,1,33
國泰板橋,M31,33,1,32
國泰板橋,臺企銀,69,39,30
國泰板橋,大銀微系統,46,19,27
國泰板橋,00655L國泰中國A50正2,27,0,27
國泰板橋,00960野村全球航運龍頭,38,11,27
國泰板橋,00715L期街口布蘭特正2,27,2,25
國泰板橋,環宇-KY,169,144,25
國泰板橋,聯鈞,238,214,24
國泰板橋,大成鋼,38,15,23
國泰板橋,福懋油,29,6,23
國泰板橋,雲豹能源,33,10,23
國泰板橋,潤泰全,21,0,21
國泰板橋,全福生技,21,0,21
國泰板橋,凱基金,26,460,-434
國泰板橋,00929復華台灣科技優息,81,408,-327
國泰板橋,00940元大台灣價值高息,14,228,-214
國泰板橋,00948B中信優息投資級債,13,217,-204
國泰板橋,力積電,124,307,-183
國泰板橋,神達,478,642,-164
國泰板橋,00924復華S＆P500成長,42,200,-158
國泰板橋,欣興,88,244,-156
國泰板橋,00680L元大美債20正2,63,212,-149
國泰板橋,00951台新日本半導體,0,145,-145
國泰板橋,00934中信成長高股息,0,135,-135
國泰板橋,00877復華中國5G,0,129,-129
國泰板橋,遠東銀,11,130,-119
國泰板橋,宏��,43,161,-118
國泰板橋,00688L國泰20年美債正2,70,175,-105
國泰板橋,友達,20,125,-105
國泰板橋,00953B群益優選非投等債,47,138,-91
國泰板橋,台新金,75,161,-86
國泰板橋,鴻海,91,174,-83
國泰板橋,元大台灣50,22,101,-79
國泰板橋,00922國泰台灣領袖50,18,95,-77
國泰板橋,00926凱基全球菁英55,11,88,-77
國泰板橋,富邦金,29,105,-76
國泰板橋,00918大華優利高填息30,77,152,-75
國泰板橋,國泰金,11,85,-74
國泰板橋,達邁,315,387,-72
國泰板橋,中工,1,69,-68
國泰板橋,台積電,49,115,-66
國泰板橋,東元,0,66,-66
國泰板橋,00941中信上游半導體,1,67,-66
國泰板橋,宏致,51,116,-65
國泰板橋,欣銓,184,246,-62
國泰板橋,長榮航,35,98,-63
國泰板橋,00675L富邦臺灣加權正2,12,73,-61
國泰板橋,新光金,30,90,-60
國泰板橋,00952凱基台灣AI50,2,61,-59
國泰板橋,中再保,7,65,-58
國泰板橋,艾笛森,9,66,-57
國泰板橋,中信金,22,79,-57
國泰板橋,00896中信綠能及電動車,0,53,-53
國泰板橋,00693U期街口S＆P黃豆,0,53,-53
國泰板橋,華航,8,60,-52
國泰板橋,正德,0,51,-51
國泰板橋,00712復華富時不動產,25,76,-51
國泰板橋,00730富邦臺灣優質高息,0,50,-50
國泰板橋,00631L元大台灣50正2,57,104,-47
國泰板橋,定穎投控,3,49,-46
國泰板橋,00706L期元大S＆P日圓正2,67,110,-43
國泰板橋,廣宇,9,51,-42
國泰板橋,00857B永豐20年美公債,1,42,-41
高橋中壢,聯電,24,0,24
高橋中壢,力積電,13,0,13
高橋中壢,00830國泰費城半導體,10,0,10
高橋中壢,00753L中信中國50正2,10,0,10
高橋中壢,00665L富邦�琤肭磪囓�2,10,0,10
高橋中壢,群創,6,0,6
高橋中壢,大同,5,0,5
高橋中壢,00680L元大美債20正2,5,0,5
高橋中壢,富邦金,5,0,5
高橋中壢,佰鴻,5,0,5
高橋中壢,00687B國泰20年美債,5,0,5
高橋中壢,凱美,4,0,4
高橋中壢,達邁,4,0,4
高橋中壢,鴻海,4,0,4
高橋中壢,毛寶,3,0,3
高橋中壢,華新,3,0,3
高橋中壢,恆大,3,0,3
高橋中壢,長榮航,4,1,3
高橋中壢,臺企銀,3,0,3
高橋中壢,矽統,4,2,2
高橋中壢,精材,2,0,2
高橋中壢,台泥,2,0,2
高橋中壢,仁寶,2,0,2
高橋中壢,建準,2,0,2
高橋中壢,宏達電,3,1,2
高橋中壢,艾訊,3,1,2
高橋中壢,明泰,2,0,2
高橋中壢,力成,2,0,2
高橋中壢,立��,2,0,2
高橋中壢,和椿,2,1,1
高橋中壢,廣達,2,1,1
高橋中壢,台亞,1,0,1
高橋中壢,昆盈,4,3,1
高橋中壢,直得,1,0,1
高橋中壢,00919群益台灣精選高息,1,0,1
高橋中壢,00926凱基全球菁英55,1,0,1
高橋中壢,圓剛,1,0,1
高橋中壢,三商電,1,0,1
高橋中壢,國產,1,0,1
高橋中壢,愛山林,1,0,1
高橋中壢,陽明,1,0,1
高橋中壢,統一超,1,0,1
高橋中壢,淘帝-KY,1,0,1
高橋中壢,偉訓,2,1,1
高橋中壢,欣興,2,1,1
高橋中壢,建漢,1,0,1
高橋中壢,及成,1,0,1
高橋中壢,正達,1,0,1
高橋中壢,欣銓,1,0,1
高橋中壢,大銀微系統,1,0,1
高橋中壢,華航,0,18,-18
高橋中壢,榮剛,0,18,-18
高橋中壢,00877復華中國5G,0,16,-16
高橋中壢,大成鋼,1,13,-12
高橋中壢,新光金,0,10,-10
高橋中壢,全新,1,10,-9
高橋中壢,立敦,1,9,-8
高橋中壢,00632R元大台灣50反1,13,20,-7
高橋中壢,精英,0,6,-6
高橋中壢,千興,0,6,-6
高橋中壢,前鼎,0,6,-6
高橋中壢,國統,0,6,-6
高橋中壢,00929復華台灣科技優息,0,5,-5
高橋中壢,華新科,0,5,-5
高橋中壢,台郡,0,5,-5
高橋中壢,00885富邦越南,0,4,-4
高橋中壢,00878國泰永續高股息,2,6,-4
高橋中壢,泰鼎-KY,0,4,-4
高橋中壢,友訊,0,3,-3
高橋中壢,00922國泰台灣領袖50,0,3,-3
高橋中壢,中天,0,3,-3
高橋中壢,亞翔,0,3,-3
高橋中壢,00692富邦公司治理,0,2,-2
高橋中壢,006208富邦台50,0,2,-2
高橋中壢,00679B元大美債20年,0,2,-2
高橋中壢,00881國泰台灣5G+,0,2,-2
高橋中壢,喬福,0,2,-2
高橋中壢,長榮航太,0,2,-2
高橋中壢,東浦,0,2,-2
高橋中壢,彬台,0,2,-2
高橋中壢,宏致,0,2,-2
高橋中壢,大聯大,0,2,-2
高橋中壢,立積,1,3,-2
高橋中壢,國眾,0,2,-2
高橋中壢,逸達,0,2,-2
高橋中壢,台積電,0,1,-1
高橋中壢,濱川,0,1,-1
高橋中壢,華邦電,0,1,-1
高橋中壢,士電,0,1,-1
高橋中壢,00752中信中國50,0,1,-1
高橋中壢,00731復華富時高息低波,0,1,-1
高橋中壢,00850元大臺灣ESG永續,0,1,-1
高橋中壢,00637L元大滬深300正2,0,1,-1
高橋中壢,凱基金,0,1,-1
高橋中壢,玉山金,0,1,-1
高橋中壢,全漢,0,1,-1
高橋中壢,信邦,0,1,-1
高橋中壢,科風,0,1,-1
高橋中壢,華晶科,0,1,-1
高橋中壢,原相,0,1,-1
永興,台灣高鐵,100,2,98
永興,三顧,82,0,82
永興,聯電,67,3,64
永興,鼎元,55,0,55
永興,00637L元大滬深300正2,50,0,50
永興,力積電,56,20,36
永興,緯創,35,3,32
永興,光洋科,31,0,31
永興,00940元大台灣價值高息,35,10,25
永興,新盛力,24,1,23
永興,志超,20,0,20
永興,泰金寶-DR,20,0,20
永興,堤維西,18,0,18
永興,友達,30,14,16
永興,00891中信關鍵半導體,30,15,15
永興,立隆電,15,0,15
永興,006208富邦台50,10,0,10
永興,福懋,8,0,8
永興,00720B元大投資級公司債,8,0,8
永興,玉山金,10,2,8
永興,欣興,11,4,7
永興,中鋼,9,2,7
永興,技嘉,7,0,7
永興,00687B國泰20年美債,6,0,6
永興,00918大華優利高填息30,6,0,6
永興,廣宇,11,5,6
永興,訊舟,6,0,6
永興,連展投控,6,0,6
永興,富喬,5,0,5
永興,中信金,6,1,5
永興,中租-KY,5,0,5
永興,台塑,7,2,5
永興,奇鋐,4,0,4
永興,錦明,4,0,4
永興,宏齊,4,0,4
永興,精成科,9,5,4
永興,興能高,7,3,4
永興,台境*,4,0,4
永興,00937B群益ESG投等債20,3,0,3
永興,大成鋼,3,0,3
永興,佳世達,3,0,3
永興,亞光,5,2,3
永興,眾達-KY,7,4,3
永興,華容,3,0,3
永興,jpp-KY,2,0,2
永興,彬台,2,0,2
永興,元大高股息,2,0,2
永興,00635U期元大S＆P黃金,2,0,2
永興,00915凱基優選高股息30,2,0,2
永興,00926凱基全球菁英55,2,0,2
永興,長榮航,0,231,-231
永興,00929復華台灣科技優息,0,27,-27
永興,大國鋼,0,25,-25
永興,華新,1,24,-23
永興,志強-KY,2,24,-22
永興,新光金,40,61,-21
永興,寬魚國際,0,21,-21
永興,台中銀,0,20,-20
永興,鳳凰,0,20,-20
永興,國泰金,0,18,-18
永興,00757統一FANG+,3,20,-17
永興,鴻準,1,17,-16
永興,南紡,0,15,-15
永興,富邦金,0,15,-15
永興,宏達電,72,84,-12
永興,神達,14,26,-12
永興,群創,1,13,-12
永興,00893國泰智能電動車,0,11,-11
永興,00919群益台灣精選高息,15,25,-10
永興,名軒,0,10,-10
永興,台榮,0,10,-10
永興,僑威,5,15,-10
永興,台積電,3,13,-10
永興,廣達,3,12,-9
永興,華航,0,8,-8
永興,晶彩科,15,23,-8
永興,上海商銀,0,7,-7
永興,00935野村臺灣新科技50,2,9,-7
永興,波若威,1,8,-7
永興,宏致,0,7,-7
永興,方土霖,2,9,-7
永興,元太,0,7,-7
永興,鴻海,5,11,-6
永興,久昌,0,6,-6
永興,中石化,0,5,-5
永興,全新,2,7,-5
永興,志聖,0,5,-5
永興,華固,0,5,-5
永興,王道銀行,0,5,-5
永興,欣銓,3,8,-5
永興,湧德,0,5,-5
永興,亞矽,0,5,-5
永興,久正,0,5,-5
永興,安普新,0,5,-5
永興,瑞穎,0,5,-5
永興,宏全,0,5,-5
永興,英業達,5,10,-5
永興,元大台灣50,0,5,-5
永興,00679B元大美債20年,1,5,-4
永興,金穎生技,0,4,-4
美好台中,順達,89,7,82
美好台中,神達,89,31,58
美好台中,連展投控,60,2,58
美好台中,海華,40,0,40
美好台中,環宇-KY,51,11,40
美好台中,良維,30,0,30
美好台中,福懋科,20,0,20
美好台中,聯電,37,23,14
美好台中,00940元大台灣價值高息,11,0,11
美好台中,菱光,10,0,10
美好台中,台化,11,1,10
美好台中,00927群益半導體收益,10,0,10
美好台中,昆盈,10,0,10
美好台中,永豐金,10,0,10
美好台中,第一金,10,0,10
美好台中,漢磊,15,5,10
美好台中,大詠城,10,0,10
美好台中,立��,12,2,10
美好台中,國統,10,0,10
美好台中,00929復華台灣科技優息,10,0,10
美好台中,00959B大華投等美債15Y+,8,0,8
美好台中,昇達科,9,1,8
美好台中,00918大華優利高填息30,7,0,7
美好台中,英業達,7,0,7
美好台中,AES-KY,10,3,7
美好台中,緯創,6,0,6
美好台中,玉晶光,12,6,6
美好台中,邁達特,6,0,6
美好台中,力成,6,0,6
美好台中,長佳智能,6,0,6
美好台中,雷虎,7,1,6
美好台中,聯鈞,9,4,5
美好台中,定穎投控,5,0,5
美好台中,台特化,4,0,4
美好台中,廣宇,4,0,4
美好台中,南亞科,5,1,4
美好台中,燦星旅,4,0,4
美好台中,今國光,4,0,4
美好台中,北基,4,0,4
美好台中,00937B群益ESG投等債20,3,0,3
美好台中,00882中信中國高股息,3,0,3
美好台中,健和興,3,0,3
美好台中,亞光,3,0,3
美好台中,能率,4,1,3
美好台中,橘子,3,0,3
美好台中,興能高,28,25,3
美好台中,欣興,4,2,2
美好台中,00637L元大滬深300正2,2,0,2
美好台中,藍天,2,0,2
美好台中,新建,2,0,2
美好台中,中環,0,50,-50
美好台中,力積電,10,51,-41
美好台中,能率網通,0,37,-37
美好台中,00941中信上游半導體,0,24,-24
美好台中,宏達電,36,60,-24
美好台中,泰金寶-DR,0,22,-22
美好台中,鴻海,1,19,-18
美好台中,加百裕,3,18,-15
美好台中,華城,3,17,-14
美好台中,仁寶,0,13,-13
美好台中,華邦電,0,13,-13
美好台中,欣銓,5,16,-11
美好台中,新盛力,26,37,-11
美好台中,合庫金,0,10,-10
美好台中,中石化,0,10,-10
美好台中,國泰金,0,10,-10
美好台中,聯光通,1,11,-10
美好台中,00631L元大台灣50正2,1,10,-9
美好台中,中鋼,4,12,-8
美好台中,精成科,7,15,-8
美好台中,正崴,0,7,-7
美好台中,華航,0,7,-7
美好台中,文曄,0,7,-7
美好台中,波若威,9,15,-6
美好台中,啟��,2,8,-6
美好台中,00757統一FANG+,0,5,-5
美好台中,漢田生技,0,5,-5
美好台中,00930永豐ESG低碳高息,0,5,-5
美好台中,兆勁,0,5,-5
美好台中,大聯大,0,5,-5
美好台中,伍豐,0,5,-5
美好台中,南茂,0,5,-5
美好台中,00951台新日本半導體,0,4,-4
美好台中,千興,0,4,-4
美好台中,長榮航,0,4,-4
美好台中,居易,0,4,-4
美好台中,台積電,2,6,-4
美好台中,富喬,4,7,-3
美好台中,00936台新永續高息中小,0,3,-3
美好台中,00934中信成長高股息,0,3,-3
美好台中,奇鋐,0,3,-3
美好台中,雙鴻,0,3,-3
美好台中,達邁,8,11,-3
美好台中,凱崴,0,3,-3
美好台中,華電網,0,3,-3
美好台中,雍智科技,7,10,-3
美好台中,大同,0,3,-3
美好台中,台達電,0,2,-2
美好台中,台光電,0,2,-2
美好台中,00948B中信優息投資級債,0,2,-2
富邦東門,00882中信中國高股息,376,6,370
富邦東門,揚智,106,9,97
富邦東門,00937B群益ESG投等債20,84,4,80
富邦東門,00971野村美國研發龍頭,72,0,72
富邦東門,遠東銀,70,0,70
富邦東門,00632R元大台灣50反1,65,1,64
富邦東門,00919群益台灣精選高息,77,17,60
富邦東門,中信金,60,2,58
富邦東門,緯創,63,7,56
富邦東門,中環,50,0,50
富邦東門,00955中信日本商社,40,0,40
富邦東門,光洋科,55,20,35
富邦東門,燿華,32,2,30
富邦東門,00918大華優利高填息30,28,1,27
富邦東門,英濟,33,6,27
富邦東門,欣興,29,4,25
富邦東門,裕融,25,0,25
富邦東門,聯電,102,77,25
富邦東門,00924復華S＆P500成長,22,1,21
富邦東門,元大寶滬深,20,0,20
富邦東門,00858永豐美國500大,18,0,18
富邦東門,遠百,21,3,18
富邦東門,00687B國泰20年美債,52,35,17
富邦東門,華固,17,0,17
富邦東門,00933B國泰10Y+金融債,16,0,16
富邦東門,精材,31,16,15
富邦東門,永豐金,15,0,15
富邦東門,合庫金,15,1,14
富邦東門,00910第一金太空衛星,15,1,14
富邦東門,擎亞,25,11,14
富邦東門,00945B凱基美國非投等債,14,0,14
富邦東門,星宇航空,16,3,13
富邦東門,兆豐金,16,3,13
富邦東門,中光電,14,1,13
富邦東門,00950B凱基A級公司債,13,0,13
富邦東門,00948B中信優息投資級債,13,0,13
富邦東門,亞翔,25,12,13
富邦東門,廣達,23,12,11
富邦東門,�矬�,10,0,10
富邦東門,00676R富邦臺灣加權反1,10,0,10
富邦東門,00916國泰全球品牌50,9,0,9
富邦東門,00935野村臺灣新科技50,9,0,9
富邦東門,帆宣,8,0,8
富邦東門,晶呈科技,8,0,8
富邦東門,驊訊,10,2,8
富邦東門,00673R期元大S＆P原油反1,13,5,8
富邦東門,006208富邦台50,21,14,7
富邦東門,統一超,7,0,7
富邦東門,群益證,9,3,6
富邦東門,鴻海,26,19,7
富邦東門,00665L富邦�琤肭磪囓�2,60,320,-260
富邦東門,新光金,13,164,-151
富邦東門,00929復華台灣科技優息,9,130,-121
富邦東門,群創,2,104,-102
富邦東門,00752中信中國50,0,100,-100
富邦東門,神達,230,312,-82
富邦東門,錸德,0,80,-80
富邦東門,00965元大航太防衛科技,2,77,-75
富邦東門,力積電,35,105,-70
富邦東門,欣銓,60,129,-69
富邦東門,00964中信亞太高股息,0,50,-50
富邦東門,00963中信全球高股息,0,50,-50
富邦東門,凱基金,0,43,-43
富邦東門,00954中信日本半導體,2,42,-40
富邦東門,00980B台新特選IG債10+,67,106,-39
富邦東門,新建,0,36,-36
富邦東門,廣明,5,39,-34
富邦東門,友達,0,29,-29
富邦東門,台積電,10,39,-29
富邦東門,00951台新日本半導體,1,30,-29
富邦東門,元大高股息,17,44,-27
富邦東門,凌陽,0,27,-27
富邦東門,00941中信上游半導體,0,27,-27
富邦東門,陽明,4,30,-26
富邦東門,成霖,0,25,-25
富邦東門,00953B群益優選非投等債,3,27,-24
富邦東門,工信,0,24,-24
富邦東門,能率網通,0,23,-23
富邦東門,中鋼,2,25,-23
富邦東門,華南金,0,22,-22
富邦東門,南港,0,21,-21
富邦東門,連展投控,0,21,-21
富邦東門,00942B台新美A公司債20+,0,21,-21
富邦東門,00650L復華香港正2,1,20,-19
富邦東門,國泰金,0,19,-19
富邦東門,日月光投控,1,19,-18
富邦東門,華邦電,5,23,-18
富邦東門,旺宏,1,18,-17
富邦東門,台塑,1,18,-17
富邦東門,光寶科,0,16,-16
富邦東門,中華,0,16,-16
富邦東門,00635U期元大S＆P黃金,3,18,-15
富邦東門,00887永豐中國科技50大,0,15,-15
富邦東門,台達電,1,15,-14
富邦東門,精成科,21,35,-14
富邦東門,00637L元大滬深300正2,227,241,-14
富邦東門,宏致,0,13,-13
富邦東門,00642U期元大S＆P石油,0,12,-12
富邦東門,長榮航,2,14,-12
富邦東門,喬山,0,12,-12
福勝,聯電,144,18,126
福勝,英濟,61,1,60
福勝,輔信,42,11,31
福勝,緯創,46,15,31
福勝,元大高股息,28,0,28
福勝,泰金寶-DR,28,0,28
福勝,00878國泰永續高股息,29,6,23
福勝,台灣大,23,0,23
福勝,00882中信中國高股息,22,0,22
福勝,金寶,23,1,22
福勝,敦泰,21,0,21
福勝,00918大華優利高填息30,20,0,20
福勝,00632R元大台灣50反1,20,0,20
福勝,00945B凱基美國非投等債,20,0,20
福勝,全友,20,0,20
福勝,光聯,20,0,20
福勝,立��,50,30,20
福勝,台泥,18,1,17
福勝,精成科,26,9,17
福勝,創惟,50,34,16
福勝,鈺齊-KY,15,0,15
福勝,00637L元大滬深300正2,14,0,14
福勝,前鼎,18,5,13
福勝,迅得,14,1,13
福勝,友輝,12,0,12
福勝,台塑,11,0,11
福勝,英業達,19,8,11
福勝,聯光通,13,2,11
福勝,立敦,17,6,11
福勝,長華*,11,0,11
福勝,基泰,10,0,10
福勝,聯鈞,15,6,9
福勝,恆大,10,1,9
福勝,華晶科,12,3,9
福勝,艾訊,9,0,9
福勝,鈊象,10,1,9
福勝,達邁,24,15,9
福勝,國光生,13,4,9
福勝,台燿,9,0,9
福勝,宏齊,8,0,8
福勝,鴻海,23,15,8
福勝,技嘉,8,0,8
福勝,欣興,9,2,7
福勝,中光電,7,0,7
福勝,新盛力,67,61,6
福勝,宏��,7,1,6
福勝,圓剛,10,4,6
福勝,揚智,6,0,6
福勝,00900富邦特選高股息30,5,0,5
福勝,聯強,5,0,5
福勝,00633L富邦上証正2,0,300,-300
福勝,長榮航,0,200,-200
福勝,神達,17,121,-104
福勝,臺企銀,0,101,-101
福勝,新光金,0,98,-98
福勝,泰山,0,90,-90
福勝,00922國泰台灣領袖50,1,63,-62
福勝,彰銀,0,54,-54
福勝,00929復華台灣科技優息,0,51,-51
福勝,力積電,11,61,-50
福勝,00915凱基優選高股息30,1,36,-35
福勝,凱基金,0,35,-35
福勝,00937B群益ESG投等債20,19,53,-34
福勝,00894中信小資高價30,0,30,-30
福勝,中石化,0,30,-30
福勝,友達,7,37,-30
福勝,華航,0,27,-27
福勝,志信,0,25,-25
福勝,00934中信成長高股息,0,23,-23
福勝,千興,0,22,-22
福勝,光寶科,0,22,-22
福勝,誠美材,0,21,-21
福勝,楠梓電,0,17,-17
福勝,聯茂,0,16,-16
福勝,眾達-KY,12,28,-16
福勝,00757統一FANG+,1,16,-15
福勝,日月光投控,0,15,-15
福勝,亞翔,3,18,-15
福勝,00830國泰費城半導體,0,14,-14
福勝,富邦金,0,13,-13
福勝,漢翔,0,13,-13
福勝,能率網通,2,15,-13
福勝,宏達電,13,25,-12
福勝,00939統一台灣高息動能,0,12,-12
福勝,力特,2,14,-12
福勝,展達,0,12,-12
福勝,立隆電,2,13,-11
福勝,華城,2,12,-10
福勝,得力,0,10,-10
福勝,和大,0,10,-10
福勝,鴻準,1,11,-10
福勝,新興,1,11,-10
福勝,國碳科,0,10,-10
福勝,富喬,4,13,-9
福勝,中鴻,0,9,-9
福勝,大銀微系統,1,10,-9
福勝,愛普*,0,9,-9
福勝,00940元大台灣價值高息,2,10,-8
福勝,00692富邦公司治理,0,8,-8
福勝,三商壽,20,28,-8
 元大花蓮,00857B永豐20年美公債,192,0,192
 元大花蓮,聯電,173,17,156
 元大花蓮,台中銀,121,0,121
 元大花蓮,00960野村全球航運龍頭,116,0,116
 元大花蓮,中鋼,132,23,109
 元大花蓮,00679B元大美債20年,112,5,107
 元大花蓮,旺宏,102,2,100
 元大花蓮,宏��,98,2,96
 元大花蓮,華邦電,70,0,70
 元大花蓮,00753L中信中國50正2,98,29,69
 元大花蓮,00715L期街口布蘭特正2,50,0,50
 元大花蓮,力積電,119,75,44
 元大花蓮,佳總,41,0,41
 元大花蓮,00919群益台灣精選高息,104,65,39
 元大花蓮,志強-KY,40,6,34
 元大花蓮,00918大華優利高填息30,34,1,33
 元大花蓮,菱光,30,0,30
 元大花蓮,元大高股息,39,13,26
 元大花蓮,恩德,26,0,26
 元大花蓮,緯創,32,8,24
 元大花蓮,00665L富邦�琤肭磪囓�2,24,0,24
 元大花蓮,建達,23,0,23
 元大花蓮,00632R元大台灣50反1,23,1,22
 元大花蓮,欣興,25,3,22
 元大花蓮,台新金,22,1,21
 元大花蓮,瑞軒,22,2,20
 元大花蓮,第一金,20,0,20
 元大花蓮,臺企銀,22,4,18
 元大花蓮,聯光通,41,24,17
 元大花蓮,英業達,22,6,16
 元大花蓮,00882中信中國高股息,15,0,15
 元大花蓮,00671R富邦NASDAQ反1,15,0,15
 元大花蓮,皇昌,19,5,14
 元大花蓮,陽明,14,3,11
 元大花蓮,台泥,11,0,11
 元大花蓮,三商壽,11,0,11
 元大花蓮,華新,11,1,10
 元大花蓮,星宇航空,10,0,10
 元大花蓮,南茂,16,6,10
 元大花蓮,興能高,224,214,10
 元大花蓮,新光金,20,10,10
 元大花蓮,統一,9,0,9
 元大花蓮,00937B群益ESG投等債20,8,0,8
 元大花蓮,中磊,8,1,7
 元大花蓮,兆豐金,7,0,7
 元大花蓮,光洋科,8,1,7
 元大花蓮,00969B元大零息超長美債,7,0,7
 元大花蓮,映興,7,0,7
 元大花蓮,中租-KY,12,6,6
 元大花蓮,光群雷,6,0,6
 元大花蓮,00673R期元大S＆P原油反1,0,783,-783
 元大花蓮,00688L國泰20年美債正2,0,210,-210
 元大花蓮,泰金寶-DR,20,106,-86
 元大花蓮,00951台新日本半導體,0,82,-82
 元大花蓮,神達,188,267,-79
 元大花蓮,00929復華台灣科技優息,5,82,-77
 元大花蓮,昆盈,6,57,-51
 元大花蓮,00940元大台灣價值高息,4,52,-48
 元大花蓮,00965元大航太防衛科技,3,49,-46
 元大花蓮,錦明,0,40,-40
 元大花蓮,00680L元大美債20正2,14,54,-40
 元大花蓮,00946群益科技高息成長,1,39,-38
 元大花蓮,建國,0,37,-37
 元大花蓮,長榮航,0,35,-35
 元大花蓮,友達,32,64,-32
 元大花蓮,華星光,51,79,-28
 元大花蓮,立敦,29,55,-26
 元大花蓮,順達,13,38,-25
 元大花蓮,00706L期元大S＆P日圓正2,1,25,-24
 元大花蓮,00953B群益優選非投等債,11,34,-23
 元大花蓮,承業醫,0,20,-20
 元大花蓮,玉山金,0,19,-19
 元大花蓮,凱基金,0,18,-18
 元大花蓮,00633L富邦上証正2,2,20,-18
 元大花蓮,南亞,7,23,-16
 元大花蓮,華航,20,36,-16
 元大花蓮,精成科,5,18,-13
 元大花蓮,006208富邦台50,6,19,-13
 元大花蓮,台達電,0,12,-12
 元大花蓮,藥華藥,4,16,-12
 元大花蓮,凱美,13,25,-12
 元大花蓮,鴻海,16,27,-11
 元大花蓮,大同,1,12,-11
 元大花蓮,訊舟,4,15,-11
 元大花蓮,前鼎,14,25,-11
 元大花蓮,東台,0,11,-11
 元大花蓮,00687B國泰20年美債,22,33,-11
 元大花蓮,華城,2,13,-11
 元大花蓮,虹冠電,0,10,-10
 元大花蓮,00934中信成長高股息,1,11,-10
 元大花蓮,雲豹能源,2,12,-10
 元大花蓮,健鼎,0,10,-10
 元大花蓮,宏致,9,19,-10
 元大花蓮,00631L元大台灣50正2,0,9,-9
 元大花蓮,富邦金,4,13,-9
 元大花蓮,國泰金,1,10,-9
 元大花蓮,五鼎,0,9,-9
 元大花蓮,漢平,0,9,-9
 元大花蓮,中探針,0,9,-9
 元大花蓮,00877復華中國5G,0,9,-9
盈溢離子內,聯電,96,0,96
盈溢離子內,00665L富邦�琤肭磪囓�2,80,0,80
盈溢離子內,建漢,10,0,10
盈溢離子內,英業達,7,1,6
盈溢離子內,普安,5,0,5
盈溢離子內,昆盈,5,0,5
盈溢離子內,00882中信中國高股息,5,0,5
盈溢離子內,能率網通,5,0,5
盈溢離子內,00655L國泰中國A50正2,3,0,3
盈溢離子內,上曜,3,0,3
盈溢離子內,南亞,3,0,3
盈溢離子內,00918大華優利高填息30,3,0,3
盈溢離子內,彩晶,3,0,3
盈溢離子內,緯創,2,0,2
盈溢離子內,大成鋼,2,0,2
盈溢離子內,IKKA-KY,2,0,2
盈溢離子內,光罩,1,0,1
盈溢離子內,台積電,1,0,1
盈溢離子內,錸德,1,0,1
盈溢離子內,一詮,1,0,1
盈溢離子內,強茂,1,0,1
盈溢離子內,華新,1,0,1
盈溢離子內,華城,1,0,1
盈溢離子內,宇隆,1,0,1
盈溢離子內,台灣大,1,0,1
盈溢離子內,佳能,1,0,1
盈溢離子內,永崴投控,1,0,1
盈溢離子內,聯光通,1,0,1
盈溢離子內,前鼎,1,0,1
盈溢離子內,事欣科,1,0,1
盈溢離子內,友輝,1,0,1
盈溢離子內,中光電,1,0,1
盈溢離子內,驊訊,1,0,1
盈溢離子內,千附精密,1,0,1
盈溢離子內,金山電,1,0,1
盈溢離子內,台揚,0,20,-20
盈溢離子內,00929復華台灣科技優息,0,10,-10
盈溢離子內,凱基金,0,10,-10
盈溢離子內,新光金,0,9,-9
盈溢離子內,光寶科,1,8,-7
盈溢離子內,朋億*,0,5,-5
盈溢離子內,廣宇,0,4,-4
盈溢離子內,富采,0,4,-4
盈溢離子內,和碩,0,4,-4
盈溢離子內,立隆電,0,3,-3
盈溢離子內,華邦電,0,3,-3
盈溢離子內,00751B元大AAA至A公司債,0,2,-2
盈溢離子內,鴻海,0,2,-2
盈溢離子內,長榮航,0,2,-2
盈溢離子內,日月光投控,0,2,-2
盈溢離子內,光鋐,0,2,-2
盈溢離子內,安集,0,2,-2
盈溢離子內,漢翔,0,1,-1
盈溢離子內,萬海,0,1,-1
盈溢離子內,陽明,0,1,-1
盈溢離子內,艾訊,0,1,-1
盈溢離子內,良得電,0,1,-1
盈溢離子內,美律,0,1,-1
盈溢離子內,興勤,0,1,-1
盈溢離子內,億光,0,1,-1
盈溢離子內,威盛,0,1,-1
盈溢離子內,精元,0,1,-1
盈溢離子內,金寶,1,2,-1
盈溢離子內,得力,0,1,-1
盈溢離子內,晶睿,0,1,-1
盈溢離子內,神達,6,7,-1
盈溢離子內,新唐,0,1,-1
盈溢離子內,亞翔,0,1,-1
盈溢離子內,瑞儀,0,1,-1
盈溢離子內,波力-KY,0,1,-1
盈溢離子內,富喬,0,1,-1
盈溢離子內,泰詠,0,0,0
 元富松德,00764B群益25年美債,249,0,249
 元富松德,統一證,171,0,171
 元富松德,00673R期元大S＆P原油反1,130,3,127
 元富松德,00632R元大台灣50反1,107,0,107
 元富松德,天品,92,14,78
 元富松德,聯電,82,14,68
 元富松德,00641R富邦日本反1,50,0,50
 元富松德,新盛力,137,102,35
 元富松德,宏達電,186,153,33
 元富松德,國泰金,39,8,31
 元富松德,精成科,32,6,26
 元富松德,中鴻,25,1,24
 元富松德,緯創,30,11,19
 元富松德,建漢,21,2,19
 元富松德,創惟,26,8,18
 元富松德,瑞軒,18,0,18
 元富松德,00915凱基優選高股息30,17,0,17
 元富松德,00919群益台灣精選高息,17,1,16
 元富松德,達邁,61,45,16
 元富松德,台灣虎航,21,5,16
 元富松德,永豐金,18,3,15
 元富松德,正德,15,0,15
 元富松德,直得,14,0,14
 元富松德,慶騰,15,1,14
 元富松德,良維,15,1,14
 元富松德,欣銓,25,11,14
 元富松德,中石化,15,1,14
 元富松德,波若威,222,208,14
 元富松德,華通,13,0,13
 元富松德,新巨,13,1,12
 元富松德,晟銘電,13,1,12
 元富松德,聯詠,12,0,12
 元富松德,鈺齊-KY,28,17,11
 元富松德,華航,12,1,11
 元富松德,岱宇,12,1,11
 元富松德,富威電力,12,1,11
 元富松德,昇陽半導體,14,3,11
 元富松德,富邦金,20,10,10
 元富松德,東元,14,4,10
 元富松德,龍德造船,10,0,10
 元富松德,兆豐金,13,3,10
 元富松德,兆赫,10,1,9
 元富松德,中華,10,0,10
 元富松德,立敦,19,11,8
 元富松德,漢翔,10,1,9
 元富松德,大亞,9,1,8
 元富松德,00687B國泰20年美債,10,2,8
 元富松德,富喬,48,40,8
 元富松德,南茂,33,25,8
 元富松德,喬山,8,0,8
 元富松德,力積電,179,1535,-1356
 元富松德,00980B台新特選IG債10+,0,666,-666
 元富松德,玉山金,19,194,-175
 元富松德,友訊,16,165,-149
 元富松德,凱基金,2,128,-126
 元富松德,寶成,5,100,-95
 元富松德,00970B新光BBB投等債20,10,91,-81
 元富松德,連展投控,6,73,-67
 元富松德,00631L元大台灣50正2,0,49,-49
 元富松德,大魯閣,1,50,-49
 元富松德,泰金寶-DR,15,62,-47
 元富松德,00929復華台灣科技優息,1,40,-39
 元富松德,胡連,1,40,-39
 元富松德,健喬,1,32,-31
 元富松德,長榮航,19,47,-28
 元富松德,環宇-KY,41,65,-24
 元富松德,兆勁,1,25,-24
 元富松德,新應材,1,23,-22
 元富松德,合庫金,0,18,-18
 元富松德,新日興,52,69,-17
 元富松德,第一金,0,17,-17
 元富松德,中纖,0,17,-17
 元富松德,康霈*,3,20,-17
 元富松德,萬潤,2,18,-16
 元富松德,堡達,0,16,-16
 元富松德,群創,0,16,-16
 元富松德,00940元大台灣價值高息,2,18,-16
 元富松德,00891中信關鍵半導體,0,15,-15
 元富松德,鉅祥,1,16,-15
 元富松德,立��,5,19,-14
 元富松德,迅得,9,23,-14
 元富松德,三商壽,0,13,-13
 元富松德,鼎基,1,14,-13
 元富松德,朋億*,6,18,-12
 元富松德,群益證,2,14,-12
 元富松德,台積電,6,17,-11
 元富松德,中鋼,7,19,-12
 元富松德,邦特,0,11,-11
 元富松德,訊芯-KY,7,18,-11
 元富松德,宏致,47,57,-10
 元富松德,美食-KY,4,14,-10
 元富松德,擎亞,14,24,-10
 元富松德,00952凱基台灣AI50,0,10,-10
 元富松德,聚隆,0,10,-10
 元富松德,00690兆豐藍籌30,0,10,-10
 元富松德,雷虎,3,13,-10
 元富松德,006208富邦台50,2,11,-9
 元富松德,00905FT臺灣Smart,1,10,-9
 元富松德,LINEPAY,3,12,-9
 元富松德,皇昌,6,14,-8
 企銀屏東 ,事欣科,77,0,77
 企銀屏東 ,ITH-KY,20,0,20
 企銀屏東 ,00905FT臺灣Smart,20,4,16
 企銀屏東 ,聯電,15,2,13
 企銀屏東 ,00919群益台灣精選高息,19,7,12
 企銀屏東 ,健鼎,10,0,10
 企銀屏東 ,英業達,13,6,7
 企銀屏東 ,春源,6,0,6
 企銀屏東 ,亞泥,6,0,6
 企銀屏東 ,中光電,5,0,5
 企銀屏東 ,康和證,5,0,5
 企銀屏東 ,00687B國泰20年美債,5,0,5
 企銀屏東 ,三商壽,5,0,5
 企銀屏東 ,欣興,6,1,5
 企銀屏東 ,海華,5,0,5
 企銀屏東 ,英濟,7,3,4
 企銀屏東 ,立��,5,1,4
 企銀屏東 ,00918大華優利高填息30,3,0,3
 企銀屏東 ,00679B元大美債20年,3,0,3
 企銀屏東 ,宏��,3,0,3
 企銀屏東 ,圓剛,5,2,3
 企銀屏東 ,中信金,3,0,3
 企銀屏東 ,立端,3,0,3
 企銀屏東 ,采鈺,4,1,3
 企銀屏東 ,台揚,2,0,2
 企銀屏東 ,華通,2,0,2
 企銀屏東 ,00633L富邦上証正2,2,0,2
 企銀屏東 ,00937B群益ESG投等債20,2,0,2
 企銀屏東 ,00935野村臺灣新科技50,2,0,2
 企銀屏東 ,光洋科,2,0,2
 企銀屏東 ,大亞,2,0,2
 企銀屏東 ,台塑,2,0,2
 企銀屏東 ,燿華,3,1,2
 企銀屏東 ,玉晶光,2,0,2
 企銀屏東 ,炎洲,2,0,2
 企銀屏東 ,全球傳動,2,0,2
 企銀屏東 ,榮剛,2,0,2
 企銀屏東 ,力新,2,0,2
 企銀屏東 ,鄉林,2,0,2
 企銀屏東 ,力成,2,0,2
 企銀屏東 ,京晨科,2,0,2
 企銀屏東 ,昇陽半導體,2,0,2
 企銀屏東 ,泰金寶-DR,17,15,2
 企銀屏東 ,緯穎,2,0,2
 企銀屏東 ,華城,1,0,1
 企銀屏東 ,福壽,1,0,1
 企銀屏東 ,統一,1,0,1
 企銀屏東 ,台達化,1,0,1
 企銀屏東 ,00965元大航太防衛科技,1,0,1
 企銀屏東 ,大成鋼,1,0,1
 企銀屏東 ,宏致,0,20,-20
 企銀屏東 ,神達,6,19,-13
 企銀屏東 ,千興,0,10,-10
 企銀屏東 ,00969B元大零息超長美債,0,10,-10
 企銀屏東 ,國泰金,0,10,-10
 企銀屏東 ,國統,0,10,-10
 企銀屏東 ,國票金,0,6,-6
 企銀屏東 ,00922國泰台灣領袖50,0,5,-5
 企銀屏東 ,元大高股息,2,7,-5
 企銀屏東 ,金寶,0,5,-5
 企銀屏東 ,台達電,0,5,-5
 企銀屏東 ,寶成,0,5,-5
 企銀屏東 ,鴻海,0,4,-4
 企銀屏東 ,富邦金,0,4,-4
 企銀屏東 ,緯創,4,8,-4
 企銀屏東 ,連展投控,1,5,-4
 企銀屏東 ,華星光,0,4,-4
 企銀屏東 ,聯華,0,4,-4
 企銀屏東 ,環泥,0,3,-3
 企銀屏東 ,00915凱基優選高股息30,2,5,-3
 企銀屏東 ,台積電,0,3,-3
 企銀屏東 ,凱美,0,3,-3
 企銀屏東 ,中探針,0,3,-3
 企銀屏東 ,華宏,0,3,-3
 企銀屏東 ,慶豐富,0,3,-3
 企銀屏東 ,00927群益半導體收益,0,2,-2
 企銀屏東 ,上銀,0,2,-2
 企銀屏東 ,廣宇,0,2,-2
 企銀屏東 ,冠西電,0,2,-2
 企銀屏東 ,順達,1,3,-2
 企銀屏東 ,欣銓,0,2,-2
 企銀屏東 ,台星科,0,2,-2
 企銀屏東 ,同泰,0,2,-2
 企銀屏東 ,閎康,0,2,-2
 企銀屏東 ,淳紳,0,2,-2
 企銀屏東 ,臻鼎-KY,0,2,-2
 企銀屏東 ,太欣,0,2,-2
 企銀屏東 ,康舒,0,2,-2
 企銀屏東 ,華南金,0,2,-2
 企銀屏東 ,聯發科,0,1,-1
 企銀屏東 ,00929復華台灣科技優息,0,1,-1
 企銀屏東 ,宏旭-KY,0,1,-1
 企銀屏東 ,00960野村全球航運龍頭,0,1,-1
 企銀屏東 ,00713元大台灣高息低波,0,1,-1
 企銀屏東 ,亞力,0,1,-1
 企銀屏東 ,福懋油,0,1,-1
 企銀屏東 ,台肥,0,1,-1
 企銀屏東 ,大同,1,2,-1
 企銀屏東 ,威盛,0,1,-1
 企銀屏東 ,麗臺,0,1,-1
凱基中壢,泰金寶-DR,639,36,603
凱基中壢,南茂,103,6,97
凱基中壢,力積電,110,45,65
凱基中壢,00715L期街口布蘭特正2,60,0,60
凱基中壢,00753L中信中國50正2,53,0,53
凱基中壢,00650L復華香港正2,46,0,46
凱基中壢,普安,46,0,46
凱基中壢,連展投控,51,12,39
凱基中壢,訊芯-KY,58,19,39
凱基中壢,矽格,34,1,33
凱基中壢,元大高股息,35,3,32
凱基中壢,世紀鋼,33,3,30
凱基中壢,陽明,33,6,27
凱基中壢,中石化,30,3,27
凱基中壢,立隆電,30,5,25
凱基中壢,00664R國泰臺灣加權反1,21,0,21
凱基中壢,合庫金,21,0,21
凱基中壢,達興材料,26,5,21
凱基中壢,00951台新日本半導體,20,0,20
凱基中壢,IKKA-KY,32,12,20
凱基中壢,伍豐,20,0,20
凱基中壢,潤泰全,20,0,20
凱基中壢,00632R元大台灣50反1,19,0,19
凱基中壢,昆盈,18,0,18
凱基中壢,富華新,17,0,17
凱基中壢,銘旺科,17,0,17
凱基中壢,00915凱基優選高股息30,18,3,15
凱基中壢,00673R期元大S＆P原油反1,15,0,15
凱基中壢,元晶,16,1,15
凱基中壢,00965元大航太防衛科技,29,14,15
凱基中壢,欣興,18,4,14
凱基中壢,安集,15,1,14
凱基中壢,00858永豐美國500大,13,0,13
凱基中壢,廣運,13,1,12
凱基中壢,遠百,11,0,11
凱基中壢,00757統一FANG+,11,0,11
凱基中壢,00878國泰永續高股息,22,12,10
凱基中壢,昇陽半導體,10,0,10
凱基中壢,慧洋-KY,10,0,10
凱基中壢,00945B凱基美國非投等債,11,1,10
凱基中壢,磐儀,10,0,10
凱基中壢,00941中信上游半導體,12,2,10
凱基中壢,00639富邦深100,10,0,10
凱基中壢,邁達特,10,0,10
凱基中壢,00924復華S＆P500成長,12,2,10
凱基中壢,技嘉,11,1,10
凱基中壢,彰銀,10,0,10
凱基中壢,00881國泰台灣5G+,22,13,9
凱基中壢,全友,9,0,9
凱基中壢,00953B群益優選非投等債,9,0,9
凱基中壢,00712復華富時不動產,3,362,-359
凱基中壢,00637L元大滬深300正2,280,576,-296
凱基中壢,00929復華台灣科技優息,42,228,-186
凱基中壢,聯電,143,323,-180
凱基中壢,台塑化,50,225,-175
凱基中壢,00959B大華投等美債15Y+,4,176,-172
凱基中壢,凌巨,5,106,-101
凱基中壢,群創,0,96,-96
凱基中壢,00980B台新特選IG債10+,2,80,-78
凱基中壢,康和證,0,72,-72
凱基中壢,00933B國泰10Y+金融債,0,62,-62
凱基中壢,宏致,25,84,-59
凱基中壢,中揚光,0,57,-57
凱基中壢,新光金,2,56,-54
凱基中壢,鴻海,17,62,-45
凱基中壢,00940元大台灣價值高息,0,45,-45
凱基中壢,00887永豐中國科技50大,0,45,-45
凱基中壢,00937B群益ESG投等債20,41,81,-40
凱基中壢,欣銓,27,61,-34
凱基中壢,長榮航,0,28,-28
凱基中壢,00946群益科技高息成長,3,29,-26
凱基中壢,誠美材,0,25,-25
凱基中壢,006208富邦台50,10,34,-24
凱基中壢,00934中信成長高股息,0,23,-23
凱基中壢,00680L元大美債20正2,0,21,-21
凱基中壢,南亞,1,22,-21
凱基中壢,台積電,6,26,-20
凱基中壢,華邦電,2,19,-17
凱基中壢,日月光投控,2,19,-17
凱基中壢,彬台,0,16,-16
凱基中壢,新潤,0,16,-16
凱基中壢,台達電,0,16,-16
凱基中壢,00919群益台灣精選高息,24,40,-16
凱基中壢,眾達-KY,17,33,-16
凱基中壢,華城,7,22,-15
凱基中壢,國泰金,3,18,-15
凱基中壢,富邦金,2,16,-14
凱基中壢,澤米,5,18,-13
凱基中壢,瑞軒,0,13,-13
凱基中壢,綠界科技*,3,16,-13
凱基中壢,元大台灣50,3,15,-12
凱基中壢,驊訊,0,12,-12
凱基中壢,00917中信特選金融,0,11,-11
凱基中壢,大聯大,0,11,-11
凱基中壢,中鴻,2,13,-11
凱基中壢,穩得,0,11,-11
凱基中壢,南亞科,0,11,-11
凱基中壢,宏達電,73,84,-11
凱基中壢,台塑,12,22,-10
凱基中壢,擎亞,30,40,-10
凱基士林,00937B群益ESG投等債20,106,0,106
凱基士林,中鋼,113,8,105
凱基士林,聯電,183,82,101
凱基士林,00919群益台灣精選高息,72,2,70
凱基士林,群創,51,4,47
凱基士林,00637L元大滬深300正2,37,0,37
凱基士林,欣興,40,5,35
凱基士林,新鉅科,31,0,31
凱基士林,00952凱基台灣AI50,40,10,30
凱基士林,00891中信關鍵半導體,30,1,29
凱基士林,台塑,31,2,29
凱基士林,聯鈞,50,27,23
凱基士林,艾訊,22,0,22
凱基士林,乙盛-KY,21,0,21
凱基士林,廣宇,25,6,19
凱基士林,00665L富邦�琤肭磪囓�2,31,13,18
凱基士林,00948B中信優息投資級債,25,10,15
凱基士林,台肥,15,0,15
凱基士林,群益證,15,0,15
凱基士林,英業達,16,2,14
凱基士林,00719B元大美債1-3,14,0,14
凱基士林,00858永豐美國500大,13,0,13
凱基士林,00692富邦公司治理,13,0,13
凱基士林,環宇-KY,40,27,13
凱基士林,合一,12,0,12
凱基士林,科妍,12,1,11
凱基士林,00953B群益優選非投等債,40,30,10
凱基士林,第一金,10,0,10
凱基士林,00639富邦深100,10,0,10
凱基士林,永豐金,10,0,10
凱基士林,兆豐金,10,0,10
凱基士林,農林,10,1,9
凱基士林,光環,9,0,9
凱基士林,麗豐-KY,9,0,9
凱基士林,柏承,8,0,8
凱基士林,金山電,18,11,7
凱基士林,中興電,7,0,7
凱基士林,00830國泰費城半導體,7,1,6
凱基士林,00757統一FANG+,6,0,6
凱基士林,00918大華優利高填息30,6,0,6
凱基士林,前鼎,9,3,6
凱基士林,宇隆,8,2,6
凱基士林,楠梓電,6,0,6
凱基士林,富喬,9,3,6
凱基士林,昇達科,6,1,5
凱基士林,昇陽半導體,7,2,5
凱基士林,海悅,7,2,5
凱基士林,東陽,5,0,5
凱基士林,映泰,5,0,5
凱基士林,圓剛,8,3,5
凱基士林,00980B台新特選IG債10+,0,327,-327
凱基士林,00929復華台灣科技優息,3,99,-96
凱基士林,致茂,36,113,-77
凱基士林,00965元大航太防衛科技,0,64,-64
凱基士林,凱基金,0,51,-51
凱基士林,訊達,1,39,-38
凱基士林,波若威,7,44,-37
凱基士林,00940元大台灣價值高息,1,37,-36
凱基士林,力積電,73,109,-36
凱基士林,00878國泰永續高股息,28,60,-32
凱基士林,00720B元大投資級公司債,1,31,-30
凱基士林,00852L國泰美國道瓊正2,10,40,-30
凱基士林,全達,0,30,-30
凱基士林,00945B凱基美國非投等債,0,28,-28
凱基士林,00881國泰台灣5G+,5,31,-26
凱基士林,鴻海,9,35,-26
凱基士林,00934中信成長高股息,0,25,-25
凱基士林,00936台新永續高息中小,0,24,-24
凱基士林,神達,62,85,-23
凱基士林,00933B國泰10Y+金融債,0,23,-23
凱基士林,00949復華日本龍頭,0,23,-23
凱基士林,矽格,0,23,-23
凱基士林,中石化,0,22,-22
凱基士林,亞翔,5,26,-21
凱基士林,王道銀行,0,21,-21
凱基士林,華晶科,1,22,-21
凱基士林,欣銓,11,32,-21
凱基士林,00877復華中國5G,0,20,-20
凱基士林,00950B凱基A級公司債,0,20,-20
凱基士林,00951台新日本半導體,0,20,-20
凱基士林,台積電,2,22,-20
凱基士林,00926凱基全球菁英55,1,20,-19
凱基士林,元大高股息,44,63,-19
凱基士林,星宇航空,2,17,-15
凱基士林,006208富邦台50,2,17,-15
凱基士林,德晉,3,18,-15
凱基士林,00941中信上游半導體,0,14,-14
凱基士林,牧德,0,14,-14
凱基士林,國泰金,4,18,-14
凱基士林,華新,3,16,-13
凱基士林,氣立,0,13,-13
凱基士林,元大台灣50,1,14,-13
凱基士林,宏致,5,16,-11
凱基士林,宏達電,44,55,-11
凱基士林,士電,0,11,-11
凱基士林,東元,1,12,-11
凱基士林,中信金,1,12,-11
凱基士林,事欣科,0,10,-10
凱基士林,00680L元大美債20正2,0,10,-10
凱基士林,勤益控,0,10,-10
 元大景美,00959B大華投等美債15Y+,510,0,510
 元大景美,群創,99,5,94
 元大景美,00919群益台灣精選高息,77,2,75
 元大景美,00637L元大滬深300正2,65,0,65
 元大景美,力積電,56,4,52
 元大景美,00878國泰永續高股息,57,12,45
 元大景美,泰金寶-DR,46,3,43
 元大景美,元大高股息,49,11,38
 元大景美,兆豐金,37,0,37
 元大景美,聯電,51,19,32
 元大景美,長榮航,22,0,22
 元大景美,富喬,37,16,21
 元大景美,00679B元大美債20年,36,16,20
 元大景美,聯成,19,0,19
 元大景美,智擎,20,3,17
 元大景美,英業達,19,3,16
 元大景美,海悅,20,7,13
 元大景美,精材,22,12,10
 元大景美,力成,25,15,10
 元大景美,00676R富邦臺灣加權反1,10,0,10
 元大景美,00948B中信優息投資級債,10,0,10
 元大景美,大成鋼,17,7,10
 元大景美,金寶,10,0,10
 元大景美,錩新,11,1,10
 元大景美,遠見,10,0,10
 元大景美,康和證,10,0,10
 元大景美,IET-KY,9,0,9
 元大景美,金益鼎,9,0,9
 元大景美,眾達-KY,35,27,8
 元大景美,廣達,8,1,7
 元大景美,00937B群益ESG投等債20,7,0,7
 元大景美,立敦,17,10,7
 元大景美,長科*,7,0,7
 元大景美,兆勁,6,0,6
 元大景美,寶成,8,2,6
 元大景美,萬潤,16,11,5
 元大景美,00665L富邦�琤肭磪囓�2,13,8,5
 元大景美,威盛,11,6,5
 元大景美,毅嘉,5,0,5
 元大景美,威健,5,0,5
 元大景美,順達,6,1,5
 元大景美,禾昌,6,1,5
 元大景美,精成科,7,2,5
 元大景美,中鋼,6,1,5
 元大景美,00633L富邦上証正2,4,0,4
 元大景美,00662富邦NASDAQ,4,0,4
 元大景美,00650L復華香港正2,4,0,4
 元大景美,科妍,4,0,4
 元大景美,凱美,8,4,4
 元大景美,台新金,4,0,4
 元大景美,00772B中信高評級公司債,0,143,-143
 元大景美,00960野村全球航運龍頭,1,130,-129
 元大景美,新光金,0,72,-72
 元大景美,00940元大台灣價值高息,1,70,-69
 元大景美,宏達電,53,112,-59
 元大景美,00965元大航太防衛科技,0,48,-48
 元大景美,凱基金,6,45,-39
 元大景美,00715L期街口布蘭特正2,2,34,-32
 元大景美,宏致,1,29,-28
 元大景美,臺企銀,2,28,-26
 元大景美,南亞,0,25,-25
 元大景美,00941中信上游半導體,0,22,-22
 元大景美,立積,4,25,-21
 元大景美,00673R期元大S＆P原油反1,0,20,-20
 元大景美,00939統一台灣高息動能,0,19,-19
 元大景美,緯創,10,27,-17
 元大景美,華建,0,17,-17
 元大景美,00905FT臺灣Smart,1,18,-17
 元大景美,奇鋐,21,37,-16
 元大景美,富邦金,0,15,-15
 元大景美,裕民,2,17,-15
 元大景美,國泰金,0,15,-15
 元大景美,健和興,0,14,-14
 元大景美,慧洋-KY,0,13,-13
 元大景美,新產,0,13,-13
 元大景美,陽明,12,25,-13
 元大景美,台積電,11,23,-12
 元大景美,華城,2,13,-11
 元大景美,普安,0,11,-11
 元大景美,華航,0,11,-11
 元大景美,騰輝電子-KY,5,16,-11
 元大景美,00675L富邦臺灣加權正2,0,10,-10
 元大景美,00911兆豐洲際半導體,0,10,-10
 元大景美,中砂,13,23,-10
 元大景美,致伸,0,10,-10
 元大景美,00882中信中國高股息,1,10,-9
 元大景美,神達,25,33,-8
 元大景美,萬海,0,8,-8
 元大景美,華通,3,11,-8
 元大景美,星宇航空,0,8,-8
 元大景美,天鉞電,0,8,-8
 元大景美,元大台灣50,0,8,-8
 元大景美,光寶科,1,9,-8
 元大景美,綠界科技*,0,7,-7
 元大景美,聯發科,0,7,-7
 元大景美,友達,11,17,-6
 元大景美,州巧,3,9,-6
 元大景美,海華,2,8,-6
 元大景美,合晶,0,6,-6
 元大景美,環宇-KY,20,26,-6
 元大和平,鴻海,101,18,83
 元大和平,彰銀,80,0,80
 元大和平,成霖,80,0,80
 元大和平,聯電,73,8,65
 元大和平,00637L元大滬深300正2,54,0,54
 元大和平,力積電,64,13,51
 元大和平,00945B凱基美國非投等債,41,0,41
 元大和平,00740B富邦全球投等債,25,0,25
 元大和平,神達,87,62,25
 元大和平,國泰金,31,9,22
 元大和平,00753L中信中國50正2,20,0,20
 元大和平,00706L期元大S＆P日圓正2,20,0,20
 元大和平,鳳凰,21,1,20
 元大和平,雄獅,20,1,19
 元大和平,00919群益台灣精選高息,19,0,19
 元大和平,欣興,20,2,18
 元大和平,新盛力,63,46,17
 元大和平,元大金,13,1,12
 元大和平,00858永豐美國500大,12,0,12
 元大和平,眾達-KY,27,16,11
 元大和平,和椿,37,27,10
 元大和平,陽明,18,8,10
 元大和平,00720B元大投資級公司債,10,0,10
 元大和平,00941中信上游半導體,10,0,10
 元大和平,順德,10,0,10
 元大和平,華孚,10,0,10
 元大和平,00679B元大美債20年,9,0,9
 元大和平,亞航,10,1,9
 元大和平,潤泰新,9,0,9
 元大和平,新日興,229,221,8
 元大和平,廣達,9,2,7
 元大和平,00713元大台灣高息低波,7,0,7
 元大和平,訊達,10,3,7
 元大和平,立隆電,26,19,7
 元大和平,華星光,25,18,7
 元大和平,00882中信中國高股息,6,0,6
 元大和平,00638R元大滬深300反1,6,0,6
 元大和平,00662富邦NASDAQ,6,0,6
 元大和平,銘旺科,6,0,6
 元大和平,潤弘,6,0,6
 元大和平,榮剛,6,0,6
 元大和平,采鈺,6,0,6
 元大和平,00673R期元大S＆P原油反1,5,0,5
 元大和平,00751B元大AAA至A公司債,5,0,5
 元大和平,毛寶,7,2,5
 元大和平,楠梓電,6,1,5
 元大和平,冠西電,6,1,5
 元大和平,德晉,5,0,5
 元大和平,淳安,5,0,5
 元大和平,龍德造船,5,0,5
 元大和平,寶成,0,241,-241
 元大和平,瀚宇博,0,220,-220
 元大和平,00965元大航太防衛科技,3,221,-218
 元大和平,新光金,0,112,-112
 元大和平,台灣虎航,3,102,-99
 元大和平,00922國泰台灣領袖50,7,101,-94
 元大和平,遠東新,0,75,-75
 元大和平,宏致,2,77,-75
 元大和平,百一,0,65,-65
 元大和平,欣銓,6,56,-50
 元大和平,00878國泰永續高股息,11,58,-47
 元大和平,00969B元大零息超長美債,0,46,-46
 元大和平,泰金寶-DR,0,42,-42
 元大和平,建準,0,40,-40
 元大和平,三商電,0,40,-40
 元大和平,華南金,0,33,-33
 元大和平,宏達電,15,47,-32
 元大和平,富邦科技,0,20,-20
 元大和平,矽格,0,20,-20
 元大和平,康舒,0,20,-20
 元大和平,長聖,0,20,-20
 元大和平,006208富邦台50,2,20,-18
 元大和平,00934中信成長高股息,1,17,-16
 元大和平,雍智科技,0,15,-15
 元大和平,00940元大台灣價值高息,0,15,-15
 元大和平,立端,0,15,-15
 元大和平,堤維西,1,16,-15
 元大和平,00664R國泰臺灣加權反1,0,14,-14
 元大和平,鈺齊-KY,1,15,-14
 元大和平,瀚荃,1,14,-13
 元大和平,00712復華富時不動產,2,15,-13
 元大和平,仁寶,0,12,-12
 元大和平,亞翔,1,13,-12
 元大和平,00907永豐優息存股,0,11,-11
 元大和平,英業達,5,16,-11
 元大和平,華城,1,12,-11
 元大和平,00738U期元大道瓊白銀,0,10,-10
 元大和平,誠美材,0,10,-10
 元大和平,00631L元大台灣50正2,8,17,-9
 元大和平,輔信,1,10,-9
 元大和平,友達,0,9,-9
 元大和平,00900富邦特選高股息30,0,8,-8
 元大和平,00929復華台灣科技優息,2,10,-8
 元大和平,喬山,0,8,-8
 元大和平,永彰,0,8,-8
 元大和平,福邦證,0,8,-8
 元大和平,台積電,7,15,-8
 元大和平,波若威,12,19,-7
 元大和平,大同,1,8,-7
 元大和平,英濟,0,6,-6
第一頭份,皇昌,235,61,174
第一頭份,聯電,106,0,106
第一頭份,00656R國泰中國A50反1,100,0,100
第一頭份,元大高股息,86,12,74
第一頭份,00632R元大台灣50反1,65,0,65
第一頭份,台泥,55,0,55
第一頭份,聯光通,57,4,53
第一頭份,立隆電,113,61,52
第一頭份,00650L復華香港正2,40,0,40
第一頭份,00712復華富時不動產,40,0,40
第一頭份,聯華,21,0,21
第一頭份,樺晟,20,0,20
第一頭份,緯創,20,2,18
第一頭份,00878國泰永續高股息,18,0,18
第一頭份,00948B中信優息投資級債,15,0,15
第一頭份,台揚,15,0,15
第一頭份,宏齊,15,0,15
第一頭份,00638R元大滬深300反1,14,0,14
第一頭份,西勝,14,0,14
第一頭份,第一金,12,0,12
第一頭份,00927群益半導體收益,11,0,11
第一頭份,英濟,22,11,11
第一頭份,00924復華S＆P500成長,10,0,10
第一頭份,00679B元大美債20年,10,0,10
第一頭份,新建,10,0,10
第一頭份,威剛,10,0,10
第一頭份,大眾控,10,0,10
第一頭份,漢磊,10,0,10
第一頭份,太極,10,0,10
第一頭份,聯鈞,15,5,10
第一頭份,華新,10,2,8
第一頭份,00688L國泰20年美債正2,6,0,6
第一頭份,00752中信中國50,6,0,6
第一頭份,中鋼,8,2,6
第一頭份,新盛力,36,30,6
第一頭份,00919群益台灣精選高息,26,20,6
第一頭份,台灣高鐵,5,0,5
第一頭份,欣興,15,10,5
第一頭份,00960野村全球航運龍頭,5,0,5
第一頭份,旺宏,5,0,5
第一頭份,達邁,16,11,5
第一頭份,富采,5,0,5
第一頭份,長虹,5,0,5
第一頭份,興能高,20,15,5
第一頭份,華晶科,5,1,4
第一頭份,大成鋼,4,0,4
第一頭份,華星光,22,18,4
第一頭份,台化,3,0,3
第一頭份,寒舍,3,0,3
第一頭份,00858永豐美國500大,3,0,3
第一頭份,00687B國泰20年美債,8,494,-486
第一頭份,00753L中信中國50正2,0,155,-155
第一頭份,00939統一台灣高息動能,0,56,-56
第一頭份,富喬,1,57,-56
第一頭份,00882中信中國高股息,0,50,-50
第一頭份,00740B富邦全球投等債,0,50,-50
第一頭份,萬泰科,0,50,-50
第一頭份,00637L元大滬深300正2,35,80,-45
第一頭份,00942B台新美A公司債20+,0,42,-42
第一頭份,亞翔,2,36,-34
第一頭份,00675L富邦臺灣加權正2,0,33,-33
第一頭份,今皓,0,31,-31
第一頭份,00951台新日本半導體,0,30,-30
第一頭份,00922國泰台灣領袖50,0,29,-29
第一頭份,中信金,1,26,-25
第一頭份,00937B群益ESG投等債20,25,50,-25
第一頭份,國票金,0,23,-23
第一頭份,台積電,3,19,-16
第一頭份,00929復華台灣科技優息,0,16,-16
第一頭份,東和鋼鐵,1,16,-15
第一頭份,鴻準,0,14,-14
第一頭份,中鼎,0,14,-14
第一頭份,欣銓,4,16,-12
第一頭份,能率,1,13,-12
第一頭份,力積電,42,54,-12
第一頭份,南亞科,5,16,-11
第一頭份,00940元大台灣價值高息,0,11,-11
第一頭份,00934中信成長高股息,0,10,-10
第一頭份,高端疫苗,0,10,-10
第一頭份,台新金,2,11,-9
第一頭份,新日興,0,8,-8
第一頭份,神達,45,52,-7
第一頭份,科妍,0,7,-7
第一頭份,華南金,0,7,-7
第一頭份,矽統,0,7,-7
第一頭份,國泰金,1,7,-6
第一頭份,萬潤,2,8,-6
第一頭份,00713元大台灣高息低波,1,7,-6
第一頭份,00885富邦越南,0,5,-5
第一頭份,00949復華日本龍頭,1,6,-5
第一頭份,台聚,0,5,-5
第一頭份,正隆,0,5,-5
第一頭份,金寶,0,5,-5
第一頭份,華邦電,0,5,-5
第一頭份,長榮航太,0,5,-5
第一頭份,正達,0,5,-5
第一頭份,慧友,0,5,-5
第一頭份,安集,0,5,-5
第一頭份,菱光,0,5,-5
第一頭份,中興電,0,4,-4
 元大大甲,聯電,221,78,143
 元大大甲,00637L元大滬深300正2,81,30,51
 元大大甲,日勝生,40,0,40
 元大大甲,00633L富邦上証正2,34,0,34
 元大大甲,新光金,35,2,33
 元大大甲,00968B元大優息投等債,31,0,31
 元大大甲,00632R元大台灣50反1,30,7,23
 元大大甲,元大高股息,37,15,22
 元大大甲,00753L中信中國50正2,21,0,21
 元大大甲,眾達-KY,49,29,20
 元大大甲,揚明光,20,0,20
 元大大甲,永彰,20,0,20
 元大大甲,兆利,21,1,20
 元大大甲,南電,26,7,19
 元大大甲,康和證,19,0,19
 元大大甲,台燿,20,1,19
 元大大甲,興勤,19,0,19
 元大大甲,00919群益台灣精選高息,18,0,18
 元大大甲,00955中信日本商社,17,0,17
 元大大甲,國票金,17,0,17
 元大大甲,立��,25,9,16
 元大大甲,00882中信中國高股息,16,1,15
 元大大甲,00664R國泰臺灣加權反1,14,0,14
 元大大甲,零壹,14,1,13
 元大大甲,佳能,14,1,13
 元大大甲,廣達,27,15,12
 元大大甲,00676R富邦臺灣加權反1,12,0,12
 元大大甲,能率,16,4,12
 元大大甲,大銀微系統,19,8,11
 元大大甲,00891中信關鍵半導體,10,0,10
 元大大甲,環宇-KY,27,17,10
 元大大甲,中鴻,11,1,10
 元大大甲,欣興,20,10,10
 元大大甲,燁興,9,0,9
 元大大甲,上銀,13,4,9
 元大大甲,南寶,9,0,9
 元大大甲,群益期,9,0,9
 元大大甲,00635U期元大S＆P黃金,9,0,9
 元大大甲,00878國泰永續高股息,15,6,9
 元大大甲,00915凱基優選高股息30,8,0,8
 元大大甲,圓剛,11,3,8
 元大大甲,00893國泰智能電動車,8,0,8
 元大大甲,亞翔,8,0,8
 元大大甲,得力,7,0,7
 元大大甲,合庫金,6,0,6
 元大大甲,立積,7,1,6
 元大大甲,日電貿,6,0,6
 元大大甲,凱美,15,9,6
 元大大甲,定穎投控,6,0,6
 元大大甲,皇昌,8,2,6
 元大大甲,00965元大航太防衛科技,4,181,-177
 元大大甲,00679B元大美債20年,17,85,-68
 元大大甲,台船,0,55,-55
 元大大甲,堤維西,6,46,-40
 元大大甲,00673R期元大S＆P原油反1,10,50,-40
 元大大甲,華建,0,36,-36
 元大大甲,緯創,18,48,-30
 元大大甲,台塑,2,32,-30
 元大大甲,來頡,0,26,-26
 元大大甲,00665L富邦�琤肭磪囓�2,60,85,-25
 元大大甲,長榮航,10,34,-24
 元大大甲,欣銓,8,29,-21
 元大大甲,所羅門,0,21,-21
 元大大甲,榮創,0,20,-20
 元大大甲,神達,92,111,-19
 元大大甲,彰銀,2,21,-19
 元大大甲,和大,3,21,-18
 元大大甲,承業醫,0,18,-18
 元大大甲,台泥,2,20,-18
 元大大甲,00687B國泰20年美債,0,17,-17
 元大大甲,宏達電,96,113,-17
 元大大甲,興能高,163,179,-16
 元大大甲,台星科,0,15,-15
 元大大甲,台揚,4,18,-14
 元大大甲,潤泰新,0,14,-14
 元大大甲,00934中信成長高股息,0,14,-14
 元大大甲,00940元大台灣價值高息,11,23,-12
 元大大甲,鈺齊-KY,0,12,-12
 元大大甲,凱基金,0,12,-12
 元大大甲,宏致,5,17,-12
 元大大甲,中磊,0,12,-12
 元大大甲,華邦電,52,64,-12
 元大大甲,00929復華台灣科技優息,1,13,-12
 元大大甲,岱宇,0,11,-11
 元大大甲,飛宏,0,11,-11
 元大大甲,乙盛-KY,0,11,-11
 元大大甲,00646元大S＆P500,0,11,-11
 元大大甲,華榮,0,11,-11
 元大大甲,華航,2,13,-11
 元大大甲,迅得,5,16,-11
 元大大甲,鴻準,1,11,-10
 元大大甲,正隆,0,10,-10
 元大大甲,劍湖山,0,10,-10
 元大大甲,00720B元大投資級公司債,0,10,-10
 元大大甲,精確,0,10,-10
 元大大甲,三商,0,10,-10
 元大大甲,擎亞,11,21,-10
 元大大甲,加百裕,19,28,-9
 元大大甲,連展投控,6,15,-9
 元大大甲,00905FT臺灣Smart,2,11,-9
 元大沙鹿,聯電,235,15,220
 元大沙鹿,00664R國泰臺灣加權反1,200,0,200
 元大沙鹿,泰金寶-DR,197,25,172
 元大沙鹿,00632R元大台灣50反1,41,1,40
 元大沙鹿,00918大華優利高填息30,34,0,34
 元大沙鹿,00937B群益ESG投等債20,42,9,33
 元大沙鹿,光環,36,3,33
 元大沙鹿,永光,30,0,30
 元大沙鹿,鴻海,62,33,29
 元大沙鹿,緯創,40,11,29
 元大沙鹿,00637L元大滬深300正2,139,111,28
 元大沙鹿,錸德,30,4,26
 元大沙鹿,元大高股息,28,3,25
 元大沙鹿,00753L中信中國50正2,23,0,23
 元大沙鹿,00881國泰台灣5G+,23,0,23
 元大沙鹿,長榮航,28,6,22
 元大沙鹿,元晶,23,1,22
 元大沙鹿,中鋼,36,14,22
 元大沙鹿,00733富邦臺灣中小,21,0,21
 元大沙鹿,東元,25,5,20
 元大沙鹿,商丞,20,0,20
 元大沙鹿,福壽,19,0,19
 元大沙鹿,00858永豐美國500大,19,0,19
 元大沙鹿,ABC-KY,18,0,18
 元大沙鹿,大同,38,21,17
 元大沙鹿,宏��,18,1,17
 元大沙鹿,新光金,30,14,16
 元大沙鹿,廣宇,31,16,15
 元大沙鹿,欣興,14,0,14
 元大沙鹿,聯光通,44,31,13
 元大沙鹿,00633L富邦上証正2,14,2,12
 元大沙鹿,昇陽半導體,16,4,12
 元大沙鹿,達邁,42,30,12
 元大沙鹿,邑錡,14,2,12
 元大沙鹿,兆豐金,12,0,12
 元大沙鹿,越峰,11,0,11
 元大沙鹿,德微,11,0,11
 元大沙鹿,台塑,14,3,11
 元大沙鹿,立敦,27,17,10
 元大沙鹿,浪凡,10,0,10
 元大沙鹿,旺宏,16,6,10
 元大沙鹿,晶技,10,0,10
 元大沙鹿,00725B國泰投資級公司債,10,0,10
 元大沙鹿,湧德,10,1,9
 元大沙鹿,台郡,10,1,9
 元大沙鹿,五福,10,1,9
 元大沙鹿,鈺太,8,0,8
 元大沙鹿,中租-KY,8,0,8
 元大沙鹿,彬台,8,0,8
 元大沙鹿,晟銘電,13,5,8
 元大沙鹿,00965元大航太防衛科技,0,486,-486
 元大沙鹿,00680L元大美債20正2,9,485,-476
 元大沙鹿,00940元大台灣價值高息,0,132,-132
 元大沙鹿,00700富邦�琤肭磪�,0,100,-100
 元大沙鹿,00712復華富時不動產,0,85,-85
 元大沙鹿,神達,118,192,-74
 元大沙鹿,中石化,0,70,-70
 元大沙鹿,00665L富邦�琤肭磪囓�2,0,70,-70
 元大沙鹿,華新,7,75,-68
 元大沙鹿,力積電,44,101,-57
 元大沙鹿,00751B元大AAA至A公司債,1,51,-50
 元大沙鹿,00929復華台灣科技優息,0,49,-49
 元大沙鹿,00933B國泰10Y+金融債,0,47,-47
 元大沙鹿,日月光投控,3,36,-33
 元大沙鹿,聯一光,0,30,-30
 元大沙鹿,台新金,22,50,-28
 元大沙鹿,中纖,0,27,-27
 元大沙鹿,承啟,0,26,-26
 元大沙鹿,00931B統一美債20年,0,25,-25
 元大沙鹿,台化,6,30,-24
 元大沙鹿,00936台新永續高息中小,0,24,-24
 元大沙鹿,王道銀行,0,22,-22
 元大沙鹿,穩懋,0,22,-22
 元大沙鹿,00713元大台灣高息低波,7,27,-20
 元大沙鹿,凱基金,3,23,-20
 元大沙鹿,華新科,4,24,-20
 元大沙鹿,彩晶,0,20,-20
 元大沙鹿,昇佳電子,0,20,-20
 元大沙鹿,宏達電,89,108,-19
 元大沙鹿,新建,0,18,-18
 元大沙鹿,良維,0,17,-17
 元大沙鹿,華航,7,24,-17
 元大沙鹿,宏致,1,17,-16
 元大沙鹿,00905FT臺灣Smart,4,20,-16
 元大沙鹿,00830國泰費城半導體,1,17,-16
 元大沙鹿,台聚,1,17,-16
 元大沙鹿,新日興,1,16,-15
 元大沙鹿,00773B中信優先金融債,0,15,-15
 元大沙鹿,裕隆,0,15,-15
 元大沙鹿,華南金,1,15,-14
 元大沙鹿,元大台灣50,1,16,-15
 元大沙鹿,愛地雅,0,14,-14
 元大沙鹿,00887永豐中國科技50大,6,20,-14
 元大沙鹿,太景*-KY,0,14,-14
 元大沙鹿,00631L元大台灣50正2,0,14,-14
 元大沙鹿,允強,1,13,-12
 元大沙鹿,00946群益科技高息成長,0,12,-12
 元大沙鹿,益安,0,12,-12
 元大沙鹿,華城,1,13,-12
 元大沙鹿,神基,2,13,-11
 元大左營,聯電,141,27,114
 元大左營,泰金寶-DR,198,102,96
 元大左營,台泥,61,0,61
 元大左營,00673R期元大S＆P原油反1,41,0,41
 元大左營,合勤控,40,2,38
 元大左營,00919群益台灣精選高息,36,3,33
 元大左營,世界,33,1,32
 元大左營,星宇航空,42,10,32
 元大左營,00896中信綠能及電動車,30,0,30
 元大左營,00887永豐中國科技50大,30,1,29
 元大左營,元大高股息,38,11,27
 元大左營,元大金,25,1,24
 元大左營,千附精密,23,3,20
 元大左營,聯上發,20,0,20
 元大左營,新纖,20,0,20
 元大左營,00918大華優利高填息30,17,0,17
 元大左營,00637L元大滬深300正2,57,40,17
 元大左營,00680L元大美債20正2,26,10,16
 元大左營,台灣高鐵,20,5,15
 元大左營,00696B富邦美債20年,15,0,15
 元大左營,00679B元大美債20年,14,0,14
 元大左營,國碩,15,1,14
 元大左營,宏齊,14,0,14
 元大左營,緯創,111,98,13
 元大左營,南亞,18,6,12
 元大左營,00953B群益優選非投等債,12,0,12
 元大左營,亞泰,12,1,11
 元大左營,00632R元大台灣50反1,13,2,11
 元大左營,統一,11,0,11
 元大左營,兆豐金,11,2,9
 元大左營,中鋼,19,10,9
 元大左營,達邁,43,34,9
 元大左營,和椿,28,19,9
 元大左營,金寶,53,45,8
 元大左營,曜越,8,0,8
 元大左營,昇貿,9,1,8
 元大左營,和桐,8,0,8
 元大左營,一詮,9,1,8
 元大左營,榮剛,8,0,8
 元大左營,00937B群益ESG投等債20,49,41,8
 元大左營,立敦,17,10,7
 元大左營,00858永豐美國500大,7,0,7
 元大左營,日電貿,7,0,7
 元大左營,輔信,7,0,7
 元大左營,台船,7,0,7
 元大左營,00962台新AI優息動能,8,1,7
 元大左營,商億-KY,6,0,6
 元大左營,00959B大華投等美債15Y+,6,0,6
 元大左營,上銀,8,2,6
 元大左營,僑威,10,4,6
 元大左營,00965元大航太防衛科技,5,144,-139
 元大左營,00900富邦特選高股息30,5,68,-63
 元大左營,00940元大台灣價值高息,12,73,-61
 元大左營,00715L期街口布蘭特正2,5,66,-61
 元大左營,中鴻,8,64,-56
 元大左營,高技,1,50,-49
 元大左營,00878國泰永續高股息,20,67,-47
 元大左營,00941中信上游半導體,0,46,-46
 元大左營,凱基金,0,40,-40
 元大左營,00665L富邦�琤肭磪囓�2,2,33,-31
 元大左營,興能高,43,70,-27
 元大左營,華航,0,23,-23
 元大左營,宏��,3,26,-23
 元大左營,力積電,59,82,-23
 元大左營,00675L富邦臺灣加權正2,0,21,-21
 元大左營,定穎投控,0,20,-20
 元大左營,00664R國泰臺灣加權反1,0,20,-20
 元大左營,神達,101,121,-20
 元大左營,日月光投控,3,23,-20
 元大左營,00712復華富時不動產,1,20,-19
 元大左營,龍德造船,2,21,-19
 元大左營,00929復華台灣科技優息,0,18,-18
 元大左營,欣銓,3,21,-18
 元大左營,大同,1,18,-17
 元大左營,00905FT臺灣Smart,0,16,-16
 元大左營,皇昌,2,18,-16
 元大左營,長聖,1,16,-15
 元大左營,豐達科,0,15,-15
 元大左營,00966B統一ESG投等債15,0,14,-14
 元大左營,00881國泰台灣5G+,1,14,-13
 元大左營,友勁,0,13,-13
 元大左營,東元,0,12,-12
 元大左營,新盛力,55,66,-11
 元大左營,00932兆豐永續高息等權,0,11,-11
 元大左營,00954中信日本半導體,0,11,-11
 元大左營,義隆,0,11,-11
 元大左營,西勝,0,11,-11
 元大左營,合庫金,0,10,-10
 元大左營,00934中信成長高股息,0,10,-10
 元大左營,聚亨,0,10,-10
 元大左營,國泰金,0,10,-10
 元大左營,炎洲,0,10,-10
 元大左營,00688L國泰20年美債正2,0,10,-10
 元大左營,中石化,0,10,-10
 元大左營,00946群益科技高息成長,0,10,-10
 元大左營,00971野村美國研發龍頭,3,13,-10
 元大左營,京元電子,11,21,-10
 元大左營,鴻海,22,32,-10
 元大左營,宏致,1,10,-9
 元大左營,智擎,1,10,-9
 元大南崁,聯電,180,74,106
 元大南崁,新光金,84,1,83
 元大南崁,台塑,67,0,67
 元大南崁,00665L富邦�琤肭磪囓�2,39,0,39
 元大南崁,00637L元大滬深300正2,49,24,25
 元大南崁,00937B群益ESG投等債20,27,2,25
 元大南崁,世禾,25,0,25
 元大南崁,星宇航空,27,4,23
 元大南崁,00642U期元大S＆P石油,20,0,20
 元大南崁,00671R富邦NASDAQ反1,20,0,20
 元大南崁,凌群,19,0,19
 元大南崁,00918大華優利高填息30,18,0,18
 元大南崁,聯合再生,17,0,17
 元大南崁,00680L元大美債20正2,16,0,16
 元大南崁,00753L中信中國50正2,16,0,16
 元大南崁,精成科,28,13,15
 元大南崁,千興,15,0,15
 元大南崁,達邁,54,39,15
 元大南崁,凱崴,15,0,15
 元大南崁,伊雲谷,15,1,14
 元大南崁,力積電,16,3,13
 元大南崁,00713元大台灣高息低波,12,0,12
 元大南崁,00948B中信優息投資級債,12,0,12
 元大南崁,和椿,34,22,12
 元大南崁,00933B國泰10Y+金融債,11,0,11
 元大南崁,昇陽半導體,12,1,11
 元大南崁,00919群益台灣精選高息,20,10,10
 元大南崁,仁寶,11,1,10
 元大南崁,元大高股息,15,5,10
 元大南崁,00664R國泰臺灣加權反1,10,0,10
 元大南崁,名軒,30,20,10
 元大南崁,錩新,10,0,10
 元大南崁,瑞軒,10,0,10
 元大南崁,宸曜,15,6,9
 元大南崁,欣興,9,1,8
 元大南崁,創威,9,1,8
 元大南崁,華宏,8,0,8
 元大南崁,泰金寶-DR,18,10,8
 元大南崁,燿華,8,1,7
 元大南崁,國碩,7,0,7
 元大南崁,第一金,8,1,7
 元大南崁,宏齊,18,11,7
 元大南崁,00927群益半導體收益,5,0,5
 元大南崁,新鉅科,5,0,5
 元大南崁,永捷,5,0,5
 元大南崁,振發,10,5,5
 元大南崁,久昌,5,0,5
 元大南崁,金居,5,0,5
 元大南崁,00639富邦深100,4,0,4
 元大南崁,合騏,8,4,4
 元大南崁,00929復華台灣科技優息,2,123,-121
 元大南崁,康舒,0,57,-57
 元大南崁,00850元大臺灣ESG永續,0,51,-51
 元大南崁,00936台新永續高息中小,0,50,-50
 元大南崁,凱基金,0,50,-50
 元大南崁,00940元大台灣價值高息,2,48,-46
 元大南崁,00715L期街口布蘭特正2,0,34,-34
 元大南崁,威健,0,31,-31
 元大南崁,上海商銀,1,30,-29
 元大南崁,欣銓,6,34,-28
 元大南崁,00631L元大台灣50正2,0,23,-23
 元大南崁,00939統一台灣高息動能,0,22,-22
 元大南崁,太設,0,20,-20
 元大南崁,00632R元大台灣50反1,11,30,-19
 元大南崁,中鋼,3,22,-19
 元大南崁,華航,0,19,-19
 元大南崁,宏達電,55,74,-19
 元大南崁,國泰金,0,17,-17
 元大南崁,谷崧,0,15,-15
 元大南崁,亞光,4,18,-14
 元大南崁,台積電,3,16,-13
 元大南崁,00947台新臺灣IC設計,0,12,-12
 元大南崁,00965元大航太防衛科技,0,12,-12
 元大南崁,00687B國泰20年美債,5,17,-12
 元大南崁,群創,0,11,-11
 元大南崁,興能高,39,50,-11
 元大南崁,鴻海,42,53,-11
 元大南崁,富邦金,0,10,-10
 元大南崁,00675L富邦臺灣加權正2,0,10,-10
 元大南崁,聯強,0,10,-10
 元大南崁,寒舍,0,10,-10
 元大南崁,華晶科,0,10,-10
 元大南崁,瑞智,0,10,-10
 元大南崁,力麒,0,10,-10
 元大南崁,晉倫,0,10,-10
 元大南崁,00882中信中國高股息,1,11,-10
 元大南崁,00905FT臺灣Smart,1,10,-9
 元大南崁,虹堡,0,9,-9
 元大南崁,穩懋,0,9,-9
 元大南崁,00887永豐中國科技50大,0,8,-8
 元大南崁,00934中信成長高股息,0,8,-8
 元大南崁,華夏,0,8,-8
 元大南崁,順達,14,22,-8
 元大南崁,國光生,0,8,-8
 元大南崁,大世科,0,8,-8
 元大南崁,神達,63,70,-7
 元大南崁,中釉,0,7,-7
 元大南崁,大聯大,0,7,-7
 元大南崁,百和興業-KY,3,10,-7
 元大南崁,迅得,0,6,-6
陽信高雄,00637L元大滬深300正2,182,10,172
陽信高雄,聯電,28,2,26
陽信高雄,國統,18,0,18
陽信高雄,鴻海,13,0,13
陽信高雄,臺企銀,10,0,10
陽信高雄,中鋼,10,2,8
陽信高雄,加百裕,8,0,8
陽信高雄,台積電,10,2,8
陽信高雄,波若威,10,3,7
陽信高雄,達邁,12,5,7
陽信高雄,興能高,34,27,7
陽信高雄,廣達,7,1,6
陽信高雄,廣宇,6,0,6
陽信高雄,富邦金,15,10,5
陽信高雄,欣興,6,1,5
陽信高雄,達運光電,5,0,5
陽信高雄,華邦電,5,1,4
陽信高雄,佳能,4,0,4
陽信高雄,全宇生技-KY,4,0,4
陽信高雄,力積電,5,1,4
陽信高雄,金山電,4,0,4
陽信高雄,中興電,3,0,3
陽信高雄,正崴,3,0,3
陽信高雄,亞光,3,0,3
陽信高雄,精材,3,0,3
陽信高雄,歐買尬,3,0,3
陽信高雄,新盛力,6,3,3
陽信高雄,世界,6,3,3
陽信高雄,00687B國泰20年美債,2,0,2
陽信高雄,世德,2,0,2
陽信高雄,大同,2,0,2
陽信高雄,英業達,2,0,2
陽信高雄,華泰,2,0,2
陽信高雄,圓剛,2,0,2
陽信高雄,統一超,2,0,2
陽信高雄,大銀微系統,3,1,2
陽信高雄,合晶,2,0,2
陽信高雄,南電,2,0,2
陽信高雄,富鼎,2,0,2
陽信高雄,裕融,2,0,2
陽信高雄,僑威,1,0,1
陽信高雄,國巨,1,0,1
陽信高雄,昆盈,1,0,1
陽信高雄,展宇,1,0,1
陽信高雄,裕隆,1,0,1
陽信高雄,00909國泰數位支付服務,1,0,1
陽信高雄,華城,1,0,1
陽信高雄,精剛,1,0,1
陽信高雄,南亞,2,1,1
陽信高雄,00830國泰費城半導體,1,0,1
陽信高雄,新光金,10,150,-140
陽信高雄,00929復華台灣科技優息,1,50,-49
陽信高雄,陽明,0,32,-32
陽信高雄,00937B群益ESG投等債20,10,38,-28
陽信高雄,駿吉-KY,0,22,-22
陽信高雄,長興,0,20,-20
陽信高雄,和椿,0,17,-17
陽信高雄,鈺齊-KY,0,14,-14
陽信高雄,00940元大台灣價值高息,0,9,-9
陽信高雄,神達,11,17,-6
陽信高雄,宏致,0,6,-6
陽信高雄,華新,2,7,-5
陽信高雄,浩鼎,0,5,-5
陽信高雄,00878國泰永續高股息,1,5,-4
陽信高雄,雷虎,1,5,-4
陽信高雄,聯鈞,4,7,-3
陽信高雄,新復興,0,3,-3
陽信高雄,jpp-KY,2,5,-3
陽信高雄,南仁湖,0,3,-3
陽信高雄,亞翔,0,3,-3
陽信高雄,00960野村全球航運龍頭,0,2,-2
陽信高雄,00954中信日本半導體,0,2,-2
陽信高雄,中石化,0,2,-2
陽信高雄,海光,0,2,-2
陽信高雄,立隆電,2,4,-2
陽信高雄,宏達電,18,20,-2
陽信高雄,長榮航,0,2,-2
陽信高雄,華南金,0,2,-2
陽信高雄,晟銘電,0,2,-2
陽信高雄,國光生,0,2,-2
陽信高雄,青雲,0,2,-2
陽信高雄,晶焱,0,2,-2
陽信高雄,安集,0,2,-2
陽信高雄,佳龍,0,2,-2
陽信高雄,奇鋐,0,1,-1
陽信高雄,台達電,0,1,-1
陽信高雄,南帝,0,1,-1
陽信高雄,台泥,0,1,-1
陽信高雄,00965元大航太防衛科技,0,1,-1
陽信高雄,00887永豐中國科技50大,0,1,-1
陽信高雄,00922國泰台灣領袖50,0,1,-1
陽信高雄,00680L元大美債20正2,0,1,-1
陽信高雄,元大台灣50,0,1,-1
陽信高雄,威盛,0,1,-1
陽信高雄,映泰,0,1,-1
陽信高雄,正達,0,1,-1
陽信高雄,大量,1,2,-1
陽信高雄,順達,1,2,-1
陽信高雄,威剛,0,1,-1
陽信高雄,欣銓,1,2,-1
永豐萬盛,00637L元大滬深300正2,439,0,439
永豐萬盛,00950B凱基A級公司債,200,0,200
永豐萬盛,00937B群益ESG投等債20,223,35,188
永豐萬盛,宏��,133,0,133
永豐萬盛,聯電,150,27,123
永豐萬盛,00919群益台灣精選高息,132,17,115
永豐萬盛,泰金寶-DR,157,42,115
永豐萬盛,00676R富邦臺灣加權反1,103,0,103
永豐萬盛,富喬,134,40,94
永豐萬盛,三商,93,0,93
永豐萬盛,厚生,92,0,92
永豐萬盛,友訊,78,0,78
永豐萬盛,亞泥,71,0,71
永豐萬盛,僑威,66,3,63
永豐萬盛,00878國泰永續高股息,104,43,61
永豐萬盛,00953B群益優選非投等債,60,0,60
永豐萬盛,00947台新臺灣IC設計,61,1,60
永豐萬盛,神達,186,143,43
永豐萬盛,光洋科,44,1,43
永豐萬盛,加百裕,102,60,42
永豐萬盛,神基,42,1,41
永豐萬盛,00730富邦臺灣優質高息,40,1,39
永豐萬盛,00664R國泰臺灣加權反1,36,0,36
永豐萬盛,00725B國泰投資級公司債,32,0,32
永豐萬盛,00948B中信優息投資級債,27,0,27
永豐萬盛,新復興,25,0,25
永豐萬盛,中鋼,26,2,24
永豐萬盛,00887永豐中國科技50大,24,0,24
永豐萬盛,順達,38,15,23
永豐萬盛,環宇-KY,47,24,23
永豐萬盛,立敦,60,37,23
永豐萬盛,00633L富邦上証正2,22,1,21
永豐萬盛,陽明,30,10,20
永豐萬盛,00706L期元大S＆P日圓正2,20,0,20
永豐萬盛,國際中橡,20,0,20
永豐萬盛,中美晶,20,0,20
永豐萬盛,眾達-KY,50,32,18
永豐萬盛,00946群益科技高息成長,30,12,18
永豐萬盛,德晉,26,8,18
永豐萬盛,00655L國泰中國A50正2,21,4,17
永豐萬盛,日月光投控,35,20,15
永豐萬盛,正崴,17,2,15
永豐萬盛,保瑞,17,2,15
永豐萬盛,泰豐,14,0,14
永豐萬盛,00858永豐美國500大,14,0,14
永豐萬盛,萬海,33,20,13
永豐萬盛,00830國泰費城半導體,21,8,13
永豐萬盛,亞翔,19,7,12
永豐萬盛,海悅,12,0,12
永豐萬盛,00662富邦NASDAQ,12,0,12
永豐萬盛,宏達電,82,466,-384
永豐萬盛,00927群益半導體收益,7,234,-227
永豐萬盛,大同,8,203,-195
永豐萬盛,00965元大航太防衛科技,2,170,-168
永豐萬盛,00929復華台灣科技優息,1,127,-126
永豐萬盛,創惟,19,144,-125
永豐萬盛,永豐金,20,118,-98
永豐萬盛,00712復華富時不動產,7,89,-82
永豐萬盛,00675L富邦臺灣加權正2,7,78,-71
永豐萬盛,新日興,42,109,-67
永豐萬盛,裕隆,0,57,-57
永豐萬盛,群聯,0,56,-56
永豐萬盛,00673R期元大S＆P原油反1,1,52,-51
永豐萬盛,00687B國泰20年美債,19,66,-47
永豐萬盛,00941中信上游半導體,0,44,-44
永豐萬盛,00940元大台灣價值高息,34,73,-39
永豐萬盛,00632R元大台灣50反1,1,40,-39
永豐萬盛,興能高,115,153,-38
永豐萬盛,力積電,28,66,-38
永豐萬盛,華航,1,33,-32
永豐萬盛,牧東,0,31,-31
永豐萬盛,榮剛,0,30,-30
永豐萬盛,欣銓,1,30,-29
永豐萬盛,00719B元大美債1-3,5,32,-27
永豐萬盛,00720B元大投資級公司債,0,26,-26
永豐萬盛,元大高股息,64,89,-25
永豐萬盛,建漢,0,25,-25
永豐萬盛,緯創,25,50,-25
永豐萬盛,00665L富邦�琤肭磪囓�2,256,279,-23
永豐萬盛,星宇航空,3,26,-23
永豐萬盛,玉山金,3,25,-22
永豐萬盛,00894中信小資高價30,0,21,-21
永豐萬盛,國泰金,1,21,-20
永豐萬盛,風青,0,20,-20
永豐萬盛,00971野村美國研發龍頭,0,20,-20
永豐萬盛,百和,2,20,-18
永豐萬盛,台灣虎航,9,27,-18
永豐萬盛,00692富邦公司治理,3,20,-17
永豐萬盛,光環,13,30,-17
永豐萬盛,00933B國泰10Y+金融債,6,22,-16
永豐萬盛,敬鵬,0,16,-16
永豐萬盛,宏致,11,26,-15
永豐萬盛,金寶,4,19,-15
永豐萬盛,京城,0,14,-14
永豐萬盛,00650L復華香港正2,2,16,-14
永豐萬盛,00757統一FANG+,5,19,-14
永豐萬盛,元大台灣50,9,22,-13
永豐萬盛,00722B群益投資級電信債,0,13,-13
永豐萬盛,南電,0,13,-13
永豐萬盛,中租-KY,0,13,-13
 元大台中,欣銓,1017,732,285
 元大台中,00637L元大滬深300正2,552,314,238
 元大台中,00959B大華投等美債15Y+,180,19,161
 元大台中,聯電,156,92,64
 元大台中,00632R元大台灣50反1,58,0,58
 元大台中,00953B群益優選非投等債,60,6,54
 元大台中,00753L中信中國50正2,50,0,50
 元大台中,陽明,58,9,49
 元大台中,海光,50,1,49
 元大台中,00830國泰費城半導體,43,0,43
 元大台中,00919群益台灣精選高息,52,12,40
 元大台中,緯創,42,5,37
 元大台中,台塑,37,6,31
 元大台中,長榮航,43,15,28
 元大台中,00915凱基優選高股息30,40,15,25
 元大台中,榮創,20,0,20
 元大台中,華建,20,0,20
 元大台中,杭特,20,0,20
 元大台中,神達,134,117,17
 元大台中,信錦,17,1,16
 元大台中,00937B群益ESG投等債20,34,19,15
 元大台中,聯光通,37,22,15
 元大台中,兆豐金,13,0,13
 元大台中,國喬,14,1,13
 元大台中,元大高股息,24,11,13
 元大台中,中石化,12,0,12
 元大台中,00713元大台灣高息低波,15,3,12
 元大台中,台積電,33,22,11
 元大台中,南茂,12,1,11
 元大台中,弘凱,17,6,11
 元大台中,旺宏,12,2,10
 元大台中,第一金,11,1,10
 元大台中,希華,10,0,10
 元大台中,00968B元大優息投等債,10,0,10
 元大台中,00951台新日本半導體,10,1,9
 元大台中,全漢,11,2,9
 元大台中,台揚,9,0,9
 元大台中,萬海,8,0,8
 元大台中,英業達,8,1,7
 元大台中,00673R期元大S＆P原油反1,7,0,7
 元大台中,友達,7,0,7
 元大台中,華城,9,3,6
 元大台中,永道-KY,10,4,6
 元大台中,力山,6,0,6
 元大台中,大國鋼,6,0,6
 元大台中,台泥,11,6,5
 元大台中,華電網,5,0,5
 元大台中,00918大華優利高填息30,6,1,5
 元大台中,美利達,5,0,5
 元大台中,寒舍,10,5,5
 元大台中,00965元大航太防衛科技,0,271,-271
 元大台中,僑威,3,228,-225
 元大台中,00680L元大美債20正2,1,56,-55
 元大台中,00940元大台灣價值高息,11,61,-50
 元大台中,廣宇,5,48,-43
 元大台中,國泰金,0,42,-42
 元大台中,力積電,173,210,-37
 元大台中,上詮,0,33,-33
 元大台中,00929復華台灣科技優息,0,32,-32
 元大台中,日月光投控,2,29,-27
 元大台中,聚隆,0,24,-24
 元大台中,富邦金,1,24,-23
 元大台中,長聖,0,22,-22
 元大台中,興能高,631,651,-20
 元大台中,百和興業-KY,0,20,-20
 元大台中,東元,0,20,-20
 元大台中,00945B凱基美國非投等債,0,20,-20
 元大台中,凱基金,2,21,-19
 元大台中,華航,6,25,-19
 元大台中,群創,51,70,-19
 元大台中,00948B中信優息投資級債,0,19,-19
 元大台中,00922國泰台灣領袖50,0,17,-17
 元大台中,能率,0,17,-17
 元大台中,久昌,450,466,-16
 元大台中,聚亨,0,15,-15
 元大台中,00935野村臺灣新科技50,0,14,-14
 元大台中,鈺齊-KY,1,15,-14
 元大台中,宏達電,50,64,-14
 元大台中,00957B兆豐US優選投等債,0,13,-13
 元大台中,鴻準,7,20,-13
 元大台中,精成科,13,25,-12
 元大台中,金寶,0,12,-12
 元大台中,冠西電,4,15,-11
 元大台中,星通,0,11,-11
 元大台中,宏致,2,13,-11
 元大台中,00933B國泰10Y+金融債,5,16,-11
 元大台中,鴻海,10,21,-11
 元大台中,020029元大ESG高股息N,0,10,-10
 元大台中,康和證,0,10,-10
 元大台中,大億金茂,0,10,-10
 元大台中,佶優,0,10,-10
 元大台中,00715L期街口布蘭特正2,0,10,-10
 元大台中,統一,1,10,-9
 元大台中,星宇航空,1,9,-8
 元大台中,榮剛,0,8,-8
 元大台中,中環,0,8,-8
 元大台中,中工,0,8,-8
 元大台中,雷虎,7,15,-8
 元大台中,中信金,2,9,-7
 元大台中,立隆電,12,19,-7
致和府前,千興,100,3,97
致和府前,元大高股息,31,0,31
致和府前,銘旺科,20,0,20
致和府前,聯電,14,0,14
致和府前,亞翔,5,0,5
致和府前,陽明,5,0,5
致和府前,欣興,5,0,5
致和府前,光環,5,0,5
致和府前,00632R元大台灣50反1,4,0,4
致和府前,00715L期街口布蘭特正2,3,0,3
致和府前,華新,3,0,3
致和府前,統一超,3,0,3
致和府前,艾姆勒,3,1,2
致和府前,00770國泰北美科技,2,0,2
致和府前,海悅,2,0,2
致和府前,僑威,3,1,2
致和府前,精材,2,0,2
致和府前,創意,4,2,2
致和府前,台虹,2,0,2
致和府前,英業達,2,1,1
致和府前,光寶科,1,0,1
致和府前,國巨,1,0,1
致和府前,00713元大台灣高息低波,1,0,1
致和府前,00882中信中國高股息,1,0,1
致和府前,00878國泰永續高股息,1,0,1
致和府前,00922國泰台灣領袖50,1,0,1
致和府前,00910第一金太空衛星,1,0,1
致和府前,信錦,1,0,1
致和府前,震旦行,1,0,1
致和府前,群光,1,0,1
致和府前,立隆電,4,3,1
致和府前,兆豐金,1,0,1
致和府前,鈺德,1,0,1
致和府前,艾訊,1,0,1
致和府前,順達,1,0,1
致和府前,雙鴻,1,0,1
致和府前,神達,4,3,1
致和府前,富采,1,0,1
致和府前,台灣精銳,1,0,1
致和府前,新復興,1,0,1
致和府前,華容,1,0,1
致和府前,能率,1,0,1
致和府前,聖暉*,1,0,1
致和府前,精成科,1,0,1
致和府前,瑞祺電通,1,0,1
致和府前,朋億*,1,0,1
致和府前,伊雲谷,2,1,1
致和府前,力積電,1,0,1
致和府前,展�眥篕�,1,0,1
致和府前,邑錡,1,0,1
致和府前,宏達電,34,92,-58
致和府前,淳紳,0,38,-38
致和府前,元大台灣50,0,10,-10
致和府前,三陽工業,0,10,-10
致和府前,聚亨,0,10,-10
致和府前,擎亞,1,11,-10
致和府前,大同,0,9,-9
致和府前,佳和,0,8,-8
致和府前,凱基金,0,7,-7
致和府前,振發,0,6,-6
致和府前,潤隆,0,5,-5
致和府前,冠軍,0,5,-5
致和府前,00661元大日經225,0,5,-5
致和府前,昇達科,0,5,-5
致和府前,致和證,0,5,-5
致和府前,鴻海,1,5,-4
致和府前,台積電,0,4,-4
致和府前,南亞,1,5,-4
致和府前,泰茂,0,4,-4
致和府前,連展投控,0,4,-4
致和府前,立敦,6,10,-4
致和府前,芯鼎,0,4,-4
致和府前,金寶,0,3,-3
致和府前,科妍,0,3,-3
致和府前,燁輝,0,3,-3
致和府前,菱生,0,3,-3
致和府前,信邦,0,3,-3
致和府前,華晶科,0,3,-3
致和府前,磐儀,0,3,-3
致和府前,海華,0,3,-3
致和府前,誠美材,0,3,-3
致和府前,信音,0,3,-3
致和府前,興能高,0,3,-3
致和府前,元太,0,3,-3
致和府前,台橡,0,2,-2
致和府前,長榮航,0,2,-2
致和府前,奇鋐,0,2,-2
致和府前,聯亞,0,2,-2
致和府前,華電網,0,2,-2
致和府前,元晶,0,2,-2
致和府前,愛普*,0,2,-2
致和府前,南茂,0,2,-2
致和府前,華星光,1,2,-1
致和府前,台達電,0,1,-1
致和府前,華邦電,0,1,-1
致和府前,喬山,0,1,-1
致和府前,東元,0,1,-1
致和府前,中鴻,0,1,-1
致和府前,裕隆,0,1,-1
致和府前,大成鋼,0,1,-1
凱基永康,泰金寶-DR,188,4,184
凱基永康,聯電,66,7,59
凱基永康,00878國泰永續高股息,82,24,58
凱基永康,群創,50,3,47
凱基永康,朋億*,32,0,32
凱基永康,連展投控,28,2,26
凱基永康,東浦,25,0,25
凱基永康,00930永豐ESG低碳高息,22,0,22
凱基永康,中鴻,16,1,15
凱基永康,00688L國泰20年美債正2,12,0,12
凱基永康,兆豐金,11,0,11
凱基永康,元大高股息,22,12,10
凱基永康,緯創,12,1,11
凱基永康,00932兆豐永續高息等權,10,0,10
凱基永康,00949復華日本龍頭,10,0,10
凱基永康,國光生,11,1,10
凱基永康,鈺創,10,0,10
凱基永康,長華*,11,1,10
凱基永康,亞光,26,17,9
凱基永康,00919群益台灣精選高息,9,1,8
凱基永康,威剛,9,1,8
凱基永康,達邁,9,1,8
凱基永康,加百裕,34,27,7
凱基永康,全球傳動,7,0,7
凱基永康,南仁湖,7,0,7
凱基永康,京元電子,7,0,7
凱基永康,00912中信臺灣智慧50,9,3,6
凱基永康,00917中信特選金融,6,0,6
凱基永康,00937B群益ESG投等債20,6,0,6
凱基永康,華新,6,0,6
凱基永康,科妍,6,0,6
凱基永康,旺宏,6,0,6
凱基永康,良得電,6,0,6
凱基永康,力積電,85,79,6
凱基永康,海華,5,0,5
凱基永康,00708L期元大S＆P黃金正2,5,0,5
凱基永康,00927群益半導體收益,5,0,5
凱基永康,高僑,5,0,5
凱基永康,驊訊,6,1,5
凱基永康,國統,5,0,5
凱基永康,中鼎,5,0,5
凱基永康,00918大華優利高填息30,5,0,5
凱基永康,洋基工程,4,0,4
凱基永康,中光電,7,3,4
凱基永康,台化,8,4,4
凱基永康,英業達,7,3,4
凱基永康,永豐金,4,0,4
凱基永康,智原,7,3,4
凱基永康,台星科,5,1,4
凱基永康,合庫金,4,0,4
凱基永康,00980B台新特選IG債10+,0,134,-134
凱基永康,00922國泰台灣領袖50,2,67,-65
凱基永康,00965元大航太防衛科技,0,63,-63
凱基永康,00929復華台灣科技優息,0,63,-63
凱基永康,00971野村美國研發龍頭,8,63,-55
凱基永康,元晶,0,47,-47
凱基永康,第一金,3,50,-47
凱基永康,00900富邦特選高股息30,8,50,-42
凱基永康,長榮航,1,37,-36
凱基永康,彩晶,0,32,-32
凱基永康,00757統一FANG+,0,30,-30
凱基永康,00905FT臺灣Smart,0,30,-30
凱基永康,神達,24,45,-21
凱基永康,太景*-KY,0,20,-20
凱基永康,00972野村日本動能高息,0,17,-17
凱基永康,佳能,17,33,-16
凱基永康,宏致,4,19,-15
凱基永康,台積電,6,21,-15
凱基永康,00882中信中國高股息,23,36,-13
凱基永康,00923群益台ESG低碳50,0,13,-13
凱基永康,宏達電,39,51,-12
凱基永康,事欣科,5,17,-12
凱基永康,廣宇,1,12,-11
凱基永康,富喬,25,36,-11
凱基永康,00687B國泰20年美債,0,10,-10
凱基永康,00936台新永續高息中小,0,10,-10
凱基永康,遠東銀,0,10,-10
凱基永康,英濟,13,22,-9
凱基永康,日月光投控,0,9,-9
凱基永康,亞翔,1,8,-7
凱基永康,友達,0,7,-7
凱基永康,雄獅,0,7,-7
凱基永康,00941中信上游半導體,0,6,-6
凱基永康,華南金,0,6,-6
凱基永康,聿新科,0,6,-6
凱基永康,立敦,4,10,-6
凱基永康,華航,0,6,-6
凱基永康,00951台新日本半導體,0,5,-5
凱基永康,00673R期元大S＆P原油反1,0,5,-5
凱基永康,00751B元大AAA至A公司債,0,5,-5
凱基永康,光寶科,0,5,-5
凱基永康,新盛力,53,58,-5
凱基永康,擎邦,0,5,-5
凱基永康,廣運,0,5,-5
凱基永康,宏全,0,5,-5
凱基永康,玉山金,2,6,-4
凱基永康,堤維西,0,4,-4
凱基永康,欣銓,2,6,-4
凱基永康,矽格,0,4,-4
凱基永康,澤米,2,6,-4
群益中壢,00648R元大S＆P500反1,180,0,180
群益中壢,00795B中信美國公債20年,126,0,126
群益中壢,聯電,147,39,108
群益中壢,00664R國泰臺灣加權反1,70,0,70
群益中壢,00637L元大滬深300正2,75,5,70
群益中壢,00919群益台灣精選高息,84,16,68
群益中壢,神達,103,52,51
群益中壢,00675L富邦臺灣加權正2,46,4,42
群益中壢,00665L富邦�琤肭磪囓�2,39,0,39
群益中壢,達邁,88,49,39
群益中壢,00937B群益ESG投等債20,32,1,31
群益中壢,台塑,30,6,24
群益中壢,凱基金,28,4,24
群益中壢,元大高股息,23,0,23
群益中壢,京元電子,22,0,22
群益中壢,英業達,27,6,21
群益中壢,台泥,21,0,21
群益中壢,立��,26,7,19
群益中壢,立敦,41,22,19
群益中壢,新盛力,111,93,18
群益中壢,00918大華優利高填息30,21,3,18
群益中壢,擎亞,37,19,18
群益中壢,聯合再生,17,0,17
群益中壢,聯鈞,27,11,16
群益中壢,普安,15,0,15
群益中壢,新光金,21,7,14
群益中壢,友訊,21,8,13
群益中壢,00910第一金太空衛星,12,0,12
群益中壢,00882中信中國高股息,11,0,11
群益中壢,皇昌,13,2,11
群益中壢,新興,11,0,11
群益中壢,國票金,11,0,11
群益中壢,康霈*,14,3,11
群益中壢,00858永豐美國500大,10,0,10
群益中壢,前鼎,16,6,10
群益中壢,富喬,44,34,10
群益中壢,順德,10,0,10
群益中壢,台玻,15,5,10
群益中壢,福邦證,10,0,10
群益中壢,嘉聯益,10,0,10
群益中壢,鈦昇,10,0,10
群益中壢,順達,35,25,10
群益中壢,技嘉,10,1,9
群益中壢,南亞,10,1,9
群益中壢,00688L國泰20年美債正2,9,0,9
群益中壢,00971野村美國研發龍頭,9,0,9
群益中壢,零壹,8,0,8
群益中壢,威力暘-創,8,0,8
群益中壢,富野,8,0,8
群益中壢,IKKA-KY,11,3,8
群益中壢,00753L中信中國50正2,110,500,-390
群益中壢,泰金寶-DR,57,311,-254
群益中壢,華航,0,182,-182
群益中壢,00877復華中國5G,0,88,-88
群益中壢,00720B元大投資級公司債,0,80,-80
群益中壢,00980B台新特選IG債10+,0,79,-79
群益中壢,宏達電,87,160,-73
群益中壢,00650L復華香港正2,1,60,-59
群益中壢,富邦金,13,71,-58
群益中壢,頎邦,0,56,-56
群益中壢,長榮航,34,86,-52
群益中壢,一詮,0,51,-51
群益中壢,力積電,14,58,-44
群益中壢,00940元大台灣價值高息,0,40,-40
群益中壢,00934中信成長高股息,0,40,-40
群益中壢,光寶科,0,37,-37
群益中壢,大同,34,67,-33
群益中壢,00634R富邦上証反1,0,30,-30
群益中壢,振發,0,30,-30
群益中壢,00631L元大台灣50正2,2,31,-29
群益中壢,康那香,0,25,-25
群益中壢,東元,0,24,-24
群益中壢,波若威,41,63,-22
群益中壢,合機,0,20,-20
群益中壢,中工,0,20,-20
群益中壢,00946群益科技高息成長,3,22,-19
群益中壢,光洋科,2,21,-19
群益中壢,大銀微系統,5,24,-19
群益中壢,欣銓,36,53,-17
群益中壢,00922國泰台灣領袖50,1,15,-14
群益中壢,佳能,16,29,-13
群益中壢,僑威,36,49,-13
群益中壢,耿鼎,0,13,-13
群益中壢,萬海,0,13,-13
群益中壢,台積電,13,26,-13
群益中壢,群創,1,14,-13
群益中壢,00942B台新美A公司債20+,0,12,-12
群益中壢,啟��,0,12,-12
群益中壢,建達,1,13,-12
群益中壢,新日興,7,18,-11
群益中壢,006208富邦台50,1,12,-11
群益中壢,華星光,72,82,-10
群益中壢,00706L期元大S＆P日圓正2,0,10,-10
群益中壢,00673R期元大S＆P原油反1,0,10,-10
群益中壢,00970B新光BBB投等債20,0,10,-10
群益中壢,00635U期元大S＆P黃金,0,10,-10
群益中壢,中磊,0,10,-10
群益中壢,中光電,1,10,-9
群益中壢,立隆電,11,19,-8
群益中壢,00712復華富時不動產,2,10,-8
富邦敦南,00673R期元大S＆P原油反1,803,9,794
富邦敦南,泰鼎-KY,280,3,277
富邦敦南,00633L富邦上証正2,238,0,238
富邦敦南,三一東林,204,6,198
富邦敦南,00646元大S＆P500,161,0,161
富邦敦南,00753L中信中國50正2,146,0,146
富邦敦南,聯電,277,160,117
富邦敦南,環宇-KY,221,106,115
富邦敦南,00953B群益優選非投等債,134,30,104
富邦敦南,00637L元大滬深300正2,99,20,79
富邦敦南,福邦證,78,4,74
富邦敦南,昇貿,71,1,70
富邦敦南,南茂,116,47,69
富邦敦南,00687B國泰20年美債,68,0,68
富邦敦南,泰金寶-DR,116,50,66
富邦敦南,00919群益台灣精選高息,85,21,64
富邦敦南,新光金,104,42,62
富邦敦南,亞光,90,29,61
富邦敦南,加百裕,105,51,54
富邦敦南,華紙,50,0,50
富邦敦南,00679B元大美債20年,53,5,48
富邦敦南,亞泰,48,6,42
富邦敦南,華通,102,62,40
富邦敦南,皇昌,46,9,37
富邦敦南,00655L國泰中國A50正2,30,0,30
富邦敦南,00878國泰永續高股息,61,32,29
富邦敦南,元大高股息,51,22,29
富邦敦南,宜鼎,27,0,27
富邦敦南,立積,25,0,25
富邦敦南,00931B統一美債20年,25,0,25
富邦敦南,緯創,33,9,24
富邦敦南,00960野村全球航運龍頭,54,30,24
富邦敦南,宏齊,23,1,22
富邦敦南,聯鈞,104,82,22
富邦敦南,三商壽,21,0,21
富邦敦南,百和,20,0,20
富邦敦南,炎洲,20,0,20
富邦敦南,00937B群益ESG投等債20,43,24,19
富邦敦南,00858永豐美國500大,19,0,19
富邦敦南,康那香,20,2,18
富邦敦南,雷虎,18,0,18
富邦敦南,IET-KY,18,1,17
富邦敦南,熱映,16,0,16
富邦敦南,揚明光,16,0,16
富邦敦南,006208富邦台50,34,19,15
富邦敦南,和椿,51,36,15
富邦敦南,訊達,15,0,15
富邦敦南,映泰,15,0,15
富邦敦南,鉅祥,15,0,15
富邦敦南,廣達,20,6,14
富邦敦南,00715L期街口布蘭特正2,1,405,-404
富邦敦南,力積電,122,478,-356
富邦敦南,宏達電,95,239,-144
富邦敦南,00980B台新特選IG債10+,3,124,-121
富邦敦南,00885富邦越南,0,121,-121
富邦敦南,00725B國泰投資級公司債,0,98,-98
富邦敦南,00929復華台灣科技優息,4,98,-94
富邦敦南,00940元大台灣價值高息,0,94,-94
富邦敦南,台灣虎航,32,125,-93
富邦敦南,富邦金,7,95,-88
富邦敦南,元大台灣50,4,69,-65
富邦敦南,群益證,2,58,-56
富邦敦南,00900富邦特選高股息30,0,51,-51
富邦敦南,創惟,14,59,-45
富邦敦南,仁寶,2,43,-41
富邦敦南,立隆電,27,66,-39
富邦敦南,聯德控股-KY,10,48,-38
富邦敦南,鴻準,12,49,-37
富邦敦南,華城,1,36,-35
富邦敦南,廣閎科,0,35,-35
富邦敦南,臺企銀,2,35,-33
富邦敦南,華新,1,32,-31
富邦敦南,00965元大航太防衛科技,0,31,-31
富邦敦南,上海商銀,0,31,-31
富邦敦南,欣銓,9,38,-29
富邦敦南,00941中信上游半導體,1,29,-28
富邦敦南,華航,4,29,-25
富邦敦南,國泰金,0,24,-24
富邦敦南,聯邦銀,0,23,-23
富邦敦南,華星光,50,73,-23
富邦敦南,邦泰,0,22,-22
富邦敦南,旭暉應材,0,21,-21
富邦敦南,南亞,0,21,-21
富邦敦南,瑞智,0,21,-21
富邦敦南,00635U期元大S＆P黃金,0,20,-20
富邦敦南,00664R國泰臺灣加權反1,30,50,-20
富邦敦南,巧新,0,20,-20
富邦敦南,00887永豐中國科技50大,0,20,-20
富邦敦南,00909國泰數位支付服務,6,24,-18
富邦敦南,南亞科,2,20,-18
富邦敦南,00757統一FANG+,11,29,-18
富邦敦南,奇鋐,4,21,-17
富邦敦南,宏致,2,19,-17
富邦敦南,連展投控,3,20,-17
富邦敦南,台亞,0,17,-17
富邦敦南,安普新,0,17,-17
富邦敦南,00951台新日本半導體,0,16,-16
富邦敦南,正文,0,15,-15
富邦敦南,昇達科,18,33,-15
富邦敦南,台達電,8,23,-15
凱基和平,00637L元大滬深300正2,358,7,351
凱基和平,00671R富邦NASDAQ反1,100,0,100
凱基和平,00919群益台灣精選高息,68,0,68
凱基和平,緯創,142,93,49
凱基和平,00878國泰永續高股息,39,0,39
凱基和平,欣興,36,2,34
凱基和平,佳能,32,1,31
凱基和平,新日興,56,27,29
凱基和平,南亞科,30,2,28
凱基和平,華南金,26,0,26
凱基和平,英業達,37,13,24
凱基和平,聯電,28,5,23
凱基和平,台泥,23,1,22
凱基和平,00918大華優利高填息30,21,0,21
凱基和平,農林,20,0,20
凱基和平,波若威,25,9,16
凱基和平,高鋒,15,0,15
凱基和平,兆豐金,13,0,13
凱基和平,陽明,15,3,12
凱基和平,虹冠電,12,0,12
凱基和平,AES-KY,13,2,11
凱基和平,00926凱基全球菁英55,11,0,11
凱基和平,聯光通,23,12,11
凱基和平,彩晶,15,4,11
凱基和平,雷虎,11,0,11
凱基和平,立敦,20,10,10
凱基和平,00770國泰北美科技,10,0,10
凱基和平,達邁,12,2,10
凱基和平,國光生,10,0,10
凱基和平,正文,10,0,10
凱基和平,前鼎,14,4,10
凱基和平,宏齊,10,0,10
凱基和平,00927群益半導體收益,10,0,10
凱基和平,台星科,8,0,8
凱基和平,友輝,8,0,8
凱基和平,創惟,11,3,8
凱基和平,南亞,11,4,7
凱基和平,華航,7,0,7
凱基和平,零壹,7,0,7
凱基和平,光鼎,7,0,7
凱基和平,中興電,9,2,7
凱基和平,00665L富邦�琤肭磪囓�2,6,0,6
凱基和平,00715L期街口布蘭特正2,6,0,6
凱基和平,00858永豐美國500大,5,0,5
凱基和平,00795B中信美國公債20年,5,0,5
凱基和平,00933B國泰10Y+金融債,5,0,5
凱基和平,00953B群益優選非投等債,5,0,5
凱基和平,00959B大華投等美債15Y+,5,0,5
凱基和平,00679B元大美債20年,4,0,4
凱基和平,00706L期元大S＆P日圓正2,4,0,4
凱基和平,00980B台新特選IG債10+,10,120,-110
凱基和平,00952凱基台灣AI50,0,90,-90
凱基和平,00946群益科技高息成長,0,64,-64
凱基和平,中再保,0,60,-60
凱基和平,00965元大航太防衛科技,0,50,-50
凱基和平,金像電,5,54,-49
凱基和平,順達,17,66,-49
凱基和平,00971野村美國研發龍頭,5,50,-45
凱基和平,宏致,0,44,-44
凱基和平,凱基金,0,41,-41
凱基和平,00929復華台灣科技優息,10,49,-39
凱基和平,00877復華中國5G,0,36,-36
凱基和平,立端,0,35,-35
凱基和平,康舒,0,30,-30
凱基和平,00881國泰台灣5G+,1,28,-27
凱基和平,大同,0,27,-27
凱基和平,中信金,0,26,-26
凱基和平,00943兆豐電子高息等權,0,25,-25
凱基和平,友達,0,23,-23
凱基和平,長華*,0,23,-23
凱基和平,00902中信電池及儲能,0,21,-21
凱基和平,華榮,0,20,-20
凱基和平,百一,0,20,-20
凱基和平,正基,0,20,-20
凱基和平,00932兆豐永續高息等權,0,18,-18
凱基和平,宏遠證,0,17,-17
凱基和平,00948B中信優息投資級債,0,16,-16
凱基和平,玉山金,0,16,-16
凱基和平,三商壽,0,15,-15
凱基和平,能率網通,8,21,-13
凱基和平,元大高股息,13,26,-13
凱基和平,聯鈞,16,28,-12
凱基和平,和碩,0,12,-12
凱基和平,新盛力,30,41,-11
凱基和平,台新金,0,10,-10
凱基和平,元大台灣50,3,13,-10
凱基和平,台聚,0,10,-10
凱基和平,國喬,0,10,-10
凱基和平,合機,0,10,-10
凱基和平,中鋼,1,11,-10
凱基和平,星宇航空,0,10,-10
凱基和平,揚智,0,10,-10
凱基和平,台塑化,0,10,-10
凱基和平,00938凱基優選30,0,9,-9
凱基和平,彰銀,0,9,-9
凱基和平,商億-KY,1,10,-9
凱基和平,欣銓,35,43,-8
凱基和平,00673R期元大S＆P原油反1,0,7,-7
凱基和平,00941中信上游半導體,0,7,-7
凱基和平,富喬,12,19,-7
華南斗六,聯電,258,1,257
華南斗六,精成科,193,121,72
華南斗六,新光金,73,11,62
華南斗六,富喬,119,80,39
華南斗六,合庫金,30,0,30
華南斗六,台塑,59,32,27
華南斗六,00637L元大滬深300正2,33,10,23
華南斗六,00900富邦特選高股息30,22,0,22
華南斗六,欣興,25,3,22
華南斗六,台塑化,22,1,21
華南斗六,國喬,20,0,20
華南斗六,擎亞,22,3,19
華南斗六,金寶,22,4,18
華南斗六,新盛力,81,63,18
華南斗六,矽統,15,0,15
華南斗六,立敦,20,5,15
華南斗六,宏達電,42,29,13
華南斗六,00881國泰台灣5G+,13,0,13
華南斗六,鈺創,13,0,13
華南斗六,00910第一金太空衛星,12,0,12
華南斗六,00919群益台灣精選高息,12,0,12
華南斗六,耿鼎,11,0,11
華南斗六,前鼎,15,4,11
華南斗六,加捷生醫,21,10,11
華南斗六,00878國泰永續高股息,24,14,10
華南斗六,兆豐金,10,0,10
華南斗六,00922國泰台灣領袖50,10,0,10
華南斗六,00715L期街口布蘭特正2,10,1,9
華南斗六,順達,33,24,9
華南斗六,鴻海,16,7,9
華南斗六,楠梓電,8,0,8
華南斗六,台亞,8,0,8
華南斗六,00633L富邦上証正2,7,0,7
華南斗六,京元電子,7,0,7
華南斗六,00679B元大美債20年,6,0,6
華南斗六,IKKA-KY,10,4,6
華南斗六,旺宏,7,1,6
華南斗六,松普,6,0,6
華南斗六,緯創,8,2,6
華南斗六,岱宇,5,0,5
華南斗六,艾訊,5,0,5
華南斗六,連展投控,6,1,5
華南斗六,材料-KY,5,0,5
華南斗六,IET-KY,10,5,5
華南斗六,台虹,5,0,5
華南斗六,百和,6,1,5
華南斗六,僑威,7,3,4
華南斗六,加百裕,31,27,4
華南斗六,00632R元大台灣50反1,4,0,4
華南斗六,00680L元大美債20正2,4,0,4
華南斗六,00965元大航太防衛科技,2,280,-278
華南斗六,泰金寶-DR,41,153,-112
華南斗六,群創,0,52,-52
華南斗六,英業達,0,45,-45
華南斗六,廣達,7,51,-44
華南斗六,00940元大台灣價值高息,0,34,-34
華南斗六,鈺齊-KY,0,29,-29
華南斗六,00971野村美國研發龍頭,2,30,-28
華南斗六,神達,168,194,-26
華南斗六,長榮航,4,30,-26
華南斗六,力積電,15,38,-23
華南斗六,00905FT臺灣Smart,0,20,-20
華南斗六,華通,0,20,-20
華南斗六,盟立,0,19,-19
華南斗六,皇昌,2,21,-19
華南斗六,堤維西,0,18,-18
華南斗六,元大高股息,5,21,-16
華南斗六,萬海,0,15,-15
華南斗六,英濟,17,32,-15
華南斗六,志強-KY,0,12,-12
華南斗六,巧新,0,11,-11
華南斗六,陽明,4,15,-11
華南斗六,凱基金,10,20,-10
華南斗六,00939統一台灣高息動能,0,10,-10
華南斗六,00951台新日本半導體,0,10,-10
華南斗六,均豪,0,10,-10
華南斗六,00882中信中國高股息,1,10,-9
華南斗六,台中銀,0,9,-9
華南斗六,華南金,1,9,-8
華南斗六,中石化,0,8,-8
華南斗六,欣銓,2,10,-8
華南斗六,富采,4,12,-8
華南斗六,亞翔,3,11,-8
華南斗六,廣明,1,9,-8
華南斗六,00642U期元大S＆P石油,0,7,-7
華南斗六,00936台新永續高息中小,0,7,-7
華南斗六,中鴻,0,7,-7
華南斗六,振發,0,7,-7
華南斗六,立隆電,2,9,-7
華南斗六,華城,3,9,-6
華南斗六,00631L元大台灣50正2,0,6,-6
華南斗六,裕隆,0,6,-6
華南斗六,國票金,0,6,-6
華南斗六,興能高,64,70,-6
華南斗六,宇瞻,0,6,-6
華南斗六,台積電,2,8,-6
華南斗六,瑞軒,2,8,-6
華南斗六,和桐,0,5,-5
華南斗六,鴻華先進-創,0,5,-5
華南斗六,宏致,2,7,-5
永興台中,和潤企業,62,0,62
永興台中,大成鋼,30,1,29
永興台中,力積電,30,3,27
永興台中,聯電,38,17,21
永興台中,台玻,20,0,20
永興台中,京元電子,18,0,18
永興台中,中石化,16,0,16
永興台中,緯創,18,3,15
永興台中,中鴻,20,5,15
永興台中,00959B大華投等美債15Y+,10,0,10
永興台中,系統電,10,0,10
永興台中,建達,10,0,10
永興台中,今國光,10,0,10
永興台中,威盛,9,0,9
永興台中,波若威,15,7,8
永興台中,泰谷,7,0,7
永興台中,台虹,7,0,7
永興台中,00918大華優利高填息30,7,2,5
永興台中,建準,5,0,5
永興台中,富華新,5,0,5
永興台中,長華*,5,0,5
永興台中,00878國泰永續高股息,5,0,5
永興台中,南帝,4,0,4
永興台中,金寶,3,0,3
永興台中,廣宇,3,0,3
永興台中,永豐金,3,0,3
永興台中,亞光,3,0,3
永興台中,光環,3,0,3
永興台中,海華,3,0,3
永興台中,澤米,3,0,3
永興台中,光菱,3,0,3
永興台中,欣興,2,0,2
永興台中,豐興,2,0,2
永興台中,00946群益科技高息成長,2,0,2
永興台中,三芳,2,0,2
永興台中,所羅門,2,0,2
永興台中,太景*-KY,2,0,2
永興台中,晟田,2,0,2
永興台中,眾達-KY,2,0,2
永興台中,詮欣,2,0,2
永興台中,和椿,4,2,2
永興台中,居易,2,0,2
永興台中,00919群益台灣精選高息,2,0,2
永興台中,統一超,2,0,2
永興台中,元大高股息,3,2,1
永興台中,00858永豐美國500大,1,0,1
永興台中,00907永豐優息存股,1,0,1
永興台中,00713元大台灣高息低波,1,0,1
永興台中,力山,1,0,1
永興台中,台化,1,0,1
永興台中,先進光,0,31,-31
永興台中,萬潤,1,27,-26
永興台中,南亞,1,22,-21
永興台中,日月光投控,0,20,-20
永興台中,元晶,0,20,-20
永興台中,欣銓,1,20,-19
永興台中,驊訊,0,16,-16
永興台中,訊芯-KY,0,15,-15
永興台中,昇達科,0,13,-13
永興台中,00740B富邦全球投等債,0,10,-10
永興台中,鴻海,4,14,-10
永興台中,威剛,0,10,-10
永興台中,東台,0,10,-10
永興台中,台積電,0,8,-8
永興台中,宏致,0,8,-8
永興台中,中鋼,0,7,-7
永興台中,飛宏,0,7,-7
永興台中,聯光通,0,7,-7
永興台中,擎亞,0,7,-7
永興台中,南亞科,0,6,-6
永興台中,致伸,0,6,-6
永興台中,信錦,0,5,-5
永興台中,佳大,0,5,-5
永興台中,光寶科,0,5,-5
永興台中,日電貿,0,5,-5
永興台中,譁裕,0,5,-5
永興台中,立敦,3,8,-5
永興台中,大同,1,5,-4
永興台中,南港,0,4,-4
永興台中,00930永豐ESG低碳高息,0,4,-4
永興台中,全友,0,4,-4
永興台中,鼎元,0,4,-4
永興台中,新光金,0,4,-4
永興台中,穩懋,0,4,-4
永興台中,台塑,0,3,-3
永興台中,00753L中信中國50正2,1,4,-3
永興台中,華泰,0,3,-3
永興台中,國碩,0,3,-3
永興台中,華南金,1,4,-3
永興台中,星通,0,3,-3
永興台中,榮創,0,3,-3
永興台中,晟德,0,3,-3
永興台中,泰金寶-DR,0,3,-3
永興台中,00712復華富時不動產,0,2,-2
永興台中,00941中信上游半導體,0,2,-2
永興台中,00932兆豐永續高息等權,0,2,-2
永興台中,華通,0,2,-2
永興台中,台揚,0,2,-2
永興台中,英業達,4,6,-2
永興台中,凌陽,1,3,-2
群益鳳山,和大,110,0,110
群益鳳山,聯電,116,25,91
群益鳳山,中鋼,96,8,88
群益鳳山,永崴投控,65,0,65
群益鳳山,台虹,62,1,61
群益鳳山,皇昌,59,9,50
群益鳳山,群創,50,1,49
群益鳳山,新興,71,25,46
群益鳳山,00971野村美國研發龍頭,43,0,43
群益鳳山,台玻,40,0,40
群益鳳山,00878國泰永續高股息,52,15,37
群益鳳山,永豐金,38,2,36
群益鳳山,京元電子,34,1,33
群益鳳山,欣銓,40,13,27
群益鳳山,00637L元大滬深300正2,28,6,22
群益鳳山,富喬,96,75,21
群益鳳山,楠梓電,19,0,19
群益鳳山,群益證,21,3,18
群益鳳山,友訊,20,3,17
群益鳳山,邁達特,15,0,15
群益鳳山,精成科,40,25,15
群益鳳山,00687B國泰20年美債,14,0,14
群益鳳山,00881國泰台灣5G+,15,2,13
群益鳳山,00753L中信中國50正2,13,0,13
群益鳳山,亞光,19,6,13
群益鳳山,00770國泰北美科技,12,0,12
群益鳳山,廣達,14,2,12
群益鳳山,元大高股息,17,5,12
群益鳳山,00632R元大台灣50反1,11,0,11
群益鳳山,創惟,27,16,11
群益鳳山,00945B凱基美國非投等債,11,0,11
群益鳳山,緯創,23,12,11
群益鳳山,00733富邦臺灣中小,10,0,10
群益鳳山,台新金,10,0,10
群益鳳山,遠東銀,10,0,10
群益鳳山,富采,11,2,9
群益鳳山,00918大華優利高填息30,37,29,8
群益鳳山,華南金,18,10,8
群益鳳山,南亞科,11,3,8
群益鳳山,新光金,10,2,8
群益鳳山,彬台,10,2,8
群益鳳山,亞泥,7,0,7
群益鳳山,順達,17,10,7
群益鳳山,陽程,7,0,7
群益鳳山,采鈺,7,0,7
群益鳳山,GIS-KY,9,2,7
群益鳳山,達邁,35,29,6
群益鳳山,北基,6,0,6
群益鳳山,長榮航,14,8,6
群益鳳山,合庫金,6,0,6
群益鳳山,康和證,0,151,-151
群益鳳山,00680L元大美債20正2,10,124,-114
群益鳳山,00929復華台灣科技優息,2,72,-70
群益鳳山,神達,55,106,-51
群益鳳山,00950B凱基A級公司債,0,45,-45
群益鳳山,00953B群益優選非投等債,4,45,-41
群益鳳山,擎亞,20,55,-35
群益鳳山,立敦,112,145,-33
群益鳳山,王道銀行,35,65,-30
群益鳳山,神基,2,31,-29
群益鳳山,力積電,27,55,-28
群益鳳山,台積電,5,33,-28
群益鳳山,旺宏,3,30,-27
群益鳳山,陽明,9,34,-25
群益鳳山,日月光投控,0,25,-25
群益鳳山,00946群益科技高息成長,0,24,-24
群益鳳山,凱美,11,27,-16
群益鳳山,00757統一FANG+,0,16,-16
群益鳳山,00937B群益ESG投等債20,41,56,-15
群益鳳山,南茂,1,16,-15
群益鳳山,00980B台新特選IG債10+,0,15,-15
群益鳳山,永信建,2,16,-14
群益鳳山,華邦電,1,13,-12
群益鳳山,00679B元大美債20年,10,22,-12
群益鳳山,上海商銀,0,11,-11
群益鳳山,00720B元大投資級公司債,0,11,-11
群益鳳山,00924復華S＆P500成長,0,11,-11
群益鳳山,泰金寶-DR,21,31,-10
群益鳳山,高鋒,0,10,-10
群益鳳山,橋椿,0,10,-10
群益鳳山,映泰,10,20,-10
群益鳳山,國喬,0,10,-10
群益鳳山,元晶,0,10,-10
群益鳳山,光寶科,0,10,-10
群益鳳山,興能高,128,138,-10
群益鳳山,華城,2,11,-9
群益鳳山,凌巨,0,9,-9
群益鳳山,毅嘉,1,10,-9
群益鳳山,國光生,0,9,-9
群益鳳山,雷虎,20,29,-9
群益鳳山,英業達,4,13,-9
群益鳳山,00900富邦特選高股息30,0,8,-8
群益鳳山,彰銀,0,8,-8
群益鳳山,臺企銀,2,10,-8
群益鳳山,宏達電,262,269,-7
群益鳳山,00830國泰費城半導體,0,7,-7
群益鳳山,圓剛,0,7,-7
群益鳳山,00895富邦未來車,0,7,-7
群益鳳山,波若威,24,31,-7
群益鳳山,燿華,0,7,-7
宏遠高雄,聯電,128,5,123
宏遠高雄,新光金,70,1,69
宏遠高雄,大成鋼,63,8,55
宏遠高雄,僑威,44,3,41
宏遠高雄,采鈺,31,2,29
宏遠高雄,緯創,23,1,22
宏遠高雄,彩晶,20,0,20
宏遠高雄,商億-KY,20,0,20
宏遠高雄,迅得,21,2,19
宏遠高雄,訊芯-KY,19,0,19
宏遠高雄,中鋼,18,2,16
宏遠高雄,第一金,12,0,12
宏遠高雄,宸曜,12,0,12
宏遠高雄,華邦電,15,4,11
宏遠高雄,佳能,11,0,11
宏遠高雄,一詮,11,0,11
宏遠高雄,欣銓,37,27,10
宏遠高雄,富喬,10,0,10
宏遠高雄,宏��,32,22,10
宏遠高雄,亞航,10,0,10
宏遠高雄,永信建,10,0,10
宏遠高雄,富鼎,10,0,10
宏遠高雄,信邦,8,0,8
宏遠高雄,萬泰科,8,1,7
宏遠高雄,00918大華優利高填息30,7,0,7
宏遠高雄,台化,8,2,6
宏遠高雄,懷特,6,0,6
宏遠高雄,00915凱基優選高股息30,5,0,5
宏遠高雄,00937B群益ESG投等債20,5,0,5
宏遠高雄,中砂,5,0,5
宏遠高雄,友達,12,7,5
宏遠高雄,華航,31,26,5
宏遠高雄,永新-KY,5,0,5
宏遠高雄,成信實業*-創,5,0,5
宏遠高雄,立��,8,3,5
宏遠高雄,天宇,5,0,5
宏遠高雄,云辰,4,0,4
宏遠高雄,皇普,4,0,4
宏遠高雄,連展投控,4,0,4
宏遠高雄,定穎投控,5,1,4
宏遠高雄,弘凱,4,0,4
宏遠高雄,康舒,10,6,4
宏遠高雄,百和,4,0,4
宏遠高雄,00919群益台灣精選高息,3,0,3
宏遠高雄,AES-KY,4,1,3
宏遠高雄,緯穎,7,4,3
宏遠高雄,華夏,3,0,3
宏遠高雄,矽統,3,0,3
宏遠高雄,凌陽,4,1,3
宏遠高雄,廣運,3,0,3
宏遠高雄,00637L元大滬深300正2,54,570,-516
宏遠高雄,00665L富邦�琤肭磪囓�2,0,240,-240
宏遠高雄,00632R元大台灣50反1,0,240,-240
宏遠高雄,00633L富邦上証正2,1,132,-131
宏遠高雄,佳世達,0,131,-131
宏遠高雄,00940元大台灣價值高息,0,100,-100
宏遠高雄,達邁,6,54,-48
宏遠高雄,眾達-KY,2,45,-43
宏遠高雄,國泰金,0,42,-42
宏遠高雄,濱川,0,40,-40
宏遠高雄,00753L中信中國50正2,0,36,-36
宏遠高雄,00673R期元大S＆P原油反1,0,30,-30
宏遠高雄,台玻,5,30,-25
宏遠高雄,精成科,1,26,-25
宏遠高雄,力積電,3,27,-24
宏遠高雄,GIS-KY,0,21,-21
宏遠高雄,漢磊,0,20,-20
宏遠高雄,中鴻,5,20,-15
宏遠高雄,00878國泰永續高股息,2,16,-14
宏遠高雄,加百裕,1,14,-13
宏遠高雄,百一,0,11,-11
宏遠高雄,艾姆勒,0,10,-10
宏遠高雄,三商壽,160,170,-10
宏遠高雄,大學光,0,10,-10
宏遠高雄,威剛,0,10,-10
宏遠高雄,世界,0,10,-10
宏遠高雄,勤誠,0,10,-10
宏遠高雄,世紀鋼,7,16,-9
宏遠高雄,研華,2,10,-8
宏遠高雄,仁寶,5,12,-7
宏遠高雄,漢平,0,7,-7
宏遠高雄,新盛力,58,64,-6
宏遠高雄,英業達,8,14,-6
宏遠高雄,力新,0,6,-6
宏遠高雄,立端,5,11,-6
宏遠高雄,威力暘-創,0,6,-6
宏遠高雄,神達,27,32,-5
宏遠高雄,上銀,0,5,-5
宏遠高雄,映泰,0,5,-5
宏遠高雄,宏達電,31,36,-5
宏遠高雄,易通展,0,5,-5
宏遠高雄,良維,0,5,-5
宏遠高雄,諾貝兒,10,15,-5
宏遠高雄,台積電,2,7,-5
宏遠高雄,東元,0,4,-4
宏遠高雄,台揚,0,4,-4
宏遠高雄,大同,0,4,-4
宏遠高雄,富邦金,2,6,-4
宏遠高雄,今皓,3,7,-4
宏遠高雄,亞泰,1,5,-4
 元大民雄,新光金,101,5,96
 元大民雄,三商壽,90,7,83
 元大民雄,聯電,93,29,64
 元大民雄,潤泰新,57,0,57
 元大民雄,00757統一FANG+,26,2,24
 元大民雄,艾笛森,23,0,23
 元大民雄,00878國泰永續高股息,23,4,19
 元大民雄,漢翔,23,4,19
 元大民雄,億泰,17,0,17
 元大民雄,擎亞,27,11,16
 元大民雄,昆盈,16,2,14
 元大民雄,統一超,13,0,13
 元大民雄,泰金寶-DR,13,1,12
 元大民雄,雷虎,13,3,10
 元大民雄,元大高股息,14,4,10
 元大民雄,00882中信中國高股息,10,0,10
 元大民雄,西勝,10,0,10
 元大民雄,00637L元大滬深300正2,21,11,10
 元大民雄,00918大華優利高填息30,8,0,8
 元大民雄,台化,11,3,8
 元大民雄,連展投控,20,12,8
 元大民雄,華邦電,7,0,7
 元大民雄,華新,10,4,6
 元大民雄,00713元大台灣高息低波,5,0,5
 元大民雄,眾達-KY,9,4,5
 元大民雄,00915凱基優選高股息30,5,0,5
 元大民雄,光罩,5,0,5
 元大民雄,三商電,5,0,5
 元大民雄,波若威,17,12,5
 元大民雄,中磊,6,1,5
 元大民雄,亞矽,5,0,5
 元大民雄,高端疫苗,5,0,5
 元大民雄,臺企銀,5,0,5
 元大民雄,緯創,19,14,5
 元大民雄,00632R元大台灣50反1,4,0,4
 元大民雄,銘異,4,0,4
 元大民雄,00957B兆豐US優選投等債,4,0,4
 元大民雄,勝悅-KY,4,0,4
 元大民雄,台揚,4,0,4
 元大民雄,佳能,12,8,4
 元大民雄,昇達科,9,5,4
 元大民雄,宏齊,5,1,4
 元大民雄,綠界科技*,4,0,4
 元大民雄,欣興,3,0,3
 元大民雄,慧洋-KY,3,0,3
 元大民雄,富喬,5,2,3
 元大民雄,00917中信特選金融,3,0,3
 元大民雄,新纖,3,0,3
 元大民雄,友訊,3,0,3
 元大民雄,光環,3,0,3
 元大民雄,富邦金,1,213,-212
 元大民雄,00919群益台灣精選高息,6,135,-129
 元大民雄,遠東銀,0,91,-91
 元大民雄,台塑,0,36,-36
 元大民雄,訊達,0,28,-28
 元大民雄,00679B元大美債20年,4,28,-24
 元大民雄,加百裕,17,41,-24
 元大民雄,00965元大航太防衛科技,0,21,-21
 元大民雄,東元,0,19,-19
 元大民雄,宏達電,15,33,-18
 元大民雄,00940元大台灣價值高息,2,18,-16
 元大民雄,神達,75,89,-14
 元大民雄,凱基金,0,13,-13
 元大民雄,台泥,0,12,-12
 元大民雄,力積電,27,38,-11
 元大民雄,00929復華台灣科技優息,2,13,-11
 元大民雄,第一金,1,11,-10
 元大民雄,冠軍,0,10,-10
 元大民雄,瑞軒,0,10,-10
 元大民雄,聿新科,0,9,-9
 元大民雄,立��,0,9,-9
 元大民雄,欣銓,10,18,-8
 元大民雄,華南金,0,7,-7
 元大民雄,笙科,0,7,-7
 元大民雄,00675L富邦臺灣加權正2,0,7,-7
 元大民雄,光寶科,2,8,-6
 元大民雄,宏致,8,14,-6
 元大民雄,00887永豐中國科技50大,0,5,-5
 元大民雄,00673R期元大S＆P原油反1,0,5,-5
 元大民雄,健和興,0,5,-5
 元大民雄,亞聚,0,4,-4
 元大民雄,國喬,0,4,-4
 元大民雄,建通,0,4,-4
 元大民雄,太設,0,4,-4
 元大民雄,華航,0,4,-4
 元大民雄,零壹,2,6,-4
 元大民雄,達邁,17,21,-4
 元大民雄,龍德造船,0,4,-4
 元大民雄,信錦,0,4,-4
 元大民雄,鴻海,9,12,-3
 元大民雄,立隆電,9,12,-3
 元大民雄,日月光投控,0,3,-3
 元大民雄,00687B國泰20年美債,11,14,-3
 元大民雄,映泰,0,3,-3
 元大民雄,建準,0,3,-3
 元大民雄,可成,0,3,-3
 元大民雄,長榮航,1,4,-3
 元大民雄,全球傳動,0,3,-3
 元大民雄,立敦,15,18,-3
 元大民雄,聯光通,36,39,-3
 元富文心,富采,312,6,306
 元富文心,友訊,220,2,218
 元富文心,00720B元大投資級公司債,170,0,170
 元富文心,力積電,304,159,145
 元富文心,00918大華優利高填息30,112,1,111
 元富文心,泰谷,100,0,100
 元富文心,英業達,101,2,99
 元富文心,00891中信關鍵半導體,96,2,94
 元富文心,聯電,106,16,90
 元富文心,華航,101,20,81
 元富文心,凱基金,101,21,80
 元富文心,00919群益台灣精選高息,64,0,64
 元富文心,00725B國泰投資級公司債,66,3,63
 元富文心,00924復華S＆P500成長,38,2,36
 元富文心,緯創,45,14,31
 元富文心,全福生技,30,0,30
 元富文心,00664R國泰臺灣加權反1,30,0,30
 元富文心,蜜望實,25,1,24
 元富文心,00753L中信中國50正2,21,0,21
 元富文心,全漢,20,0,20
 元富文心,聯合再生,20,0,20
 元富文心,宏遠證,20,0,20
 元富文心,慶豐富,20,0,20
 元富文心,中揚光,18,0,18
 元富文心,雃博,17,0,17
 元富文心,事欣科,28,11,17
 元富文心,鑫創,17,1,16
 元富文心,中裕,14,0,14
 元富文心,高林股,14,0,14
 元富文心,澤米,14,0,14
 元富文心,豐謙,14,0,14
 元富文心,元大高股息,19,6,13
 元富文心,台塑,16,3,13
 元富文心,長華*,13,0,13
 元富文心,高端疫苗,13,0,13
 元富文心,英濟,28,15,13
 元富文心,矽格,13,0,13
 元富文心,東典光電,12,0,12
 元富文心,大亞,12,0,12
 元富文心,00637L元大滬深300正2,11,0,11
 元富文心,00655L國泰中國A50正2,11,0,11
 元富文心,亞光,22,11,11
 元富文心,00878國泰永續高股息,24,13,11
 元富文心,00937B群益ESG投等債20,10,0,10
 元富文心,彬台,10,0,10
 元富文心,00665L富邦�琤肭磪囓�2,10,0,10
 元富文心,豐達科,10,0,10
 元富文心,00648R元大S＆P500反1,10,0,10
 元富文心,中石化,10,0,10
 元富文心,00676R富邦臺灣加權反1,10,0,10
 元富文心,和碩,0,150,-150
 元富文心,00929復華台灣科技優息,2,144,-142
 元富文心,華南金,0,109,-109
 元富文心,立敦,79,154,-75
 元富文心,00980B台新特選IG債10+,61,135,-74
 元富文心,鴻準,1,68,-67
 元富文心,新光金,16,80,-64
 元富文心,欣銓,11,71,-60
 元富文心,00970B新光BBB投等債20,0,60,-60
 元富文心,泰金寶-DR,14,72,-58
 元富文心,連展投控,2,55,-53
 元富文心,立隆電,39,84,-45
 元富文心,00675L富邦臺灣加權正2,4,48,-44
 元富文心,00712復華富時不動產,0,43,-43
 元富文心,華星光,90,126,-36
 元富文心,榮群,0,36,-36
 元富文心,興能高,83,115,-32
 元富文心,百德,1,29,-28
 元富文心,jpp-KY,0,22,-22
 元富文心,00940元大台灣價值高息,10,32,-22
 元富文心,00858永豐美國500大,14,36,-22
 元富文心,神達,183,201,-18
 元富文心,日月光投控,1,19,-18
 元富文心,聯光通,21,38,-17
 元富文心,群創,6,23,-17
 元富文心,台達電,2,18,-16
 元富文心,台揚,3,18,-15
 元富文心,亞航,0,15,-15
 元富文心,華夏,0,15,-15
 元富文心,華容,0,15,-15
 元富文心,今國光,0,15,-15
 元富文心,台聚,0,15,-15
 元富文心,鴻海,9,24,-15
 元富文心,波若威,9,23,-14
 元富文心,大同,11,25,-14
 元富文心,昆盈,1,14,-13
 元富文心,華電網,0,13,-13
 元富文心,臻鼎-KY,1,13,-12
 元富文心,台塑化,0,12,-12
 元富文心,新盛力,119,130,-11
 元富文心,中再保,0,11,-11
 元富文心,亞翔,2,13,-11
 元富文心,致和證,0,10,-10
 元富文心,金寶,1,11,-10
 元富文心,聯穎,0,10,-10
 元富文心,00965元大航太防衛科技,0,10,-10
 元富文心,00951台新日本半導體,0,10,-10
 元富文心,宏齊,0,10,-10
 元富文心,敦泰,0,9,-9
 元富文心,富喬,43,52,-9
凱基羅東,來頡,32,2,30
凱基羅東,中鋼,30,2,28
凱基羅東,毛寶,26,0,26
凱基羅東,泰金寶-DR,28,2,26
凱基羅東,玉山金,20,2,18
凱基羅東,力積電,22,4,18
凱基羅東,00637L元大滬深300正2,16,0,16
凱基羅東,00719B元大美債1-3,10,0,10
凱基羅東,00665L富邦�琤肭磪囓�2,10,0,10
凱基羅東,00650L復華香港正2,10,0,10
凱基羅東,佳和,10,0,10
凱基羅東,系統電,10,0,10
凱基羅東,聰泰,10,0,10
凱基羅東,福邦證,10,0,10
凱基羅東,立隆電,11,2,9
凱基羅東,訊芯-KY,11,2,9
凱基羅東,大井泵浦,9,0,9
凱基羅東,緯創,12,4,8
凱基羅東,前鼎,10,2,8
凱基羅東,立敦,15,7,8
凱基羅東,00878國泰永續高股息,15,7,8
凱基羅東,00725B國泰投資級公司債,7,0,7
凱基羅東,聯鈞,11,4,7
凱基羅東,福懋油,6,0,6
凱基羅東,聯電,27,21,6
凱基羅東,愛普*,6,0,6
凱基羅東,00859B群益0-1年美債,5,0,5
凱基羅東,元大高股息,8,3,5
凱基羅東,華新,5,0,5
凱基羅東,三福化,5,0,5
凱基羅東,宏齊,5,0,5
凱基羅東,正德,4,0,4
凱基羅東,華電網,4,0,4
凱基羅東,新盛力,9,6,3
凱基羅東,00937B群益ESG投等債20,3,0,3
凱基羅東,文曄,3,0,3
凱基羅東,東隆興,3,0,3
凱基羅東,三商餐飲,3,0,3
凱基羅東,006208富邦台50,3,1,2
凱基羅東,台玻,2,0,2
凱基羅東,上銀,2,0,2
凱基羅東,裕隆,2,0,2
凱基羅東,IKKA-KY,3,1,2
凱基羅東,友訊,3,1,2
凱基羅東,2838A聯邦銀甲特,2,0,2
凱基羅東,晟銘電,2,0,2
凱基羅東,欣興,3,1,2
凱基羅東,中裕,2,0,2
凱基羅東,大銀微系統,2,0,2
凱基羅東,亞泰,2,0,2
凱基羅東,00980B台新特選IG債10+,0,95,-95
凱基羅東,00670L富邦NASDAQ正2,0,90,-90
凱基羅東,英濟,2,90,-88
凱基羅東,00830國泰費城半導體,0,76,-76
凱基羅東,00757統一FANG+,1,54,-53
凱基羅東,00940元大台灣價值高息,3,33,-30
凱基羅東,立��,3,32,-29
凱基羅東,00970B新光BBB投等債20,0,25,-25
凱基羅東,龍德造船,0,21,-21
凱基羅東,仁寶,0,20,-20
凱基羅東,00971野村美國研發龍頭,0,18,-18
凱基羅東,00960野村全球航運龍頭,2,20,-18
凱基羅東,眾達-KY,11,28,-17
凱基羅東,00965元大航太防衛科技,0,15,-15
凱基羅東,00939統一台灣高息動能,0,12,-12
凱基羅東,燿華,0,10,-10
凱基羅東,富威電力,0,10,-10
凱基羅東,富喬,1,8,-7
凱基羅東,陽明,4,10,-6
凱基羅東,達邁,4,10,-6
凱基羅東,神達,14,19,-5
凱基羅東,00675L富邦臺灣加權正2,0,5,-5
凱基羅東,新光金,0,5,-5
凱基羅東,波若威,3,8,-5
凱基羅東,事欣科,0,5,-5
凱基羅東,萬潤,1,6,-5
凱基羅東,台灣虎航,0,5,-5
凱基羅東,連展投控,0,5,-5
凱基羅東,00631L元大台灣50正2,0,4,-4
凱基羅東,00941中信上游半導體,0,4,-4
凱基羅東,華南金,0,4,-4
凱基羅東,凱基金,0,4,-4
凱基羅東,大眾控,1,5,-4
凱基羅東,亞泥,0,3,-3
凱基羅東,00673R期元大S＆P原油反1,3,6,-3
凱基羅東,泰茂,0,3,-3
凱基羅東,華航,0,3,-3
凱基羅東,欣銓,5,8,-3
凱基羅東,建錩,0,3,-3
凱基羅東,旭暉應材,0,3,-3
凱基羅東,00712復華富時不動產,2,5,-3
凱基羅東,迅得,1,4,-3
凱基羅東,雲豹能源,0,3,-3
凱基羅東,宏達電,17,19,-2
凱基羅東,00905FT臺灣Smart,0,2,-2
凱基羅東,00902中信電池及儲能,0,2,-2
凱基羅東,楠梓電,0,2,-2
凱基羅東,毅嘉,0,2,-2
凱基羅東,台新金,0,2,-2
凱基羅東,潤泰全,0,2,-2
永豐埔里,元晶,121,3,118
永豐埔里,00637L元大滬深300正2,248,142,106
永豐埔里,聯電,104,22,82
永豐埔里,中鴻,80,8,72
永豐埔里,台橡,70,0,70
永豐埔里,00937B群益ESG投等債20,43,0,43
永豐埔里,00665L富邦�琤肭磪囓�2,40,0,40
永豐埔里,00753L中信中國50正2,39,0,39
永豐埔里,00757統一FANG+,38,2,36
永豐埔里,00857B永豐20年美公債,30,0,30
永豐埔里,陽明,27,6,21
永豐埔里,興能高,192,174,18
永豐埔里,00959B大華投等美債15Y+,17,0,17
永豐埔里,00905FT臺灣Smart,18,2,16
永豐埔里,00919群益台灣精選高息,16,2,14
永豐埔里,大成鋼,22,8,14
永豐埔里,宏��,14,0,14
永豐埔里,新建,14,0,14
永豐埔里,喬福,13,0,13
永豐埔里,澤米,10,0,10
永豐埔里,中石化,10,0,10
永豐埔里,台玻,10,0,10
永豐埔里,訊達,10,0,10
永豐埔里,擎亞,37,29,8
永豐埔里,00696B富邦美債20年,8,0,8
永豐埔里,萬海,8,0,8
永豐埔里,台泥,9,1,8
永豐埔里,加百裕,85,79,6
永豐埔里,台塑,8,2,6
永豐埔里,00948B中信優息投資級債,6,0,6
永豐埔里,和成,6,0,6
永豐埔里,健亞,6,0,6
永豐埔里,來頡,8,2,6
永豐埔里,永豐金,7,1,6
永豐埔里,00858永豐美國500大,6,1,5
永豐埔里,欣興,7,2,5
永豐埔里,00918大華優利高填息30,5,0,5
永豐埔里,00706L期元大S＆P日圓正2,5,0,5
永豐埔里,新美齊,5,0,5
永豐埔里,彰銀,5,0,5
永豐埔里,英濟,20,15,5
永豐埔里,宏致,37,32,5
永豐埔里,合庫金,5,0,5
永豐埔里,宏齊,6,1,5
永豐埔里,聚鼎,5,0,5
永豐埔里,立��,32,27,5
永豐埔里,順達,10,5,5
永豐埔里,富喬,35,30,5
永豐埔里,燿華,4,0,4
永豐埔里,台虹,4,0,4
永豐埔里,00632R元大台灣50反1,103,302,-199
永豐埔里,長榮航,2,120,-118
永豐埔里,00929復華台灣科技優息,0,106,-106
永豐埔里,00712復華富時不動產,1,96,-95
永豐埔里,00852L國泰美國道瓊正2,0,72,-72
永豐埔里,南亞科,5,70,-65
永豐埔里,華航,0,61,-61
永豐埔里,神達,117,151,-34
永豐埔里,00934中信成長高股息,0,28,-28
永豐埔里,元大高股息,3,26,-23
永豐埔里,富邦金,0,22,-22
永豐埔里,元大台灣50,2,24,-22
永豐埔里,00675L富邦臺灣加權正2,7,28,-21
永豐埔里,00944野村趨勢動能高息,0,20,-20
永豐埔里,00895富邦未來車,1,17,-16
永豐埔里,可成,0,15,-15
永豐埔里,第一保,0,14,-14
永豐埔里,鈺齊-KY,0,14,-14
永豐埔里,00924復華S＆P500成長,3,16,-13
永豐埔里,00830國泰費城半導體,3,16,-13
永豐埔里,昆盈,1,12,-11
永豐埔里,台中銀,0,11,-11
永豐埔里,泰金寶-DR,12,23,-11
永豐埔里,華城,2,13,-11
永豐埔里,00710B復華彭博非投等債,1,11,-10
永豐埔里,00940元大台灣價值高息,0,10,-10
永豐埔里,亞德客-KY,0,10,-10
永豐埔里,00687B國泰20年美債,0,10,-10
永豐埔里,00713元大台灣高息低波,14,23,-9
永豐埔里,力積電,3,11,-8
永豐埔里,中信金,0,7,-7
永豐埔里,00935野村臺灣新科技50,0,7,-7
永豐埔里,00941中信上游半導體,0,7,-7
永豐埔里,凱基金,0,7,-7
永豐埔里,聯光通,25,32,-7
永豐埔里,友訊,1,8,-7
永豐埔里,波若威,20,26,-6
永豐埔里,三商壽,0,6,-6
永豐埔里,00680L元大美債20正2,2,8,-6
永豐埔里,國泰金,0,6,-6
永豐埔里,欣銓,12,18,-6
永豐埔里,環宇-KY,38,44,-6
永豐埔里,宏達電,43,49,-6
永豐埔里,00631L元大台灣50正2,1,7,-6
永豐埔里,00635U期元大S＆P黃金,0,5,-5
永豐埔里,00923群益台ESG低碳50,0,5,-5
永豐埔里,橋椿,0,5,-5
永豐埔里,長榮,0,5,-5
永豐埔里,晶彩科,3,8,-5
永豐埔里,致伸,0,5,-5
統一桃園  ,力積電,652,68,584
統一桃園  ,元大高股息,106,0,106
統一桃園  ,00673R期元大S＆P原油反1,100,0,100
統一桃園  ,00671R富邦NASDAQ反1,101,5,96
統一桃園  ,00664R國泰臺灣加權反1,60,0,60
統一桃園  ,聯電,108,54,54
統一桃園  ,萬海,51,1,50
統一桃園  ,00953B群益優選非投等債,37,0,37
統一桃園  ,雷虎,35,1,34
統一桃園  ,緯創,38,6,32
統一桃園  ,大立,30,0,30
統一桃園  ,00757統一FANG+,27,1,26
統一桃園  ,英業達,26,0,26
統一桃園  ,昇達科,77,51,26
統一桃園  ,友達,36,11,25
統一桃園  ,事欣科,25,0,25
統一桃園  ,達邁,57,35,22
統一桃園  ,泰金寶-DR,35,14,21
統一桃園  ,006208富邦台50,28,7,21
統一桃園  ,冠德,20,0,20
統一桃園  ,00688L國泰20年美債正2,19,0,19
統一桃園  ,大成鋼,21,3,18
統一桃園  ,00915凱基優選高股息30,17,0,17
統一桃園  ,欣銓,29,12,17
統一桃園  ,今皓,17,2,15
統一桃園  ,菱光,21,6,15
統一桃園  ,00724B群益投資級金融債,15,0,15
統一桃園  ,00719B元大美債1-3,15,0,15
統一桃園  ,凱美,28,14,14
統一桃園  ,慧洋-KY,13,0,13
統一桃園  ,新光金,80,67,13
統一桃園  ,僑威,14,2,12
統一桃園  ,華通,15,4,11
統一桃園  ,新盛力,72,62,10
統一桃園  ,海悅,10,0,10
統一桃園  ,訊芯-KY,12,2,10
統一桃園  ,全新,11,2,9
統一桃園  ,欣興,10,1,9
統一桃園  ,00830國泰費城半導體,9,0,9
統一桃園  ,漢磊,22,13,9
統一桃園  ,凱基金,10,1,9
統一桃園  ,技嘉,18,10,8
統一桃園  ,和大,8,0,8
統一桃園  ,美時,10,2,8
統一桃園  ,00680L元大美債20正2,8,0,8
統一桃園  ,全球傳動,8,0,8
統一桃園  ,宏捷科,8,0,8
統一桃園  ,恩德,12,5,7
統一桃園  ,廣宇,13,6,7
統一桃園  ,台虹,8,1,7
統一桃園  ,台塑,11,355,-344
統一桃園  ,00939統一台灣高息動能,0,58,-58
統一桃園  ,00885富邦越南,0,50,-50
統一桃園  ,00980B台新特選IG債10+,0,50,-50
統一桃園  ,夆典,0,45,-45
統一桃園  ,國光生,1,45,-44
統一桃園  ,IET-KY,2,45,-43
統一桃園  ,日月光投控,1,41,-40
統一桃園  ,宏達電,8,45,-37
統一桃園  ,錸德,0,37,-37
統一桃園  ,朋億*,2,34,-32
統一桃園  ,直得,1,30,-29
統一桃園  ,00937B群益ESG投等債20,9,37,-28
統一桃園  ,神達,29,53,-24
統一桃園  ,盟立,0,24,-24
統一桃園  ,臺企銀,3,25,-22
統一桃園  ,00940元大台灣價值高息,0,22,-22
統一桃園  ,高端疫苗,29,51,-22
統一桃園  ,科妍,1,22,-21
統一桃園  ,國票金,0,20,-20
統一桃園  ,00905FT臺灣Smart,0,20,-20
統一桃園  ,中信金,10,30,-20
統一桃園  ,宏致,5,23,-18
統一桃園  ,永捷,3,21,-18
統一桃園  ,華南金,3,21,-18
統一桃園  ,國泰金,1,19,-18
統一桃園  ,金寶,18,35,-17
統一桃園  ,中鋼,12,27,-15
統一桃園  ,華星光,15,30,-15
統一桃園  ,長榮,0,14,-14
統一桃園  ,00712復華富時不動產,1,14,-13
統一桃園  ,揚博,0,13,-13
統一桃園  ,雙鴻,1,13,-12
統一桃園  ,台揚,36,48,-12
統一桃園  ,00929復華台灣科技優息,0,11,-11
統一桃園  ,聯合再生,5,16,-11
統一桃園  ,和椿,7,18,-11
統一桃園  ,龍德造船,0,11,-11
統一桃園  ,台積電,1,12,-11
統一桃園  ,00919群益台灣精選高息,14,24,-10
統一桃園  ,長榮航,1,11,-10
統一桃園  ,彰銀,0,10,-10
統一桃園  ,萬泰科,0,10,-10
統一桃園  ,00971野村美國研發龍頭,0,10,-10
統一桃園  ,康舒,0,10,-10
統一桃園  ,凌巨,0,10,-10
統一桃園  ,00669R國泰美國道瓊反1,0,10,-10
統一桃園  ,00891中信關鍵半導體,0,10,-10
統一桃園  ,御嵿,0,10,-10
統一桃園  ,00960野村全球航運龍頭,0,10,-10
永豐敦北,00882中信中國高股息,258,50,208
永豐敦北,00637L元大滬深300正2,144,10,134
永豐敦北,力積電,131,11,120
永豐敦北,神達,464,369,95
永豐敦北,00680L元大美債20正2,58,0,58
永豐敦北,興能高,172,120,52
永豐敦北,00713元大台灣高息低波,55,21,34
永豐敦北,00665L富邦�琤肭磪囓�2,30,0,30
永豐敦北,聯電,56,28,28
永豐敦北,00953B群益優選非投等債,30,5,25
永豐敦北,元大高股息,32,8,24
永豐敦北,00919群益台灣精選高息,53,32,21
永豐敦北,朋億*,30,9,21
永豐敦北,台化,30,10,20
永豐敦北,雷虎,20,1,19
永豐敦北,00858永豐美國500大,18,0,18
永豐敦北,00924復華S＆P500成長,18,0,18
永豐敦北,晟銘電,20,3,17
永豐敦北,僑威,36,19,17
永豐敦北,金寶,17,1,16
永豐敦北,達邁,61,45,16
永豐敦北,百和,15,0,15
永豐敦北,華安,15,0,15
永豐敦北,亞光,18,4,14
永豐敦北,006208富邦台50,24,10,14
永豐敦北,精成科,21,8,13
永豐敦北,00915凱基優選高股息30,15,2,13
永豐敦北,驊訊,12,0,12
永豐敦北,擎亞,13,1,12
永豐敦北,永豐金,13,2,11
永豐敦北,IKKA-KY,16,5,11
永豐敦北,00770國泰北美科技,11,0,11
永豐敦北,惠特,10,0,10
永豐敦北,00781B國泰A級科技債,10,0,10
永豐敦北,00725B國泰投資級公司債,10,0,10
永豐敦北,合正,10,0,10
永豐敦北,台虹,13,3,10
永豐敦北,大同,15,5,10
永豐敦北,櫻花建,10,0,10
永豐敦北,嘉聯益,10,0,10
永豐敦北,00795B中信美國公債20年,9,0,9
永豐敦北,00885富邦越南,10,1,9
永豐敦北,台玻,9,1,8
永豐敦北,旺矽,8,0,8
永豐敦北,英業達,8,0,8
永豐敦北,和碩,7,0,7
永豐敦北,鈺鎧,7,0,7
永豐敦北,泰金寶-DR,60,53,7
永豐敦北,00960野村全球航運龍頭,7,0,7
永豐敦北,濱川,7,0,7
永豐敦北,00715L期街口布蘭特正2,0,120,-120
永豐敦北,00949復華日本龍頭,0,101,-101
永豐敦北,00632R元大台灣50反1,20,100,-80
永豐敦北,00929復華台灣科技優息,4,83,-79
永豐敦北,華星光,37,93,-56
永豐敦北,00939統一台灣高息動能,0,55,-55
永豐敦北,鴻海,6,60,-54
永豐敦北,00934中信成長高股息,0,53,-53
永豐敦北,00950B凱基A級公司債,0,50,-50
永豐敦北,00946群益科技高息成長,0,50,-50
永豐敦北,友達,7,51,-44
永豐敦北,00940元大台灣價值高息,4,42,-38
永豐敦北,宏達電,80,116,-36
永豐敦北,00948B中信優息投資級債,0,31,-31
永豐敦北,00751B元大AAA至A公司債,0,30,-30
永豐敦北,00923群益台ESG低碳50,0,26,-26
永豐敦北,北基,3,28,-25
永豐敦北,00878國泰永續高股息,14,38,-24
永豐敦北,萬潤,2,25,-23
永豐敦北,第一保,32,54,-22
永豐敦北,鑫創,0,22,-22
永豐敦北,建國,1,20,-19
永豐敦北,00951台新日本半導體,1,20,-19
永豐敦北,元大台灣50,4,22,-18
永豐敦北,事欣科,4,22,-18
永豐敦北,海光,0,17,-17
永豐敦北,順達,108,125,-17
永豐敦北,采鈺,0,17,-17
永豐敦北,台泥,6,22,-16
永豐敦北,迎廣,0,16,-16
永豐敦北,華城,1,16,-15
永豐敦北,台肥,0,14,-14
永豐敦北,連展投控,0,13,-13
永豐敦北,00642U期元大S＆P石油,1,14,-13
永豐敦北,00891中信關鍵半導體,2,15,-13
永豐敦北,00887永豐中國科技50大,0,12,-12
永豐敦北,臺企銀,0,12,-12
永豐敦北,宏致,12,24,-12
永豐敦北,欣銓,101,113,-12
永豐敦北,廣宇,0,12,-12
永豐敦北,世禾,3,14,-11
永豐敦北,台積電,7,18,-11
永豐敦北,富邦金,2,13,-11
永豐敦北,00692富邦公司治理,0,10,-10
永豐敦北,矽格,1,11,-10
永豐敦北,亞翔,10,20,-10
永豐敦北,晶豪科,0,10,-10
永豐敦北,晟德,0,10,-10
永豐敦北,新盛力,28,38,-10
永豐敦北,中信金,0,10,-10
統一三重  ,00637L元大滬深300正2,287,110,177
統一三重  ,聯電,132,7,125
統一三重  ,群創,85,1,84
統一三重  ,緯創,96,37,59
統一三重  ,中鋼,63,5,58
統一三重  ,力成,54,0,54
統一三重  ,00830國泰費城半導體,52,0,52
統一三重  ,00918大華優利高填息30,52,1,51
統一三重  ,00632R元大台灣50反1,37,0,37
統一三重  ,立��,111,75,36
統一三重  ,00919群益台灣精選高息,34,0,34
統一三重  ,宏達電,88,55,33
統一三重  ,精成科,59,29,30
統一三重  ,連展投控,21,0,21
統一三重  ,00706L期元大S＆P日圓正2,20,0,20
統一三重  ,00878國泰永續高股息,22,2,20
統一三重  ,湧德,20,1,19
統一三重  ,和椿,38,21,17
統一三重  ,00937B群益ESG投等債20,23,7,16
統一三重  ,欣興,21,5,16
統一三重  ,聯鈞,43,28,15
統一三重  ,志信,15,0,15
統一三重  ,立隆電,61,47,14
統一三重  ,力積電,45,31,14
統一三重  ,00882中信中國高股息,13,0,13
統一三重  ,00858永豐美國500大,13,0,13
統一三重  ,宏齊,13,0,13
統一三重  ,新美齊,13,0,13
統一三重  ,昇陽半導體,20,7,13
統一三重  ,盟立,16,4,12
統一三重  ,台達化,11,0,11
統一三重  ,兆豐金,11,0,11
統一三重  ,玉山金,10,0,10
統一三重  ,智晶,10,0,10
統一三重  ,00850元大臺灣ESG永續,10,0,10
統一三重  ,00665L富邦�琤肭磪囓�2,10,0,10
統一三重  ,保銳,10,0,10
統一三重  ,映泰,31,21,10
統一三重  ,京元電子,11,2,9
統一三重  ,利華,9,0,9
統一三重  ,驊訊,12,3,9
統一三重  ,台泥,10,2,8
統一三重  ,中磊,9,1,8
統一三重  ,亞光,19,11,8
統一三重  ,華榮,10,2,8
統一三重  ,美吉吉-KY,8,0,8
統一三重  ,沛波,8,0,8
統一三重  ,濱川,16,8,8
統一三重  ,興能高,308,300,8
統一三重  ,智原,8,0,8
統一三重  ,友訊,1,111,-110
統一三重  ,00966B統一ESG投等債15,0,100,-100
統一三重  ,星宇航空,0,52,-52
統一三重  ,德律,1,49,-48
統一三重  ,友達,7,53,-46
統一三重  ,宏遠,0,40,-40
統一三重  ,00633L富邦上証正2,4,40,-36
統一三重  ,得力,0,30,-30
統一三重  ,原相,0,30,-30
統一三重  ,泰金寶-DR,534,562,-28
統一三重  ,岱宇,17,45,-28
統一三重  ,00929復華台灣科技優息,0,25,-25
統一三重  ,新光金,0,22,-22
統一三重  ,台塑,5,25,-20
統一三重  ,宏致,54,73,-19
統一三重  ,鑽全,0,18,-18
統一三重  ,加捷生醫,0,17,-17
統一三重  ,00642U期元大S＆P石油,0,17,-17
統一三重  ,所羅門,0,15,-15
統一三重  ,00980B台新特選IG債10+,0,15,-15
統一三重  ,擎亞,36,50,-14
統一三重  ,廣宇,3,17,-14
統一三重  ,欣銓,29,43,-14
統一三重  ,陽明,0,14,-14
統一三重  ,中租-KY,0,13,-13
統一三重  ,環宇-KY,42,54,-12
統一三重  ,00650L復華香港正2,0,12,-12
統一三重  ,群益證,0,11,-11
統一三重  ,亞聚,0,11,-11
統一三重  ,台積電,1,11,-10
統一三重  ,泰鼎-KY,1,11,-10
統一三重  ,鈺創,0,9,-9
統一三重  ,力新,1,10,-9
統一三重  ,憶聲,0,9,-9
統一三重  ,臻鼎-KY,10,19,-9
統一三重  ,宏��,2,11,-9
統一三重  ,鴻海,59,68,-9
統一三重  ,采鈺,1,10,-9
統一三重  ,順達,21,29,-8
統一三重  ,華晶科,1,9,-8
統一三重  ,巨庭,0,8,-8
統一三重  ,凱基金,0,8,-8
統一三重  ,零壹,3,11,-8
統一三重  ,神達,115,122,-7
統一三重  ,東捷,0,7,-7
統一三重  ,大同,0,6,-6
統一三重  ,00934中信成長高股息,0,6,-6
統一三重  ,三芳,0,6,-6
統一三重  ,佳世達,1,7,-6
統一三重  ,上銀,6,12,-6
 元大淡水,00673R期元大S＆P原油反1,998,0,998
 元大淡水,聯電,173,26,147
 元大淡水,遠東銀,100,2,98
 元大淡水,00919群益台灣精選高息,97,1,96
 元大淡水,元大高股息,67,17,50
 元大淡水,00937B群益ESG投等債20,59,9,50
 元大淡水,康舒,68,21,47
 元大淡水,00918大華優利高填息30,49,5,44
 元大淡水,緯創,44,10,34
 元大淡水,新盛力,60,29,31
 元大淡水,00752中信中國50,30,0,30
 元大淡水,安集,28,0,28
 元大淡水,達邁,44,20,24
 元大淡水,中鋼,51,30,21
 元大淡水,工信,20,0,20
 元大淡水,英業達,37,17,20
 元大淡水,英濟,57,39,18
 元大淡水,00900富邦特選高股息30,17,0,17
 元大淡水,綠界科技*,16,1,15
 元大淡水,中鴻,17,3,14
 元大淡水,凱美,29,15,14
 元大淡水,00882中信中國高股息,13,0,13
 元大淡水,台塑,12,0,12
 元大淡水,大中,12,0,12
 元大淡水,全新,18,7,11
 元大淡水,鴻海,26,15,11
 元大淡水,00795B中信美國公債20年,11,0,11
 元大淡水,泰金寶-DR,40,29,11
 元大淡水,00671R富邦NASDAQ反1,10,0,10
 元大淡水,台化,10,0,10
 元大淡水,鴻華先進-創,11,1,10
 元大淡水,彩晶,10,0,10
 元大淡水,光聯,10,0,10
 元大淡水,信立,10,0,10
 元大淡水,華容,10,1,9
 元大淡水,宏齊,9,0,9
 元大淡水,艾訊,10,1,9
 元大淡水,00720B元大投資級公司債,10,1,9
 元大淡水,大成鋼,33,24,9
 元大淡水,連展投控,20,12,8
 元大淡水,一詮,10,2,8
 元大淡水,台積電,35,27,8
 元大淡水,00637L元大滬深300正2,7,0,7
 元大淡水,00885富邦越南,7,0,7
 元大淡水,偉訓,8,1,7
 元大淡水,00680L元大美債20正2,10,3,7
 元大淡水,立敦,35,29,6
 元大淡水,富喬,17,11,6
 元大淡水,桓達,6,0,6
 元大淡水,立端,6,0,6
 元大淡水,00712復華富時不動產,0,321,-321
 元大淡水,華夏,0,80,-80
 元大淡水,神達,80,156,-76
 元大淡水,00922國泰台灣領袖50,3,34,-31
 元大淡水,山林水,0,31,-31
 元大淡水,00830國泰費城半導體,1,32,-31
 元大淡水,00940元大台灣價值高息,5,31,-26
 元大淡水,佳能,2,27,-25
 元大淡水,00951台新日本半導體,0,25,-25
 元大淡水,凱基金,1,25,-24
 元大淡水,陽明,10,32,-22
 元大淡水,00929復華台灣科技優息,1,21,-20
 元大淡水,00934中信成長高股息,0,20,-20
 元大淡水,宏達電,52,72,-20
 元大淡水,廣宇,0,18,-18
 元大淡水,金寶,1,18,-17
 元大淡水,三商壽,10,26,-16
 元大淡水,00679B元大美債20年,0,16,-16
 元大淡水,晶豪科,0,15,-15
 元大淡水,眾達-KY,20,34,-14
 元大淡水,00878國泰永續高股息,15,30,-15
 元大淡水,興能高,71,85,-14
 元大淡水,元大台灣50,5,18,-13
 元大淡水,華邦電,11,24,-13
 元大淡水,富邦金,0,12,-12
 元大淡水,台達電,0,12,-12
 元大淡水,欣銓,9,20,-11
 元大淡水,北基,0,10,-10
 元大淡水,榮創,0,10,-10
 元大淡水,00948B中信優息投資級債,0,10,-10
 元大淡水,國光生,0,10,-10
 元大淡水,和益,0,10,-10
 元大淡水,彬台,5,14,-9
 元大淡水,承啟,1,10,-9
 元大淡水,燿華,0,9,-9
 元大淡水,友達,2,11,-9
 元大淡水,致伸,0,9,-9
 元大淡水,光寶科,1,9,-8
 元大淡水,昆盈,3,11,-8
 元大淡水,直得,3,11,-8
 元大淡水,奇鋐,0,8,-8
 元大淡水,00881國泰台灣5G+,2,10,-8
 元大淡水,00965元大航太防衛科技,0,7,-7
 元大淡水,華航,4,11,-7
 元大淡水,振樺電,0,7,-7
 元大淡水,耿鼎,0,7,-7
 元大淡水,金像電,1,8,-7
 元大淡水,順達,7,14,-7
 元大淡水,南茂,6,13,-7
 元大淡水,元太,1,7,-6
 元大竹東,00637L元大滬深300正2,158,50,108
 元大竹東,00665L富邦�琤肭磪囓�2,100,0,100
 元大竹東,聯電,73,18,55
 元大竹東,合庫金,41,0,41
 元大竹東,00706L期元大S＆P日圓正2,40,0,40
 元大竹東,00954中信日本半導體,30,0,30
 元大竹東,00878國泰永續高股息,18,0,18
 元大竹東,恆大,20,4,16
 元大竹東,00673R期元大S＆P原油反1,20,5,15
 元大竹東,00641R富邦日本反1,15,0,15
 元大竹東,00757統一FANG+,17,2,15
 元大竹東,緯創,17,3,14
 元大竹東,英濟,14,0,14
 元大竹東,元大高股息,35,22,13
 元大竹東,00953B群益優選非投等債,11,0,11
 元大竹東,00679B元大美債20年,9,0,9
 元大竹東,00713元大台灣高息低波,8,0,8
 元大竹東,大成鋼,14,6,8
 元大竹東,臺企銀,10,3,7
 元大竹東,慶騰,6,0,6
 元大竹東,台郡,6,0,6
 元大竹東,00632R元大台灣50反1,5,0,5
 元大竹東,東聯,5,0,5
 元大竹東,熱映,5,0,5
 元大竹東,廣達,5,0,5
 元大竹東,欣興,4,0,4
 元大竹東,聯光通,6,2,4
 元大竹東,00918大華優利高填息30,4,0,4
 元大竹東,00712復華富時不動產,4,0,4
 元大竹東,00733富邦臺灣中小,4,0,4
 元大竹東,昆盈,5,1,4
 元大竹東,達邁,41,37,4
 元大竹東,00715L期街口布蘭特正2,3,0,3
 元大竹東,全球傳動,3,0,3
 元大竹東,00655L國泰中國A50正2,3,0,3
 元大竹東,冠西電,3,0,3
 元大竹東,宏達電,18,15,3
 元大竹東,揚明光,3,0,3
 元大竹東,富采,3,0,3
 元大竹東,立敦,27,24,3
 元大竹東,力成,3,0,3
 元大竹東,永道-KY,3,0,3
 元大竹東,百和興業-KY,3,0,3
 元大竹東,台境*,3,0,3
 元大竹東,英業達,3,0,3
 元大竹東,驊訊,3,1,2
 元大竹東,金麗科,2,0,2
 元大竹東,00858永豐美國500大,2,0,2
 元大竹東,00960野村全球航運龍頭,2,0,2
 元大竹東,00905FT臺灣Smart,2,0,2
 元大竹東,00929復華台灣科技優息,0,168,-168
 元大竹東,燿華,1,83,-82
 元大竹東,00965元大航太防衛科技,0,73,-73
 元大竹東,興能高,51,104,-53
 元大竹東,連展投控,0,42,-42
 元大竹東,00940元大台灣價值高息,13,52,-39
 元大竹東,三陽工業,0,20,-20
 元大竹東,00919群益台灣精選高息,10,27,-17
 元大竹東,00895富邦未來車,0,16,-16
 元大竹東,大同,2,17,-15
 元大竹東,玉山金,6,20,-14
 元大竹東,力積電,20,33,-13
 元大竹東,00892富邦台灣半導體,0,13,-13
 元大竹東,富邦金,0,12,-12
 元大竹東,00941中信上游半導體,0,12,-12
 元大竹東,欣銓,7,19,-12
 元大竹東,立隆電,4,14,-10
 元大竹東,三晃,0,10,-10
 元大竹東,00830國泰費城半導體,0,10,-10
 元大竹東,仁寶,0,8,-8
 元大竹東,華城,3,10,-7
 元大竹東,群創,9,15,-6
 元大竹東,台積電,1,7,-6
 元大竹東,華榮,0,6,-6
 元大竹東,新建,0,6,-6
 元大竹東,亞翔,1,7,-6
 元大竹東,微矽電子-創,0,6,-6
 元大竹東,皇昌,3,9,-6
 元大竹東,新盛力,18,23,-5
 元大竹東,00645富邦日本,0,5,-5
 元大竹東,星宇航空,0,5,-5
 元大竹東,亞光,21,26,-5
 元大竹東,精材,0,5,-5
 元大竹東,萬泰科,0,5,-5
 元大竹東,華孚,0,5,-5
 元大竹東,聯嘉,0,5,-5
 元大竹東,森鉅,0,5,-5
 元大竹東,神達,74,78,-4
 元大竹東,006208富邦台50,3,7,-4
 元大竹東,國際中橡,0,4,-4
 元大竹東,中工,0,4,-4
 元大竹東,精成科,7,11,-4
 元大竹東,金寶,4,8,-4
 元大竹東,泰金寶-DR,0,3,-3
 元大竹東,00951台新日本半導體,0,3,-3
 元大竹東,00930永豐ESG低碳高息,0,3,-3
 元大竹東,鴻準,2,5,-3
 元大竹東,景碩,6,9,-3
 元大竹東,大聯大,0,3,-3
 元大竹東,前鼎,1,4,-3
兆豐南門,00965元大航太防衛科技,505,0,505
兆豐南門,00680L元大美債20正2,400,0,400
兆豐南門,00637L元大滬深300正2,154,93,61
兆豐南門,聯電,55,4,51
兆豐南門,00830國泰費城半導體,45,1,44
兆豐南門,00795B中信美國公債20年,40,0,40
兆豐南門,新建,40,0,40
兆豐南門,00953B群益優選非投等債,37,2,35
兆豐南門,三商壽,35,0,35
兆豐南門,00970B新光BBB投等債20,20,0,20
兆豐南門,華邦電,14,0,14
兆豐南門,燿華,23,12,11
兆豐南門,00932兆豐永續高息等權,10,0,10
兆豐南門,晟德,10,0,10
兆豐南門,南茂,10,0,10
兆豐南門,百和興業-KY,10,0,10
兆豐南門,泰金寶-DR,60,50,10
兆豐南門,00633L富邦上証正2,18,10,8
兆豐南門,00878國泰永續高股息,17,10,7
兆豐南門,廣宇,5,0,5
兆豐南門,中租-KY,5,0,5
兆豐南門,驊訊,6,1,5
兆豐南門,日月光投控,12,7,5
兆豐南門,00646元大S＆P500,4,0,4
兆豐南門,群創,4,0,4
兆豐南門,環宇-KY,19,15,4
兆豐南門,欣技,4,0,4
兆豐南門,006208富邦台50,5,2,3
兆豐南門,00757統一FANG+,4,1,3
兆豐南門,熱映,3,0,3
兆豐南門,台灣精銳,7,4,3
兆豐南門,新盛力,7,4,3
兆豐南門,伍豐,3,0,3
兆豐南門,兆豐金,3,0,3
兆豐南門,飛捷,3,0,3
兆豐南門,廣達,2,0,2
兆豐南門,創惟,11,9,2
兆豐南門,00916國泰全球品牌50,2,0,2
兆豐南門,00642U期元大S＆P石油,2,0,2
兆豐南門,00679B元大美債20年,2,0,2
兆豐南門,00719B元大美債1-3,2,0,2
兆豐南門,00650L復華香港正2,8,6,2
兆豐南門,台塑,12,10,2
兆豐南門,凱撒衛,2,0,2
兆豐南門,大成鋼,2,0,2
兆豐南門,英業達,4,2,2
兆豐南門,永豐金,2,0,2
兆豐南門,亞光,2,0,2
兆豐南門,順達,5,3,2
兆豐南門,聯鈞,13,11,2
兆豐南門,00751B元大AAA至A公司債,0,300,-300
兆豐南門,00980B台新特選IG債10+,1,150,-149
兆豐南門,00951台新日本半導體,0,101,-101
兆豐南門,00918大華優利高填息30,0,26,-26
兆豐南門,星宇航空,0,21,-21
兆豐南門,00919群益台灣精選高息,21,42,-21
兆豐南門,華榮,0,20,-20
兆豐南門,南港,0,20,-20
兆豐南門,金寶,5,24,-19
兆豐南門,元大高股息,5,21,-16
兆豐南門,鴻準,0,14,-14
兆豐南門,00937B群益ESG投等債20,1,13,-12
兆豐南門,南亞科,0,11,-11
兆豐南門,力積電,8,19,-11
兆豐南門,00888永豐台灣ESG,0,10,-10
兆豐南門,00930永豐ESG低碳高息,1,11,-10
兆豐南門,亞泥,0,10,-10
兆豐南門,麗正,0,10,-10
兆豐南門,長榮航,0,10,-10
兆豐南門,鳳凰,0,10,-10
兆豐南門,擎亞,22,32,-10
兆豐南門,寶成,0,9,-9
兆豐南門,中華電,0,8,-8
兆豐南門,龍德造船,0,8,-8
兆豐南門,光寶科,0,7,-7
兆豐南門,威剛,0,7,-7
兆豐南門,友達,0,6,-6
兆豐南門,正文,0,6,-6
兆豐南門,00929復華台灣科技優息,1,6,-5
兆豐南門,奇鋐,1,6,-5
兆豐南門,神達,12,17,-5
兆豐南門,中興電,0,5,-5
兆豐南門,保瑞,5,10,-5
兆豐南門,台玻,0,5,-5
兆豐南門,偉詮電,0,5,-5
兆豐南門,東森,0,5,-5
兆豐南門,大聯大,0,5,-5
兆豐南門,志旭,0,5,-5
兆豐南門,宏達電,13,18,-5
兆豐南門,台光電,1,5,-4
兆豐南門,精成科,0,4,-4
兆豐南門,立敦,4,8,-4
兆豐南門,勤美,0,4,-4
兆豐南門,凱基金,3,7,-4
兆豐南門,00947台新臺灣IC設計,0,3,-3
兆豐南門,00915凱基優選高股息30,0,3,-3
兆豐南門,南緯,0,3,-3
兆豐南門,士電,0,3,-3
兆豐南門,凱美,0,3,-3
兆豐南門,圓剛,0,3,-3
富邦頭份,聯電,174,29,145
富邦頭份,中鋼,144,25,119
富邦頭份,00895富邦未來車,50,0,50
富邦頭份,鴻海,67,17,50
富邦頭份,立隆電,121,77,44
富邦頭份,00753L中信中國50正2,39,0,39
富邦頭份,元大高股息,34,1,33
富邦頭份,華夏,50,20,30
富邦頭份,00937B群益ESG投等債20,28,0,28
富邦頭份,旭軟,26,0,26
富邦頭份,00900富邦特選高股息30,25,0,25
富邦頭份,環宇-KY,53,29,24
富邦頭份,00858永豐美國500大,22,0,22
富邦頭份,00719B元大美債1-3,20,0,20
富邦頭份,00637L元大滬深300正2,21,2,19
富邦頭份,直得,20,2,18
富邦頭份,佳能,20,4,16
富邦頭份,00632R元大台灣50反1,16,0,16
富邦頭份,立積,15,0,15
富邦頭份,00679B元大美債20年,15,0,15
富邦頭份,00918大華優利高填息30,16,1,15
富邦頭份,谷崧,15,0,15
富邦頭份,緯創,23,8,15
富邦頭份,00665L富邦�琤肭磪囓�2,15,1,14
富邦頭份,京元電子,16,2,14
富邦頭份,00960野村全球航運龍頭,11,0,11
富邦頭份,漢翔,11,0,11
富邦頭份,加百裕,23,12,11
富邦頭份,力成,13,2,11
富邦頭份,欣興,11,1,10
富邦頭份,00770國泰北美科技,10,0,10
富邦頭份,中租-KY,10,0,10
富邦頭份,新盛力,57,47,10
富邦頭份,00882中信中國高股息,10,0,10
富邦頭份,年興,10,0,10
富邦頭份,美食-KY,10,1,9
富邦頭份,00687B國泰20年美債,8,0,8
富邦頭份,立��,8,0,8
富邦頭份,立敦,8,1,7
富邦頭份,華電網,7,0,7
富邦頭份,00692富邦公司治理,7,0,7
富邦頭份,台揚,7,0,7
富邦頭份,百和興業-KY,7,0,7
富邦頭份,驊訊,16,9,7
富邦頭份,廣達,6,0,6
富邦頭份,聯鈞,30,24,6
富邦頭份,系微,10,4,6
富邦頭份,台灣大,6,0,6
富邦頭份,中再保,6,0,6
富邦頭份,合正,6,0,6
富邦頭份,力積電,145,365,-220
富邦頭份,群創,0,105,-105
富邦頭份,00929復華台灣科技優息,9,109,-100
富邦頭份,一詮,1,68,-67
富邦頭份,東友,0,50,-50
富邦頭份,00919群益台灣精選高息,9,48,-39
富邦頭份,冠軍,0,38,-38
富邦頭份,眾達-KY,33,66,-33
富邦頭份,連展投控,2,32,-30
富邦頭份,燿華,11,37,-26
富邦頭份,國喬,0,25,-25
富邦頭份,光寶科,1,25,-24
富邦頭份,00951台新日本半導體,0,24,-24
富邦頭份,00934中信成長高股息,2,25,-23
富邦頭份,大立,0,22,-22
富邦頭份,台塑,1,22,-21
富邦頭份,元大台灣50,2,23,-21
富邦頭份,00712復華富時不動產,1,21,-20
富邦頭份,穎漢,0,20,-20
富邦頭份,00713元大台灣高息低波,0,20,-20
富邦頭份,合晶,0,19,-19
富邦頭份,仁寶,1,20,-19
富邦頭份,中光電,0,18,-18
富邦頭份,00922國泰台灣領袖50,1,18,-17
富邦頭份,中鴻,3,19,-16
富邦頭份,欣銓,27,43,-16
富邦頭份,00965元大航太防衛科技,0,15,-15
富邦頭份,強茂,0,15,-15
富邦頭份,亞航,1,15,-14
富邦頭份,中信金,0,13,-13
富邦頭份,00830國泰費城半導體,0,13,-13
富邦頭份,泰金寶-DR,19,32,-13
富邦頭份,三晃,0,12,-12
富邦頭份,00680L元大美債20正2,0,12,-12
富邦頭份,聯光通,22,34,-12
富邦頭份,永豐金,2,14,-12
富邦頭份,00933B國泰10Y+金融債,0,11,-11
富邦頭份,00959B大華投等美債15Y+,1,12,-11
富邦頭份,台灣虎航,0,11,-11
富邦頭份,神達,36,47,-11
富邦頭份,擎亞,33,43,-10
富邦頭份,榮剛,1,11,-10
富邦頭份,安可,0,10,-10
富邦頭份,國光生,0,10,-10
富邦頭份,僑威,0,10,-10
富邦頭份,00952凱基台灣AI50,0,10,-10
富邦頭份,00939統一台灣高息動能,0,10,-10
富邦頭份,達邁,22,32,-10
富邦頭份,中華電,0,10,-10
富邦頭份,新唐,0,10,-10
 元大文心,聯電,95,5,90
 元大文心,00937B群益ESG投等債20,123,36,87
 元大文心,錸德,50,0,50
 元大文心,00637L元大滬深300正2,69,37,32
 元大文心,00959B大華投等美債15Y+,20,0,20
 元大文心,006208富邦台50,33,14,19
 元大文心,00919群益台灣精選高息,20,1,19
 元大文心,英業達,23,5,18
 元大文心,00882中信中國高股息,15,0,15
 元大文心,全國電,15,0,15
 元大文心,亞光,28,14,14
 元大文心,金寶,15,2,13
 元大文心,岳豐,12,0,12
 元大文心,富喬,30,19,11
 元大文心,永豐金,11,0,11
 元大文心,弘凱,11,0,11
 元大文心,合庫金,10,0,10
 元大文心,00664R國泰臺灣加權反1,10,0,10
 元大文心,宏致,35,25,10
 元大文心,和椿,43,33,10
 元大文心,眾達-KY,22,12,10
 元大文心,第一金,10,0,10
 元大文心,00885富邦越南,10,1,9
 元大文心,00830國泰費城半導體,10,1,9
 元大文心,力成,8,0,8
 元大文心,康舒,8,0,8
 元大文心,00881國泰台灣5G+,7,0,7
 元大文心,大成鋼,6,0,6
 元大文心,統懋,8,2,6
 元大文心,兆豐金,7,1,6
 元大文心,緯創,15,10,5
 元大文心,00954中信日本半導體,5,0,5
 元大文心,華邦電,10,5,5
 元大文心,國票金,5,0,5
 元大文心,鳳凰,5,0,5
 元大文心,廣明,6,1,5
 元大文心,擎亞,7,2,5
 元大文心,凌巨,5,0,5
 元大文心,昇達科,6,1,5
 元大文心,00915凱基優選高股息30,5,0,5
 元大文心,00918大華優利高填息30,4,0,4
 元大文心,南港,4,0,4
 元大文心,凱美,20,16,4
 元大文心,漢翔,6,2,4
 元大文心,福裕,4,0,4
 元大文心,豪勉,4,0,4
 元大文心,驊訊,4,0,4
 元大文心,惠特,4,0,4
 元大文心,00951台新日本半導體,5,1,4
 元大文心,台灣虎航,3,0,3
 元大文心,力積電,11,183,-172
 元大文心,00965元大航太防衛科技,0,120,-120
 元大文心,神達,59,110,-51
 元大文心,富華新,0,50,-50
 元大文心,中華電,0,49,-49
 元大文心,00927群益半導體收益,1,50,-49
 元大文心,00929復華台灣科技優息,2,43,-41
 元大文心,華南金,0,40,-40
 元大文心,00905FT臺灣Smart,0,32,-32
 元大文心,穩懋,0,28,-28
 元大文心,00631L元大台灣50正2,11,37,-26
 元大文心,欣銓,7,30,-23
 元大文心,興能高,138,160,-22
 元大文心,明安,0,21,-21
 元大文心,富邦金,1,20,-19
 元大文心,00632R元大台灣50反1,16,32,-16
 元大文心,00715L期街口布蘭特正2,0,14,-14
 元大文心,新日興,7,21,-14
 元大文心,華新,4,18,-14
 元大文心,事欣科,1,15,-14
 元大文心,台積電,8,21,-13
 元大文心,元大高股息,24,37,-13
 元大文心,立隆電,20,33,-13
 元大文心,中鋼,3,15,-12
 元大文心,台塑,0,12,-12
 元大文心,00935野村臺灣新科技50,0,12,-12
 元大文心,宏達電,78,89,-11
 元大文心,00941中信上游半導體,0,11,-11
 元大文心,00688L國泰20年美債正2,0,11,-11
 元大文心,00708L期元大S＆P黃金正2,0,11,-11
 元大文心,大銀微系統,2,13,-11
 元大文心,國泰金,0,11,-11
 元大文心,群創,0,11,-11
 元大文心,00940元大台灣價值高息,0,11,-11
 元大文心,00934中信成長高股息,0,10,-10
 元大文心,伊雲谷,0,10,-10
 元大文心,00922國泰台灣領袖50,1,11,-10
 元大文心,台灣高鐵,0,10,-10
 元大文心,遠東銀,0,10,-10
 元大文心,農林,0,10,-10
 元大文心,采鈺,6,16,-10
 元大文心,東元,0,9,-9
 元大文心,大汽電,0,9,-9
 元大文心,加百裕,10,19,-9
 元大文心,順達,3,11,-8
 元大文心,00895富邦未來車,0,8,-8
 元大文心,華經,0,8,-8
 元大文心,隆大,0,8,-8
 元大文心,新建,0,7,-7
 元大文心,00738U期元大道瓊白銀,0,7,-7
凱基南崁,中石化,100,0,100
凱基南崁,00673R期元大S＆P原油反1,112,29,83
凱基南崁,聯電,81,16,65
凱基南崁,直得,50,0,50
凱基南崁,榮剛,50,0,50
凱基南崁,泰金寶-DR,30,1,29
凱基南崁,力積電,63,35,28
凱基南崁,00919群益台灣精選高息,31,5,26
凱基南崁,元大高股息,24,4,20
凱基南崁,輔信,20,0,20
凱基南崁,富采,16,0,16
凱基南崁,訊映,16,0,16
凱基南崁,訊芯-KY,13,2,11
凱基南崁,臺企銀,11,0,11
凱基南崁,00795B中信美國公債20年,10,0,10
凱基南崁,00632R元大台灣50反1,10,0,10
凱基南崁,00900富邦特選高股息30,10,0,10
凱基南崁,南茂,10,0,10
凱基南崁,中鋼,14,6,8
凱基南崁,緯創,11,3,8
凱基南崁,玉晶光,7,0,7
凱基南崁,集盛,7,0,7
凱基南崁,英濟,20,13,7
凱基南崁,永豐金,8,2,6
凱基南崁,00909國泰數位支付服務,6,0,6
凱基南崁,聯鈞,23,17,6
凱基南崁,00918大華優利高填息30,6,0,6
凱基南崁,至上,6,0,6
凱基南崁,眾達-KY,17,11,6
凱基南崁,欣興,6,1,5
凱基南崁,南電,7,2,5
凱基南崁,00688L國泰20年美債正2,5,0,5
凱基南崁,00953B群益優選非投等債,5,0,5
凱基南崁,台玻,5,0,5
凱基南崁,南亞科,5,0,5
凱基南崁,台中銀,5,0,5
凱基南崁,星通,5,0,5
凱基南崁,精材,8,3,5
凱基南崁,立��,15,10,5
凱基南崁,金居,5,0,5
凱基南崁,台化,4,0,4
凱基南崁,立隆電,21,17,4
凱基南崁,三商,4,0,4
凱基南崁,弘凱,4,0,4
凱基南崁,進能服,4,0,4
凱基南崁,能率網通,4,0,4
凱基南崁,00910第一金太空衛星,4,0,4
凱基南崁,中租-KY,3,0,3
凱基南崁,昇陽半導體,3,0,3
凱基南崁,00933B國泰10Y+金融債,3,0,3
凱基南崁,00637L元大滬深300正2,11,300,-289
凱基南崁,00929復華台灣科技優息,0,134,-134
凱基南崁,00715L期街口布蘭特正2,0,100,-100
凱基南崁,光洋科,1,78,-77
凱基南崁,矽統,0,64,-64
凱基南崁,瑞軒,0,50,-50
凱基南崁,宏致,3,37,-34
凱基南崁,00878國泰永續高股息,15,39,-24
凱基南崁,中鴻,3,25,-22
凱基南崁,00940元大台灣價值高息,0,21,-21
凱基南崁,神達,24,44,-20
凱基南崁,台達電,0,17,-17
凱基南崁,00885富邦越南,0,14,-14
凱基南崁,欣銓,1,14,-13
凱基南崁,日月光投控,0,13,-13
凱基南崁,友達,0,13,-13
凱基南崁,鴻海,6,19,-13
凱基南崁,華航,0,12,-12
凱基南崁,00675L富邦臺灣加權正2,0,10,-10
凱基南崁,00902中信電池及儲能,1,11,-10
凱基南崁,00895富邦未來車,0,10,-10
凱基南崁,華新,1,11,-10
凱基南崁,定穎投控,0,10,-10
凱基南崁,00687B國泰20年美債,1,10,-9
凱基南崁,IET-KY,1,10,-9
凱基南崁,國泰金,2,10,-8
凱基南崁,中工,0,8,-8
凱基南崁,陽明,3,11,-8
凱基南崁,台塑,13,20,-7
凱基南崁,長榮航太,0,7,-7
凱基南崁,建國,0,7,-7
凱基南崁,台積電,2,8,-6
凱基南崁,00946群益科技高息成長,1,8,-7
凱基南崁,亞力,0,6,-6
凱基南崁,光寶科,0,6,-6
凱基南崁,華南金,0,6,-6
凱基南崁,亞泰,0,6,-6
凱基南崁,華星光,34,39,-5
凱基南崁,00735國泰臺韓科技,0,5,-5
凱基南崁,聯華,0,5,-5
凱基南崁,名軒,0,5,-5
凱基南崁,力山,0,5,-5
凱基南崁,富邦金,1,6,-5
凱基南崁,亞帝歐,0,5,-5
凱基南崁,台通,0,5,-5
凱基南崁,華城,0,5,-5
凱基南崁,台灣虎航,1,5,-4
凱基南崁,盛餘,0,4,-4
凱基南崁,金寶,0,4,-4
凱基南崁,宏��,3,7,-4
高橋內壢,00878國泰永續高股息,135,13,122
高橋內壢,00882中信中國高股息,50,0,50
高橋內壢,台新金,50,0,50
高橋內壢,聯電,52,2,50
高橋內壢,00638R元大滬深300反1,45,0,45
高橋內壢,力積電,67,22,45
高橋內壢,00919群益台灣精選高息,52,10,42
高橋內壢,00929復華台灣科技優息,55,27,28
高橋內壢,00753L中信中國50正2,29,6,23
高橋內壢,00918大華優利高填息30,18,0,18
高橋內壢,華邦電,15,0,15
高橋內壢,00915凱基優選高股息30,12,1,11
高橋內壢,華新,18,7,11
高橋內壢,星宇航空,11,2,9
高橋內壢,中纖,8,0,8
高橋內壢,台泥,9,2,7
高橋內壢,振曜,7,0,7
高橋內壢,欣興,7,0,7
高橋內壢,統一超,6,0,6
高橋內壢,00927群益半導體收益,6,0,6
高橋內壢,00900富邦特選高股息30,6,0,6
高橋內壢,宜新實業,6,0,6
高橋內壢,台半,6,0,6
高橋內壢,上銀,5,0,5
高橋內壢,中工,5,0,5
高橋內壢,海華,10,5,5
高橋內壢,立積,5,0,5
高橋內壢,弘凱,5,0,5
高橋內壢,四維航,5,0,5
高橋內壢,中信金,5,0,5
高橋內壢,力成,4,0,4
高橋內壢,宏��,4,0,4
高橋內壢,美律,4,0,4
高橋內壢,波若威,5,1,4
高橋內壢,致伸,6,2,4
高橋內壢,高端疫苗,4,0,4
高橋內壢,富喬,10,7,3
高橋內壢,加百裕,6,3,3
高橋內壢,台塑,3,0,3
高橋內壢,集盛,3,0,3
高橋內壢,南亞科,7,4,3
高橋內壢,大毅,3,0,3
高橋內壢,榮運,3,0,3
高橋內壢,增你強,3,0,3
高橋內壢,虹冠電,3,0,3
高橋內壢,聯光通,3,0,3
高橋內壢,崇越,3,0,3
高橋內壢,訊達,3,0,3
高橋內壢,昇陽半導體,3,0,3
高橋內壢,擎亞,3,0,3
高橋內壢,三商壽,0,120,-120
高橋內壢,長榮航,0,112,-112
高橋內壢,00637L元大滬深300正2,0,80,-80
高橋內壢,00687B國泰20年美債,2,57,-55
高橋內壢,大同,0,35,-35
高橋內壢,協易機,0,24,-24
高橋內壢,台積電,0,20,-20
高橋內壢,矽瑪,0,19,-19
高橋內壢,00934中信成長高股息,0,15,-15
高橋內壢,宏致,3,16,-13
高橋內壢,神達,27,40,-13
高橋內壢,日月光投控,0,11,-11
高橋內壢,金寶,3,14,-11
高橋內壢,華航,0,11,-11
高橋內壢,00965元大航太防衛科技,0,10,-10
高橋內壢,中鴻,0,10,-10
高橋內壢,華南金,0,9,-9
高橋內壢,僑威,0,9,-9
高橋內壢,連展投控,13,22,-9
高橋內壢,亞翔,0,8,-8
高橋內壢,鴻海,2,10,-8
高橋內壢,00881國泰台灣5G+,12,20,-8
高橋內壢,彰銀,0,8,-8
高橋內壢,迅得,2,9,-7
高橋內壢,00675L富邦臺灣加權正2,0,7,-7
高橋內壢,亞航,0,6,-6
高橋內壢,華東,0,6,-6
高橋內壢,00932兆豐永續高息等權,0,5,-5
高橋內壢,億泰,0,5,-5
高橋內壢,華泰,0,5,-5
高橋內壢,燿華,0,5,-5
高橋內壢,新光金,0,5,-5
高橋內壢,神基,0,5,-5
高橋內壢,達邁,4,9,-5
高橋內壢,麗豐-KY,0,5,-5
高橋內壢,采鈺,0,5,-5
高橋內壢,元大台灣50,0,5,-5
高橋內壢,00665L富邦�琤肭磪囓�2,0,4,-4
高橋內壢,00907永豐優息存股,0,4,-4
高橋內壢,00941中信上游半導體,0,4,-4
高橋內壢,大成鋼,2,6,-4
高橋內壢,富邦金,0,4,-4
高橋內壢,立敦,0,4,-4
高橋內壢,良維,0,4,-4
高橋內壢,常珵,0,4,-4
高橋內壢,凌巨,0,4,-4
高橋內壢,世紀鋼,1,5,-4
高橋內壢,華城,4,8,-4
高橋內壢,昇達科,2,6,-4
高橋內壢,環宇-KY,4,7,-3
統一城中  ,00937B群益ESG投等債20,1000,0,1000
統一城中  ,神達,571,330,241
統一城中  ,聯電,160,55,105
統一城中  ,聯鈞,127,28,99
統一城中  ,三商壽,86,1,85
統一城中  ,世紀鋼,66,0,66
統一城中  ,統一證,65,15,50
統一城中  ,力積電,89,40,49
統一城中  ,華星光,80,36,44
統一城中  ,00637L元大滬深300正2,47,7,40
統一城中  ,緯創,54,14,40
統一城中  ,富華新,40,0,40
統一城中  ,中鼎,40,0,40
統一城中  ,精成科,88,51,37
統一城中  ,寶成,35,1,34
統一城中  ,采鈺,44,11,33
統一城中  ,雲豹能源,31,0,31
統一城中  ,前鼎,34,5,29
統一城中  ,AES-KY,30,6,24
統一城中  ,00687B國泰20年美債,23,0,23
統一城中  ,東浦,20,0,20
統一城中  ,jpp-KY,20,0,20
統一城中  ,永豐金,20,0,20
統一城中  ,晟德,20,0,20
統一城中  ,大山,20,0,20
統一城中  ,鴻海,25,7,18
統一城中  ,波若威,53,35,18
統一城中  ,英業達,21,5,16
統一城中  ,星宇航空,17,1,16
統一城中  ,立敦,31,16,15
統一城中  ,生達,14,0,14
統一城中  ,亞航,17,3,14
統一城中  ,瀚宇博,20,6,14
統一城中  ,彬台,15,2,13
統一城中  ,凱美,24,11,13
統一城中  ,台灣精銳,14,2,12
統一城中  ,朋億*,22,11,11
統一城中  ,長榮航,27,16,11
統一城中  ,慧洋-KY,10,0,10
統一城中  ,皇翔,10,0,10
統一城中  ,熱映,10,0,10
統一城中  ,新復興,15,5,10
統一城中  ,00893國泰智能電動車,12,2,10
統一城中  ,00858永豐美國500大,11,1,10
統一城中  ,00706L期元大S＆P日圓正2,10,0,10
統一城中  ,光聯,10,0,10
統一城中  ,綠界科技*,10,0,10
統一城中  ,百和,9,0,9
統一城中  ,柏承,8,0,8
統一城中  ,立隆電,22,14,8
統一城中  ,新盛力,190,384,-194
統一城中  ,勤美,0,78,-78
統一城中  ,和椿,29,89,-60
統一城中  ,廣宇,1,55,-54
統一城中  ,力麒,0,52,-52
統一城中  ,海華,2,53,-51
統一城中  ,00895富邦未來車,0,50,-50
統一城中  ,上銀,5,40,-35
統一城中  ,威剛,0,35,-35
統一城中  ,精材,4,35,-31
統一城中  ,鳳凰,0,30,-30
統一城中  ,00980B台新特選IG債10+,0,30,-30
統一城中  ,玉山金,0,30,-30
統一城中  ,華邦電,3,32,-29
統一城中  ,譜瑞-KY,1,30,-29
統一城中  ,宏達電,327,355,-28
統一城中  ,達邁,14,42,-28
統一城中  ,00922國泰台灣領袖50,0,27,-27
統一城中  ,建錩,0,25,-25
統一城中  ,盟立,12,34,-22
統一城中  ,順達,42,64,-22
統一城中  ,佳能,3,24,-21
統一城中  ,櫻花建,0,20,-20
統一城中  ,大銀微系統,2,22,-20
統一城中  ,長榮,1,18,-17
統一城中  ,立��,1,18,-17
統一城中  ,00757統一FANG+,7,23,-16
統一城中  ,統新,0,16,-16
統一城中  ,致茂,26,42,-16
統一城中  ,泰鼎-KY,0,15,-15
統一城中  ,00924復華S＆P500成長,19,34,-15
統一城中  ,00947台新臺灣IC設計,0,15,-15
統一城中  ,長榮航太,0,13,-13
統一城中  ,新日興,25,38,-13
統一城中  ,創惟,17,30,-13
統一城中  ,同欣電,0,13,-13
統一城中  ,新漢,1,14,-13
統一城中  ,超豐,0,13,-13
統一城中  ,中光電,0,12,-12
統一城中  ,華南金,0,12,-12
統一城中  ,00971野村美國研發龍頭,0,11,-11
統一城中  ,華通,2,13,-11
統一城中  ,康舒,0,11,-11
統一城中  ,燿華,11,22,-11
統一城中  ,00929復華台灣科技優息,0,11,-11
統一城中  ,世芯-KY,8,18,-10
統一城中  ,昆盈,0,10,-10
統一城中  ,中石化,0,10,-10
統一城中  ,仲琦,0,10,-10
統一城中  ,五福,0,10,-10
兆豐高雄,彰銀,2500,142,2358
兆豐高雄,台新金,200,0,200
兆豐高雄,00687B國泰20年美債,125,0,125
兆豐高雄,兆豐金,108,0,108
兆豐高雄,聯電,121,22,99
兆豐高雄,群創,111,13,98
兆豐高雄,達邁,101,22,79
兆豐高雄,臺企銀,104,31,73
兆豐高雄,鴻海,63,10,53
兆豐高雄,潤泰新,50,0,50
兆豐高雄,IKKA-KY,43,2,41
兆豐高雄,00712復華富時不動產,40,0,40
兆豐高雄,日勝生,100,60,40
兆豐高雄,緯創,77,40,37
兆豐高雄,00680L元大美債20正2,50,20,30
兆豐高雄,四維航,30,0,30
兆豐高雄,冠西電,30,0,30
兆豐高雄,中鋼,38,13,25
兆豐高雄,力成,22,0,22
兆豐高雄,00795B中信美國公債20年,23,1,22
兆豐高雄,佳能,21,0,21
兆豐高雄,00632R元大台灣50反1,21,0,21
兆豐高雄,廣宇,20,1,19
兆豐高雄,建通,18,0,18
兆豐高雄,三商壽,20,5,15
兆豐高雄,東科-KY,17,3,14
兆豐高雄,00864B中信美國公債0-1,14,0,14
兆豐高雄,中光電,20,8,12
兆豐高雄,英業達,15,3,12
兆豐高雄,元大金,12,0,12
兆豐高雄,台化,14,2,12
兆豐高雄,00919群益台灣精選高息,13,1,12
兆豐高雄,欣興,13,2,11
兆豐高雄,華通,11,0,11
兆豐高雄,國光生,17,6,11
兆豐高雄,昇達科,14,3,11
兆豐高雄,東陽,10,0,10
兆豐高雄,岳豐,10,0,10
兆豐高雄,南亞,15,5,10
兆豐高雄,華新,15,6,9
兆豐高雄,安可,10,1,9
兆豐高雄,昆盈,14,5,9
兆豐高雄,耿鼎,9,0,9
兆豐高雄,台積電,28,19,9
兆豐高雄,台塑,13,5,8
兆豐高雄,力銘,8,0,8
兆豐高雄,中石化,8,0,8
兆豐高雄,陽明,22,14,8
兆豐高雄,晉泰,8,0,8
兆豐高雄,巨庭,8,0,8
兆豐高雄,00980B台新特選IG債10+,0,289,-289
兆豐高雄,中信金,0,236,-236
兆豐高雄,興能高,50,164,-114
兆豐高雄,00933B國泰10Y+金融債,0,107,-107
兆豐高雄,欣銓,11,80,-69
兆豐高雄,00953B群益優選非投等債,5,50,-45
兆豐高雄,00878國泰永續高股息,20,64,-44
兆豐高雄,凱基金,1,41,-40
兆豐高雄,華邦電,1,41,-40
兆豐高雄,華晶科,17,52,-35
兆豐高雄,亞翔,4,39,-35
兆豐高雄,日月光投控,8,42,-34
兆豐高雄,00939統一台灣高息動能,0,29,-29
兆豐高雄,00966B統一ESG投等債15,0,27,-27
兆豐高雄,泰金寶-DR,14,41,-27
兆豐高雄,華航,5,31,-26
兆豐高雄,國票金,0,25,-25
兆豐高雄,神達,51,74,-23
兆豐高雄,仁寶,0,18,-18
兆豐高雄,宏觀,0,18,-18
兆豐高雄,長榮航,0,18,-18
兆豐高雄,鴻準,2,19,-17
兆豐高雄,宏致,18,35,-17
兆豐高雄,00881國泰台灣5G+,0,15,-15
兆豐高雄,瑞智,1,15,-14
兆豐高雄,00905FT臺灣Smart,0,14,-14
兆豐高雄,岱宇,0,13,-13
兆豐高雄,揚智,4,17,-13
兆豐高雄,友訊,26,38,-12
兆豐高雄,00965元大航太防衛科技,1,12,-11
兆豐高雄,立��,12,23,-11
兆豐高雄,宏達電,64,74,-10
兆豐高雄,華星光,30,40,-10
兆豐高雄,順達,7,17,-10
兆豐高雄,光寶科,0,10,-10
兆豐高雄,00948B中信優息投資級債,0,10,-10
兆豐高雄,國泰金,0,10,-10
兆豐高雄,東台,0,10,-10
兆豐高雄,泰茂,1,11,-10
兆豐高雄,康和證,0,10,-10
兆豐高雄,僑威,8,18,-10
兆豐高雄,台灣虎航,5,15,-10
兆豐高雄,中華電,0,10,-10
兆豐高雄,台船,1,10,-9
兆豐高雄,騰輝電子-KY,0,9,-9
兆豐高雄,華南金,0,9,-9
兆豐高雄,博盛半導體,0,8,-8
兆豐高雄,00927群益半導體收益,0,8,-8
兆豐高雄,力積電,48,56,-8
兆豐高雄,00951台新日本半導體,2,10,-8
 元大成功,聯電,223,42,181
 元大成功,一詮,139,2,137
 元大成功,長華*,101,7,94
 元大成功,00664R國泰臺灣加權反1,80,0,80
 元大成功,00878國泰永續高股息,75,19,56
 元大成功,00900富邦特選高股息30,41,0,41
 元大成功,00650L復華香港正2,41,0,41
 元大成功,00632R元大台灣50反1,53,12,41
 元大成功,00919群益台灣精選高息,33,1,32
 元大成功,緯創,36,5,31
 元大成功,光罩,30,0,30
 元大成功,高技,35,6,29
 元大成功,合庫金,31,4,27
 元大成功,元大高股息,40,14,26
 元大成功,00953B群益優選非投等債,23,0,23
 元大成功,名軒,25,2,23
 元大成功,00706L期元大S＆P日圓正2,20,0,20
 元大成功,中興電,19,1,18
 元大成功,元大金,22,5,17
 元大成功,蔚華科,18,1,17
 元大成功,友達,20,3,17
 元大成功,欣興,26,9,17
 元大成功,鴻海,45,28,17
 元大成功,立敦,44,28,16
 元大成功,00915凱基優選高股息30,17,1,16
 元大成功,榮剛,15,0,15
 元大成功,德宏,15,0,15
 元大成功,泰金寶-DR,79,64,15
 元大成功,華新科,14,0,14
 元大成功,精成科,31,18,13
 元大成功,00882中信中國高股息,12,0,12
 元大成功,00927群益半導體收益,11,0,11
 元大成功,瑞祺電通,11,0,11
 元大成功,華星光,93,82,11
 元大成功,廣達,12,1,11
 元大成功,華榮,10,0,10
 元大成功,亞諾法,10,0,10
 元大成功,高端疫苗,10,0,10
 元大成功,00637L元大滬深300正2,582,572,10
 元大成功,00945B凱基美國非投等債,10,0,10
 元大成功,00673R期元大S＆P原油反1,10,0,10
 元大成功,00665L富邦�琤肭磪囓�2,10,0,10
 元大成功,環宇-KY,27,17,10
 元大成功,宏齊,20,10,10
 元大成功,神達,134,125,9
 元大成功,00713元大台灣高息低波,9,0,9
 元大成功,星通,10,1,9
 元大成功,00944野村趨勢動能高息,9,0,9
 元大成功,00881國泰台灣5G+,14,5,9
 元大成功,星宇航空,20,11,9
 元大成功,00887永豐中國科技50大,2,363,-361
 元大成功,00891中信關鍵半導體,0,220,-220
 元大成功,英業達,11,204,-193
 元大成功,00940元大台灣價值高息,0,130,-130
 元大成功,潤泰新,0,79,-79
 元大成功,00965元大航太防衛科技,1,61,-60
 元大成功,泰鼎-KY,0,54,-54
 元大成功,富邦金,1,51,-50
 元大成功,台新金,3,45,-42
 元大成功,00642U期元大S＆P石油,0,42,-42
 元大成功,00929復華台灣科技優息,2,44,-42
 元大成功,臺企銀,2,38,-36
 元大成功,宏達電,68,102,-34
 元大成功,00720B元大投資級公司債,2,35,-33
 元大成功,華航,0,33,-33
 元大成功,美食-KY,0,32,-32
 元大成功,00905FT臺灣Smart,3,35,-32
 元大成功,台積電,8,39,-31
 元大成功,建準,5,35,-30
 元大成功,西勝,0,30,-30
 元大成功,菱光,6,36,-30
 元大成功,連展投控,2,31,-29
 元大成功,中鋼,5,34,-29
 元大成功,新日興,6,31,-25
 元大成功,南亞科,10,35,-25
 元大成功,中華電,0,22,-22
 元大成功,陽明,8,30,-22
 元大成功,中信金,10,32,-22
 元大成功,華夏,0,19,-19
 元大成功,長榮航,2,20,-18
 元大成功,擎亞,63,81,-18
 元大成功,宏致,5,23,-18
 元大成功,東陽,2,20,-18
 元大成功,大銀微系統,2,20,-18
 元大成功,興能高,98,115,-17
 元大成功,燿華,0,16,-16
 元大成功,00937B群益ESG投等債20,34,50,-16
 元大成功,00941中信上游半導體,0,14,-14
 元大成功,力積電,116,130,-14
 元大成功,凱基金,0,13,-13
 元大成功,廣宇,1,14,-13
 元大成功,富喬,6,19,-13
 元大成功,中美晶,0,12,-12
 元大成功,慧友,0,12,-12
 元大成功,雷虎,9,21,-12
 元大成功,萬海,1,12,-11
 元大成功,南電,1,12,-11
 元大成功,彰銀,1,12,-11
 元大成功,欣銓,16,27,-11
 元大成功,00675L富邦臺灣加權正2,10,21,-11
大昌安康,00671R富邦NASDAQ反1,1435,0,1435
大昌安康,群創,1189,100,1089
大昌安康,聯電,139,17,122
大昌安康,新光金,100,0,100
大昌安康,元大高股息,74,0,74
大昌安康,00632R元大台灣50反1,125,58,67
大昌安康,英業達,38,1,37
大昌安康,海灣,30,0,30
大昌安康,00680L元大美債20正2,25,0,25
大昌安康,中纖,20,3,17
大昌安康,台燿,15,0,15
大昌安康,欣興,17,4,13
大昌安康,台玻,12,0,12
大昌安康,亞光,19,7,12
大昌安康,臺企銀,11,0,11
大昌安康,00648R元大S＆P500反1,10,0,10
大昌安康,00637L元大滬深300正2,95,85,10
大昌安康,達能,10,0,10
大昌安康,浩鼎,10,0,10
大昌安康,南茂,10,0,10
大昌安康,鴻海,12,2,10
大昌安康,00650L復華香港正2,9,0,9
大昌安康,緯創,28,19,9
大昌安康,新盛力,10,3,7
大昌安康,00674R期元大S＆P黃金反1,6,0,6
大昌安康,士電,6,0,6
大昌安康,昇陽,6,0,6
大昌安康,達邁,10,4,6
大昌安康,興能高,40,34,6
大昌安康,00753L中信中國50正2,5,0,5
大昌安康,00665L富邦�琤肭磪囓�2,5,0,5
大昌安康,00858永豐美國500大,5,0,5
大昌安康,00937B群益ESG投等債20,7,2,5
大昌安康,大成鋼,5,0,5
大昌安康,宏達電,20,15,5
大昌安康,元大金,5,0,5
大昌安康,波若威,5,0,5
大昌安康,合庫金,5,0,5
大昌安康,橘子,5,0,5
大昌安康,矽格,6,1,5
大昌安康,雷虎,5,0,5
大昌安康,00967B元大優息美債,4,0,4
大昌安康,00918大華優利高填息30,4,0,4
大昌安康,耿鼎,5,1,4
大昌安康,一詮,4,0,4
大昌安康,佰鴻,5,1,4
大昌安康,太欣,4,0,4
大昌安康,立敦,9,5,4
大昌安康,雍智科技,4,0,4
大昌安康,00919群益台灣精選高息,3,0,3
大昌安康,00929復華台灣科技優息,0,128,-128
大昌安康,友達,0,100,-100
大昌安康,金寶,2,49,-47
大昌安康,神達,63,98,-35
大昌安康,泰金寶-DR,17,50,-33
大昌安康,信義,0,32,-32
大昌安康,力積電,8,36,-28
大昌安康,凱基金,0,24,-24
大昌安康,永豐餘,0,19,-19
大昌安康,富喬,20,36,-16
大昌安康,遠百,0,16,-16
大昌安康,00950B凱基A級公司債,0,15,-15
大昌安康,華航,3,18,-15
大昌安康,大同,5,17,-12
大昌安康,連展投控,12,24,-12
大昌安康,台積電,4,15,-11
大昌安康,欣銓,5,16,-11
大昌安康,華通,13,23,-10
大昌安康,00939統一台灣高息動能,0,9,-9
大昌安康,友訊,0,9,-9
大昌安康,長榮航,3,12,-9
大昌安康,華南金,0,9,-9
大昌安康,00891中信關鍵半導體,0,8,-8
大昌安康,昆盈,0,8,-8
大昌安康,長榮,2,10,-8
大昌安康,00830國泰費城半導體,2,10,-8
大昌安康,00940元大台灣價值高息,0,7,-7
大昌安康,泰茂,7,14,-7
大昌安康,凌通,0,7,-7
大昌安康,新華,0,7,-7
大昌安康,00902中信電池及儲能,0,6,-6
大昌安康,宏旭-KY,0,6,-6
大昌安康,光寶科,0,6,-6
大昌安康,台達電,1,7,-6
大昌安康,彰銀,6,12,-6
大昌安康,憶聲,0,6,-6
大昌安康,00934中信成長高股息,0,5,-5
大昌安康,00887永豐中國科技50大,0,5,-5
大昌安康,00715L期街口布蘭特正2,0,5,-5
大昌安康,位速,0,5,-5
大昌安康,南仁湖,0,5,-5
大昌安康,康舒,0,5,-5
大昌安康,佳和,0,4,-4
大昌安康,仁寶,0,4,-4
大昌安康,台光電,0,4,-4
大昌安康,超豐,0,4,-4
大昌安康,晶彩科,1,5,-4
大昌安康,大聯大,0,4,-4
大昌安康,合勤控,3,7,-4
大昌安康,立積,6,10,-4
永豐竹北,00945B凱基美國非投等債,115,0,115
永豐竹北,富喬,86,2,84
永豐竹北,御嵿,83,0,83
永豐竹北,00687B國泰20年美債,64,3,61
永豐竹北,友達,71,11,60
永豐竹北,元大高股息,78,23,55
永豐竹北,聯電,54,3,51
永豐竹北,00951台新日本半導體,50,12,38
永豐竹北,博磊,32,0,32
永豐竹北,00919群益台灣精選高息,47,19,28
永豐竹北,台灣大,23,0,23
永豐竹北,00953B群益優選非投等債,23,0,23
永豐竹北,橋椿,22,0,22
永豐竹北,精成科,37,16,21
永豐竹北,00706L期元大S＆P日圓正2,21,0,21
永豐竹北,元大金,20,0,20
永豐竹北,正德,20,0,20
永豐竹北,00972野村日本動能高息,20,0,20
永豐竹北,欣興,32,14,18
永豐竹北,力積電,45,27,18
永豐竹北,00887永豐中國科技50大,16,0,16
永豐竹北,00918大華優利高填息30,14,0,14
永豐竹北,立��,23,9,14
永豐竹北,事欣科,24,11,13
永豐竹北,勝悅-KY,13,0,13
永豐竹北,00858永豐美國500大,13,0,13
永豐竹北,00905FT臺灣Smart,12,0,12
永豐竹北,永豐金,12,0,12
永豐竹北,00933B國泰10Y+金融債,12,0,12
永豐竹北,雷虎,12,0,12
永豐竹北,00942B台新美A公司債20+,12,0,12
永豐竹北,00795B中信美國公債20年,20,8,12
永豐竹北,北極星藥業-KY,12,0,12
永豐竹北,順達,17,7,10
永豐竹北,00882中信中國高股息,11,1,10
永豐竹北,大同,12,2,10
永豐竹北,00690兆豐藍籌30,10,0,10
永豐竹北,00946群益科技高息成長,12,3,9
永豐竹北,00971野村美國研發龍頭,14,5,9
永豐竹北,映泰,13,4,9
永豐竹北,群益證,9,0,9
永豐竹北,興能高,151,142,9
永豐竹北,年興,8,0,8
永豐竹北,騰輝電子-KY,8,0,8
永豐竹北,00639富邦深100,11,3,8
永豐竹北,00725B國泰投資級公司債,10,2,8
永豐竹北,00753L中信中國50正2,8,0,8
永豐竹北,華星光,82,75,7
永豐竹北,南茂,7,0,7
永豐竹北,長榮航,8,1,7
永豐竹北,00632R元大台灣50反1,1,200,-199
永豐竹北,聯邦銀,0,103,-103
永豐竹北,00939統一台灣高息動能,0,60,-60
永豐竹北,jpp-KY,0,41,-41
永豐竹北,宏達電,30,63,-33
永豐竹北,00675L富邦臺灣加權正2,1,27,-26
永豐竹北,越峰,1,27,-26
永豐竹北,創惟,2,25,-23
永豐竹北,00679B元大美債20年,11,34,-23
永豐竹北,元大台灣50,7,29,-22
永豐竹北,00935野村臺灣新科技50,0,21,-21
永豐竹北,富邦科技,1,20,-19
永豐竹北,華晶科,16,35,-19
永豐竹北,00960野村全球航運龍頭,1,20,-19
永豐竹北,910322康師傅-DR,0,18,-18
永豐竹北,00941中信上游半導體,0,18,-18
永豐竹北,00893國泰智能電動車,0,18,-18
永豐竹北,群創,1,18,-17
永豐竹北,00929復華台灣科技優息,0,17,-17
永豐竹北,台中銀,3,20,-17
永豐竹北,台翰,0,16,-16
永豐竹北,欣銓,5,20,-15
永豐竹北,富邦金,0,15,-15
永豐竹北,大地-KY,0,14,-14
永豐竹北,健喬,4,18,-14
永豐竹北,00633L富邦上証正2,0,14,-14
永豐竹北,京元電子,2,16,-14
永豐竹北,聯鈞,35,48,-13
永豐竹北,佳能,2,15,-13
永豐竹北,00715L期街口布蘭特正2,1,14,-13
永豐竹北,友訊,0,13,-13
永豐竹北,006208富邦台50,3,16,-13
永豐竹北,00885富邦越南,0,12,-12
永豐竹北,00631L元大台灣50正2,0,12,-12
永豐竹北,華榮,0,11,-11
永豐竹北,00963中信全球高股息,0,11,-11
永豐竹北,亞翔,5,15,-10
永豐竹北,00650L復華香港正2,0,10,-10
永豐竹北,雷笛克光學,0,10,-10
永豐竹北,00907永豐優息存股,0,10,-10
永豐竹北,炎洲,0,10,-10
永豐竹北,南亞科,0,10,-10
永豐竹北,東元,0,10,-10
永豐竹北,日月光投控,1,11,-10
永豐竹北,微星,0,10,-10
永豐竹北,凱基金,5,15,-10
永豐竹北,00896中信綠能及電動車,0,10,-10
永豐竹北,瀚宇博,0,10,-10
永豐竹北,新應材,0,10,-10
永豐竹北,眾達-KY,25,35,-10
兆豐天母,00637L元大滬深300正2,277,4,273
兆豐天母,00680L元大美債20正2,100,0,100
兆豐天母,聯電,61,2,59
兆豐天母,緯創,46,5,41
兆豐天母,00878國泰永續高股息,52,12,40
兆豐天母,金寶,38,2,36
兆豐天母,華邦電,26,1,25
兆豐天母,神基,27,2,25
兆豐天母,00673R期元大S＆P原油反1,20,0,20
兆豐天母,立��,29,10,19
兆豐天母,00720B元大投資級公司債,18,0,18
兆豐天母,王道銀行,18,0,18
兆豐天母,大成鋼,18,2,16
兆豐天母,長華*,16,0,16
兆豐天母,元大高股息,16,0,16
兆豐天母,世禾,15,0,15
兆豐天母,台泥,12,0,12
兆豐天母,華固,12,0,12
兆豐天母,00719B元大美債1-3,11,0,11
兆豐天母,00751B元大AAA至A公司債,11,0,11
兆豐天母,宏益,11,0,11
兆豐天母,得力,11,0,11
兆豐天母,00858永豐美國500大,11,1,10
兆豐天母,00851台新全球AI,10,0,10
兆豐天母,00945B凱基美國非投等債,10,0,10
兆豐天母,台玻,10,0,10
兆豐天母,致新,10,0,10
兆豐天母,華宏,10,0,10
兆豐天母,康那香,10,0,10
兆豐天母,盛弘,10,1,9
兆豐天母,泰金寶-DR,14,6,8
兆豐天母,佳能,10,3,7
兆豐天母,00911兆豐洲際半導體,7,0,7
兆豐天母,00929復華台灣科技優息,10,3,7
兆豐天母,立敦,44,38,6
兆豐天母,精材,14,8,6
兆豐天母,信立,6,0,6
兆豐天母,00905FT臺灣Smart,5,0,5
兆豐天母,00937B群益ESG投等債20,7,2,5
兆豐天母,00960野村全球航運龍頭,5,0,5
兆豐天母,富邦金,6,1,5
兆豐天母,倚強科,5,0,5
兆豐天母,00664R國泰臺灣加權反1,4,0,4
兆豐天母,矽統,4,0,4
兆豐天母,偉訓,6,2,4
兆豐天母,眾達-KY,9,5,4
兆豐天母,創惟,5,1,4
兆豐天母,陞泰,4,0,4
兆豐天母,鴻海,7,3,4
兆豐天母,00887永豐中國科技50大,3,0,3
兆豐天母,群創,2,230,-228
兆豐天母,00757統一FANG+,3,116,-113
兆豐天母,00980B台新特選IG債10+,0,90,-90
兆豐天母,00940元大台灣價值高息,0,75,-75
兆豐天母,神達,10,75,-65
兆豐天母,00830國泰費城半導體,0,64,-64
兆豐天母,欣厚-KY,0,30,-30
兆豐天母,奇鋐,1,24,-23
兆豐天母,興能高,67,89,-22
兆豐天母,華新,0,22,-22
兆豐天母,00922國泰台灣領袖50,0,21,-21
兆豐天母,台灣虎航,1,20,-19
兆豐天母,波若威,6,21,-15
兆豐天母,銘旺科,0,14,-14
兆豐天母,00918大華優利高填息30,1,15,-14
兆豐天母,中興電,1,12,-11
兆豐天母,台積電,2,12,-10
兆豐天母,00882中信中國高股息,1,11,-10
兆豐天母,00931B統一美債20年,0,10,-10
兆豐天母,誠美材,0,10,-10
兆豐天母,00631L元大台灣50正2,0,10,-10
兆豐天母,立隆電,2,11,-9
兆豐天母,華航,0,9,-9
兆豐天母,士電,2,10,-8
兆豐天母,00934中信成長高股息,2,10,-8
兆豐天母,大亞,0,8,-8
兆豐天母,英濟,2,10,-8
兆豐天母,佳邦,2,10,-8
兆豐天母,台達電,0,8,-8
兆豐天母,國光生,0,7,-7
兆豐天母,十銓,0,6,-6
兆豐天母,和椿,11,17,-6
兆豐天母,力積電,15,21,-6
兆豐天母,連展投控,0,6,-6
兆豐天母,00891中信關鍵半導體,0,5,-5
兆豐天母,00951台新日本半導體,0,5,-5
兆豐天母,佳格,0,5,-5
兆豐天母,橋椿,10,15,-5
兆豐天母,光寶科,0,5,-5
兆豐天母,中信金,51,56,-5
兆豐天母,富強鑫,0,5,-5
兆豐天母,順達,2,6,-4
兆豐天母,00892富邦台灣半導體,0,4,-4
兆豐天母,00939統一台灣高息動能,0,4,-4
兆豐天母,永豐餘,0,4,-4
兆豐天母,長榮航,0,4,-4
兆豐天母,聯亞,0,4,-4
兆豐天母,日月光投控,0,4,-4
兆豐天母,聯光通,9,13,-4
兆豐天母,競國,0,4,-4
凱基台東,聯電,78,23,55
凱基台東,寶成,40,1,39
凱基台東,宏��,33,0,33
凱基台東,華星光,34,5,29
凱基台東,00858永豐美國500大,27,0,27
凱基台東,00915凱基優選高股息30,31,10,21
凱基台東,00712復華富時不動產,20,0,20
凱基台東,00738U期元大道瓊白銀,20,0,20
凱基台東,00895富邦未來車,20,0,20
凱基台東,王道銀行,20,0,20
凱基台東,大銀微系統,20,0,20
凱基台東,中美晶,18,1,17
凱基台東,雷虎,17,0,17
凱基台東,神達,38,22,16
凱基台東,加百裕,30,17,13
凱基台東,00909國泰數位支付服務,12,0,12
凱基台東,00635U期元大S＆P黃金,11,0,11
凱基台東,立隆電,22,11,11
凱基台東,建準,10,0,10
凱基台東,強茂,10,0,10
凱基台東,連展投控,10,0,10
凱基台東,興能高,41,32,9
凱基台東,元大高股息,9,1,8
凱基台東,欣興,6,0,6
凱基台東,緯創,10,4,6
凱基台東,中信金,9,3,6
凱基台東,00954中信日本半導體,10,4,6
凱基台東,系統電,9,3,6
凱基台東,00953B群益優選非投等債,5,0,5
凱基台東,兆豐金,5,0,5
凱基台東,中興電,6,1,5
凱基台東,00916國泰全球品牌50,5,0,5
凱基台東,南港,5,0,5
凱基台東,旺宏,5,0,5
凱基台東,星宇航空,5,0,5
凱基台東,潤泰全,5,0,5
凱基台東,瑞智,5,0,5
凱基台東,驊訊,4,0,4
凱基台東,元晶,20,16,4
凱基台東,00665L富邦�琤肭磪囓�2,4,0,4
凱基台東,IKKA-KY,4,0,4
凱基台東,西勝,4,0,4
凱基台東,環宇-KY,13,9,4
凱基台東,立敦,7,3,4
凱基台東,台泥,3,0,3
凱基台東,晉泰,3,0,3
凱基台東,00937B群益ESG投等債20,3,0,3
凱基台東,00753L中信中國50正2,3,0,3
凱基台東,00715L期街口布蘭特正2,3,0,3
凱基台東,京元電子,3,0,3
凱基台東,00687B國泰20年美債,0,104,-104
凱基台東,00940元大台灣價值高息,3,88,-85
凱基台東,志強-KY,0,55,-55
凱基台東,00929復華台灣科技優息,0,36,-36
凱基台東,00971野村美國研發龍頭,0,34,-34
凱基台東,廣宇,24,53,-29
凱基台東,00688L國泰20年美債正2,0,25,-25
凱基台東,聯鈞,9,29,-20
凱基台東,錸德,20,40,-20
凱基台東,元大台灣50,1,17,-16
凱基台東,00692富邦公司治理,0,16,-16
凱基台東,國泰金,0,15,-15
凱基台東,新光金,0,15,-15
凱基台東,00922國泰台灣領袖50,3,17,-14
凱基台東,凱基金,1,13,-12
凱基台東,第一金,0,12,-12
凱基台東,長榮,1,12,-11
凱基台東,00912中信臺灣智慧50,0,10,-10
凱基台東,三商壽,4,14,-10
凱基台東,力積電,2,12,-10
凱基台東,00900富邦特選高股息30,0,10,-10
凱基台東,日月光投控,2,12,-10
凱基台東,華邦電,1,10,-9
凱基台東,宅配通,0,9,-9
凱基台東,長科*,0,9,-9
凱基台東,00919群益台灣精選高息,5,14,-9
凱基台東,亞航,0,8,-8
凱基台東,陽明,1,8,-7
凱基台東,00918大華優利高填息30,1,8,-7
凱基台東,00881國泰台灣5G+,0,6,-6
凱基台東,00952凱基台灣AI50,0,6,-6
凱基台東,佳能,1,7,-6
凱基台東,鈺齊-KY,0,6,-6
凱基台東,鴻海,7,12,-5
凱基台東,00980B台新特選IG債10+,0,5,-5
凱基台東,海光,0,5,-5
凱基台東,友訊,0,5,-5
凱基台東,長榮航,0,5,-5
凱基台東,新盛力,12,17,-5
凱基台東,彩晶,0,5,-5
凱基台東,湧德,0,5,-5
凱基台東,美食-KY,0,4,-4
凱基台東,欣銓,3,7,-4
凱基台東,中鴻,0,4,-4
凱基台東,台積電,1,5,-4
凱基台東,事欣科,0,3,-3
凱基台東,喬山,0,3,-3
凱基台東,橋椿,0,3,-3
凱基台東,國際中橡,0,3,-3
凱基台東,鴻華先進-創,0,3,-3
 元大興安,00968B元大優息投等債,191,0,191
 元大興安,聯電,111,24,87
 元大興安,00919群益台灣精選高息,82,3,79
 元大興安,中纖,74,0,74
 元大興安,佳邦,66,0,66
 元大興安,00864B中信美國公債0-1,52,0,52
 元大興安,00673R期元大S＆P原油反1,52,0,52
 元大興安,00940元大台灣價值高息,101,50,51
 元大興安,元大高股息,47,7,40
 元大興安,00637L元大滬深300正2,36,0,36
 元大興安,事欣科,34,0,34
 元大興安,飛捷,33,1,32
 元大興安,00937B群益ESG投等債20,24,0,24
 元大興安,汎銓,22,0,22
 元大興安,00633L富邦上証正2,22,0,22
 元大興安,00882中信中國高股息,22,1,21
 元大興安,得力,22,4,18
 元大興安,華新,17,0,17
 元大興安,00918大華優利高填息30,22,7,15
 元大興安,亞航,15,0,15
 元大興安,00687B國泰20年美債,15,1,14
 元大興安,昆盈,15,1,14
 元大興安,樺晟,14,0,14
 元大興安,閎暉,12,0,12
 元大興安,00679B元大美債20年,12,0,12
 元大興安,00954中信日本半導體,12,0,12
 元大興安,智原,11,0,11
 元大興安,金山電,11,0,11
 元大興安,鴻海,23,12,11
 元大興安,興農,10,0,10
 元大興安,中櫃,10,0,10
 元大興安,00980B台新特選IG債10+,10,0,10
 元大興安,永信,10,0,10
 元大興安,成霖,10,0,10
 元大興安,大宇資,10,0,10
 元大興安,致和證,10,0,10
 元大興安,立��,9,1,8
 元大興安,永裕,8,0,8
 元大興安,友通,8,0,8
 元大興安,00642U期元大S＆P石油,8,0,8
 元大興安,聯合再生,7,0,7
 元大興安,新建,8,1,7
 元大興安,堤維西,8,1,7
 元大興安,00959B大華投等美債15Y+,7,0,7
 元大興安,太景*-KY,6,0,6
 元大興安,啟��,6,0,6
 元大興安,中鋼,9,3,6
 元大興安,00713元大台灣高息低波,8,2,6
 元大興安,前鼎,7,2,5
 元大興安,櫻花,5,0,5
 元大興安,00965元大航太防衛科技,0,171,-171
 元大興安,日月光投控,0,80,-80
 元大興安,矽統,4,62,-58
 元大興安,力積電,35,88,-53
 元大興安,研揚,0,41,-41
 元大興安,00929復華台灣科技優息,15,49,-34
 元大興安,台中銀,3,35,-32
 元大興安,神達,131,162,-31
 元大興安,恆大,0,30,-30
 元大興安,006208富邦台50,7,36,-29
 元大興安,興能高,229,254,-25
 元大興安,國泰金,5,29,-24
 元大興安,00675L富邦臺灣加權正2,1,22,-21
 元大興安,00905FT臺灣Smart,0,19,-19
 元大興安,00933B國泰10Y+金融債,0,18,-18
 元大興安,00891中信關鍵半導體,1,17,-16
 元大興安,臺企銀,1,17,-16
 元大興安,宏達電,69,84,-15
 元大興安,00946群益科技高息成長,0,15,-15
 元大興安,友達,0,14,-14
 元大興安,新光金,1,15,-14
 元大興安,敬鵬,0,14,-14
 元大興安,台灣虎航,2,15,-13
 元大興安,東元,0,13,-13
 元大興安,宏致,9,21,-12
 元大興安,光寶科,0,11,-11
 元大興安,欣銓,17,28,-11
 元大興安,元大台灣50,3,14,-11
 元大興安,新盛力,144,155,-11
 元大興安,00894中信小資高價30,0,10,-10
 元大興安,富采,13,23,-10
 元大興安,華碩,0,10,-10
 元大興安,山林水,5,15,-10
 元大興安,再生-KY,0,10,-10
 元大興安,凌巨,1,11,-10
 元大興安,華航,0,10,-10
 元大興安,尚立,0,10,-10
 元大興安,嘉基,0,10,-10
 元大興安,中華,0,10,-10
 元大興安,富邦金,0,9,-9
 元大興安,台積電,4,13,-9
 元大興安,泰金寶-DR,12,21,-9
 元大興安,點序,0,9,-9
 元大興安,順達,9,18,-9
 元大興安,系統電,3,12,-9
 元大興安,佳格,0,8,-8
 元大興安,00934中信成長高股息,0,8,-8
 元大興安,凱基金,0,8,-8
 元大興安,陽明,4,12,-8
 元大興安,貿聯-KY,0,8,-8
 元大城東,金寶,102,0,102
 元大城東,00919群益台灣精選高息,111,15,96
 元大城東,聯電,104,13,91
 元大城東,新纖,81,0,81
 元大城東,00953B群益優選非投等債,50,0,50
 元大城東,宏觀,50,0,50
 元大城東,00967B元大優息美債,40,0,40
 元大城東,00632R元大台灣50反1,29,0,29
 元大城東,順達,34,6,28
 元大城東,華邦電,25,0,25
 元大城東,慧洋-KY,21,0,21
 元大城東,安瑞-KY,24,3,21
 元大城東,零壹,22,2,20
 元大城東,00688L國泰20年美債正2,20,0,20
 元大城東,00962台新AI優息動能,20,1,19
 元大城東,東碩,16,0,16
 元大城東,00960野村全球航運龍頭,15,0,15
 元大城東,友達,21,6,15
 元大城東,虹冠電,20,6,14
 元大城東,00909國泰數位支付服務,16,2,14
 元大城東,00706L期元大S＆P日圓正2,11,0,11
 元大城東,台揚,17,6,11
 元大城東,凱美,15,4,11
 元大城東,00918大華優利高填息30,15,5,10
 元大城東,台新金,10,0,10
 元大城東,00664R國泰臺灣加權反1,10,0,10
 元大城東,正達,10,0,10
 元大城東,環宇-KY,19,9,10
 元大城東,緯創,15,5,10
 元大城東,00665L富邦�琤肭磪囓�2,9,0,9
 元大城東,兆豐金,9,0,9
 元大城東,神達,69,61,8
 元大城東,益航,8,0,8
 元大城東,歐買尬,8,0,8
 元大城東,富采,8,0,8
 元大城東,昇陽半導體,7,0,7
 元大城東,擎亞,7,0,7
 元大城東,誠研,7,0,7
 元大城東,旺宏,6,0,6
 元大城東,藥華藥,6,0,6
 元大城東,晶宏,6,0,6
 元大城東,立��,8,2,6
 元大城東,精材,5,0,5
 元大城東,眾達-KY,27,22,5
 元大城東,中石化,5,0,5
 元大城東,中磊,5,0,5
 元大城東,IET-KY,5,0,5
 元大城東,錸德,5,0,5
 元大城東,台灣虎航,6,1,5
 元大城東,堤維西,5,0,5
 元大城東,鴻海,11,511,-500
 元大城東,00922國泰台灣領袖50,3,210,-207
 元大城東,00965元大航太防衛科技,10,126,-116
 元大城東,濱川,0,101,-101
 元大城東,00929復華台灣科技優息,3,77,-74
 元大城東,得力,0,70,-70
 元大城東,00915凱基優選高股息30,23,83,-60
 元大城東,00637L元大滬深300正2,70,126,-56
 元大城東,力積電,22,76,-54
 元大城東,00940元大台灣價值高息,10,60,-50
 元大城東,00910第一金太空衛星,4,42,-38
 元大城東,00876元大全球5G,0,30,-30
 元大城東,00673R期元大S＆P原油反1,0,30,-30
 元大城東,聯發科,2,31,-29
 元大城東,華通,0,26,-26
 元大城東,精成科,11,37,-26
 元大城東,00878國泰永續高股息,6,32,-26
 元大城東,00951台新日本半導體,0,25,-25
 元大城東,00935野村臺灣新科技50,1,23,-22
 元大城東,聯茂,0,20,-20
 元大城東,新華,1,21,-20
 元大城東,00952凱基台灣AI50,0,20,-20
 元大城東,中鋼,5,25,-20
 元大城東,佳大,121,140,-19
 元大城東,王道銀行,3,22,-19
 元大城東,長榮,3,21,-18
 元大城東,佳能,2,20,-18
 元大城東,神基,4,22,-18
 元大城東,宏致,4,22,-18
 元大城東,亞翔,18,34,-16
 元大城東,岱稜,0,16,-16
 元大城東,00934中信成長高股息,0,15,-15
 元大城東,00936台新永續高息中小,0,15,-15
 元大城東,龍德造船,0,14,-14
 元大城東,泰金寶-DR,14,28,-14
 元大城東,僑威,3,17,-14
 元大城東,欣銓,2,16,-14
 元大城東,國泰金,0,13,-13
 元大城東,三一東林,0,13,-13
 元大城東,00852L國泰美國道瓊正2,0,12,-12
 元大城東,宏達電,27,39,-12
 元大城東,元大台灣50,1,13,-12
 元大城東,亞光,11,23,-12
 元大城東,星宇航空,0,11,-11
 元大城東,群創,0,11,-11
 元大城東,富喬,4,14,-10
 元大城東,正德,0,10,-10
 元大城東,長興,0,10,-10
 元大城東,偉訓,0,10,-10
 元大城東,陽明,3,13,-10
玉山高雄,聯電,372,171,201
玉山高雄,00637L元大滬深300正2,687,572,115
玉山高雄,00715L期街口布蘭特正2,109,4,105
玉山高雄,台郡,107,10,97
玉山高雄,臺企銀,75,2,73
玉山高雄,00673R期元大S＆P原油反1,72,2,70
玉山高雄,00687B國泰20年美債,69,2,67
玉山高雄,00878國泰永續高股息,101,35,66
玉山高雄,裕隆,72,17,55
玉山高雄,00650L復華香港正2,51,0,51
玉山高雄,00680L元大美債20正2,54,5,49
玉山高雄,立��,70,22,48
玉山高雄,泰金寶-DR,72,27,45
玉山高雄,立隆電,72,28,44
玉山高雄,聯合再生,39,0,39
玉山高雄,中台,38,0,38
玉山高雄,台泥,43,8,35
玉山高雄,元大高股息,63,32,31
玉山高雄,統一超,29,0,29
玉山高雄,達邁,60,32,28
玉山高雄,00858永豐美國500大,27,2,25
玉山高雄,英濟,45,22,23
玉山高雄,鈞寶,21,0,21
玉山高雄,旺宏,41,20,21
玉山高雄,廣達,40,20,20
玉山高雄,金寶,23,4,19
玉山高雄,統懋,19,0,19
玉山高雄,長榮,34,17,17
玉山高雄,上銀,29,12,17
玉山高雄,宏��,16,0,16
玉山高雄,00753L中信中國50正2,16,0,16
玉山高雄,福壽,16,0,16
玉山高雄,台船,15,0,15
玉山高雄,鴻海,52,37,15
玉山高雄,南茂,22,8,14
玉山高雄,00830國泰費城半導體,16,3,13
玉山高雄,宏齊,13,0,13
玉山高雄,乙盛-KY,18,5,13
玉山高雄,遠見,13,0,13
玉山高雄,英業達,37,24,13
玉山高雄,00919群益台灣精選高息,82,69,13
玉山高雄,第一金,14,2,12
玉山高雄,廣宇,12,2,10
玉山高雄,00770國泰北美科技,11,1,10
玉山高雄,皇昌,21,11,10
玉山高雄,00971野村美國研發龍頭,10,0,10
玉山高雄,00885富邦越南,10,0,10
玉山高雄,台新藥,15,5,10
玉山高雄,元晶,11,1,10
玉山高雄,聯鈞,54,44,10
玉山高雄,00953B群益優選非投等債,159,1458,-1299
玉山高雄,新光金,1,305,-304
玉山高雄,凱基金,20,230,-210
玉山高雄,富華新,0,167,-167
玉山高雄,神達,230,353,-123
玉山高雄,大成鋼,17,117,-100
玉山高雄,台聚,2,102,-100
玉山高雄,台化,6,100,-94
玉山高雄,精元,0,93,-93
玉山高雄,00664R國泰臺灣加權反1,0,90,-90
玉山高雄,力積電,56,134,-78
玉山高雄,00940元大台灣價值高息,12,86,-74
玉山高雄,星宇航空,10,84,-74
玉山高雄,宏達電,121,176,-55
玉山高雄,友達,21,75,-54
玉山高雄,精成科,12,65,-53
玉山高雄,00924復華S＆P500成長,4,55,-51
玉山高雄,00646元大S＆P500,0,51,-51
玉山高雄,玉山金,20,70,-50
玉山高雄,合勤控,2,50,-48
玉山高雄,陽明,11,56,-45
玉山高雄,富喬,91,135,-44
玉山高雄,00945B凱基美國非投等債,3,45,-42
玉山高雄,00929復華台灣科技優息,77,117,-40
玉山高雄,00951台新日本半導體,1,41,-40
玉山高雄,群光,2,42,-40
玉山高雄,00632R元大台灣50反1,9,49,-40
玉山高雄,中信金,2,41,-39
玉山高雄,華航,5,44,-39
玉山高雄,宏致,9,46,-37
玉山高雄,00922國泰台灣領袖50,13,50,-37
玉山高雄,元大台灣50,1,37,-36
玉山高雄,00877復華中國5G,0,35,-35
玉山高雄,新日興,12,47,-35
玉山高雄,亞翔,16,50,-34
玉山高雄,欣銓,15,47,-32
玉山高雄,00679B元大美債20年,23,55,-32
玉山高雄,00910第一金太空衛星,2,33,-31
玉山高雄,00962台新AI優息動能,0,30,-30
玉山高雄,國泰金,0,30,-30
玉山高雄,光寶科,2,31,-29
玉山高雄,00757統一FANG+,4,32,-28
玉山高雄,00933B國泰10Y+金融債,1,27,-26
玉山高雄,00893國泰智能電動車,0,26,-26
玉山高雄,00939統一台灣高息動能,0,26,-26
玉山高雄,00946群益科技高息成長,60,86,-26
玉山高雄,廣明,0,26,-26
玉山高雄,永光,0,25,-25
玉山高雄,創惟,9,33,-24
玉山高雄,00937B群益ESG投等債20,47,70,-23
德信,新光金,53,0,53
德信,廣運,50,0,50
德信,潤泰全,50,1,49
德信,00881國泰台灣5G+,40,2,38
德信,00882中信中國高股息,36,0,36
德信,聯電,35,5,30
德信,波若威,31,5,26
德信,杏輝,23,0,23
德信,泰金寶-DR,21,0,21
德信,永豐金,20,0,20
德信,統一證,18,0,18
德信,緯創,22,6,16
德信,00720B元大投資級公司債,11,0,11
德信,兆豐金,11,0,11
德信,00706L期元大S＆P日圓正2,10,0,10
德信,00955中信日本商社,10,0,10
德信,中興電,10,0,10
德信,五鼎,10,0,10
德信,一詮,10,0,10
德信,聯德控股-KY,10,0,10
德信,光鋐,10,0,10
德信,誠美材,10,0,10
德信,眾達-KY,13,3,10
德信,中美晶,10,0,10
德信,達邁,12,3,9
德信,三商,7,0,7
德信,00940元大台灣價值高息,7,1,6
德信,00762元大全球AI,6,0,6
德信,廣宇,6,0,6
德信,上詮,6,0,6
德信,事欣科,6,0,6
德信,00637L元大滬深300正2,6,1,5
德信,立��,6,1,5
德信,圓剛,9,5,4
德信,百達-KY,4,1,3
德信,英利-KY,3,0,3
德信,所羅門,3,0,3
德信,耀勝,3,0,3
德信,中租-KY,4,1,3
德信,英業達,2,0,2
德信,能率,2,0,2
德信,亞泰,3,1,2
德信,00952凱基台灣AI50,2,0,2
德信,00948B中信優息投資級債,2,0,2
德信,00725B國泰投資級公司債,2,0,2
德信,00909國泰數位支付服務,2,0,2
德信,春源,2,0,2
德信,華通,2,0,2
德信,廣達,3,1,2
德信,盟立,2,0,2
德信,永捷,0,159,-159
德信,00929復華台灣科技優息,1,132,-131
德信,群創,0,66,-66
德信,富喬,15,72,-57
德信,安瑞-KY,0,55,-55
德信,旺宏,0,50,-50
德信,廣明,0,41,-41
德信,友達,0,40,-40
德信,漢翔,0,40,-40
德信,欣銓,1,32,-31
德信,00688L國泰20年美債正2,0,30,-30
德信,三商壽,0,20,-20
德信,增你強,0,20,-20
德信,晶技,0,20,-20
德信,長榮航,1,20,-19
德信,00919群益台灣精選高息,1,18,-17
德信,國喬,0,15,-15
德信,萬海,0,15,-15
德信,00830國泰費城半導體,0,14,-14
德信,矽統,1,13,-12
德信,台達電,0,11,-11
德信,和椿,3,14,-11
德信,貿聯-KY,0,10,-10
德信,環宇-KY,4,14,-10
德信,00713元大台灣高息低波,0,10,-10
德信,00892富邦台灣半導體,0,10,-10
德信,世紀鋼,0,10,-10
德信,力積電,21,30,-9
德信,宏達電,33,41,-8
德信,元大高股息,1,9,-8
德信,大同,0,8,-8
德信,國泰金,0,8,-8
德信,正基,0,8,-8
德信,佳能,2,9,-7
德信,聿新科,0,7,-7
德信,佳必琪,0,7,-7
德信,ITH-KY,7,13,-6
德信,胡連,0,5,-5
德信,00949復華日本龍頭,0,5,-5
德信,00939統一台灣高息動能,0,5,-5
德信,連展投控,0,5,-5
德信,加捷生醫,0,5,-5
德信,鄉林,0,5,-5
德信,浪凡,0,5,-5
德信,驊訊,7,12,-5
德信,台燿,1,6,-5
德信,00915凱基優選高股息30,1,6,-5
德信,00947台新臺灣IC設計,0,4,-4
德信,00894中信小資高價30,0,4,-4
德信,00923群益台ESG低碳50,0,4,-4
 元大雙和,聯電,225,18,207
 元大雙和,00665L富邦�琤肭磪囓�2,71,0,71
 元大雙和,擎亞,85,14,71
 元大雙和,元大高股息,80,12,68
 元大雙和,00971野村美國研發龍頭,67,0,67
 元大雙和,00637L元大滬深300正2,165,110,55
 元大雙和,00919群益台灣精選高息,60,9,51
 元大雙和,00937B群益ESG投等債20,59,13,46
 元大雙和,00968B元大優息投等債,40,0,40
 元大雙和,00670L富邦NASDAQ正2,45,9,36
 元大雙和,00905FT臺灣Smart,35,2,33
 元大雙和,佳能,36,4,32
 元大雙和,00947台新臺灣IC設計,31,0,31
 元大雙和,創惟,40,10,30
 元大雙和,00688L國泰20年美債正2,30,0,30
 元大雙和,彩晶,30,0,30
 元大雙和,00632R元大台灣50反1,31,2,29
 元大雙和,緯創,41,19,22
 元大雙和,欣興,32,10,22
 元大雙和,環球晶,20,0,20
 元大雙和,00753L中信中國50正2,20,0,20
 元大雙和,00706L期元大S＆P日圓正2,20,0,20
 元大雙和,台船,20,0,20
 元大雙和,潤泰新,20,0,20
 元大雙和,上詮,19,0,19
 元大雙和,00712復華富時不動產,20,2,18
 元大雙和,英業達,25,8,17
 元大雙和,環宇-KY,46,30,16
 元大雙和,雷虎,29,13,16
 元大雙和,00924復華S＆P500成長,15,0,15
 元大雙和,南茂,16,2,14
 元大雙和,國碩,13,0,13
 元大雙和,旺宏,14,1,13
 元大雙和,廣達,16,4,12
 元大雙和,正隆,13,0,13
 元大雙和,00633L富邦上証正2,22,10,12
 元大雙和,淘帝-KY,12,0,12
 元大雙和,健亞,12,0,12
 元大雙和,圓剛,23,11,12
 元大雙和,南亞科,12,0,12
 元大雙和,全新,17,5,12
 元大雙和,00878國泰永續高股息,41,29,12
 元大雙和,00881國泰台灣5G+,20,9,11
 元大雙和,零壹,12,1,11
 元大雙和,00680L元大美債20正2,11,0,11
 元大雙和,安格,11,0,11
 元大雙和,華邦電,11,0,11
 元大雙和,00904新光臺灣半導體30,10,0,10
 元大雙和,00948B中信優息投資級債,10,0,10
 元大雙和,00945B凱基美國非投等債,10,0,10
 元大雙和,長榮航,4,113,-109
 元大雙和,00951台新日本半導體,2,100,-98
 元大雙和,凱基金,0,82,-82
 元大雙和,神達,180,261,-81
 元大雙和,景碩,3,74,-71
 元大雙和,00940元大台灣價值高息,25,96,-71
 元大雙和,中鋼,6,73,-67
 元大雙和,櫻花建,0,55,-55
 元大雙和,力積電,25,78,-53
 元大雙和,新光金,0,53,-53
 元大雙和,順達,15,62,-47
 元大雙和,友訊,3,45,-42
 元大雙和,00675L富邦臺灣加權正2,0,40,-40
 元大雙和,宏達電,48,86,-38
 元大雙和,新建,0,32,-32
 元大雙和,00830國泰費城半導體,8,37,-29
 元大雙和,臺企銀,0,28,-28
 元大雙和,鴻準,16,44,-28
 元大雙和,泰金寶-DR,87,115,-28
 元大雙和,群創,24,50,-26
 元大雙和,眾達-KY,32,58,-26
 元大雙和,00662富邦NASDAQ,0,25,-25
 元大雙和,華新,5,30,-25
 元大雙和,00795B中信美國公債20年,0,25,-25
 元大雙和,亞翔,3,27,-24
 元大雙和,新日興,12,35,-23
 元大雙和,00631L元大台灣50正2,2,22,-20
 元大雙和,炎洲,0,20,-20
 元大雙和,00965元大航太防衛科技,0,20,-20
 元大雙和,富邦金,5,24,-19
 元大雙和,台積電,28,48,-20
 元大雙和,大同,13,31,-18
 元大雙和,00929復華台灣科技優息,37,55,-18
 元大雙和,華航,4,20,-16
 元大雙和,新漢,0,16,-16
 元大雙和,萬海,4,20,-16
 元大雙和,宏致,2,17,-15
 元大雙和,仁寶,10,25,-15
 元大雙和,金像電,1,15,-14
 元大雙和,富喬,17,31,-14
 元大雙和,永豐金,0,14,-14
 元大雙和,達興材料,4,18,-14
 元大雙和,陽明,9,23,-14
 元大雙和,文曄,1,14,-13
 元大雙和,欣銓,1,14,-13
 元大雙和,新興,0,13,-13
 元大雙和,英濟,24,37,-13
 元大雙和,精成科,18,30,-12
 元大雙和,00912中信臺灣智慧50,0,12,-12
 元大雙和,東元,1,13,-12
永豐新店,020039元大加權N,113,0,113
永豐新店,00638R元大滬深300反1,100,0,100
永豐新店,聯電,55,12,43
永豐新店,00919群益台灣精選高息,28,0,28
永豐新店,華邦電,21,0,21
永豐新店,興能高,147,126,21
永豐新店,興富發,20,0,20
永豐新店,中再保,20,0,20
永豐新店,永豐金,19,0,19
永豐新店,00830國泰費城半導體,15,0,15
永豐新店,00922國泰台灣領袖50,15,0,15
永豐新店,台泥,12,0,12
永豐新店,台揚,12,0,12
永豐新店,大銀微系統,14,2,12
永豐新店,中保科,11,0,11
永豐新店,00680L元大美債20正2,10,0,10
永豐新店,00674R期元大S＆P黃金反1,10,0,10
永豐新店,雄獅,10,0,10
永豐新店,三商壽,10,0,10
永豐新店,偉訓,12,2,10
永豐新店,合庫金,10,0,10
永豐新店,商億-KY,15,5,10
永豐新店,良維,10,1,9
永豐新店,順達,27,18,9
永豐新店,富邦金,10,2,8
永豐新店,南茂,14,7,7
永豐新店,00687B國泰20年美債,7,0,7
永豐新店,00891中信關鍵半導體,8,1,7
永豐新店,00671R富邦NASDAQ反1,7,0,7
永豐新店,泰茂,8,1,7
永豐新店,晶睿,7,0,7
永豐新店,00676R富邦臺灣加權反1,6,0,6
永豐新店,00930永豐ESG低碳高息,6,0,6
永豐新店,立隆電,157,151,6
永豐新店,合勤控,6,0,6
永豐新店,00632R元大台灣50反1,5,0,5
永豐新店,兆豐金,5,0,5
永豐新店,00770國泰北美科技,5,0,5
永豐新店,濱川,5,0,5
永豐新店,精剛,5,0,5
永豐新店,聯合再生,5,0,5
永豐新店,橘子,5,0,5
永豐新店,玉晶光,5,0,5
永豐新店,006208富邦台50,8,3,5
永豐新店,元大高股息,11,6,5
永豐新店,玉山金,5,0,5
永豐新店,陽明,4,0,4
永豐新店,佳世達,4,0,4
永豐新店,盟立,5,1,4
永豐新店,創惟,9,5,4
永豐新店,00673R期元大S＆P原油反1,0,640,-640
永豐新店,00937B群益ESG投等債20,31,456,-425
永豐新店,鴻海,32,263,-231
永豐新店,00940元大台灣價值高息,3,105,-102
永豐新店,00637L元大滬深300正2,15,70,-55
永豐新店,新光金,0,51,-51
永豐新店,淳安,0,35,-35
永豐新店,神達,58,87,-29
永豐新店,00929復華台灣科技優息,0,27,-27
永豐新店,00631L元大台灣50正2,1,23,-22
永豐新店,長佳智能,0,22,-22
永豐新店,00915凱基優選高股息30,0,21,-21
永豐新店,00878國泰永續高股息,5,23,-18
永豐新店,00688L國泰20年美債正2,0,18,-18
永豐新店,台灣虎航,3,19,-16
永豐新店,00965元大航太防衛科技,2,14,-12
永豐新店,力積電,41,53,-12
永豐新店,立��,5,17,-12
永豐新店,亞翔,3,15,-12
永豐新店,景碩,10,20,-10
永豐新店,00772B中信高評級公司債,0,10,-10
永豐新店,恆大,0,10,-10
永豐新店,華新,0,10,-10
永豐新店,華新科,0,10,-10
永豐新店,福邦證,0,10,-10
永豐新店,精成科,6,16,-10
永豐新店,安集,0,10,-10
永豐新店,華安,0,10,-10
永豐新店,凌巨,0,10,-10
永豐新店,00905FT臺灣Smart,0,10,-10
永豐新店,星宇航空,1,10,-9
永豐新店,元大台灣50,5,14,-9
永豐新店,華航,0,9,-9
永豐新店,勤誠,0,8,-8
永豐新店,大同,2,10,-8
永豐新店,世紀,12,19,-7
永豐新店,欣銓,19,26,-7
永豐新店,雷虎,14,21,-7
永豐新店,中鋼,5,12,-7
永豐新店,共信-KY,0,6,-6
永豐新店,00692富邦公司治理,0,6,-6
永豐新店,00642U期元大S＆P石油,0,6,-6
永豐新店,00941中信上游半導體,0,6,-6
永豐新店,鴻準,0,6,-6
永豐新店,精確,19,25,-6
永豐新店,位速,0,6,-6
永豐新店,昇達科,7,12,-5
永豐新店,華城,10,15,-5
永豐新店,00934中信成長高股息,0,5,-5
永豐新店,00951台新日本半導體,0,5,-5
致和金華,中環,200,0,200
致和金華,友達,102,1,101
致和金華,00706L期元大S＆P日圓正2,100,0,100
致和金華,力積電,60,18,42
致和金華,聯電,43,6,37
致和金華,正崴,20,0,20
致和金華,中華,15,0,15
致和金華,凌陽,15,0,15
致和金華,00633L富邦上証正2,13,0,13
致和金華,聯光通,20,8,12
致和金華,台玻,10,0,10
致和金華,映泰,10,0,10
致和金華,輔信,10,0,10
致和金華,臺企銀,10,0,10
致和金華,友輝,10,0,10
致和金華,昇陽半導體,11,1,10
致和金華,弘凱,10,1,9
致和金華,00632R元大台灣50反1,8,0,8
致和金華,南亞科,8,1,7
致和金華,IKKA-KY,8,2,6
致和金華,00919群益台灣精選高息,7,1,6
致和金華,錸德,7,1,6
致和金華,新盛力,23,17,6
致和金華,亞力,5,0,5
致和金華,00687B國泰20年美債,5,0,5
致和金華,凱美,12,7,5
致和金華,宏達電,18,13,5
致和金華,玉山金,5,0,5
致和金華,永豐金,5,0,5
致和金華,光環,5,0,5
致和金華,海華,5,0,5
致和金華,陽明,6,1,5
致和金華,鴻海,9,5,4
致和金華,00637L元大滬深300正2,4,0,4
致和金華,裕日車,4,0,4
致和金華,信昌電,4,0,4
致和金華,兆豐金,3,0,3
致和金華,環宇-KY,9,6,3
致和金華,世界,3,0,3
致和金華,中光電,3,0,3
致和金華,日月光投控,12,9,3
致和金華,00724B群益投資級金融債,2,0,2
致和金華,00665L富邦�琤肭磪囓�2,2,0,2
致和金華,元大高股息,2,0,2
致和金華,00922國泰台灣領袖50,2,0,2
致和金華,永光,2,0,2
致和金華,大成鋼,2,0,2
致和金華,英業達,3,1,2
致和金華,佳能,3,1,2
致和金華,京元電子,3,1,2
致和金華,凱基金,0,71,-71
致和金華,遠東銀,0,40,-40
致和金華,00673R期元大S＆P原油反1,0,27,-27
致和金華,華新,1,22,-21
致和金華,00936台新永續高息中小,0,20,-20
致和金華,光寶科,0,19,-19
致和金華,神達,12,31,-19
致和金華,東台,0,15,-15
致和金華,大宇資,0,15,-15
致和金華,廣宇,2,14,-12
致和金華,華電網,0,12,-12
致和金華,00954中信日本半導體,0,10,-10
致和金華,橋椿,0,10,-10
致和金華,健鼎,0,10,-10
致和金華,彬台,1,10,-9
致和金華,欣銓,0,7,-7
致和金華,鈺齊-KY,0,7,-7
致和金華,國泰金,1,7,-6
致和金華,上曜,1,6,-5
致和金華,00946群益科技高息成長,0,5,-5
致和金華,中鴻,0,5,-5
致和金華,宇環,0,5,-5
致和金華,福邦證,0,5,-5
致和金華,淳安,0,5,-5
致和金華,00878國泰永續高股息,0,4,-4
致和金華,世鎧,0,4,-4
致和金華,和碩,0,4,-4
致和金華,立敦,10,14,-4
致和金華,興能高,30,33,-3
致和金華,耿鼎,0,3,-3
致和金華,台苯,0,3,-3
致和金華,00887永豐中國科技50大,0,3,-3
致和金華,友訊,0,3,-3
致和金華,新興,0,3,-3
致和金華,精材,0,3,-3
致和金華,三一東林,0,3,-3
致和金華,漢磊,0,3,-3
致和金華,亞翔,2,5,-3
致和金華,精成科,9,12,-3
致和金華,矽格,0,3,-3
致和金華,汎銓,0,3,-3
致和金華,泰金寶-DR,1,4,-3
致和金華,萬潤,0,2,-2
致和金華,保綠-KY,0,2,-2
致和金華,00715L期街口布蘭特正2,0,2,-2
致和金華,00712復華富時不動產,0,2,-2
致和金華,00877復華中國5G,0,2,-2
致和金華,00905FT臺灣Smart,0,2,-2
致和金華,00675L富邦臺灣加權正2,0,2,-2
致和金華,00692富邦公司治理,0,2,-2
聯邦雙和,英業達,51,0,51
聯邦雙和,艾訊,49,0,49
聯邦雙和,00919群益台灣精選高息,42,1,41
聯邦雙和,聯電,49,18,31
聯邦雙和,00882中信中國高股息,30,0,30
聯邦雙和,臺企銀,30,0,30
聯邦雙和,中工,26,0,26
聯邦雙和,力積電,54,36,18
聯邦雙和,00637L元大滬深300正2,27,10,17
聯邦雙和,00937B群益ESG投等債20,14,0,14
聯邦雙和,00679B元大美債20年,11,0,11
聯邦雙和,00926凱基全球菁英55,10,0,10
聯邦雙和,富采,12,2,10
聯邦雙和,00878國泰永續高股息,10,0,10
聯邦雙和,00636國泰中國A50,9,0,9
聯邦雙和,緯創,14,6,8
聯邦雙和,欣興,7,0,7
聯邦雙和,元大高股息,7,0,7
聯邦雙和,00918大華優利高填息30,5,0,5
聯邦雙和,華立,5,0,5
聯邦雙和,立敦,5,0,5
聯邦雙和,昇陽半導體,6,1,5
聯邦雙和,智崴,4,0,4
聯邦雙和,得力,3,0,3
聯邦雙和,慧洋-KY,3,0,3
聯邦雙和,永豐金,3,0,3
聯邦雙和,佰鴻,3,0,3
聯邦雙和,杏國,3,0,3
聯邦雙和,誠美材,3,0,3
聯邦雙和,台燿,2,0,2
聯邦雙和,興能高,26,24,2
聯邦雙和,立積,2,0,2
聯邦雙和,鴻準,4,2,2
聯邦雙和,兆豐金,2,0,2
聯邦雙和,精材,3,1,2
聯邦雙和,聯鈞,3,1,2
聯邦雙和,三一東林,2,0,2
聯邦雙和,新復興,2,0,2
聯邦雙和,環宇-KY,10,8,2
聯邦雙和,精成科,5,3,2
聯邦雙和,矽格,2,0,2
聯邦雙和,綠界科技*,2,0,2
聯邦雙和,神達,16,14,2
聯邦雙和,00935野村臺灣新科技50,1,0,1
聯邦雙和,00687B國泰20年美債,1,0,1
聯邦雙和,南僑,1,0,1
聯邦雙和,金寶,4,3,1
聯邦雙和,美律,1,0,1
聯邦雙和,晶華,1,0,1
聯邦雙和,中信金,1,0,1
聯邦雙和,00940元大台灣價值高息,0,110,-110
聯邦雙和,台積電,1,34,-33
聯邦雙和,00877復華中國5G,0,31,-31
聯邦雙和,友訊,2,27,-25
聯邦雙和,泰金寶-DR,7,32,-25
聯邦雙和,00929復華台灣科技優息,0,21,-21
聯邦雙和,宏致,0,16,-16
聯邦雙和,創惟,2,15,-13
聯邦雙和,精湛,0,10,-10
聯邦雙和,義隆,0,10,-10
聯邦雙和,華南金,0,10,-10
聯邦雙和,達邁,6,15,-9
聯邦雙和,鴻海,5,13,-8
聯邦雙和,中鋼,3,11,-8
聯邦雙和,00688L國泰20年美債正2,0,7,-7
聯邦雙和,新盛力,11,18,-7
聯邦雙和,立��,5,12,-7
聯邦雙和,宏達電,20,27,-7
聯邦雙和,加百裕,11,17,-6
聯邦雙和,聯光通,1,7,-6
聯邦雙和,迅得,3,9,-6
聯邦雙和,大亞,0,5,-5
聯邦雙和,太子,0,5,-5
聯邦雙和,精金,0,5,-5
聯邦雙和,濟生,0,5,-5
聯邦雙和,凱崴,0,5,-5
聯邦雙和,統一實,0,5,-5
聯邦雙和,旺宏,45,49,-4
聯邦雙和,佳能,3,7,-4
聯邦雙和,驊訊,1,5,-4
聯邦雙和,堤維西,0,3,-3
聯邦雙和,順達,4,7,-3
聯邦雙和,英濟,1,4,-3
聯邦雙和,新唐,0,3,-3
聯邦雙和,台虹,0,3,-3
聯邦雙和,汎銓,1,4,-3
聯邦雙和,玉山金,0,3,-3
聯邦雙和,元大台灣50,0,2,-2
聯邦雙和,駿吉-KY,0,2,-2
聯邦雙和,華榮,0,2,-2
聯邦雙和,華新,0,2,-2
聯邦雙和,00923群益台ESG低碳50,0,2,-2
聯邦雙和,00893國泰智能電動車,0,2,-2
聯邦雙和,00887永豐中國科技50大,0,2,-2
聯邦雙和,00947台新臺灣IC設計,0,2,-2
聯邦雙和,00941中信上游半導體,0,2,-2
聯邦雙和,00685L群益臺灣加權正2,0,2,-2
聯邦雙和,燿華,0,2,-2
聯邦雙和,毅嘉,0,2,-2
聯邦雙和,友達,0,2,-2
統一新營  ,00878國泰永續高股息,251,0,251
統一新營  ,00676R富邦臺灣加權反1,200,0,200
統一新營  ,00666R富邦�琤肭磪齯�1,55,0,55
統一新營  ,聯電,51,1,50
統一新營  ,耀勝,43,0,43
統一新營  ,事欣科,51,17,34
統一新營  ,金山電,30,0,30
統一新營  ,亞光,34,6,28
統一新營  ,海華,27,0,27
統一新營  ,原相,20,0,20
統一新營  ,臺企銀,15,0,15
統一新營  ,00937B群益ESG投等債20,13,0,13
統一新營  ,威盛,12,0,12
統一新營  ,擎亞,14,3,11
統一新營  ,友訊,10,0,10
統一新營  ,精材,13,3,10
統一新營  ,00905FT臺灣Smart,10,0,10
統一新營  ,00650L復華香港正2,10,0,10
統一新營  ,連展投控,10,0,10
統一新營  ,00753L中信中國50正2,9,0,9
統一新營  ,00665L富邦�琤肭磪囓�2,29,20,9
統一新營  ,00965元大航太防衛科技,8,0,8
統一新營  ,健椿,8,0,8
統一新營  ,澤米,14,6,8
統一新營  ,聯鈞,31,23,8
統一新營  ,新盛力,44,37,7
統一新營  ,富致,7,0,7
統一新營  ,00830國泰費城半導體,9,3,6
統一新營  ,聯德控股-KY,6,0,6
統一新營  ,康舒,6,1,5
統一新營  ,元大高股息,5,0,5
統一新營  ,00673R期元大S＆P原油反1,5,0,5
統一新營  ,和大,5,0,5
統一新營  ,彰銀,5,0,5
統一新營  ,統一證,5,0,5
統一新營  ,第一金,5,0,5
統一新營  ,加百裕,8,3,5
統一新營  ,威鋒電子,5,0,5
統一新營  ,海悅,4,0,4
統一新營  ,精剛,4,0,4
統一新營  ,英業達,6,2,4
統一新營  ,禾伸堂,4,0,4
統一新營  ,立積,4,0,4
統一新營  ,鼎基,4,0,4
統一新營  ,上銀,8,5,3
統一新營  ,群創,3,0,3
統一新營  ,牧東,3,0,3
統一新營  ,華容,3,0,3
統一新營  ,能率,3,0,3
統一新營  ,訊達,3,0,3
統一新營  ,神達,101,223,-122
統一新營  ,凱基金,0,93,-93
統一新營  ,00632R元大台灣50反1,1,80,-79
統一新營  ,00940元大台灣價值高息,0,50,-50
統一新營  ,佳總,0,46,-46
統一新營  ,雷虎,0,30,-30
統一新營  ,台灣大,0,20,-20
統一新營  ,00877復華中國5G,0,17,-17
統一新營  ,00929復華台灣科技優息,2,19,-17
統一新營  ,00639富邦深100,0,15,-15
統一新營  ,力積電,11,23,-12
統一新營  ,鴻海,1,12,-11
統一新營  ,彩晶,0,11,-11
統一新營  ,台塑,0,10,-10
統一新營  ,偉詮電,0,10,-10
統一新營  ,視陽,0,10,-10
統一新營  ,鼎炫-KY,0,10,-10
統一新營  ,00679B元大美債20年,1,10,-9
統一新營  ,遠東新,0,8,-8
統一新營  ,亞航,0,8,-8
統一新營  ,英濟,11,19,-8
統一新營  ,創威,0,8,-8
統一新營  ,健亞,0,7,-7
統一新營  ,時碩工業,0,7,-7
統一新營  ,欣銓,0,6,-6
統一新營  ,富邦金,0,6,-6
統一新營  ,00980B台新特選IG債10+,0,5,-5
統一新營  ,大同,0,5,-5
統一新營  ,全漢,0,5,-5
統一新營  ,晶呈科技,0,5,-5
統一新營  ,00951台新日本半導體,0,4,-4
統一新營  ,宏致,7,11,-4
統一新營  ,寶成,0,4,-4
統一新營  ,006208富邦台50,0,3,-3
統一新營  ,倉佑,0,3,-3
統一新營  ,亞德客-KY,0,3,-3
統一新營  ,廣宇,0,3,-3
統一新營  ,所羅門,0,3,-3
統一新營  ,競國,0,3,-3
統一新營  ,興能高,29,32,-3
統一新營  ,南茂,0,3,-3
統一新營  ,遠雄,0,3,-3
統一新營  ,日月光投控,0,3,-3
統一新營  ,中砂,0,2,-2
統一新營  ,永道-KY,0,2,-2
統一新營  ,00713元大台灣高息低波,0,2,-2
統一新營  ,耿鼎,0,2,-2
統一新營  ,合世,0,2,-2
統一新營  ,台玻,1,3,-2
統一新營  ,台達電,0,2,-2
富邦花蓮,00673R期元大S＆P原油反1,136,1,135
富邦花蓮,聯電,159,52,107
富邦花蓮,00686R群益臺灣加權反1,50,0,50
富邦花蓮,00637L元大滬深300正2,43,6,37
富邦花蓮,南亞科,47,11,36
富邦花蓮,建舜電,35,0,35
富邦花蓮,新盛力,113,82,31
富邦花蓮,00706L期元大S＆P日圓正2,30,0,30
富邦花蓮,00937B群益ESG投等債20,28,0,28
富邦花蓮,華邦電,32,7,25
富邦花蓮,訊芯-KY,28,6,22
富邦花蓮,達邁,34,13,21
富邦花蓮,聯茂,21,2,19
富邦花蓮,大成鋼,19,2,17
富邦花蓮,台中銀,17,0,17
富邦花蓮,旺宏,16,0,16
富邦花蓮,立��,23,7,16
富邦花蓮,元大高股息,34,18,16
富邦花蓮,友訊,17,2,15
富邦花蓮,台積電,55,41,14
富邦花蓮,亞光,22,9,13
富邦花蓮,00632R元大台灣50反1,13,0,13
富邦花蓮,元大金,12,0,12
富邦花蓮,富采,11,0,11
富邦花蓮,英業達,14,3,11
富邦花蓮,矽統,12,2,10
富邦花蓮,遠東新,10,0,10
富邦花蓮,精華,10,0,10
富邦花蓮,長榮鋼,10,0,10
富邦花蓮,晶豪科,10,0,10
富邦花蓮,00882中信中國高股息,10,0,10
富邦花蓮,富喬,21,12,9
富邦花蓮,00922國泰台灣領袖50,14,6,8
富邦花蓮,華晶科,10,2,8
富邦花蓮,潤泰新,8,0,8
富邦花蓮,00878國泰永續高股息,26,18,8
富邦花蓮,永光,7,0,7
富邦花蓮,建漢,7,0,7
富邦花蓮,和椿,22,15,7
富邦花蓮,台虹,9,2,7
富邦花蓮,00954中信日本半導體,7,0,7
富邦花蓮,廣運,7,1,6
富邦花蓮,統一超,6,0,6
富邦花蓮,00858永豐美國500大,6,0,6
富邦花蓮,連展投控,16,10,6
富邦花蓮,擎亞,41,35,6
富邦花蓮,合庫金,5,0,5
富邦花蓮,00918大華優利高填息30,10,5,5
富邦花蓮,力成,7,2,5
富邦花蓮,三商壽,5,0,5
富邦花蓮,千興,0,92,-92
富邦花蓮,神達,50,125,-75
富邦花蓮,中信金,0,64,-64
富邦花蓮,00940元大台灣價值高息,5,69,-64
富邦花蓮,00980B台新特選IG債10+,1,64,-63
富邦花蓮,宏達電,48,97,-49
富邦花蓮,立敦,7,54,-47
富邦花蓮,00830國泰費城半導體,6,50,-44
富邦花蓮,泰金寶-DR,13,57,-44
富邦花蓮,台玻,4,46,-42
富邦花蓮,00929復華台灣科技優息,4,39,-35
富邦花蓮,新興,1,35,-34
富邦花蓮,00877復華中國5G,0,31,-31
富邦花蓮,00631L元大台灣50正2,1,28,-27
富邦花蓮,凱基金,22,47,-25
富邦花蓮,三晃,0,25,-25
富邦花蓮,寒舍,0,25,-25
富邦花蓮,00932兆豐永續高息等權,0,23,-23
富邦花蓮,廣宇,0,23,-23
富邦花蓮,宏致,20,42,-22
富邦花蓮,中華電,0,21,-21
富邦花蓮,南港,0,20,-20
富邦花蓮,台表科,0,20,-20
富邦花蓮,瑞智,2,20,-18
富邦花蓮,榮剛,1,19,-18
富邦花蓮,大同,26,44,-18
富邦花蓮,00680L元大美債20正2,0,17,-17
富邦花蓮,星宇航空,0,17,-17
富邦花蓮,卜蜂,0,17,-17
富邦花蓮,00665L富邦�琤肭磪囓�2,0,16,-16
富邦花蓮,全坤建,0,15,-15
富邦花蓮,建錩,0,15,-15
富邦花蓮,南仁湖,0,15,-15
富邦花蓮,元大台灣50,2,17,-15
富邦花蓮,長榮航,0,14,-14
富邦花蓮,東台,0,14,-14
富邦花蓮,日電貿,0,13,-13
富邦花蓮,群益證,0,13,-13
富邦花蓮,長華*,0,13,-13
富邦花蓮,中華,10,23,-13
富邦花蓮,日月光投控,2,15,-13
富邦花蓮,00900富邦特選高股息30,2,14,-12
富邦花蓮,台揚,0,12,-12
富邦花蓮,欣銓,16,28,-12
富邦花蓮,力積電,177,188,-11
富邦花蓮,00965元大航太防衛科技,0,11,-11
富邦花蓮,福懋油,0,11,-11
富邦花蓮,華航,0,11,-11
富邦花蓮,興能高,93,104,-11
富邦花蓮,中纖,0,10,-10
凱基大直,宏致,205,8,197
凱基大直,00950B凱基A級公司債,68,0,68
凱基大直,00937B群益ESG投等債20,47,0,47
凱基大直,00725B國泰投資級公司債,37,0,37
凱基大直,聯電,39,4,35
凱基大直,大同,37,6,31
凱基大直,合一,26,1,25
凱基大直,00882中信中國高股息,25,0,25
凱基大直,中鋼構,23,0,23
凱基大直,漢磊,23,0,23
凱基大直,兆豐金,20,0,20
凱基大直,元大高股息,18,1,17
凱基大直,2883B凱基金乙特,15,0,15
凱基大直,00632R元大台灣50反1,23,10,13
凱基大直,華孚,13,0,13
凱基大直,中纖,11,0,11
凱基大直,宜鼎,11,0,11
凱基大直,永冠-KY,10,0,10
凱基大直,台肥,10,0,10
凱基大直,華通,10,0,10
凱基大直,建漢,10,0,10
凱基大直,神準,10,0,10
凱基大直,廣運,10,0,10
凱基大直,龍德造船,10,0,10
凱基大直,00878國泰永續高股息,11,1,10
凱基大直,00919群益台灣精選高息,21,13,8
凱基大直,聚亨,8,0,8
凱基大直,富喬,9,1,8
凱基大直,長榮航,10,2,8
凱基大直,農林,10,3,7
凱基大直,新盛力,52,45,7
凱基大直,廣達,6,0,6
凱基大直,00753L中信中國50正2,6,0,6
凱基大直,光環,7,1,6
凱基大直,上銀,6,0,6
凱基大直,00858永豐美國500大,6,0,6
凱基大直,亞泥,5,0,5
凱基大直,三地開發,5,0,5
凱基大直,英業達,6,1,5
凱基大直,普安,5,0,5
凱基大直,台灣大,5,0,5
凱基大直,敦泰,5,0,5
凱基大直,緯創,6,1,5
凱基大直,精成科,4,0,4
凱基大直,技嘉,4,0,4
凱基大直,榮剛,4,0,4
凱基大直,立敦,5,1,4
凱基大直,驊訊,5,1,4
凱基大直,益安,4,0,4
凱基大直,鴻海,8,5,3
凱基大直,00980B台新特選IG債10+,0,132,-132
凱基大直,神達,29,129,-100
凱基大直,力積電,19,112,-93
凱基大直,台新金,0,75,-75
凱基大直,凱基金,0,37,-37
凱基大直,敬鵬,0,29,-29
凱基大直,00830國泰費城半導體,0,23,-23
凱基大直,宏達電,25,42,-17
凱基大直,00631L元大台灣50正2,0,15,-15
凱基大直,騰輝電子-KY,0,15,-15
凱基大直,駿吉-KY,0,11,-11
凱基大直,盟立,1,12,-11
凱基大直,亞翔,8,19,-11
凱基大直,台積電,2,12,-10
凱基大直,友達,0,10,-10
凱基大直,00940元大台灣價值高息,0,9,-9
凱基大直,喬山,0,8,-8
凱基大直,陽明,12,20,-8
凱基大直,華城,6,14,-8
凱基大直,十銓,1,8,-7
凱基大直,興能高,33,40,-7
凱基大直,00891中信關鍵半導體,0,6,-6
凱基大直,精英,0,6,-6
凱基大直,台灣虎航,2,8,-6
凱基大直,五福,0,5,-5
凱基大直,三一東林,0,5,-5
凱基大直,系微,0,5,-5
凱基大直,訊芯-KY,7,12,-5
凱基大直,擎亞,6,11,-5
凱基大直,00675L富邦臺灣加權正2,1,6,-5
凱基大直,奇鋐,0,5,-5
凱基大直,力麗,0,4,-4
凱基大直,亞光,4,8,-4
凱基大直,南港,1,5,-4
凱基大直,致茂,0,4,-4
凱基大直,神基,0,4,-4
凱基大直,昇達科,3,7,-4
凱基大直,大眾控,0,4,-4
凱基大直,IET-KY,3,7,-4
凱基大直,006208富邦台50,1,4,-3
凱基大直,欣銓,3,7,-4
凱基大直,美食-KY,0,3,-3
凱基大直,00922國泰台灣領袖50,1,4,-3
凱基大直,聯合再生,1,4,-3
凱基大直,歐買尬,0,3,-3
凱基大直,營邦,0,3,-3
凱基大直,元晶,0,3,-3
凱基大直,富世達,0,3,-3
凱基大直,金居,0,3,-3
凱基大直,萬海,1,4,-3
新加坡商瑞銀,鴻海,6102,3054,3048
新加坡商瑞銀,華航,3882,1063,2819
新加坡商瑞銀,台新金,3741,1445,2296
新加坡商瑞銀,宏達電,3896,2296,1600
新加坡商瑞銀,欣銓,1882,300,1582
新加坡商瑞銀,00953B群益優選非投等債,1515,0,1515
新加坡商瑞銀,群創,3945,2701,1244
新加坡商瑞銀,大同,1571,376,1195
新加坡商瑞銀,宏致,1599,538,1061
新加坡商瑞銀,亞翔,1323,371,952
新加坡商瑞銀,00830國泰費城半導體,1009,72,937
新加坡商瑞銀,新光金,2853,1987,866
新加坡商瑞銀,00915凱基優選高股息30,859,0,859
新加坡商瑞銀,興能高,4422,3573,849
新加坡商瑞銀,華城,1101,307,794
新加坡商瑞銀,群益證,958,273,685
新加坡商瑞銀,奇鋐,1120,479,641
新加坡商瑞銀,台灣虎航,979,363,616
新加坡商瑞銀,永豐金,1804,1198,606
新加坡商瑞銀,00665L富邦�琤肭磪囓�2,3412,2857,555
新加坡商瑞銀,燿華,625,97,528
新加坡商瑞銀,友訊,949,436,513
新加坡商瑞銀,南亞,1632,1135,497
新加坡商瑞銀,富世達,600,117,483
新加坡商瑞銀,00713元大台灣高息低波,466,0,466
新加坡商瑞銀,立隆電,976,510,466
新加坡商瑞銀,眾達-KY,2260,1795,465
新加坡商瑞銀,長榮航,2043,1598,445
新加坡商瑞銀,006208富邦台50,430,15,415
新加坡商瑞銀,創惟,564,183,381
新加坡商瑞銀,聯詠,552,173,379
新加坡商瑞銀,中鴻,818,456,362
新加坡商瑞銀,00941中信上游半導體,351,0,351
新加坡商瑞銀,南亞科,624,276,348
新加坡商瑞銀,南電,691,348,343
新加坡商瑞銀,國喬,619,281,338
新加坡商瑞銀,晟銘電,545,211,334
新加坡商瑞銀,致伸,363,38,325
新加坡商瑞銀,新盛力,1693,1369,324
新加坡商瑞銀,長榮,783,463,320
新加坡商瑞銀,星宇航空,415,98,317
新加坡商瑞銀,00881國泰台灣5G+,311,0,311
新加坡商瑞銀,中美晶,319,13,306
新加坡商瑞銀,裕隆,583,287,296
新加坡商瑞銀,萬海,673,378,295
新加坡商瑞銀,聯光通,1284,997,287
新加坡商瑞銀,世芯-KY,373,97,276
新加坡商瑞銀,廣宇,487,215,272
新加坡商瑞銀,華通,700,432,268
新加坡商瑞銀,中華電,631,367,264
新加坡商瑞銀,友達,4092,10119,-6027
新加坡商瑞銀,聯電,6306,11738,-5432
新加坡商瑞銀,宏��,711,3775,-3064
新加坡商瑞銀,緯創,719,3339,-2620
新加坡商瑞銀,力積電,418,2473,-2055
新加坡商瑞銀,中鋼,1304,3153,-1849
新加坡商瑞銀,陽明,1318,3043,-1725
新加坡商瑞銀,合庫金,549,2249,-1700
新加坡商瑞銀,三商壽,124,1799,-1675
新加坡商瑞銀,神達,4900,6558,-1658
新加坡商瑞銀,凱基金,2082,3343,-1261
新加坡商瑞銀,國泰金,1148,2408,-1260
新加坡商瑞銀,欣興,1143,2385,-1242
新加坡商瑞銀,力成,67,1221,-1154
新加坡商瑞銀,京元電子,671,1815,-1144
新加坡商瑞銀,元大金,855,1924,-1069
新加坡商瑞銀,統一,564,1631,-1067
新加坡商瑞銀,華新,1008,1986,-978
新加坡商瑞銀,統一超,54,1010,-956
新加坡商瑞銀,寶成,1412,2340,-928
新加坡商瑞銀,兆豐金,913,1822,-909
新加坡商瑞銀,日月光投控,906,1801,-895
新加坡商瑞銀,昇陽半導體,263,987,-724
新加坡商瑞銀,精成科,1039,1718,-679
新加坡商瑞銀,健鼎,220,866,-646
新加坡商瑞銀,台灣大,354,964,-610
新加坡商瑞銀,00712復華富時不動產,0,569,-569
新加坡商瑞銀,中石化,355,923,-568
新加坡商瑞銀,潤泰新,96,586,-490
新加坡商瑞銀,台泥,310,780,-470
新加坡商瑞銀,台光電,221,687,-466
新加坡商瑞銀,亞光,412,868,-456
新加坡商瑞銀,世界,394,831,-437
新加坡商瑞銀,00929復華台灣科技優息,0,430,-430
新加坡商瑞銀,達邁,1579,2009,-430
新加坡商瑞銀,00753L中信中國50正2,1211,1634,-423
新加坡商瑞銀,華邦電,1105,1471,-366
新加坡商瑞銀,英業達,733,1095,-362
新加坡商瑞銀,英濟,845,1196,-351
新加坡商瑞銀,00679B元大美債20年,0,336,-336
新加坡商瑞銀,緯穎,263,595,-332
新加坡商瑞銀,00687B國泰20年美債,39,367,-328
新加坡商瑞銀,台化,1468,1791,-323
新加坡商瑞銀,富邦金,1782,2103,-321
新加坡商瑞銀,00937B群益ESG投等債20,693,1009,-316
新加坡商瑞銀,全新,517,828,-311
新加坡商瑞銀,立��,726,1020,-294
新加坡商瑞銀,微星,273,561,-288
新加坡商瑞銀,00724B群益投資級金融債,0,279,-279
新加坡商瑞銀,矽格,155,419,-264
永豐高雄,世豐,166,0,166
永豐高雄,聯電,188,27,161
永豐高雄,亞航,97,10,87
永豐高雄,00686R群益臺灣加權反1,123,50,73
永豐高雄,光聖,61,0,61
永豐高雄,元大高股息,60,5,55
永豐高雄,辛耘,55,0,55
永豐高雄,元大金,51,0,51
永豐高雄,台新金,51,2,49
永豐高雄,00878國泰永續高股息,71,27,44
永豐高雄,00919群益台灣精選高息,74,34,40
永豐高雄,長科*,33,0,33
永豐高雄,緯創,36,16,20
永豐高雄,虹光,19,0,19
永豐高雄,00637L元大滬深300正2,141,122,19
永豐高雄,00662富邦NASDAQ,19,0,19
永豐高雄,00918大華優利高填息30,20,2,18
永豐高雄,大同,15,2,13
永豐高雄,金寶,15,2,13
永豐高雄,00715L期街口布蘭特正2,16,3,13
永豐高雄,宏��,15,3,12
永豐高雄,世鎧,12,0,12
永豐高雄,欣興,18,6,12
永豐高雄,00907永豐優息存股,12,0,12
永豐高雄,00915凱基優選高股息30,13,2,11
永豐高雄,國喬,11,0,11
永豐高雄,永豐金,19,9,10
永豐高雄,廣達,11,1,10
永豐高雄,00882中信中國高股息,13,3,10
永豐高雄,邁達特,10,0,10
永豐高雄,00953B群益優選非投等債,10,0,10
永豐高雄,00719B元大美債1-3,10,0,10
永豐高雄,昇陽半導體,15,6,9
永豐高雄,僑威,14,5,9
永豐高雄,加百裕,33,24,9
永豐高雄,矽力*-KY,12,3,9
永豐高雄,聯光通,13,4,9
永豐高雄,連展投控,8,0,8
永豐高雄,矽統,20,12,8
永豐高雄,鴻海,48,40,8
永豐高雄,光寶科,11,3,8
永豐高雄,立��,11,4,7
永豐高雄,00688L國泰20年美債正2,10,3,7
永豐高雄,家登,7,0,7
永豐高雄,鑫龍騰,7,0,7
永豐高雄,久陽,7,0,7
永豐高雄,興能高,107,100,7
永豐高雄,兆豐金,7,1,6
永豐高雄,邦泰,6,0,6
永豐高雄,立敦,30,24,6
永豐高雄,00937B群益ESG投等債20,14,552,-538
永豐高雄,00929復華台灣科技優息,0,233,-233
永豐高雄,漢翔,5,158,-153
永豐高雄,00676R富邦臺灣加權反1,0,130,-130
永豐高雄,力積電,20,135,-115
永豐高雄,00680L元大美債20正2,3,110,-107
永豐高雄,陽明,8,109,-101
永豐高雄,台塑,3,95,-92
永豐高雄,華航,5,74,-69
永豐高雄,台泥,8,63,-55
永豐高雄,00933B國泰10Y+金融債,0,52,-52
永豐高雄,台塑化,0,49,-49
永豐高雄,神達,55,95,-40
永豐高雄,00858永豐美國500大,3,41,-38
永豐高雄,萬潤,3,38,-35
永豐高雄,00971野村美國研發龍頭,4,36,-32
永豐高雄,00940元大台灣價值高息,23,53,-30
永豐高雄,00936台新永續高息中小,0,30,-30
永豐高雄,宏達電,46,72,-26
永豐高雄,00923群益台ESG低碳50,0,24,-24
永豐高雄,台積電,3,26,-23
永豐高雄,元大台灣50,1,23,-22
永豐高雄,日月光投控,2,23,-21
永豐高雄,00922國泰台灣領袖50,4,21,-17
永豐高雄,大成鋼,12,29,-17
永豐高雄,富邦金,0,17,-17
永豐高雄,佳大,0,16,-16
永豐高雄,雷科,5,20,-15
永豐高雄,00646元大S＆P500,0,15,-15
永豐高雄,中石化,0,14,-14
永豐高雄,00891中信關鍵半導體,3,17,-14
永豐高雄,新盛力,42,56,-14
永豐高雄,00675L富邦臺灣加權正2,36,50,-14
永豐高雄,麗臺,0,13,-13
永豐高雄,00934中信成長高股息,2,15,-13
永豐高雄,臻鼎-KY,0,13,-13
永豐高雄,盟立,0,13,-13
永豐高雄,00687B國泰20年美債,4,16,-12
永豐高雄,泰金寶-DR,172,184,-12
永豐高雄,宏致,16,27,-11
永豐高雄,00941中信上游半導體,0,11,-11
永豐高雄,全友,0,11,-11
永豐高雄,00963中信全球高股息,0,11,-11
永豐高雄,00852L國泰美國道瓊正2,1,11,-10
永豐高雄,燁輝,0,10,-10
永豐高雄,華泰,0,10,-10
永豐高雄,00673R期元大S＆P原油反1,20,30,-10
永豐高雄,達運,0,10,-10
永豐高雄,00950B凱基A級公司債,0,10,-10
永豐高雄,順達,5,14,-9
第一澎湖,聯電,63,6,57
第一澎湖,00937B群益ESG投等債20,37,0,37
第一澎湖,元大高股息,31,1,30
第一澎湖,00887永豐中國科技50大,30,0,30
第一澎湖,00919群益台灣精選高息,22,0,22
第一澎湖,元晶,21,1,20
第一澎湖,00918大華優利高填息30,17,0,17
第一澎湖,高僑,15,0,15
第一澎湖,世界,12,0,12
第一澎湖,00950B凱基A級公司債,10,0,10
第一澎湖,00664R國泰臺灣加權反1,10,0,10
第一澎湖,迎廣,10,0,10
第一澎湖,00679B元大美債20年,9,0,9
第一澎湖,00795B中信美國公債20年,9,0,9
第一澎湖,台玻,11,2,9
第一澎湖,00858永豐美國500大,9,0,9
第一澎湖,加捷生醫,8,0,8
第一澎湖,亞泰,8,0,8
第一澎湖,00881國泰台灣5G+,7,0,7
第一澎湖,兆豐金,7,0,7
第一澎湖,00878國泰永續高股息,14,8,6
第一澎湖,00757統一FANG+,6,0,6
第一澎湖,00915凱基優選高股息30,5,0,5
第一澎湖,英業達,13,8,5
第一澎湖,00688L國泰20年美債正2,5,0,5
第一澎湖,亞航,5,0,5
第一澎湖,台中銀,5,0,5
第一澎湖,宜新實業,5,0,5
第一澎湖,太極,5,0,5
第一澎湖,宏齊,5,0,5
第一澎湖,南電,7,2,5
第一澎湖,泰金寶-DR,6,1,5
第一澎湖,亞光,5,1,4
第一澎湖,利奇,4,0,4
第一澎湖,00665L富邦�琤肭磪囓�2,4,0,4
第一澎湖,00673R期元大S＆P原油反1,5,1,4
第一澎湖,富喬,6,2,4
第一澎湖,鴻準,6,2,4
第一澎湖,新盛力,23,20,3
第一澎湖,00631L元大台灣50正2,3,0,3
第一澎湖,一詮,5,2,3
第一澎湖,興富發,3,0,3
第一澎湖,台郡,3,0,3
第一澎湖,攸泰科技,3,0,3
第一澎湖,昇陽半導體,3,0,3
第一澎湖,緯穎,3,0,3
第一澎湖,欣興,3,0,3
第一澎湖,00910第一金太空衛星,2,0,2
第一澎湖,統一超,2,0,2
第一澎湖,福懋油,2,0,2
第一澎湖,00929復華台灣科技優息,0,87,-87
第一澎湖,矽格,0,45,-45
第一澎湖,中鋼,4,45,-41
第一澎湖,鴻海,3,38,-35
第一澎湖,長榮航,1,36,-35
第一澎湖,凱美,20,50,-30
第一澎湖,006208富邦台50,3,29,-26
第一澎湖,00960野村全球航運龍頭,0,26,-26
第一澎湖,00637L元大滬深300正2,7,30,-23
第一澎湖,宏致,0,23,-23
第一澎湖,緯創,4,24,-20
第一澎湖,友達,1,20,-19
第一澎湖,宏達電,8,27,-19
第一澎湖,神達,11,29,-18
第一澎湖,創惟,1,17,-16
第一澎湖,力積電,29,44,-15
第一澎湖,群創,5,19,-14
第一澎湖,欣銓,0,13,-13
第一澎湖,新日興,1,13,-12
第一澎湖,華星光,6,17,-11
第一澎湖,威剛,0,11,-11
第一澎湖,旺宏,0,10,-10
第一澎湖,台積電,2,12,-10
第一澎湖,00922國泰台灣領袖50,0,9,-9
第一澎湖,台灣虎航,1,9,-8
第一澎湖,眾達-KY,4,12,-8
第一澎湖,玉山金,0,7,-7
第一澎湖,華航,1,8,-7
第一澎湖,康舒,0,7,-7
第一澎湖,中興電,9,16,-7
第一澎湖,星宇航空,5,11,-6
第一澎湖,雲豹能源,1,7,-6
第一澎湖,台新金,0,6,-6
第一澎湖,陽明,2,8,-6
第一澎湖,00949復華日本龍頭,0,5,-5
第一澎湖,駿吉-KY,0,5,-5
第一澎湖,宏旭-KY,0,5,-5
第一澎湖,中華電,0,5,-5
第一澎湖,精金,0,5,-5
第一澎湖,銘異,0,5,-5
第一澎湖,御嵿,0,5,-5
第一澎湖,合勤控,0,5,-5
第一澎湖,萬泰科,0,5,-5
第一澎湖,光鼎,0,5,-5
第一澎湖,LINEPAY,0,5,-5
第一澎湖,00632R元大台灣50反1,3,8,-5
第一澎湖,東元,0,5,-5
第一澎湖,台揚,0,4,-4
第一澎湖,仁寶,0,4,-4
第一澎湖,臻鼎-KY,0,4,-4
聯邦高雄,中鋼,151,2,149
聯邦高雄,聯電,38,2,36
聯邦高雄,00878國泰永續高股息,20,1,19
聯邦高雄,新盛力,27,8,19
聯邦高雄,新建,17,0,17
聯邦高雄,緯創,15,1,14
聯邦高雄,友威科,15,1,14
聯邦高雄,00937B群益ESG投等債20,18,5,13
聯邦高雄,泰金寶-DR,10,0,10
聯邦高雄,燿華,10,0,10
聯邦高雄,宏盛,10,0,10
聯邦高雄,鴻準,11,2,9
聯邦高雄,00946群益科技高息成長,8,0,8
聯邦高雄,永豐金,6,0,6
聯邦高雄,00932兆豐永續高息等權,5,0,5
聯邦高雄,00918大華優利高填息30,5,0,5
聯邦高雄,聯華,5,0,5
聯邦高雄,00680L元大美債20正2,5,0,5
聯邦高雄,00679B元大美債20年,6,1,5
聯邦高雄,信立,5,0,5
聯邦高雄,00637L元大滬深300正2,10,6,4
聯邦高雄,堤維西,4,0,4
聯邦高雄,高僑,3,0,3
聯邦高雄,昇陽半導體,4,2,2
聯邦高雄,大洋,2,0,2
聯邦高雄,南亞,2,0,2
聯邦高雄,00960野村全球航運龍頭,2,0,2
聯邦高雄,金寶,2,0,2
聯邦高雄,高技,2,0,2
聯邦高雄,陽明,1,0,1
聯邦高雄,00713元大台灣高息低波,1,0,1
聯邦高雄,緯穎,1,0,1
聯邦高雄,均豪,1,0,1
聯邦高雄,合庫金,1,0,1
聯邦高雄,00882中信中國高股息,1,0,1
聯邦高雄,東和鋼鐵,1,0,1
聯邦高雄,台揚,1,0,1
聯邦高雄,廣宇,1,0,1
聯邦高雄,宏��,1,0,1
聯邦高雄,英業達,3,2,1
聯邦高雄,所羅門,1,0,1
聯邦高雄,技嘉,1,0,1
聯邦高雄,南亞科,3,2,1
聯邦高雄,精技,1,0,1
聯邦高雄,皇翔,1,0,1
聯邦高雄,亞航,1,0,1
聯邦高雄,台灣高鐵,1,0,1
聯邦高雄,易飛網,1,0,1
聯邦高雄,元大金,1,0,1
聯邦高雄,台新金,1,0,1
聯邦高雄,興能高,16,50,-34
聯邦高雄,00954中信日本半導體,0,30,-30
聯邦高雄,彩晶,0,29,-29
聯邦高雄,00929復華台灣科技優息,0,26,-26
聯邦高雄,華航,0,16,-16
聯邦高雄,中環,0,14,-14
聯邦高雄,唐榮,6,19,-13
聯邦高雄,00881國泰台灣5G+,0,12,-12
聯邦高雄,00922國泰台灣領袖50,0,12,-12
聯邦高雄,中興電,1,12,-11
聯邦高雄,華新,0,11,-11
聯邦高雄,矽統,20,30,-10
聯邦高雄,國碩,0,10,-10
聯邦高雄,連宇,0,10,-10
聯邦高雄,神達,17,27,-10
聯邦高雄,事欣科,0,9,-9
聯邦高雄,力積電,8,17,-9
聯邦高雄,益航,5,13,-8
聯邦高雄,映泰,0,8,-8
聯邦高雄,友達,0,7,-7
聯邦高雄,欣銓,0,6,-6
聯邦高雄,006208富邦台50,1,7,-6
聯邦高雄,00933B國泰10Y+金融債,0,5,-5
聯邦高雄,三陽工業,0,5,-5
聯邦高雄,建通,0,5,-5
聯邦高雄,揚博,0,5,-5
聯邦高雄,萬在,0,5,-5
聯邦高雄,百德,0,5,-5
聯邦高雄,芯鼎,0,5,-5
聯邦高雄,鴻海,10,15,-5
聯邦高雄,00943兆豐電子高息等權,0,4,-4
聯邦高雄,大同,0,4,-4
聯邦高雄,南仁湖,0,4,-4
聯邦高雄,台積電,0,4,-4
聯邦高雄,金像電,0,3,-3
聯邦高雄,長榮航,0,3,-3
聯邦高雄,五福,0,3,-3
聯邦高雄,聯光通,0,3,-3
聯邦高雄,新光金,3,5,-2
聯邦高雄,00949復華日本龍頭,0,2,-2
聯邦高雄,00939統一台灣高息動能,0,2,-2
聯邦高雄,富喬,0,2,-2
聯邦高雄,華通,0,2,-2
聯邦高雄,光罩,0,2,-2
聯邦高雄,京元電子,0,2,-2
聯邦高雄,星宇航空,0,2,-2
聯邦高雄,富野,0,2,-2
聯邦高雄,樺晟,0,2,-2
聯邦高雄,光鋐,0,2,-2
聯邦高雄,系統電,1,3,-2
 元大屏生,聯電,139,35,104
 元大屏生,鴻海,107,13,94
 元大屏生,群創,57,5,52
 元大屏生,玉山金,51,2,49
 元大屏生,00637L元大滬深300正2,48,0,48
 元大屏生,00882中信中國高股息,45,0,45
 元大屏生,精金,44,0,44
 元大屏生,友達,45,6,39
 元大屏生,時碩工業,38,0,38
 元大屏生,台玻,31,0,31
 元大屏生,00919群益台灣精選高息,35,5,30
 元大屏生,力積電,124,95,29
 元大屏生,欣興,28,0,28
 元大屏生,彰銀,26,0,26
 元大屏生,緯創,31,7,24
 元大屏生,神達,170,146,24
 元大屏生,新盛力,64,42,22
 元大屏生,遠東銀,20,0,20
 元大屏生,00725B國泰投資級公司債,20,0,20
 元大屏生,興能高,194,175,19
 元大屏生,00918大華優利高填息30,20,1,19
 元大屏生,00878國泰永續高股息,55,39,16
 元大屏生,元晶,16,0,16
 元大屏生,00715L期街口布蘭特正2,15,0,15
 元大屏生,全新,15,0,15
 元大屏生,恆大,15,0,15
 元大屏生,00665L富邦�琤肭磪囓�2,30,15,15
 元大屏生,凱崴,14,0,14
 元大屏生,台郡,12,0,12
 元大屏生,彩晶,11,0,11
 元大屏生,006208富邦台50,19,8,11
 元大屏生,正新,10,0,10
 元大屏生,中美晶,15,5,10
 元大屏生,中環,10,0,10
 元大屏生,德晉,10,0,10
 元大屏生,奇鋐,12,2,10
 元大屏生,全漢,9,0,9
 元大屏生,茂迪,9,0,9
 元大屏生,僑威,11,2,9
 元大屏生,正文,11,2,9
 元大屏生,大成鋼,16,8,8
 元大屏生,00909國泰數位支付服務,8,0,8
 元大屏生,波若威,33,25,8
 元大屏生,中信金,9,1,8
 元大屏生,立敦,14,6,8
 元大屏生,凱美,18,11,7
 元大屏生,00858永豐美國500大,7,0,7
 元大屏生,00881國泰台灣5G+,7,0,7
 元大屏生,宏齊,8,1,7
 元大屏生,光鋐,7,0,7
 元大屏生,中鴻,1,151,-150
 元大屏生,00905FT臺灣Smart,3,82,-79
 元大屏生,00965元大航太防衛科技,0,72,-72
 元大屏生,00893國泰智能電動車,0,68,-68
 元大屏生,00673R期元大S＆P原油反1,0,61,-61
 元大屏生,00753L中信中國50正2,0,50,-50
 元大屏生,00940元大台灣價值高息,3,43,-40
 元大屏生,台新金,1,40,-39
 元大屏生,00770國泰北美科技,4,42,-38
 元大屏生,錦明,0,31,-31
 元大屏生,00929復華台灣科技優息,0,30,-30
 元大屏生,環宇-KY,17,46,-29
 元大屏生,00712復華富時不動產,5,32,-27
 元大屏生,中鋼,3,29,-26
 元大屏生,台虹,1,22,-21
 元大屏生,三商壽,1,22,-21
 元大屏生,連展投控,4,25,-21
 元大屏生,立隆電,8,29,-21
 元大屏生,燁輝,0,20,-20
 元大屏生,聯光通,16,36,-20
 元大屏生,00943兆豐電子高息等權,0,20,-20
 元大屏生,泰金寶-DR,5,25,-20
 元大屏生,日月光投控,41,58,-17
 元大屏生,00895富邦未來車,1,17,-16
 元大屏生,長榮航,6,22,-16
 元大屏生,00930永豐ESG低碳高息,0,15,-15
 元大屏生,國光生,11,26,-15
 元大屏生,IKKA-KY,4,18,-14
 元大屏生,大同,5,19,-14
 元大屏生,上曜,0,12,-12
 元大屏生,永崴投控,1,13,-12
 元大屏生,泰鼎-KY,5,17,-12
 元大屏生,瑞智,0,12,-12
 元大屏生,00951台新日本半導體,0,10,-10
 元大屏生,00959B大華投等美債15Y+,0,10,-10
 元大屏生,富堡,0,9,-9
 元大屏生,南亞,2,11,-9
 元大屏生,穎漢,0,8,-8
 元大屏生,00762元大全球AI,2,10,-8
 元大屏生,神基,0,8,-8
 元大屏生,台塑化,0,8,-8
 元大屏生,富采,10,18,-8
 元大屏生,宇隆,0,8,-8
 元大屏生,00939統一台灣高息動能,0,8,-8
 元大屏生,臺企銀,1,9,-8
 元大屏生,台聚,4,11,-7
 元大屏生,宏達電,50,57,-7
 元大屏生,昆盈,0,7,-7
 元大屏生,光寶科,1,8,-7
 元大屏生,順達,7,14,-7
香港上海匯,聯電,1082,132,950
香港上海匯,日月光投控,703,45,658
香港上海匯,第一金,540,0,540
香港上海匯,統一,291,0,291
香港上海匯,華城,205,0,205
香港上海匯,仁寶,127,0,127
香港上海匯,瑞儀,118,0,118
香港上海匯,健策,100,0,100
香港上海匯,上詮,80,0,80
香港上海匯,智邦,80,5,75
香港上海匯,鈺齊-KY,63,0,63
香港上海匯,寶成,61,0,61
香港上海匯,新唐,44,0,44
香港上海匯,巨大,42,0,42
香港上海匯,玉山金,30,0,30
香港上海匯,矽格,30,0,30
香港上海匯,台化,33,4,29
香港上海匯,天虹,25,0,25
香港上海匯,元大金,24,0,24
香港上海匯,福懋,24,0,24
香港上海匯,中美晶,21,0,21
香港上海匯,神基,20,0,20
香港上海匯,智易,19,0,19
香港上海匯,奇鋐,19,3,16
香港上海匯,敬鵬,15,0,15
香港上海匯,台光電,15,1,14
香港上海匯,僑威,13,0,13
香港上海匯,南亞科,144,132,12
香港上海匯,台灣大,11,0,11
香港上海匯,緯穎,10,0,10
香港上海匯,台虹,10,0,10
香港上海匯,義隆,8,0,8
香港上海匯,健鼎,8,0,8
香港上海匯,胡連,8,0,8
香港上海匯,矽創,8,0,8
香港上海匯,研華,10,3,7
香港上海匯,聚陽,6,0,6
香港上海匯,南亞,6,0,6
香港上海匯,美食-KY,5,0,5
香港上海匯,凌華,5,0,5
香港上海匯,精測,5,0,5
香港上海匯,富鼎,5,0,5
香港上海匯,京鼎,4,0,4
香港上海匯,瑞智,4,0,4
香港上海匯,台耀,4,0,4
香港上海匯,神準,3,0,3
香港上海匯,富邦媒,4,1,3
香港上海匯,台積電,86,83,3
香港上海匯,遠東新,2,0,2
香港上海匯,鴻海,5,3,2
香港上海匯,00965元大航太防衛科技,0,1000,-1000
香港上海匯,欣興,0,410,-410
香港上海匯,台郡,100,430,-330
香港上海匯,台塑化,0,245,-245
香港上海匯,聯強,36,278,-242
香港上海匯,世界,0,171,-171
香港上海匯,中石化,0,147,-147
香港上海匯,豐興,0,125,-125
香港上海匯,鈊象,0,108,-108
香港上海匯,台肥,0,106,-106
香港上海匯,合一,0,69,-69
香港上海匯,統一超,0,64,-64
香港上海匯,國泰金,18,69,-51
香港上海匯,華南金,0,50,-50
香港上海匯,長榮,0,41,-41
香港上海匯,川湖,0,41,-41
香港上海匯,大立光,0,35,-35
香港上海匯,宏捷科,0,35,-35
香港上海匯,百和,0,28,-28
香港上海匯,華新,0,27,-27
香港上海匯,長榮航,0,25,-25
香港上海匯,東元,0,21,-21
香港上海匯,大成鋼,0,21,-21
香港上海匯,旺宏,0,18,-18
香港上海匯,達麗,0,18,-18
香港上海匯,瑞昱,0,16,-16
香港上海匯,台達電,22,38,-16
香港上海匯,正新,18,34,-16
香港上海匯,欣陸,0,16,-16
香港上海匯,聯發科,0,14,-14
香港上海匯,國際中橡,0,14,-14
香港上海匯,榮成,0,11,-11
香港上海匯,合庫金,0,8,-8
香港上海匯,成霖,0,8,-8
香港上海匯,遠雄,0,7,-7
香港上海匯,華通,0,6,-6
香港上海匯,原相,0,5,-5
香港上海匯,高端疫苗,0,5,-5
香港上海匯,神隆,0,4,-4
香港上海匯,宏達電,0,4,-4
香港上海匯,飛捷,0,4,-4
香港上海匯,旭隼,0,4,-4
香港上海匯,廣達,3,6,-3
香港上海匯,美時,0,3,-3
香港上海匯,金像電,0,3,-3
香港上海匯,遠傳,0,3,-3
香港上海匯,康舒,0,3,-3
香港上海匯,美利達,0,3,-3
香港上海匯,和潤企業,0,2,-2
香港上海匯,志超,0,2,-2
 元大永康,00969B元大零息超長美債,200,0,200
 元大永康,聯電,114,7,107
 元大永康,泰金寶-DR,99,39,60
 元大永康,燿華,50,1,49
 元大永康,00937B群益ESG投等債20,28,0,28
 元大永康,00966B統一ESG投等債15,30,2,28
 元大永康,元大高股息,27,2,25
 元大永康,光環,25,2,23
 元大永康,吉茂,20,0,20
 元大永康,力積電,46,26,20
 元大永康,宏捷科,20,0,20
 元大永康,00919群益台灣精選高息,19,1,18
 元大永康,日月光投控,24,7,17
 元大永康,朋億*,35,19,16
 元大永康,00720B元大投資級公司債,15,0,15
 元大永康,環宇-KY,20,7,13
 元大永康,00665L富邦�琤肭磪囓�2,26,14,12
 元大永康,00968B元大優息投等債,12,0,12
 元大永康,鴻海,16,4,12
 元大永康,00918大華優利高填息30,12,0,12
 元大永康,台新金,11,0,11
 元大永康,00679B元大美債20年,16,5,11
 元大永康,澤米,10,0,10
 元大永康,精材,10,1,9
 元大永康,00680L元大美債20正2,9,0,9
 元大永康,立��,16,7,9
 元大永康,緯創,56,48,8
 元大永康,00666R富邦�琤肭磪齯�1,8,0,8
 元大永康,00637L元大滬深300正2,39,31,8
 元大永康,連展投控,10,2,8
 元大永康,00632R元大台灣50反1,9,1,8
 元大永康,00882中信中國高股息,7,0,7
 元大永康,玉晶光,7,0,7
 元大永康,ABC-KY,7,0,7
 元大永康,聯鈞,17,11,6
 元大永康,00706L期元大S＆P日圓正2,10,4,6
 元大永康,圓剛,6,0,6
 元大永康,長榮航,7,1,6
 元大永康,欣興,7,2,5
 元大永康,敦陽科,5,0,5
 元大永康,燦星旅,5,0,5
 元大永康,東浦,6,1,5
 元大永康,華電網,5,0,5
 元大永康,00713元大台灣高息低波,4,0,4
 元大永康,00712復華富時不動產,4,0,4
 元大永康,00933B國泰10Y+金融債,5,1,4
 元大永康,揚博,4,0,4
 元大永康,艾笛森,4,0,4
 元大永康,LINEPAY,6,2,4
 元大永康,盟立,4,0,4
 元大永康,00940元大台灣價值高息,13,698,-685
 元大永康,00965元大航太防衛科技,0,378,-378
 元大永康,00939統一台灣高息動能,0,151,-151
 元大永康,中鋼,14,77,-63
 元大永康,00929復華台灣科技優息,0,61,-61
 元大永康,00687B國泰20年美債,1,60,-59
 元大永康,興能高,63,121,-58
 元大永康,00934中信成長高股息,0,37,-37
 元大永康,00951台新日本半導體,0,25,-25
 元大永康,華航,26,50,-24
 元大永康,宏致,2,25,-23
 元大永康,群創,21,39,-18
 元大永康,00675L富邦臺灣加權正2,0,15,-15
 元大永康,00631L元大台灣50正2,0,14,-14
 元大永康,神達,63,77,-14
 元大永康,006208富邦台50,4,18,-14
 元大永康,華南金,0,12,-12
 元大永康,威宏-KY,0,12,-12
 元大永康,友達,8,19,-11
 元大永康,眾達-KY,15,26,-11
 元大永康,欣銓,1,12,-11
 元大永康,00710B復華彭博非投等債,0,10,-10
 元大永康,00946群益科技高息成長,0,10,-10
 元大永康,友訊,0,10,-10
 元大永康,凱基金,0,10,-10
 元大永康,京晨科,0,10,-10
 元大永康,元大金,1,10,-9
 元大永康,廣宇,0,8,-8
 元大永康,玉山金,2,10,-8
 元大永康,華星光,41,48,-7
 元大永康,萬海,0,7,-7
 元大永康,正崴,0,7,-7
 元大永康,定穎投控,2,9,-7
 元大永康,00922國泰台灣領袖50,4,11,-7
 元大永康,慧洋-KY,0,6,-6
 元大永康,科風,0,6,-6
 元大永康,頎邦,0,6,-6
 元大永康,長佳智能,0,6,-6
 元大永康,順達,6,12,-6
 元大永康,元大台灣50,0,6,-6
 元大永康,擎亞,31,36,-5
 元大永康,00935野村臺灣新科技50,0,5,-5
 元大永康,臺企銀,0,5,-5
 元大永康,00905FT臺灣Smart,0,5,-5
 元大永康,00898國泰基因免疫革命,0,5,-5
 元大永康,裕隆,0,5,-5
 元大永康,昆盈,0,5,-5
 元大永康,六福,0,5,-5
 元大永康,新唐,0,5,-5
 元大永康,惠特,0,4,-4
凱基屏東,力積電,101,6,95
凱基屏東,台積電,101,25,76
凱基屏東,聯電,127,104,23
凱基屏東,邦特,22,0,22
凱基屏東,00637L元大滬深300正2,20,0,20
凱基屏東,00852L國泰美國道瓊正2,17,0,17
凱基屏東,連展投控,15,0,15
凱基屏東,00632R元大台灣50反1,10,0,10
凱基屏東,IKKA-KY,12,2,10
凱基屏東,大同,10,0,10
凱基屏東,盟立,10,0,10
凱基屏東,亞光,11,1,10
凱基屏東,彬台,10,0,10
凱基屏東,達邁,18,8,10
凱基屏東,王道銀行,8,0,8
凱基屏東,英業達,7,0,7
凱基屏東,精材,9,3,6
凱基屏東,IET-KY,8,2,6
凱基屏東,圓剛,6,1,5
凱基屏東,新盛力,26,21,5
凱基屏東,金寶,4,0,4
凱基屏東,緯創,3,0,3
凱基屏東,聯華,3,0,3
凱基屏東,台星科,3,0,3
凱基屏東,立��,6,3,3
凱基屏東,00919群益台灣精選高息,2,0,2
凱基屏東,材料-KY,2,0,2
凱基屏東,聯華食,2,0,2
凱基屏東,統一,3,1,2
凱基屏東,00965元大航太防衛科技,2,0,2
凱基屏東,00858永豐美國500大,2,0,2
凱基屏東,00633L富邦上証正2,2,0,2
凱基屏東,00687B國泰20年美債,2,0,2
凱基屏東,萬海,2,0,2
凱基屏東,兆豐金,2,0,2
凱基屏東,虹冠電,2,0,2
凱基屏東,瑞鼎,2,0,2
凱基屏東,穎漢,2,0,2
凱基屏東,致伸,2,0,2
凱基屏東,泰鼎-KY,2,0,2
凱基屏東,悅城,2,0,2
凱基屏東,昇佳電子,2,0,2
凱基屏東,鏵友益,2,0,2
凱基屏東,昇達科,4,2,2
凱基屏東,友訊,2,0,2
凱基屏東,華星光,11,9,2
凱基屏東,00713元大台灣高息低波,1,0,1
凱基屏東,台燿,1,0,1
凱基屏東,新漢,1,0,1
凱基屏東,大成鋼,2,1,1
凱基屏東,00980B台新特選IG債10+,0,62,-62
凱基屏東,神達,138,199,-61
凱基屏東,新光金,0,53,-53
凱基屏東,台塑,0,53,-53
凱基屏東,仁寶,0,42,-42
凱基屏東,波若威,15,43,-28
凱基屏東,華新,0,20,-20
凱基屏東,良維,0,20,-20
凱基屏東,興能高,15,29,-14
凱基屏東,彩晶,0,11,-11
凱基屏東,00887永豐中國科技50大,0,10,-10
凱基屏東,馬光-KY,0,10,-10
凱基屏東,凌華,0,10,-10
凱基屏東,玉山金,4,13,-9
凱基屏東,成霖,0,8,-8
凱基屏東,榮剛,0,8,-8
凱基屏東,統振,0,8,-8
凱基屏東,鴻海,2,9,-7
凱基屏東,和椿,26,33,-7
凱基屏東,00922國泰台灣領袖50,0,6,-6
凱基屏東,00631L元大台灣50正2,0,6,-6
凱基屏東,凱基金,0,6,-6
凱基屏東,台林,0,6,-6
凱基屏東,衛司特,0,6,-6
凱基屏東,00772B中信高評級公司債,0,5,-5
凱基屏東,富喬,0,5,-5
凱基屏東,事欣科,4,9,-5
凱基屏東,國統,0,5,-5
凱基屏東,華城,0,5,-5
凱基屏東,南亞,0,3,-3
凱基屏東,00895富邦未來車,0,3,-3
凱基屏東,凌群,0,3,-3
凱基屏東,順達,4,7,-3
凱基屏東,華碩,0,3,-3
凱基屏東,00675L富邦臺灣加權正2,0,3,-3
凱基屏東,台塑化,2,5,-3
凱基屏東,佳凌,0,2,-2
凱基屏東,宏致,0,2,-2
凱基屏東,華航,0,2,-2
凱基屏東,中華電,0,2,-2
凱基屏東,台船,0,2,-2
凱基屏東,00881國泰台灣5G+,0,2,-2
凱基屏東,00905FT臺灣Smart,0,2,-2
凱基屏東,台達電,1,3,-2
凱基屏東,鴻準,2,4,-2
凱基屏東,可成,0,2,-2
凱基屏東,長榮,0,2,-2
凱基屏東,欣銓,1,3,-2
凱基屏東,英濟,4,6,-2
凱基屏東,新日興,2,4,-2
 元大桃園,聯電,498,27,471
 元大桃園,00919群益台灣精選高息,220,26,194
 元大桃園,華南金,100,13,87
 元大桃園,泰金寶-DR,189,127,62
 元大桃園,僑威,62,15,47
 元大桃園,台塑,45,4,41
 元大桃園,00929復華台灣科技優息,71,34,37
 元大桃園,00637L元大滬深300正2,46,12,34
 元大桃園,00941中信上游半導體,34,0,34
 元大桃園,緯創,38,11,27
 元大桃園,力積電,44,17,27
 元大桃園,00937B群益ESG投等債20,31,6,25
 元大桃園,00665L富邦�琤肭磪囓�2,37,15,22
 元大桃園,00715L期街口布蘭特正2,22,0,22
 元大桃園,00969B元大零息超長美債,20,0,20
 元大桃園,鴻準,23,5,18
 元大桃園,大成鋼,25,8,17
 元大桃園,00948B中信優息投資級債,20,4,16
 元大桃園,00680L元大美債20正2,15,0,15
 元大桃園,00648R元大S＆P500反1,15,0,15
 元大桃園,00751B元大AAA至A公司債,17,2,15
 元大桃園,聯合再生,14,0,14
 元大桃園,昇陽半導體,16,2,14
 元大桃園,00674R期元大S＆P黃金反1,12,0,12
 元大桃園,00655L國泰中國A50正2,18,6,12
 元大桃園,捷敏-KY,13,1,12
 元大桃園,新日興,28,16,12
 元大桃園,欣興,25,13,12
 元大桃園,萬海,11,0,11
 元大桃園,台化,11,0,11
 元大桃園,榮創,10,0,10
 元大桃園,00642U期元大S＆P石油,10,0,10
 元大桃園,連展投控,10,0,10
 元大桃園,希華,10,0,10
 元大桃園,00968B元大優息投等債,10,0,10
 元大桃園,凱崴,10,0,10
 元大桃園,00724B群益投資級金融債,10,0,10
 元大桃園,英業達,21,11,10
 元大桃園,00720B元大投資級公司債,10,1,9
 元大桃園,00881國泰台灣5G+,12,3,9
 元大桃園,海華,8,0,8
 元大桃園,元大金,10,3,7
 元大桃園,慧洋-KY,12,5,7
 元大桃園,00915凱基優選高股息30,7,0,7
 元大桃園,台表科,6,0,6
 元大桃園,00830國泰費城半導體,6,0,6
 元大桃園,中光電,6,0,6
 元大桃園,事欣科,8,2,6
 元大桃園,鴻名,6,0,6
 元大桃園,揚明光,6,0,6
 元大桃園,00940元大台灣價值高息,4,142,-138
 元大桃園,00965元大航太防衛科技,2,136,-134
 元大桃園,00688L國泰20年美債正2,30,145,-115
 元大桃園,00753L中信中國50正2,16,110,-94
 元大桃園,宏達電,89,180,-91
 元大桃園,00673R期元大S＆P原油反1,6,90,-84
 元大桃園,神達,104,171,-67
 元大桃園,元大高股息,34,90,-56
 元大桃園,凱基金,1,43,-42
 元大桃園,00664R國泰臺灣加權反1,20,57,-37
 元大桃園,日月光投控,0,34,-34
 元大桃園,欣銓,19,52,-33
 元大桃園,新光金,0,31,-31
 元大桃園,00712復華富時不動產,0,25,-25
 元大桃園,00951台新日本半導體,0,23,-23
 元大桃園,興能高,99,122,-23
 元大桃園,神基,2,24,-22
 元大桃園,立��,54,76,-22
 元大桃園,順達,11,32,-21
 元大桃園,泰鼎-KY,0,21,-21
 元大桃園,金寶,2,23,-21
 元大桃園,景碩,1,22,-21
 元大桃園,00947台新臺灣IC設計,0,20,-20
 元大桃園,中石化,0,20,-20
 元大桃園,亞翔,4,24,-20
 元大桃園,00922國泰台灣領袖50,0,16,-16
 元大桃園,00679B元大美債20年,11,26,-15
 元大桃園,元大台灣50,4,19,-15
 元大桃園,長榮航,3,18,-15
 元大桃園,大同,7,22,-15
 元大桃園,康那香,0,15,-15
 元大桃園,鈞興-KY,0,15,-15
 元大桃園,昆盈,40,55,-15
 元大桃園,00762元大全球AI,0,15,-15
 元大桃園,精成科,6,20,-14
 元大桃園,00891中信關鍵半導體,3,17,-14
 元大桃園,圓剛,0,13,-13
 元大桃園,富喬,14,27,-13
 元大桃園,00934中信成長高股息,0,13,-13
 元大桃園,中信金,0,13,-13
 元大桃園,台灣虎航,0,12,-12
 元大桃園,光寶科,3,15,-12
 元大桃園,華新,3,15,-12
 元大桃園,國泰金,1,12,-11
 元大桃園,東元,1,12,-11
 元大桃園,邁達特,4,14,-10
 元大桃園,彰銀,0,10,-10
 元大桃園,威盛,25,35,-10
 元大桃園,國喬,0,10,-10
 元大桃園,00852L國泰美國道瓊正2,0,10,-10
聯邦商銀,神達,243,35,208
聯邦商銀,00673R期元大S＆P原油反1,121,10,111
聯邦商銀,聯邦銀,83,11,72
聯邦商銀,聯電,52,7,45
聯邦商銀,台灣虎航,46,1,45
聯邦商銀,00706L期元大S＆P日圓正2,50,10,40
聯邦商銀,冠德,45,5,40
聯邦商銀,00918大華優利高填息30,37,0,37
聯邦商銀,美食-KY,40,4,36
聯邦商銀,大聯大,30,0,30
聯邦商銀,邁達特,30,0,30
聯邦商銀,洋基工程,26,0,26
聯邦商銀,2888B新光金乙特,24,0,24
聯邦商銀,光聖,24,0,24
聯邦商銀,世界,21,0,21
聯邦商銀,00637L元大滬深300正2,20,0,20
聯邦商銀,富喬,25,7,18
聯邦商銀,長華*,17,0,17
聯邦商銀,00858永豐美國500大,15,0,15
聯邦商銀,00665L富邦�琤肭磪囓�2,15,0,15
聯邦商銀,陽明,14,0,14
聯邦商銀,00878國泰永續高股息,14,1,13
聯邦商銀,亞力,12,0,12
聯邦商銀,00720B元大投資級公司債,11,0,11
聯邦商銀,新盛力,21,10,11
聯邦商銀,廣明,10,0,10
聯邦商銀,台表科,10,0,10
聯邦商銀,美德醫療-DR,15,5,10
聯邦商銀,精成科,10,1,9
聯邦商銀,元大高股息,11,3,8
聯邦商銀,00919群益台灣精選高息,8,0,8
聯邦商銀,國泰金,7,0,7
聯邦商銀,緯創,5,0,5
聯邦商銀,國化,7,2,5
聯邦商銀,王品,5,0,5
聯邦商銀,國光生,5,0,5
聯邦商銀,力積電,9,4,5
聯邦商銀,00937B群益ESG投等債20,4,0,4
聯邦商銀,00679B元大美債20年,4,0,4
聯邦商銀,00715L期街口布蘭特正2,4,0,4
聯邦商銀,00935野村臺灣新科技50,4,0,4
聯邦商銀,英業達,6,2,4
聯邦商銀,敦陽科,4,0,4
聯邦商銀,華盈,4,0,4
聯邦商銀,驊訊,4,0,4
聯邦商銀,佳能,3,0,3
聯邦商銀,高鋒,3,0,3
聯邦商銀,福邦證,3,0,3
聯邦商銀,宇瞻,3,0,3
聯邦商銀,中鋼,2,0,2
聯邦商銀,華航,0,470,-470
聯邦商銀,00680L元大美債20正2,3,200,-197
聯邦商銀,順達,1,158,-157
聯邦商銀,建漢,5,120,-115
聯邦商銀,欣銓,1,93,-92
聯邦商銀,臻鼎-KY,3,53,-50
聯邦商銀,日月光投控,10,55,-45
聯邦商銀,台積電,3,47,-44
聯邦商銀,00929復華台灣科技優息,0,33,-33
聯邦商銀,金麗-KY,0,30,-30
聯邦商銀,凱基金,0,24,-24
聯邦商銀,00934中信成長高股息,0,21,-21
聯邦商銀,京元電子,2,23,-21
聯邦商銀,銘異,0,20,-20
聯邦商銀,中興電,0,18,-18
聯邦商銀,中華電,0,17,-17
聯邦商銀,世紀鋼,0,15,-15
聯邦商銀,興能高,15,28,-13
聯邦商銀,迅得,0,13,-13
聯邦商銀,達邁,5,16,-11
聯邦商銀,台翰,0,10,-10
聯邦商銀,台光電,0,10,-10
聯邦商銀,英濟,0,10,-10
聯邦商銀,連展投控,0,10,-10
聯邦商銀,廣運,0,10,-10
聯邦商銀,啟��,0,10,-10
聯邦商銀,昱展新藥,0,10,-10
聯邦商銀,泰金寶-DR,0,10,-10
聯邦商銀,遠東銀,0,10,-10
聯邦商銀,訊舟,0,8,-8
聯邦商銀,欣厚-KY,0,8,-8
聯邦商銀,明基材,0,8,-8
聯邦商銀,91APP*-KY,0,7,-7
聯邦商銀,聯亞,0,7,-7
聯邦商銀,華星光,18,25,-7
聯邦商銀,南茂,1,8,-7
聯邦商銀,旺矽,0,6,-6
聯邦商銀,006208富邦台50,0,5,-5
聯邦商銀,國票金,0,5,-5
聯邦商銀,台化,0,5,-5
聯邦商銀,華城,1,6,-5
聯邦商銀,華邦電,0,5,-5
聯邦商銀,漢翔,0,5,-5
聯邦商銀,晟銘電,0,5,-5
聯邦商銀,威健,0,5,-5
聯邦商銀,波若威,10,15,-5
聯邦商銀,創意,0,5,-5
聯邦商銀,良維,0,5,-5
聯邦商銀,博智,2,7,-5
聯邦商銀,昇達科,0,4,-4
 元大博愛,00706L期元大S＆P日圓正2,200,0,200
 元大博愛,聯電,189,35,154
 元大博愛,00878國泰永續高股息,175,66,109
 元大博愛,欣銓,120,43,77
 元大博愛,聯合再生,76,0,76
 元大博愛,00953B群益優選非投等債,60,0,60
 元大博愛,00632R元大台灣50反1,62,3,59
 元大博愛,00686R群益臺灣加權反1,50,0,50
 元大博愛,旺宏,42,0,42
 元大博愛,00679B元大美債20年,53,15,38
 元大博愛,00918大華優利高填息30,39,2,37
 元大博愛,元大高股息,59,25,34
 元大博愛,高興昌,36,2,34
 元大博愛,兆豐金,33,1,32
 元大博愛,和椿,58,26,32
 元大博愛,00937B群益ESG投等債20,33,2,31
 元大博愛,精成科,41,17,24
 元大博愛,振曜,26,2,24
 元大博愛,中信金,30,10,20
 元大博愛,新建,24,5,19
 元大博愛,00933B國泰10Y+金融債,30,11,19
 元大博愛,緯創,34,15,19
 元大博愛,能率,20,2,18
 元大博愛,泰金寶-DR,87,70,17
 元大博愛,00882中信中國高股息,15,0,15
 元大博愛,南亞,21,7,14
 元大博愛,南茂,20,6,14
 元大博愛,00960野村全球航運龍頭,14,0,14
 元大博愛,眾達-KY,39,26,13
 元大博愛,直得,13,0,13
 元大博愛,台塑,20,7,13
 元大博愛,萬潤,14,2,12
 元大博愛,00915凱基優選高股息30,12,0,12
 元大博愛,宏��,13,1,12
 元大博愛,星宇航空,14,2,12
 元大博愛,波若威,70,59,11
 元大博愛,00680L元大美債20正2,91,80,11
 元大博愛,綠界科技*,21,10,11
 元大博愛,連展投控,13,2,11
 元大博愛,00673R期元大S＆P原油反1,11,0,11
 元大博愛,至上,10,0,10
 元大博愛,新復興,11,1,10
 元大博愛,00958B永豐ESG銀行債15,10,0,10
 元大博愛,國喬,11,1,10
 元大博愛,新光鋼,10,0,10
 元大博愛,00881國泰台灣5G+,12,3,9
 元大博愛,00687B國泰20年美債,10,1,9
 元大博愛,欣興,21,12,9
 元大博愛,京元電子,21,12,9
 元大博愛,00633L富邦上証正2,9,0,9
 元大博愛,00637L元大滬深300正2,197,486,-289
 元大博愛,00665L富邦�琤肭磪囓�2,10,297,-287
 元大博愛,00965元大航太防衛科技,16,143,-127
 元大博愛,00929復華台灣科技優息,0,98,-98
 元大博愛,中石化,0,72,-72
 元大博愛,中鴻,2,66,-64
 元大博愛,如興,0,60,-60
 元大博愛,三商壽,10,67,-57
 元大博愛,凱基金,3,56,-53
 元大博愛,中鋼,9,61,-52
 元大博愛,英業達,16,63,-47
 元大博愛,00688L國泰20年美債正2,35,80,-45
 元大博愛,006208富邦台50,15,59,-44
 元大博愛,00919群益台灣精選高息,81,125,-44
 元大博愛,力積電,81,121,-40
 元大博愛,宏達電,86,125,-39
 元大博愛,00877復華中國5G,1,40,-39
 元大博愛,騰輝電子-KY,3,37,-34
 元大博愛,神達,163,196,-33
 元大博愛,玉山金,1,33,-32
 元大博愛,永道-KY,0,31,-31
 元大博愛,00903富邦元宇宙,0,29,-29
 元大博愛,日月光投控,6,32,-26
 元大博愛,元大寶滬深,0,25,-25
 元大博愛,宏致,46,71,-25
 元大博愛,華航,0,25,-25
 元大博愛,保瑞,27,52,-25
 元大博愛,良維,0,24,-24
 元大博愛,群創,0,23,-23
 元大博愛,事欣科,4,27,-23
 元大博愛,萬海,0,21,-21
 元大博愛,00664R國泰臺灣加權反1,0,20,-20
 元大博愛,00895富邦未來車,0,20,-20
 元大博愛,00936台新永續高息中小,2,20,-18
 元大博愛,中華電,0,18,-18
 元大博愛,澤米,1,18,-17
 元大博愛,華票,0,17,-17
 元大博愛,00675L富邦臺灣加權正2,2,19,-17
 元大博愛,00940元大台灣價值高息,30,46,-16
 元大博愛,00891中信關鍵半導體,1,16,-15
 元大博愛,可成,0,15,-15
 元大博愛,00923群益台ESG低碳50,0,15,-15
 元大博愛,友達,11,26,-15
 元大博愛,擎亞,16,30,-14
 元大博愛,銘旺科,0,14,-14
 元大博愛,宏觀,0,14,-14
 元大博愛,國泰金,1,15,-14
 元大博愛,恩德,2,15,-13
 元大博愛,安集,0,13,-13
 元大博愛,長榮航,12,25,-13
群益期貨,聯亞,72,0,72
第一忠孝,廣達,386,4,382
第一忠孝,00795B中信美國公債20年,324,0,324
第一忠孝,台塑,270,0,270
第一忠孝,聯電,168,41,127
第一忠孝,陽明,116,25,91
第一忠孝,00954中信日本半導體,90,10,80
第一忠孝,波若威,66,15,51
第一忠孝,華碩,50,0,50
第一忠孝,良維,50,0,50
第一忠孝,日月光投控,50,4,46
第一忠孝,宏達電,61,15,46
第一忠孝,濱川,41,1,40
第一忠孝,朋億*,90,50,40
第一忠孝,凱衛,34,0,34
第一忠孝,臺企銀,33,0,33
第一忠孝,志強-KY,30,0,30
第一忠孝,鴻海,50,20,30
第一忠孝,聯發科,65,35,30
第一忠孝,美律,28,1,27
第一忠孝,星通,25,2,23
第一忠孝,茂達,22,0,22
第一忠孝,信驊,21,0,21
第一忠孝,大同,22,1,21
第一忠孝,00945B凱基美國非投等債,20,0,20
第一忠孝,新華,20,0,20
第一忠孝,華航,23,3,20
第一忠孝,順達,25,6,19
第一忠孝,宏盛,18,0,18
第一忠孝,新光金,20,3,17
第一忠孝,世紀鋼,15,0,15
第一忠孝,00878國泰永續高股息,17,2,15
第一忠孝,00679B元大美債20年,14,0,14
第一忠孝,廣隆,14,0,14
第一忠孝,00858永豐美國500大,13,0,13
第一忠孝,中鋼,14,1,13
第一忠孝,泰金-KY,13,0,13
第一忠孝,00632R元大台灣50反1,12,0,12
第一忠孝,00830國泰費城半導體,11,0,11
第一忠孝,易威,11,0,11
第一忠孝,00910第一金太空衛星,10,0,10
第一忠孝,高雄銀,10,0,10
第一忠孝,中信金,15,5,10
第一忠孝,力成,16,6,10
第一忠孝,中興電,12,3,9
第一忠孝,三商電,10,1,9
第一忠孝,兆豐金,8,0,8
第一忠孝,00673R期元大S＆P原油反1,7,0,7
第一忠孝,億豐,7,0,7
第一忠孝,00937B群益ESG投等債20,6,0,6
第一忠孝,緯創,11,6,5
第一忠孝,01010T京城樂富R1,0,817,-817
第一忠孝,00655L國泰中國A50正2,0,295,-295
第一忠孝,群創,2,119,-117
第一忠孝,泰金寶-DR,17,119,-102
第一忠孝,00650L復華香港正2,0,100,-100
第一忠孝,華南金,5,105,-100
第一忠孝,00637L元大滬深300正2,23,106,-83
第一忠孝,00881國泰台灣5G+,0,63,-63
第一忠孝,台積電,11,67,-56
第一忠孝,南亞,0,45,-45
第一忠孝,00918大華優利高填息30,19,62,-43
第一忠孝,擎亞,0,41,-41
第一忠孝,英濟,11,48,-37
第一忠孝,神達,12,47,-35
第一忠孝,富喬,5,39,-34
第一忠孝,宏致,8,41,-33
第一忠孝,彬台,0,31,-31
第一忠孝,和碩,0,28,-28
第一忠孝,立敦,78,106,-28
第一忠孝,中鴻,0,27,-27
第一忠孝,欣銓,6,31,-25
第一忠孝,新盛力,28,53,-25
第一忠孝,南港,0,20,-20
第一忠孝,海悅,0,20,-20
第一忠孝,中工,0,20,-20
第一忠孝,寬宏藝術,0,20,-20
第一忠孝,富邦金,5,25,-20
第一忠孝,國泰金,0,17,-17
第一忠孝,00929復華台灣科技優息,2,19,-17
第一忠孝,玉山金,1,17,-16
第一忠孝,國票金,0,16,-16
第一忠孝,00909國泰數位支付服務,0,13,-13
第一忠孝,00715L期街口布蘭特正2,0,13,-13
第一忠孝,00936台新永續高息中小,0,13,-13
第一忠孝,永豐餘,2,14,-12
第一忠孝,尚立,0,12,-12
第一忠孝,元大高股息,17,28,-11
第一忠孝,華星光,12,23,-11
第一忠孝,台達電,3,14,-11
第一忠孝,佳世達,0,11,-11
第一忠孝,正崴,1,12,-11
第一忠孝,00940元大台灣價值高息,1,11,-10
第一忠孝,致伸,0,10,-10
第一忠孝,來頡,0,10,-10
第一忠孝,南茂,0,10,-10
第一忠孝,邦泰,0,10,-10
第一忠孝,00640L富邦日本正2,1,10,-9
第一忠孝,亞航,1,10,-9
第一忠孝,乙盛-KY,1,10,-9
第一忠孝,久昌,6,15,-9
永豐內湖,台塑,339,90,249
永豐內湖,00637L元大滬深300正2,227,10,217
永豐內湖,南亞,134,2,132
永豐內湖,宏達電,175,50,125
永豐內湖,欣銓,121,9,112
永豐內湖,台塑化,123,11,112
永豐內湖,創意,104,4,100
永豐內湖,立隆電,106,12,94
永豐內湖,南亞科,83,2,81
永豐內湖,大成鋼,84,5,79
永豐內湖,聯電,1220,1143,77
永豐內湖,00680L元大美債20正2,72,0,72
永豐內湖,偉訓,74,4,70
永豐內湖,台玻,66,10,56
永豐內湖,迅得,78,24,54
永豐內湖,00673R期元大S＆P原油反1,50,0,50
永豐內湖,神達,108,59,49
永豐內湖,元大高股息,48,1,47
永豐內湖,力積電,67,22,45
永豐內湖,00665L富邦�琤肭磪囓�2,41,0,41
永豐內湖,昆盈,39,0,39
永豐內湖,富采,34,1,33
永豐內湖,連展投控,42,10,32
永豐內湖,騰輝電子-KY,31,0,31
永豐內湖,采鈺,27,0,27
永豐內湖,00687B國泰20年美債,27,1,26
永豐內湖,新日興,44,19,25
永豐內湖,創惟,31,6,25
永豐內湖,泰鼎-KY,25,0,25
永豐內湖,00960野村全球航運龍頭,23,0,23
永豐內湖,00706L期元大S＆P日圓正2,20,0,20
永豐內湖,岱宇,22,2,20
永豐內湖,00918大華優利高填息30,21,1,20
永豐內湖,新鉅科,20,0,20
永豐內湖,台泥,19,0,19
永豐內湖,創威,20,2,18
永豐內湖,台化,19,1,18
永豐內湖,永豐金,16,0,16
永豐內湖,富喬,33,17,16
永豐內湖,國眾,15,0,15
永豐內湖,三芳,25,10,15
永豐內湖,能率網通,14,0,14
永豐內湖,百和興業-KY,14,0,14
永豐內湖,順達,27,13,14
永豐內湖,聯鈞,124,110,14
永豐內湖,福懋油,12,0,12
永豐內湖,00937B群益ESG投等債20,12,0,12
永豐內湖,泰谷,12,0,12
永豐內湖,易發,12,0,12
永豐內湖,新建,14,3,11
永豐內湖,亞光,67,734,-667
永豐內湖,00887永豐中國科技50大,0,400,-400
永豐內湖,驊訊,72,325,-253
永豐內湖,宏齊,19,252,-233
永豐內湖,微星,1,230,-229
永豐內湖,華新,112,237,-125
永豐內湖,00945B凱基美國非投等債,80,201,-121
永豐內湖,凱基金,0,105,-105
永豐內湖,00632R元大台灣50反1,5,104,-99
永豐內湖,眾達-KY,56,140,-84
永豐內湖,jpp-KY,1,84,-83
永豐內湖,建國,0,76,-76
永豐內湖,上銀,9,82,-73
永豐內湖,中光電,0,54,-54
永豐內湖,皇昌,48,101,-53
永豐內湖,大同,5,55,-50
永豐內湖,2883B凱基金乙特,0,50,-50
永豐內湖,00683L期元大美元指正2,0,49,-49
永豐內湖,濱川,0,49,-49
永豐內湖,東和鋼鐵,0,47,-47
永豐內湖,元大台灣50,5,50,-45
永豐內湖,IET-KY,17,62,-45
永豐內湖,昇達科,52,93,-41
永豐內湖,00929復華台灣科技優息,14,52,-38
永豐內湖,國泰金,4,40,-36
永豐內湖,久昌,0,32,-32
永豐內湖,00885富邦越南,0,25,-25
永豐內湖,南茂,1,25,-24
永豐內湖,00959B大華投等美債15Y+,0,20,-20
永豐內湖,佳邦,1,20,-19
永豐內湖,世禾,2,20,-18
永豐內湖,達興材料,1,18,-17
永豐內湖,華星光,36,52,-16
永豐內湖,惠特,0,16,-16
永豐內湖,至上,0,15,-15
永豐內湖,00904新光臺灣半導體30,0,15,-15
永豐內湖,海光,28,43,-15
永豐內湖,中鴻,0,15,-15
永豐內湖,00675L富邦臺灣加權正2,0,15,-15
永豐內湖,中鋼,2,16,-14
永豐內湖,熱映,0,14,-14
永豐內湖,宏��,0,13,-13
永豐內湖,00924復華S＆P500成長,0,13,-13
永豐內湖,建漢,0,13,-13
永豐內湖,第一金,0,13,-13
永豐內湖,前鼎,16,29,-13
永豐內湖,大立光,0,12,-12
永豐內湖,00939統一台灣高息動能,0,11,-11
永豐內湖,2888B新光金乙特,0,11,-11
永豐內湖,喬山,0,11,-11
富邦仁愛,00919群益台灣精選高息,534,22,512
富邦仁愛,元大高股息,453,58,395
富邦仁愛,00878國泰永續高股息,428,67,361
富邦仁愛,00953B群益優選非投等債,350,12,338
富邦仁愛,聯電,299,88,211
富邦仁愛,智邦,213,16,197
富邦仁愛,00680L元大美債20正2,224,31,193
富邦仁愛,慧洋-KY,190,1,189
富邦仁愛,神達,748,584,164
富邦仁愛,全新,146,3,143
富邦仁愛,泰鼎-KY,137,0,137
富邦仁愛,00882中信中國高股息,130,17,113
富邦仁愛,聯鈞,164,63,101
富邦仁愛,新光金,151,54,97
富邦仁愛,擎亞,135,41,94
富邦仁愛,事欣科,95,6,89
富邦仁愛,華新,82,13,69
富邦仁愛,大成鋼,67,6,61
富邦仁愛,聯德控股-KY,58,0,58
富邦仁愛,00915凱基優選高股息30,64,8,56
富邦仁愛,泰金寶-DR,118,62,56
富邦仁愛,00671R富邦NASDAQ反1,55,0,55
富邦仁愛,00753L中信中國50正2,54,2,52
富邦仁愛,00945B凱基美國非投等債,50,1,49
富邦仁愛,順達,182,136,46
富邦仁愛,弘凱,45,0,45
富邦仁愛,聯合再生,100,57,43
富邦仁愛,榮群,42,0,42
富邦仁愛,台耀,41,0,41
富邦仁愛,前鼎,51,10,41
富邦仁愛,愛之味,50,10,40
富邦仁愛,00910第一金太空衛星,64,26,38
富邦仁愛,欣興,50,13,37
富邦仁愛,國邑*,33,0,33
富邦仁愛,皇昌,57,24,33
富邦仁愛,00751B元大AAA至A公司債,37,5,32
富邦仁愛,中化控股,35,4,31
富邦仁愛,友訊,43,13,30
富邦仁愛,泰茂,32,2,30
富邦仁愛,聯光通,47,18,29
富邦仁愛,圓剛,48,21,27
富邦仁愛,澤米,28,2,26
富邦仁愛,00665L富邦�琤肭磪囓�2,142,117,25
富邦仁愛,00687B國泰20年美債,70,45,25
富邦仁愛,宏達電,172,148,24
富邦仁愛,00907永豐優息存股,24,0,24
富邦仁愛,第一金,25,2,23
富邦仁愛,00725B國泰投資級公司債,27,4,23
富邦仁愛,昇達科,34,12,22
富邦仁愛,立��,44,22,22
富邦仁愛,00980B台新特選IG債10+,20,1435,-1415
富邦仁愛,國喬,2,709,-707
富邦仁愛,00770國泰北美科技,1,658,-657
富邦仁愛,英業達,38,546,-508
富邦仁愛,00673R期元大S＆P原油反1,53,345,-292
富邦仁愛,00929復華台灣科技優息,19,281,-262
富邦仁愛,中信金,7,238,-231
富邦仁愛,00881國泰台灣5G+,20,211,-191
富邦仁愛,00893國泰智能電動車,20,205,-185
富邦仁愛,冠德,0,165,-165
富邦仁愛,富邦金,10,173,-163
富邦仁愛,長榮航,32,181,-149
富邦仁愛,00892富邦台灣半導體,34,160,-126
富邦仁愛,00940元大台灣價值高息,12,134,-122
富邦仁愛,凱基金,1,117,-116
富邦仁愛,台肥,0,113,-113
富邦仁愛,00637L元大滬深300正2,279,390,-111
富邦仁愛,00954中信日本半導體,12,118,-106
富邦仁愛,元大台灣50,11,117,-106
富邦仁愛,晟銘電,3,108,-105
富邦仁愛,00639富邦深100,0,100,-100
富邦仁愛,鴻海,54,151,-97
富邦仁愛,台新金,39,134,-95
富邦仁愛,00937B群益ESG投等債20,92,182,-90
富邦仁愛,岱稜,1,85,-84
富邦仁愛,00922國泰台灣領袖50,26,104,-78
富邦仁愛,洋華,3,76,-73
富邦仁愛,緯創,124,193,-69
富邦仁愛,北基,1,68,-67
富邦仁愛,日月光投控,4,70,-66
富邦仁愛,華星光,80,141,-61
富邦仁愛,台灣虎航,25,84,-59
富邦仁愛,00830國泰費城半導體,19,76,-57
富邦仁愛,勝悅-KY,0,52,-52
富邦仁愛,00941中信上游半導體,22,70,-48
富邦仁愛,美利達,1,48,-47
富邦仁愛,欣銓,28,75,-47
富邦仁愛,龍巖,0,46,-46
富邦仁愛,力積電,358,401,-43
富邦仁愛,亞光,118,161,-43
富邦仁愛,華南金,0,43,-43
富邦仁愛,合正,1,42,-41
富邦仁愛,華紙,0,41,-41
富邦仁愛,臺企銀,3,44,-41
富邦仁愛,00911兆豐洲際半導體,0,40,-40
富邦仁愛,00891中信關鍵半導體,14,53,-39
富邦仁愛,00715L期街口布蘭特正2,3,42,-39
富邦仁愛,台積電,41,78,-37
富邦仁愛,長榮,22,59,-37
富邦仁愛,00675L富邦臺灣加權正2,12,48,-36
富邦南員,00673R期元大S＆P原油反1,350,0,350
富邦南員,00953B群益優選非投等債,211,0,211
富邦南員,聯電,169,42,127
富邦南員,上曜,81,1,80
富邦南員,00637L元大滬深300正2,57,1,56
富邦南員,台航,54,0,54
富邦南員,緯創,39,5,34
富邦南員,能率網通,33,0,33
富邦南員,00924復華S＆P500成長,29,0,29
富邦南員,和椿,38,10,28
富邦南員,凱美,22,0,22
富邦南員,台新金,21,0,21
富邦南員,百和興業-KY,20,0,20
富邦南員,00687B國泰20年美債,18,1,17
富邦南員,欣興,17,1,16
富邦南員,寶緯,16,0,16
富邦南員,力山,15,0,15
富邦南員,中工,15,0,15
富邦南員,光群雷,15,0,15
富邦南員,立��,17,4,13
富邦南員,中鋼,13,1,12
富邦南員,四維航,12,0,12
富邦南員,00940元大台灣價值高息,20,8,12
富邦南員,寶得利,34,23,11
富邦南員,鴻華先進-創,11,0,11
富邦南員,大量,11,0,11
富邦南員,00858永豐美國500大,11,0,11
富邦南員,00891中信關鍵半導體,11,0,11
富邦南員,00960野村全球航運龍頭,10,0,10
富邦南員,力成,10,0,10
富邦南員,群創,14,4,10
富邦南員,00918大華優利高填息30,10,0,10
富邦南員,百和,10,0,10
富邦南員,00770國泰北美科技,10,0,10
富邦南員,勤美,10,0,10
富邦南員,昇陽,10,0,10
富邦南員,00887永豐中國科技50大,10,0,10
富邦南員,00686R群益臺灣加權反1,10,0,10
富邦南員,聯華,10,1,9
富邦南員,英業達,19,11,8
富邦南員,訊芯-KY,35,27,8
富邦南員,富喬,20,12,8
富邦南員,大銀微系統,9,2,7
富邦南員,橘子,7,0,7
富邦南員,僑威,16,9,7
富邦南員,力智,6,0,6
富邦南員,佳格,6,0,6
富邦南員,玉山金,10,4,6
富邦南員,00679B元大美債20年,5,0,5
富邦南員,福懋,5,0,5
富邦南員,00937B群益ESG投等債20,28,422,-394
富邦南員,國喬,0,76,-76
富邦南員,00965元大航太防衛科技,0,72,-72
富邦南員,00929復華台灣科技優息,1,68,-67
富邦南員,冠軍,0,60,-60
富邦南員,晟德,0,52,-52
富邦南員,友訊,3,51,-48
富邦南員,00952凱基台灣AI50,0,45,-45
富邦南員,佳能,1,43,-42
富邦南員,欣銓,18,59,-41
富邦南員,神達,121,161,-40
富邦南員,志強-KY,0,40,-40
富邦南員,宏達電,68,105,-37
富邦南員,神基,1,37,-36
富邦南員,大成鋼,6,38,-32
富邦南員,新復興,0,30,-30
富邦南員,力積電,15,42,-27
富邦南員,新光金,1,27,-26
富邦南員,富邦金,1,26,-25
富邦南員,華航,0,23,-23
富邦南員,聯強,6,29,-23
富邦南員,陽明,3,26,-23
富邦南員,允強,0,22,-22
富邦南員,長榮航,8,30,-22
富邦南員,00950B凱基A級公司債,2,23,-21
富邦南員,中裕,0,21,-21
富邦南員,00905FT臺灣Smart,2,23,-21
富邦南員,力新,0,20,-20
富邦南員,00970B新光BBB投等債20,0,20,-20
富邦南員,00943兆豐電子高息等權,0,20,-20
富邦南員,南茂,5,24,-19
富邦南員,亞翔,9,26,-17
富邦南員,00947台新臺灣IC設計,0,17,-17
富邦南員,00881國泰台灣5G+,6,22,-16
富邦南員,南亞科,19,35,-16
富邦南員,00902中信電池及儲能,0,15,-15
富邦南員,農林,0,15,-15
富邦南員,台虹,24,37,-13
富邦南員,榮剛,0,13,-13
富邦南員,連展投控,0,13,-13
富邦南員,順達,4,15,-11
富邦南員,聯光通,1,12,-11
富邦南員,大同,1,12,-11
富邦南員,精成科,7,18,-11
富邦南員,華南金,0,10,-10
富邦南員,寶成,1,11,-10
富邦南員,00942B台新美A公司債20+,0,10,-10
富邦南員,00715L期街口布蘭特正2,0,10,-10
富邦南員,東台,2,12,-10
富邦南員,大洋,0,10,-10
第一新竹,力積電,231,51,180
第一新竹,00971野村美國研發龍頭,97,0,97
第一新竹,00878國泰永續高股息,97,5,92
第一新竹,亞電,57,0,57
第一新竹,00953B群益優選非投等債,50,2,48
第一新竹,元大高股息,63,17,46
第一新竹,聯電,66,23,43
第一新竹,00919群益台灣精選高息,58,17,41
第一新竹,凱美,50,13,37
第一新竹,00676R富邦臺灣加權反1,35,0,35
第一新竹,華邦電,31,1,30
第一新竹,夏都,30,0,30
第一新竹,昇達科,46,17,29
第一新竹,遠東銀,29,0,29
第一新竹,00637L元大滬深300正2,87,62,25
第一新竹,00751B元大AAA至A公司債,24,0,24
第一新竹,合庫金,23,0,23
第一新竹,嘉里大榮,23,0,23
第一新竹,00687B國泰20年美債,20,0,20
第一新竹,頎邦,20,0,20
第一新竹,迅杰,18,0,18
第一新竹,亞光,21,4,17
第一新竹,聯鈞,30,15,15
第一新竹,00665L富邦�琤肭磪囓�2,15,0,15
第一新竹,00719B元大美債1-3,15,0,15
第一新竹,譁裕,15,0,15
第一新竹,華通,16,3,13
第一新竹,00680L元大美債20正2,12,0,12
第一新竹,一詮,12,0,12
第一新竹,00830國泰費城半導體,11,0,11
第一新竹,南電,10,0,10
第一新竹,00673R期元大S＆P原油反1,10,0,10
第一新竹,00633L富邦上証正2,20,10,10
第一新竹,燿華,10,0,10
第一新竹,盟立,10,0,10
第一新竹,五福,10,0,10
第一新竹,英業達,22,13,9
第一新竹,順達,31,22,9
第一新竹,濱川,9,0,9
第一新竹,洋華,9,0,9
第一新竹,立��,9,0,9
第一新竹,精成科,13,4,9
第一新竹,雍智科技,9,0,9
第一新竹,緯創,51,43,8
第一新竹,兆豐金,8,0,8
第一新竹,潤泰全,8,0,8
第一新竹,台積電,22,14,8
第一新竹,昇陽半導體,9,2,7
第一新竹,大成,6,0,6
第一新竹,欣興,39,33,6
第一新竹,北基,0,150,-150
第一新竹,00887永豐中國科技50大,0,125,-125
第一新竹,00639富邦深100,0,73,-73
第一新竹,00675L富邦臺灣加權正2,0,69,-69
第一新竹,擎亞,0,66,-66
第一新竹,00642U期元大S＆P石油,0,58,-58
第一新竹,第一金,16,71,-55
第一新竹,華南金,1,50,-49
第一新竹,00929復華台灣科技優息,2,42,-40
第一新竹,00937B群益ESG投等債20,11,50,-39
第一新竹,久昌,1,34,-33
第一新竹,新光金,0,30,-30
第一新竹,裕隆,0,25,-25
第一新竹,萬海,1,26,-25
第一新竹,00712復華富時不動產,5,30,-25
第一新竹,00655L國泰中國A50正2,0,24,-24
第一新竹,宏致,0,24,-24
第一新竹,中信金,2,24,-22
第一新竹,陽明,13,35,-22
第一新竹,東台,9,30,-21
第一新竹,岱宇,0,21,-21
第一新竹,00911兆豐洲際半導體,2,22,-20
第一新竹,聯光通,2,22,-20
第一新竹,永道-KY,0,18,-18
第一新竹,006208富邦台50,5,21,-16
第一新竹,揚智,0,16,-16
第一新竹,鴻海,4,20,-16
第一新竹,凱基金,5,20,-15
第一新竹,00720B元大投資級公司債,0,14,-14
第一新竹,慧洋-KY,1,15,-14
第一新竹,安集,6,20,-14
第一新竹,元大台灣50,4,17,-13
第一新竹,群電,0,12,-12
第一新竹,綠界科技*,0,12,-12
第一新竹,宏達電,62,73,-11
第一新竹,富邦金,0,11,-11
第一新竹,ITH-KY,0,11,-11
第一新竹,新盛力,42,52,-10
第一新竹,00948B中信優息投資級債,0,10,-10
第一新竹,華新,10,20,-10
第一新竹,中華電,0,10,-10
第一新竹,鉅祥,0,10,-10
第一新竹,廣運,0,10,-10
第一新竹,豐藝,0,10,-10
第一新竹,合騏,10,20,-10
第一新竹,原相,0,10,-10
第一新竹,波若威,37,47,-10
第一新竹,廣宇,0,9,-9
第一新竹,驊訊,1,10,-9
第一新竹,群聯,2,10,-8
凱基嘉義,聯電,76,17,59
凱基嘉義,鈺德,48,0,48
凱基嘉義,00858永豐美國500大,46,0,46
凱基嘉義,泰金寶-DR,41,3,38
凱基嘉義,00878國泰永續高股息,30,0,30
凱基嘉義,00922國泰台灣領袖50,30,1,29
凱基嘉義,宏��,29,0,29
凱基嘉義,群創,30,2,28
凱基嘉義,00919群益台灣精選高息,25,0,25
凱基嘉義,00637L元大滬深300正2,26,2,24
凱基嘉義,合庫金,22,0,22
凱基嘉義,00676R富邦臺灣加權反1,21,0,21
凱基嘉義,00633L富邦上証正2,20,0,20
凱基嘉義,富驊,16,0,16
凱基嘉義,太景*-KY,15,0,15
凱基嘉義,精華,11,0,11
凱基嘉義,三商壽,12,1,11
凱基嘉義,興能高,97,87,10
凱基嘉義,創惟,11,1,10
凱基嘉義,00852L國泰美國道瓊正2,10,0,10
凱基嘉義,00673R期元大S＆P原油反1,10,0,10
凱基嘉義,00680L元大美債20正2,10,0,10
凱基嘉義,00720B元大投資級公司債,10,0,10
凱基嘉義,南港,10,0,10
凱基嘉義,欣興,11,2,9
凱基嘉義,00733富邦臺灣中小,9,0,9
凱基嘉義,彩晶,9,0,9
凱基嘉義,鴻準,16,7,9
凱基嘉義,錸德,8,0,8
凱基嘉義,長榮航,14,6,8
凱基嘉義,亞光,21,13,8
凱基嘉義,驊訊,7,0,7
凱基嘉義,元大高股息,10,3,7
凱基嘉義,緯創,14,8,6
凱基嘉義,00725B國泰投資級公司債,6,0,6
凱基嘉義,00712復華富時不動產,7,1,6
凱基嘉義,鴻華先進-創,6,0,6
凱基嘉義,環宇-KY,51,46,5
凱基嘉義,強茂,5,0,5
凱基嘉義,華晶科,5,0,5
凱基嘉義,00895富邦未來車,5,0,5
凱基嘉義,00882中信中國高股息,5,0,5
凱基嘉義,新建,5,0,5
凱基嘉義,大銀微系統,9,4,5
凱基嘉義,福華,5,0,5
凱基嘉義,上曜,4,0,4
凱基嘉義,三晃,4,0,4
凱基嘉義,00960野村全球航運龍頭,4,0,4
凱基嘉義,東鹼,5,1,4
凱基嘉義,新應材,4,1,3
凱基嘉義,連展投控,0,101,-101
凱基嘉義,力積電,7,104,-97
凱基嘉義,00632R元大台灣50反1,0,95,-95
凱基嘉義,00971野村美國研發龍頭,10,105,-95
凱基嘉義,00891中信關鍵半導體,0,61,-61
凱基嘉義,凱基金,0,57,-57
凱基嘉義,00679B元大美債20年,6,60,-54
凱基嘉義,00688L國泰20年美債正2,0,45,-45
凱基嘉義,00948B中信優息投資級債,0,45,-45
凱基嘉義,旺宏,0,40,-40
凱基嘉義,新光金,2,31,-29
凱基嘉義,漢翔,0,22,-22
凱基嘉義,00951台新日本半導體,0,20,-20
凱基嘉義,國泰金,2,22,-20
凱基嘉義,台積電,2,21,-19
凱基嘉義,00687B國泰20年美債,1,19,-18
凱基嘉義,欣銓,7,25,-18
凱基嘉義,00980B台新特選IG債10+,5,22,-17
凱基嘉義,萬海,0,17,-17
凱基嘉義,台灣高鐵,0,17,-17
凱基嘉義,長園科,0,15,-15
凱基嘉義,00665L富邦�琤肭磪囓�2,11,25,-14
凱基嘉義,00715L期街口布蘭特正2,0,14,-14
凱基嘉義,智原,0,14,-14
凱基嘉義,華南金,0,13,-13
凱基嘉義,台化,0,12,-12
凱基嘉義,東浦,0,11,-11
凱基嘉義,日月光投控,3,14,-11
凱基嘉義,神達,13,23,-10
凱基嘉義,00965元大航太防衛科技,0,10,-10
凱基嘉義,華新,0,9,-9
凱基嘉義,陽明,2,11,-9
凱基嘉義,華航,1,10,-9
凱基嘉義,宏達電,14,22,-8
凱基嘉義,00936台新永續高息中小,0,8,-8
凱基嘉義,00952凱基台灣AI50,0,8,-8
凱基嘉義,00830國泰費城半導體,3,9,-6
凱基嘉義,凌巨,0,6,-6
凱基嘉義,佳邦,0,6,-6
凱基嘉義,大同,1,6,-5
凱基嘉義,00631L元大台灣50正2,0,5,-5
凱基嘉義,00940元大台灣價值高息,0,5,-5
凱基嘉義,得力,0,5,-5
凱基嘉義,台玻,0,5,-5
凱基嘉義,宏致,0,5,-5
凱基嘉義,磐亞,0,5,-5
凱基嘉義,胡連,0,5,-5
凱基嘉義,義隆,0,5,-5
凱基嘉義,昇達科,5,10,-5
凱基嘉義,星宇航空,1,6,-5
國泰台南,聯電,316,57,259
國泰台南,星宇航空,194,8,186
國泰台南,00673R期元大S＆P原油反1,181,1,180
國泰台南,群創,114,15,99
國泰台南,00878國泰永續高股息,137,40,97
國泰台南,00637L元大滬深300正2,144,57,87
國泰台南,00706L期元大S＆P日圓正2,101,30,71
國泰台南,00753L中信中國50正2,69,1,68
國泰台南,00722B群益投資級電信債,60,0,60
國泰台南,00712復華富時不動產,77,18,59
國泰台南,00919群益台灣精選高息,85,29,56
國泰台南,00918大華優利高填息30,43,1,42
國泰台南,兆豐金,42,3,39
國泰台南,00687B國泰20年美債,100,64,36
國泰台南,立��,73,38,35
國泰台南,立敦,67,32,35
國泰台南,元大高股息,49,14,35
國泰台南,新光金,98,65,33
國泰台南,00858永豐美國500大,33,2,31
國泰台南,00679B元大美債20年,30,0,30
國泰台南,泰金寶-DR,87,58,29
國泰台南,00881國泰台灣5G+,46,19,27
國泰台南,英業達,79,53,26
國泰台南,00971野村美國研發龍頭,25,2,23
國泰台南,00665L富邦�琤肭磪囓�2,25,3,22
國泰台南,00671R富邦NASDAQ反1,20,0,20
國泰台南,00638R元大滬深300反1,20,0,20
國泰台南,欣銓,66,47,19
國泰台南,統一超,18,0,18
國泰台南,陽明,34,17,17
國泰台南,00935野村臺灣新科技50,28,13,15
國泰台南,00733富邦臺灣中小,18,3,15
國泰台南,欣興,31,16,15
國泰台南,宏達電,253,238,15
國泰台南,海華,32,18,14
國泰台南,00725B國泰投資級公司債,14,0,14
國泰台南,00962台新AI優息動能,15,1,14
國泰台南,中光電,13,0,13
國泰台南,永豐金,14,1,13
國泰台南,康霈*,12,0,12
國泰台南,科妍,12,1,11
國泰台南,磐儀,12,1,11
國泰台南,北基,11,0,11
國泰台南,濱川,13,2,11
國泰台南,元大金,13,2,11
國泰台南,00882中信中國高股息,15,4,11
國泰台南,00907永豐優息存股,11,0,11
國泰台南,聯成,11,0,11
國泰台南,00713元大台灣高息低波,13,3,10
國泰台南,系統電,10,0,10
國泰台南,力積電,51,226,-175
國泰台南,00929復華台灣科技優息,16,183,-167
國泰台南,00941中信上游半導體,1,133,-132
國泰台南,三商壽,5,101,-96
國泰台南,00940元大台灣價值高息,5,99,-94
國泰台南,宏致,8,94,-86
國泰台南,神達,138,206,-68
國泰台南,006208富邦台50,20,75,-55
國泰台南,華航,2,57,-55
國泰台南,緯創,104,156,-52
國泰台南,凱基金,6,57,-51
國泰台南,玉山金,0,41,-41
國泰台南,長榮航,22,60,-38
國泰台南,00953B群益優選非投等債,15,52,-37
國泰台南,擎亞,14,51,-37
國泰台南,康那香,1,37,-36
國泰台南,00954中信日本半導體,0,34,-34
國泰台南,冠軍,2,35,-33
國泰台南,00664R國泰臺灣加權反1,32,63,-31
國泰台南,大同,3,34,-31
國泰台南,眾達-KY,44,74,-30
國泰台南,興能高,164,194,-30
國泰台南,寶成,0,28,-28
國泰台南,台積電,18,46,-28
國泰台南,中工,32,59,-27
國泰台南,臺企銀,2,27,-25
國泰台南,和椿,53,78,-25
國泰台南,元大台灣50,2,25,-23
國泰台南,00939統一台灣高息動能,1,22,-21
國泰台南,鴻華先進-創,2,23,-21
國泰台南,新漢,2,22,-20
國泰台南,光寶科,0,20,-20
國泰台南,00945B凱基美國非投等債,5,24,-19
國泰台南,台泥,7,26,-19
國泰台南,商億-KY,11,30,-19
國泰台南,安國,1,19,-18
國泰台南,00956中信日經高股息,0,18,-18
國泰台南,00670L富邦NASDAQ正2,0,18,-18
國泰台南,上銀,11,28,-17
國泰台南,台塑化,12,28,-16
國泰台南,台達電,10,26,-16
國泰台南,台塑,8,25,-17
國泰台南,國泰金,6,21,-15
國泰台南,順達,54,70,-16
國泰台南,南亞科,5,20,-15
國泰台南,00631L元大台灣50正2,2,17,-15
國泰台南,台灣虎航,17,32,-15
國泰台南,五鼎,0,15,-15
國泰台南,廣明,0,15,-15
國泰台南,中信金,4,19,-15
康和永和,揚明光,94,7,87
康和永和,友訊,70,0,70
康和永和,中華,26,1,25
康和永和,大同,61,37,24
康和永和,興能高,59,35,24
康和永和,宏達電,160,137,23
康和永和,惠特,20,0,20
康和永和,英業達,30,10,20
康和永和,00637L元大滬深300正2,18,0,18
康和永和,聯電,36,18,18
康和永和,一詮,17,2,15
康和永和,正達,20,9,11
康和永和,捷敏-KY,12,1,11
康和永和,長榮航,15,5,10
康和永和,00753L中信中國50正2,10,0,10
康和永和,00922國泰台灣領袖50,11,2,9
康和永和,緯創,11,2,9
康和永和,廣宇,9,1,8
康和永和,和益,7,0,7
康和永和,神達,30,23,7
康和永和,泰金寶-DR,29,23,6
康和永和,00915凱基優選高股息30,5,0,5
康和永和,台新金,5,0,5
康和永和,淘帝-KY,5,0,5
康和永和,新盛力,57,52,5
康和永和,金山電,5,0,5
康和永和,精元,4,0,4
康和永和,前鼎,7,3,4
康和永和,富鼎,4,0,4
康和永和,00830國泰費城半導體,3,0,3
康和永和,00631L元大台灣50正2,3,0,3
康和永和,鴻準,3,0,3
康和永和,永豐金,3,0,3
康和永和,三一東林,3,0,3
康和永和,鈞興-KY,3,0,3
康和永和,能率,3,0,3
康和永和,新華,5,2,3
康和永和,順藥,3,0,3
康和永和,千附精密,3,0,3
康和永和,蜜望實,3,0,3
康和永和,台星科,3,1,2
康和永和,樂事綠能,2,0,2
康和永和,生達,2,0,2
康和永和,正新,2,0,2
康和永和,國碩,2,0,2
康和永和,全坤建,2,0,2
康和永和,長榮,3,1,2
康和永和,萬海,2,0,2
康和永和,美食-KY,2,0,2
康和永和,光環,2,0,2
康和永和,聯光通,3,227,-224
康和永和,國泰金,0,74,-74
康和永和,00951台新日本半導體,0,30,-30
康和永和,00685L群益臺灣加權正2,0,27,-27
康和永和,00929復華台灣科技優息,0,24,-24
康和永和,00949復華日本龍頭,0,20,-20
康和永和,益航,0,20,-20
康和永和,英濟,4,22,-18
康和永和,台灣虎航,12,27,-15
康和永和,聯成,0,13,-13
康和永和,美隆電,0,12,-12
康和永和,宏致,3,15,-12
康和永和,彰銀,0,12,-12
康和永和,燿華,0,10,-10
康和永和,三豐,0,10,-10
康和永和,台郡,0,10,-10
康和永和,ITH-KY,0,10,-10
康和永和,波若威,11,19,-8
康和永和,華星光,9,16,-7
康和永和,00675L富邦臺灣加權正2,0,7,-7
康和永和,元太,0,7,-7
康和永和,華城,1,7,-6
康和永和,順達,18,24,-6
康和永和,凱基金,0,6,-6
康和永和,欣銓,12,17,-5
康和永和,精剛,0,5,-5
康和永和,皇翔,0,5,-5
康和永和,燦星旅,0,5,-5
康和永和,星通,0,5,-5
康和永和,穎漢,0,5,-5
康和永和,華容,0,5,-5
康和永和,千興,2,6,-4
康和永和,立隆電,14,18,-4
康和永和,亞帝歐,0,4,-4
康和永和,群益證,0,4,-4
康和永和,良維,0,4,-4
康和永和,006208富邦台50,0,4,-4
康和永和,台積電,1,5,-4
康和永和,鴻海,3,6,-3
康和永和,仁寶,0,3,-3
康和永和,台中銀,0,3,-3
康和永和,佰鴻,0,3,-3
康和永和,勝德,0,3,-3
康和永和,力新,0,3,-3
康和永和,亞元,0,3,-3
康和永和,宏齊,0,3,-3
康和永和,和椿,30,33,-3
康和永和,系微,1,4,-3
康和永和,安集,1,4,-3
康和永和,南電,0,3,-3
兆豐復興,00953B群益優選非投等債,510,60,450
兆豐復興,立隆電,305,6,299
兆豐復興,精成科,101,1,100
兆豐復興,達麗,45,0,45
兆豐復興,00687B國泰20年美債,35,0,35
兆豐復興,晟銘電,25,1,24
兆豐復興,00795B中信美國公債20年,20,0,20
兆豐復興,華南金,20,0,20
兆豐復興,順達,55,36,19
兆豐復興,新潤,18,0,18
兆豐復興,和椿,18,1,17
兆豐復興,鴻海,22,6,16
兆豐復興,00637L元大滬深300正2,16,0,16
兆豐復興,00751B元大AAA至A公司債,20,5,15
兆豐復興,攸泰科技,15,0,15
兆豐復興,廣達,14,1,13
兆豐復興,環宇-KY,21,8,13
兆豐復興,聯鈞,40,28,12
兆豐復興,佳能,12,1,11
兆豐復興,夏都,18,7,11
兆豐復興,00948B中信優息投資級債,10,0,10
兆豐復興,力麗,10,0,10
兆豐復興,緯創,21,11,10
兆豐復興,達邁,21,11,10
兆豐復興,營邦,10,0,10
兆豐復興,佶優,10,0,10
兆豐復興,力麒,10,0,10
兆豐復興,力成,10,0,10
兆豐復興,三貝德,9,0,9
兆豐復興,富喬,14,6,8
兆豐復興,鉅祥,11,3,8
兆豐復興,嘉裕,18,11,7
兆豐復興,新盛力,79,72,7
兆豐復興,彩晶,7,0,7
兆豐復興,泓德能源,7,0,7
兆豐復興,00878國泰永續高股息,7,1,6
兆豐復興,奇鋐,27,21,6
兆豐復興,士電,6,0,6
兆豐復興,聯發科,9,3,6
兆豐復興,富野,6,0,6
兆豐復興,元大高股息,5,0,5
兆豐復興,00907永豐優息存股,5,0,5
兆豐復興,00940元大台灣價值高息,5,0,5
兆豐復興,巨鎧精密-創,57,52,5
兆豐復興,彰銀,10,5,5
兆豐復興,國泰金,5,0,5
兆豐復興,宜鼎,5,0,5
兆豐復興,青雲,8,3,5
兆豐復興,國統,5,0,5
兆豐復興,鈺齊-KY,5,0,5
兆豐復興,00725B國泰投資級公司債,0,160,-160
兆豐復興,00980B台新特選IG債10+,0,141,-141
兆豐復興,00764B群益25年美債,0,130,-130
兆豐復興,亞力,7,118,-111
兆豐復興,新光金,0,101,-101
兆豐復興,晟德,4,81,-77
兆豐復興,00951台新日本半導體,0,74,-74
兆豐復興,00946群益科技高息成長,0,55,-55
兆豐復興,00919群益台灣精選高息,2,51,-49
兆豐復興,力積電,2,50,-48
兆豐復興,波若威,84,128,-44
兆豐復興,威剛,0,39,-39
兆豐復興,日月光投控,10,47,-37
兆豐復興,華通,0,29,-29
兆豐復興,神達,59,86,-27
兆豐復興,00692富邦公司治理,0,26,-26
兆豐復興,來頡,7,33,-26
兆豐復興,華新,20,45,-25
兆豐復興,友達,0,25,-25
兆豐復興,漢翔,0,23,-23
兆豐復興,00673R期元大S＆P原油反1,0,20,-20
兆豐復興,科嶠,0,18,-18
兆豐復興,00668國泰美國道瓊,0,17,-17
兆豐復興,00887永豐中國科技50大,0,15,-15
兆豐復興,國產,0,15,-15
兆豐復興,宏達電,13,27,-14
兆豐復興,南亞,6,20,-14
兆豐復興,台積電,55,68,-13
兆豐復興,大亞,0,13,-13
兆豐復興,台新金,0,13,-13
兆豐復興,00934中信成長高股息,0,12,-12
兆豐復興,鴻準,0,12,-12
兆豐復興,輔信,0,11,-11
兆豐復興,00891中信關鍵半導體,10,20,-10
兆豐復興,00927群益半導體收益,0,10,-10
兆豐復興,台塑,0,10,-10
兆豐復興,聯電,45,54,-9
兆豐復興,大立光,1,10,-9
兆豐復興,振樺電,2,11,-9
兆豐復興,00942B台新美A公司債20+,0,8,-8
兆豐復興,中台,0,8,-8
兆豐復興,00665L富邦�琤肭磪囓�2,0,7,-7
兆豐復興,00939統一台灣高息動能,0,7,-7
兆豐復興,中興電,0,7,-7
兆豐復興,信錦,0,7,-7
兆豐復興,華孚,0,7,-7
兆豐復興,00965元大航太防衛科技,0,6,-6
兆豐復興,聚亨,0,6,-6
兆豐復興,光寶科,1,7,-6
兆豐復興,欣銓,2,8,-6
聯邦富強,00632R元大台灣50反1,50,0,50
聯邦富強,00922國泰台灣領袖50,45,1,44
聯邦富強,00937B群益ESG投等債20,34,0,34
聯邦富強,聯電,25,1,24
聯邦富強,力積電,24,0,24
聯邦富強,南仁湖,20,0,20
聯邦富強,金寶,18,0,18
聯邦富強,彰銀,10,0,10
聯邦富強,國光生,10,0,10
聯邦富強,精材,10,1,9
聯邦富強,正崴,10,1,9
聯邦富強,瀚荃,8,0,8
聯邦富強,友訊,6,0,6
聯邦富強,英業達,6,0,6
聯邦富強,宏齊,6,0,6
聯邦富強,ITH-KY,5,0,5
聯邦富強,尖點,5,0,5
聯邦富強,緯創,5,1,4
聯邦富強,威致,5,1,4
聯邦富強,訊達,4,0,4
聯邦富強,昇陽半導體,5,1,4
聯邦富強,鴻海,5,1,4
聯邦富強,00673R期元大S＆P原油反1,3,0,3
聯邦富強,晟銘電,3,0,3
聯邦富強,訊舟,3,0,3
聯邦富強,順達,3,0,3
聯邦富強,廣明,3,0,3
聯邦富強,安集,3,0,3
聯邦富強,富強鑫,3,0,3
聯邦富強,友輝,2,0,2
聯邦富強,大成,2,0,2
聯邦富強,裕隆,3,1,2
聯邦富強,佳能,2,0,2
聯邦富強,建通,2,0,2
聯邦富強,艾訊,2,0,2
聯邦富強,瑞祺電通,2,0,2
聯邦富強,雍智科技,3,1,2
聯邦富強,久昌,2,0,2
聯邦富強,良維,1,0,1
聯邦富強,00918大華優利高填息30,1,0,1
聯邦富強,元大高股息,1,0,1
聯邦富強,世界,1,0,1
聯邦富強,三晃,1,0,1
聯邦富強,合機,2,1,1
聯邦富強,00953B群益優選非投等債,2,1,1
聯邦富強,00637L元大滬深300正2,2,1,1
聯邦富強,00690兆豐藍籌30,1,0,1
聯邦富強,00919群益台灣精選高息,1,0,1
聯邦富強,00950B凱基A級公司債,1,0,1
聯邦富強,00910第一金太空衛星,1,0,1
聯邦富強,富喬,1,77,-76
聯邦富強,三星,0,39,-39
聯邦富強,00878國泰永續高股息,0,33,-33
聯邦富強,00929復華台灣科技優息,0,25,-25
聯邦富強,可成,0,15,-15
聯邦富強,宏致,12,27,-15
聯邦富強,泰鼎-KY,0,13,-13
聯邦富強,神達,2,14,-12
聯邦富強,00948B中信優息投資級債,0,10,-10
聯邦富強,00941中信上游半導體,0,10,-10
聯邦富強,景碩,0,10,-10
聯邦富強,全科,0,10,-10
聯邦富強,宏達電,14,22,-8
聯邦富強,00940元大台灣價值高息,1,9,-8
聯邦富強,00905FT臺灣Smart,0,7,-7
聯邦富強,星宇航空,0,7,-7
聯邦富強,正達,0,6,-6
聯邦富強,台積電,2,7,-5
聯邦富強,漢翔,0,5,-5
聯邦富強,天二科技,0,5,-5
聯邦富強,元大金,0,5,-5
聯邦富強,富邦金,0,5,-5
聯邦富強,00951台新日本半導體,0,4,-4
聯邦富強,台揚,0,4,-4
聯邦富強,仁寶,0,4,-4
聯邦富強,穩懋,0,4,-4
聯邦富強,明遠精密,0,4,-4
聯邦富強,世德,0,3,-3
聯邦富強,欣銓,0,3,-3
聯邦富強,富采,1,4,-3
聯邦富強,00646元大S＆P500,0,2,-2
聯邦富強,聯發科,0,2,-2
聯邦富強,亞聚,0,2,-2
聯邦富強,00881國泰台灣5G+,0,2,-2
聯邦富強,00753L中信中國50正2,0,2,-2
聯邦富強,大同,0,2,-2
聯邦富強,華航,0,2,-2
聯邦富強,長榮航,0,2,-2
聯邦富強,中再保,0,2,-2
聯邦富強,華南金,0,2,-2
聯邦富強,新光金,0,2,-2
聯邦富強,晶豪科,0,2,-2
聯邦富強,臻鼎-KY,0,2,-2
聯邦富強,雷科,0,2,-2
聯邦富強,台表科,0,2,-2
聯邦富強,雷虎,5,7,-2
聯邦富強,博智,0,2,-2
聯邦富強,台灣虎航,0,2,-2
聯邦富強,順德,1,2,-1
聯邦富強,00631L元大台灣50正2,0,1,-1
 元大北屯,00937B群益ESG投等債20,654,1,653
 元大北屯,00637L元大滬深300正2,185,11,174
 元大北屯,聯電,154,24,130
 元大北屯,00688L國泰20年美債正2,100,0,100
 元大北屯,宏致,104,7,97
 元大北屯,力積電,114,51,63
 元大北屯,00878國泰永續高股息,47,1,46
 元大北屯,聯鈞,56,19,37
 元大北屯,海悅,31,1,30
 元大北屯,瑞智,26,0,26
 元大北屯,緯創,48,23,25
 元大北屯,東鹼,24,0,24
 元大北屯,00918大華優利高填息30,26,2,24
 元大北屯,912000晨訊科-DR,20,0,20
 元大北屯,元大高股息,20,3,17
 元大北屯,00679B元大美債20年,17,0,17
 元大北屯,大銀微系統,26,10,16
 元大北屯,微星,15,1,14
 元大北屯,力麒,15,1,14
 元大北屯,建達,14,0,14
 元大北屯,新盛力,79,66,13
 元大北屯,川寶,13,0,13
 元大北屯,南茂,17,4,13
 元大北屯,00631L元大台灣50正2,21,9,12
 元大北屯,00713元大台灣高息低波,11,1,10
 元大北屯,富采,14,4,10
 元大北屯,00632R元大台灣50反1,10,0,10
 元大北屯,00673R期元大S＆P原油反1,10,0,10
 元大北屯,00959B大華投等美債15Y+,10,0,10
 元大北屯,波力-KY,10,0,10
 元大北屯,00712復華富時不動產,10,1,9
 元大北屯,國統,10,1,9
 元大北屯,興能高,122,113,9
 元大北屯,雷虎,13,4,9
 元大北屯,亞光,16,7,9
 元大北屯,萬海,13,4,9
 元大北屯,英業達,21,13,8
 元大北屯,宏��,9,1,8
 元大北屯,山富,8,0,8
 元大北屯,00858永豐美國500大,8,0,8
 元大北屯,玉山金,10,3,7
 元大北屯,揚博,7,0,7
 元大北屯,兆豐金,7,0,7
 元大北屯,00795B中信美國公債20年,7,0,7
 元大北屯,亞泰,8,1,7
 元大北屯,020034元大IC設計N,7,0,7
 元大北屯,聰泰,10,3,7
 元大北屯,富邦金,11,5,6
 元大北屯,和桐,6,0,6
 元大北屯,合庫金,8,2,6
 元大北屯,00940元大台灣價值高息,2,108,-106
 元大北屯,四維航,0,100,-100
 元大北屯,00680L元大美債20正2,0,97,-97
 元大北屯,00948B中信優息投資級債,0,75,-75
 元大北屯,群創,3,75,-72
 元大北屯,00929復華台灣科技優息,6,65,-59
 元大北屯,00965元大航太防衛科技,0,49,-49
 元大北屯,友訊,2,48,-46
 元大北屯,00751B元大AAA至A公司債,0,45,-45
 元大北屯,00951台新日本半導體,0,43,-43
 元大北屯,金寶,0,39,-39
 元大北屯,錼創科技-KY創,0,36,-36
 元大北屯,華航,13,44,-31
 元大北屯,中石化,0,30,-30
 元大北屯,威宏-KY,0,25,-25
 元大北屯,006208富邦台50,4,29,-25
 元大北屯,欣銓,5,25,-20
 元大北屯,00909國泰數位支付服務,3,23,-20
 元大北屯,神達,144,162,-18
 元大北屯,友達,0,18,-18
 元大北屯,立敦,69,86,-17
 元大北屯,矽統,42,59,-17
 元大北屯,凱基金,12,28,-16
 元大北屯,鴻準,2,17,-15
 元大北屯,00675L富邦臺灣加權正2,0,15,-15
 元大北屯,商丞,0,15,-15
 元大北屯,智原,1,16,-15
 元大北屯,新光金,0,13,-13
 元大北屯,新日興,14,26,-12
 元大北屯,00642U期元大S＆P石油,0,12,-12
 元大北屯,鈺齊-KY,0,11,-11
 元大北屯,00930永豐ESG低碳高息,1,12,-11
 元大北屯,00903富邦元宇宙,0,11,-11
 元大北屯,聯光通,14,25,-11
 元大北屯,陽明,18,29,-11
 元大北屯,台積電,14,25,-11
 元大北屯,泰金寶-DR,23,33,-10
 元大北屯,聯成,0,10,-10
 元大北屯,中鋼,8,18,-10
 元大北屯,元大台灣50,0,10,-10
 元大北屯,00900富邦特選高股息30,0,9,-9
 元大北屯,英濟,6,15,-9
 元大北屯,00963中信全球高股息,1,10,-9
 元大北屯,日月光投控,0,8,-8
 元大北屯,乙盛-KY,0,8,-8
 元大北屯,彰銀,0,7,-7
 元大北屯,美隆電,3,10,-7
 元大北屯,菱光,0,7,-7
 元大北屯,中信金,0,7,-7
 元大北屯,漢翔,0,7,-7
凱基文心,00637L元大滬深300正2,222,5,217
凱基文心,友訊,70,6,64
凱基文心,中鋼,52,0,52
凱基文心,聯電,36,8,28
凱基文心,00952凱基台灣AI50,20,0,20
凱基文心,大成鋼,20,4,16
凱基文心,00882中信中國高股息,16,1,15
凱基文心,00915凱基優選高股息30,13,0,13
凱基文心,佳能,25,14,11
凱基文心,00918大華優利高填息30,10,0,10
凱基文心,00650L復華香港正2,10,0,10
凱基文心,00679B元大美債20年,10,0,10
凱基文心,華新,10,0,10
凱基文心,南亞科,11,1,10
凱基文心,大井泵浦,10,0,10
凱基文心,建漢,9,0,9
凱基文心,00950B凱基A級公司債,10,2,8
凱基文心,00708L期元大S＆P黃金正2,8,0,8
凱基文心,神達,38,30,8
凱基文心,興能高,51,43,8
凱基文心,緯創,10,3,7
凱基文心,和康生,7,0,7
凱基文心,材料-KY,7,0,7
凱基文心,祺驊,6,0,6
凱基文心,聯亞,6,0,6
凱基文心,上銀,5,0,5
凱基文心,美食-KY,5,0,5
凱基文心,矽格,5,0,5
凱基文心,新應材,7,3,4
凱基文心,00878國泰永續高股息,5,1,4
凱基文心,00715L期街口布蘭特正2,4,0,4
凱基文心,鑽全,4,0,4
凱基文心,鴻海,10,6,4
凱基文心,世界,4,0,4
凱基文心,富旺,4,0,4
凱基文心,英業達,3,0,3
凱基文心,00949復華日本龍頭,3,0,3
凱基文心,台玻,3,0,3
凱基文心,正隆,3,0,3
凱基文心,元大金,3,0,3
凱基文心,智原,3,0,3
凱基文心,華晶科,3,0,3
凱基文心,耀登,3,0,3
凱基文心,映興,6,3,3
凱基文心,台灣精銳,4,1,3
凱基文心,台塑化,3,0,3
凱基文心,亞光,4,1,3
凱基文心,台揚,5,2,3
凱基文心,00631L元大台灣50正2,3,0,3
凱基文心,臺企銀,2,0,2
凱基文心,00980B台新特選IG債10+,0,155,-155
凱基文心,力積電,1,73,-72
凱基文心,新盛力,84,136,-52
凱基文心,00971野村美國研發龍頭,0,44,-44
凱基文心,達邁,1,34,-33
凱基文心,富邦金,0,30,-30
凱基文心,僑威,53,79,-26
凱基文心,台積電,4,24,-20
凱基文心,00770國泰北美科技,0,20,-20
凱基文心,00830國泰費城半導體,2,22,-20
凱基文心,圓剛,31,50,-19
凱基文心,順達,11,29,-18
凱基文心,大聯大,0,18,-18
凱基文心,華通,4,20,-16
凱基文心,00670L富邦NASDAQ正2,0,15,-15
凱基文心,00959B大華投等美債15Y+,0,15,-15
凱基文心,台灣虎航,2,14,-12
凱基文心,友勁,2,13,-11
凱基文心,00891中信關鍵半導體,0,10,-10
凱基文心,00688L國泰20年美債正2,0,10,-10
凱基文心,00929復華台灣科技優息,0,10,-10
凱基文心,00966B統一ESG投等債15,0,10,-10
凱基文心,欣銓,6,16,-10
凱基文心,群創,24,34,-10
凱基文心,全球傳動,0,10,-10
凱基文心,日月光投控,0,9,-9
凱基文心,00922國泰台灣領袖50,0,7,-7
凱基文心,00632R元大台灣50反1,2,9,-7
凱基文心,楠梓電,1,8,-7
凱基文心,長榮航,0,7,-7
凱基文心,和椿,29,36,-7
凱基文心,元大台灣50,1,8,-7
凱基文心,00669R國泰美國道瓊反1,0,5,-5
凱基文心,00907永豐優息存股,0,5,-5
凱基文心,冠德,0,5,-5
凱基文心,神基,0,5,-5
凱基文心,中美晶,0,5,-5
凱基文心,志強-KY,0,5,-5
凱基文心,00905FT臺灣Smart,0,4,-4
凱基文心,006208富邦台50,0,4,-4
凱基文心,00675L富邦臺灣加權正2,0,4,-4
凱基文心,所羅門,0,4,-4
凱基文心,玉山金,0,4,-4
凱基文心,北極星藥業-KY,0,4,-4
凱基文心,旭暉應材,0,4,-4
凱基文心,00900富邦特選高股息30,0,3,-3
凱基文心,佳世達,0,3,-3
凱基文心,華城,4,7,-3
凱基文心,台塑,0,3,-3
凱基文心,偉詮電,0,3,-3
兆豐三民,富邦金,600,0,600
兆豐三民,00980B台新特選IG債10+,480,210,270
兆豐三民,00637L元大滬深300正2,96,2,94
兆豐三民,廣達,86,6,80
兆豐三民,00664R國泰臺灣加權反1,80,8,72
兆豐三民,聯電,66,5,61
兆豐三民,00632R元大台灣50反1,56,0,56
兆豐三民,00918大華優利高填息30,51,1,50
兆豐三民,立隆電,45,5,40
兆豐三民,和椿,54,17,37
兆豐三民,00924復華S＆P500成長,31,1,30
兆豐三民,00919群益台灣精選高息,29,2,27
兆豐三民,00639富邦深100,23,0,23
兆豐三民,元大高股息,24,3,21
兆豐三民,榮運,20,0,20
兆豐三民,森鉅,20,0,20
兆豐三民,得力,20,1,19
兆豐三民,英業達,17,0,17
兆豐三民,中信金,21,5,16
兆豐三民,台新金,15,0,15
兆豐三民,欣興,17,3,14
兆豐三民,連展投控,22,10,12
兆豐三民,新盛力,60,48,12
兆豐三民,能率,22,10,12
兆豐三民,中鋼,12,0,12
兆豐三民,緯創,14,3,11
兆豐三民,彬台,14,3,11
兆豐三民,00830國泰費城半導體,14,3,11
兆豐三民,鴻海,21,11,10
兆豐三民,00712復華富時不動產,10,0,10
兆豐三民,台化,10,0,10
兆豐三民,美律,10,0,10
兆豐三民,光環,13,3,10
兆豐三民,岱稜,10,0,10
兆豐三民,台泥,12,2,10
兆豐三民,00687B國泰20年美債,10,1,9
兆豐三民,集雅社,9,0,9
兆豐三民,威宏-KY,9,0,9
兆豐三民,富野,8,0,8
兆豐三民,台星科,8,0,8
兆豐三民,上品,7,0,7
兆豐三民,00887永豐中國科技50大,7,0,7
兆豐三民,台南,7,0,7
兆豐三民,耿鼎,12,5,7
兆豐三民,三集瑞-KY,8,1,7
兆豐三民,00948B中信優息投資級債,6,0,6
兆豐三民,宏遠,6,0,6
兆豐三民,優群,6,0,6
兆豐三民,群創,16,10,6
兆豐三民,洋基工程,6,0,6
兆豐三民,泰金寶-DR,53,655,-602
兆豐三民,00960野村全球航運龍頭,0,260,-260
兆豐三民,長榮,157,312,-155
兆豐三民,00937B群益ESG投等債20,1,135,-134
兆豐三民,寶成,0,120,-120
兆豐三民,00929復華台灣科技優息,3,118,-115
兆豐三民,00706L期元大S＆P日圓正2,0,100,-100
兆豐三民,海華,4,102,-98
兆豐三民,00665L富邦�琤肭磪囓�2,10,88,-78
兆豐三民,華邦電,1,53,-52
兆豐三民,佳能,2,54,-52
兆豐三民,力積電,11,52,-41
兆豐三民,三芳,41,75,-34
兆豐三民,拓凱,0,30,-30
兆豐三民,欣銓,5,30,-25
兆豐三民,00680L元大美債20正2,0,22,-22
兆豐三民,順達,20,41,-21
兆豐三民,堤維西,2,23,-21
兆豐三民,大成鋼,20,41,-21
兆豐三民,長榮航,1,21,-20
兆豐三民,北基,0,20,-20
兆豐三民,大同,15,32,-17
兆豐三民,宏達電,57,73,-16
兆豐三民,安集,0,16,-16
兆豐三民,00650L復華香港正2,0,16,-16
兆豐三民,00923群益台ESG低碳50,0,15,-15
兆豐三民,凱基金,1,16,-15
兆豐三民,友達,1,15,-14
兆豐三民,00922國泰台灣領袖50,0,14,-14
兆豐三民,00940元大台灣價值高息,0,12,-12
兆豐三民,冠德,0,12,-12
兆豐三民,東科-KY,0,11,-11
兆豐三民,00935野村臺灣新科技50,0,11,-11
兆豐三民,興能高,35,45,-10
兆豐三民,IKKA-KY,5,15,-10
兆豐三民,錸德,0,10,-10
兆豐三民,三商壽,0,10,-10
兆豐三民,宏致,1,11,-10
兆豐三民,元晶,0,10,-10
兆豐三民,慶豐富,0,10,-10
兆豐三民,006208富邦台50,3,13,-10
兆豐三民,台灣高鐵,1,10,-9
兆豐三民,科誠,0,9,-9
兆豐三民,東元,0,8,-8
兆豐三民,金山電,1,9,-8
兆豐三民,聯光通,14,21,-7
兆豐三民,00757統一FANG+,1,8,-7
兆豐三民,00715L期街口布蘭特正2,0,7,-7
兆豐三民,建通,0,7,-7
兆豐三民,日月光投控,16,23,-7
富邦公益,00688L國泰20年美債正2,210,0,210
富邦公益,聯電,350,174,176
富邦公益,00637L元大滬深300正2,146,3,143
富邦公益,00665L富邦�琤肭磪囓�2,115,0,115
富邦公益,立敦,83,16,67
富邦公益,佳能,85,21,64
富邦公益,00795B中信美國公債20年,59,0,59
富邦公益,環宇-KY,160,103,57
富邦公益,元大高股息,85,33,52
富邦公益,中租-KY,59,7,52
富邦公益,00953B群益優選非投等債,51,1,50
富邦公益,百和,45,0,45
富邦公益,新盛力,290,252,38
富邦公益,00680L元大美債20正2,36,0,36
富邦公益,聯光通,99,66,33
富邦公益,建通,29,0,29
富邦公益,達邁,183,155,28
富邦公益,立端,28,0,28
富邦公益,00881國泰台灣5G+,30,3,27
富邦公益,00924復華S＆P500成長,27,0,27
富邦公益,亞航,29,7,22
富邦公益,00967B元大優息美債,20,0,20
富邦公益,永光,20,0,20
富邦公益,00706L期元大S＆P日圓正2,20,0,20
富邦公益,美食-KY,32,13,19
富邦公益,東鹼,36,17,19
富邦公益,大成鋼,21,2,19
富邦公益,台塑,19,1,18
富邦公益,力積電,60,42,18
富邦公益,中鴻,24,6,18
富邦公益,廣達,27,10,17
富邦公益,00915凱基優選高股息30,20,3,17
富邦公益,波若威,93,76,17
富邦公益,00632R元大台灣50反1,16,0,16
富邦公益,00937B群益ESG投等債20,22,6,16
富邦公益,亞泰,35,20,15
富邦公益,亞光,23,8,15
富邦公益,00882中信中國高股息,14,0,14
富邦公益,雷虎,19,5,14
富邦公益,友達,22,9,13
富邦公益,連展投控,14,2,12
富邦公益,00676R富邦臺灣加權反1,12,0,12
富邦公益,金寶,23,11,12
富邦公益,南亞,13,2,11
富邦公益,旭品,10,0,10
富邦公益,辛耘,10,0,10
富邦公益,00715L期街口布蘭特正2,10,0,10
富邦公益,00919群益台灣精選高息,41,31,10
富邦公益,合勤控,10,0,10
富邦公益,揚明光,10,0,10
富邦公益,寶成,0,100,-100
富邦公益,宏致,20,100,-80
富邦公益,00922國泰台灣領袖50,3,70,-67
富邦公益,00929復華台灣科技優息,0,62,-62
富邦公益,北基,0,53,-53
富邦公益,00679B元大美債20年,2,50,-48
富邦公益,宏達電,176,216,-40
富邦公益,富華新,4,41,-37
富邦公益,欣銓,18,54,-36
富邦公益,新光金,8,43,-35
富邦公益,神達,93,127,-34
富邦公益,富采,0,31,-31
富邦公益,鴻準,1,32,-31
富邦公益,富邦金,4,32,-28
富邦公益,台達電,2,29,-27
富邦公益,00878國泰永續高股息,19,45,-26
富邦公益,櫻花建,0,25,-25
富邦公益,泰金寶-DR,8,32,-24
富邦公益,00934中信成長高股息,0,23,-23
富邦公益,英濟,55,74,-19
富邦公益,台積電,18,37,-19
富邦公益,00965元大航太防衛科技,0,17,-17
富邦公益,中信金,4,21,-17
富邦公益,長榮航,5,22,-17
富邦公益,00940元大台灣價值高息,0,16,-16
富邦公益,天良,1,17,-16
富邦公益,光環,3,19,-16
富邦公益,順達,31,47,-16
富邦公益,瀚宇博,0,15,-15
富邦公益,00675L富邦臺灣加權正2,3,18,-15
富邦公益,00980B台新特選IG債10+,1,15,-14
富邦公益,00938凱基優選30,0,14,-14
富邦公益,國泰金,0,14,-14
富邦公益,眾達-KY,61,74,-13
富邦公益,神基,2,15,-13
富邦公益,興能高,243,256,-13
富邦公益,00921兆豐龍頭等權重,0,12,-12
富邦公益,恆大,0,12,-12
富邦公益,日月光投控,8,20,-12
富邦公益,00943兆豐電子高息等權,0,11,-11
富邦公益,威盛,11,22,-11
富邦公益,凌陽,0,11,-11
富邦公益,00891中信關鍵半導體,3,14,-11
富邦公益,00895富邦未來車,1,11,-10
富邦公益,元大台灣50,2,12,-10
富邦公益,欣興,25,35,-10
富邦公益,力鵬,0,10,-10
富邦公益,中鼎,8,18,-10
富邦公益,基泰,0,10,-10
富邦公益,聯嘉,0,10,-10
 元大期貨,聯亞,110,0,110
康    和,宏致,1629,174,1455
康    和,神達,1613,294,1319
康    和,聯電,794,1,793
康    和,友訊,556,22,534
康    和,00967B元大優息美債,410,0,410
康    和,00969B元大零息超長美債,405,0,405
康    和,00655L國泰中國A50正2,400,0,400
康    和,00637L元大滬深300正2,303,2,301
康    和,00753L中信中國50正2,300,4,296
康    和,順達,451,180,271
康    和,00650L復華香港正2,200,2,198
康    和,伊雲谷,340,164,176
康    和,金寶,160,0,160
康    和,宏達電,232,79,153
康    和,長榮航,166,13,153
康    和,欣興,483,334,149
康    和,名軒,173,24,149
康    和,智邦,122,4,118
康    和,00887永豐中國科技50大,100,0,100
康    和,006205富邦上証,100,0,100
康    和,英業達,102,33,69
康    和,義隆,69,0,69
康    和,聯強,64,0,64
康    和,聰泰,60,0,60
康    和,京城銀,57,0,57
康    和,寶成,57,0,57
康    和,優盛,54,0,54
康    和,仁寶,100,47,53
康    和,台特化,52,1,51
康    和,頎邦,50,0,50
康    和,元大台灣50,50,7,43
康    和,擎亞,53,10,43
康    和,力成,40,0,40
康    和,商億-KY,38,0,38
康    和,三商壽,33,0,33
康    和,貿聯-KY,31,1,30
康    和,景碩,25,0,25
康    和,迅得,22,0,22
康    和,億光,21,0,21
康    和,三商,21,0,21
康    和,統一超,21,0,21
康    和,00706L期元大S＆P日圓正2,20,0,20
康    和,冠西電,20,0,20
康    和,南寶,20,0,20
康    和,jpp-KY,18,0,18
康    和,昇達科,27,13,14
康    和,精材,44,31,13
康    和,微星,12,0,12
康    和,強生,12,0,12
康    和,偉訓,27,16,11
康    和,00878國泰永續高股息,12,1139,-1127
康    和,日月光投控,0,1000,-1000
康    和,00919群益台灣精選高息,2,1001,-999
康    和,力積電,3,991,-988
康    和,00953B群益優選非投等債,0,885,-885
康    和,立隆電,74,576,-502
康    和,環宇-KY,25,502,-477
康    和,華星光,73,543,-470
康    和,宏齊,0,457,-457
康    和,新盛力,243,645,-402
康    和,00725B國泰投資級公司債,0,380,-380
康    和,金像電,0,301,-301
康    和,中磊,0,300,-300
康    和,上銀,120,304,-184
康    和,晶睿,0,180,-180
康    和,亞光,11,189,-178
康    和,華通,29,199,-170
康    和,聯鈞,22,177,-155
康    和,華航,15,155,-140
康    和,臻鼎-KY,30,150,-120
康    和,驊訊,12,131,-119
康    和,00929復華台灣科技優息,0,116,-116
康    和,AES-KY,4,105,-101
康    和,00934中信成長高股息,0,90,-90
康    和,欣銓,26,90,-64
康    和,新光金,0,60,-60
康    和,上緯投控,0,60,-60
康    和,高力,3,62,-59
康    和,華紙,0,55,-55
康    和,工信,0,55,-55
康    和,晟銘電,0,53,-53
康    和,良維,0,51,-51
康    和,新華,0,50,-50
康    和,00679B元大美債20年,0,50,-50
康    和,健策,1,32,-31
康    和,中鋼,0,24,-24
康    和,聯發科,1,25,-24
康    和,奇鋐,16,38,-22
康    和,00671R富邦NASDAQ反1,0,20,-20
康    和,2891B中信金乙特,0,20,-20
康    和,精誠,90,109,-19
康    和,穎崴,0,17,-17
康    和,台化,0,15,-15
康    和,富世達,0,15,-15
康    和,藥華藥,0,13,-13
康    和,眾達-KY,13,26,-13
康    和,鴻海,1,13,-12
康    和,高技,31,43,-12
康    和,佶優,0,11,-11
康    和,北基,1,12,-11
陽信台南,台燿,20,0,20
陽信台南,南亞科,10,0,10
陽信台南,詮欣,3,0,3
陽信台南,00937B群益ESG投等債20,3,0,3
陽信台南,鴻海,5,2,3
陽信台南,鏵友益,3,0,3
陽信台南,達邁,2,0,2
陽信台南,立隆電,2,0,2
陽信台南,立��,5,3,2
陽信台南,00918大華優利高填息30,1,0,1
陽信台南,緯創,3,2,1
陽信台南,欣興,11,10,1
陽信台南,波若威,1,0,1
陽信台南,華星光,3,2,1
陽信台南,宏達電,2,1,1
陽信台南,聯光通,3,2,1
陽信台南,均華,1,0,1
陽信台南,力積電,2,1,1
陽信台南,台灣虎航,1,0,1
陽信台南,華榮,0,60,-60
陽信台南,華新,0,50,-50
陽信台南,新光金,0,48,-48
陽信台南,欣銓,1,30,-29
陽信台南,友達,0,12,-12
陽信台南,東浦,0,8,-8
陽信台南,台積電,1,8,-7
陽信台南,順達,0,6,-6
陽信台南,聯電,3,9,-6
陽信台南,鳳凰,0,5,-5
陽信台南,台聚,0,5,-5
陽信台南,中工,0,4,-4
陽信台南,鈺德,0,3,-3
陽信台南,定穎投控,2,4,-2
陽信台南,力致,0,2,-2
陽信台南,和椿,3,5,-2
陽信台南,精成科,1,2,-1
陽信台南,亞翔,0,1,-1
陽信台南,新盛力,0,1,-1
陽信台南,鄉林,0,1,-1
陽信台南,新日興,1,2,-1
陽信台南,加百裕,0,1,-1
陽信台南,台光電,0,1,-1
陽信台南,虹光,0,1,-1
陽信台南,大同,0,1,-1
陽信台南,華城,0,1,-1
陽信台南,00951台新日本半導體,0,1,-1
陽信台南,金寶,5,6,-1
陽信台南,華航,0,1,-1
陽信台南,國泰金,0,1,-1
陽信台南,雄獅,0,1,-1
陽信台南,美食-KY,0,1,-1
陽信台南,富旺,0,1,-1
陽信台南,來頡,0,1,-1
永豐金  ,00922國泰台灣領袖50,4523,375,4148
永豐金  ,00980B台新特選IG債10+,4602,560,4042
永豐金  ,友達,3876,45,3831
永豐金  ,元大台灣50,3657,334,3323
永豐金  ,00940元大台灣價值高息,2397,358,2039
永豐金  ,神達,2611,1059,1552
永豐金  ,00686R群益臺灣加權反1,1546,0,1546
永豐金  ,00795B中信美國公債20年,1602,211,1391
永豐金  ,中華電,1332,8,1324
永豐金  ,日月光投控,1434,137,1297
永豐金  ,006208富邦台50,1190,257,933
永豐金  ,00648R元大S＆P500反1,899,0,899
永豐金  ,中信金,760,152,608
永豐金  ,京元電子,578,38,540
永豐金  ,英業達,591,93,498
永豐金  ,神基,673,180,493
永豐金  ,00692富邦公司治理,574,91,483
永豐金  ,00965元大航太防衛科技,504,42,462
永豐金  ,00850元大臺灣ESG永續,467,25,442
永豐金  ,00664R國泰臺灣加權反1,428,42,386
永豐金  ,台積電,507,142,365
永豐金  ,元大高股息,1603,1247,356
永豐金  ,00953B群益優選非投等債,385,43,342
永豐金  ,新光金,423,105,318
永豐金  ,光寶科,422,107,315
永豐金  ,仁寶,339,42,297
永豐金  ,兆豐金,296,2,294
永豐金  ,緯創,438,156,282
永豐金  ,群創,301,29,272
永豐金  ,00779B凱基美債25+,521,259,262
永豐金  ,矽統,261,4,257
永豐金  ,宏達電,1468,1220,248
永豐金  ,00638R元大滬深300反1,241,0,241
永豐金  ,華星光,743,508,235
永豐金  ,00650L復華香港正2,408,173,235
永豐金  ,00971野村美國研發龍頭,354,127,227
永豐金  ,東和鋼鐵,263,48,215
永豐金  ,永豐金,235,25,210
永豐金  ,欣銓,591,388,203
永豐金  ,精成科,428,230,198
永豐金  ,華通,218,29,189
永豐金  ,亞翔,254,69,185
永豐金  ,00631L元大台灣50正2,280,102,178
永豐金  ,雲豹能源,189,13,176
永豐金  ,00929復華台灣科技優息,1301,1137,164
永豐金  ,00753L中信中國50正2,373,212,161
永豐金  ,元大金,162,4,158
永豐金  ,00885富邦越南,172,16,156
永豐金  ,合庫金,147,4,143
永豐金  ,006205富邦上証,140,0,140
永豐金  ,00665L富邦�琤肭磪囓�2,292,7746,-7454
永豐金  ,00680L元大美債20正2,123,7363,-7240
永豐金  ,00919群益台灣精選高息,393,3758,-3365
永豐金  ,00945B凱基美國非投等債,47,3384,-3337
永豐金  ,00706L期元大S＆P日圓正2,105,2273,-2168
永豐金  ,00637L元大滬深300正2,535,2460,-1925
永豐金  ,00679B元大美債20年,191,1963,-1772
永豐金  ,00676R富邦臺灣加權反1,9,1514,-1505
永豐金  ,00719B元大美債1-3,19,1231,-1212
永豐金  ,00915凱基優選高股息30,66,1196,-1130
永豐金  ,00878國泰永續高股息,898,1989,-1091
永豐金  ,00918大華優利高填息30,203,1175,-972
永豐金  ,00858永豐美國500大,176,1013,-837
永豐金  ,00671R富邦NASDAQ反1,0,743,-743
永豐金  ,萬海,93,833,-740
永豐金  ,長榮航,243,903,-660
永豐金  ,00887永豐中國科技50大,42,692,-650
永豐金  ,00725B國泰投資級公司債,118,702,-584
永豐金  ,大成鋼,99,674,-575
永豐金  ,00937B群益ESG投等債20,758,1283,-525
永豐金  ,00830國泰費城半導體,90,609,-519
永豐金  ,00687B國泰20年美債,149,667,-518
永豐金  ,廣達,464,920,-456
永豐金  ,順達,342,796,-454
永豐金  ,00934中信成長高股息,139,564,-425
永豐金  ,聯電,1193,1593,-400
永豐金  ,臺企銀,129,517,-388
永豐金  ,00655L國泰中國A50正2,38,426,-388
永豐金  ,00946群益科技高息成長,30,361,-331
永豐金  ,台郡,7,330,-323
永豐金  ,00950B凱基A級公司債,165,483,-318
永豐金  ,00951台新日本半導體,1,305,-304
永豐金  ,台新金,53,317,-264
永豐金  ,華邦電,86,349,-263
永豐金  ,宏致,97,359,-262
永豐金  ,和碩,63,316,-253
永豐金  ,00969B元大零息超長美債,0,250,-250
永豐金  ,00909國泰數位支付服務,41,283,-242
永豐金  ,00720B元大投資級公司債,86,325,-239
永豐金  ,瑞昱,23,253,-230
永豐金  ,00712復華富時不動產,285,512,-227
永豐金  ,00713元大台灣高息低波,58,280,-222
永豐金  ,立隆電,259,473,-214
永豐金  ,統一,62,275,-213
永豐金  ,00948B中信優息投資級債,61,264,-203
永豐金  ,00646元大S＆P500,164,363,-199
永豐金  ,00724B群益投資級金融債,922,1119,-197
永豐金  ,00961FT臺灣永續高息,47,227,-180
永豐金  ,00881國泰台灣5G+,38,197,-159
永豐金  ,00733富邦臺灣中小,264,422,-158
兆豐內湖,00637L元大滬深300正2,527,302,225
兆豐內湖,南茂,38,4,34
兆豐內湖,國光生,30,1,29
兆豐內湖,興能高,31,7,24
兆豐內湖,00960野村全球航運龍頭,20,0,20
兆豐內湖,立敦,23,3,20
兆豐內湖,元大高股息,19,0,19
兆豐內湖,富喬,18,0,18
兆豐內湖,00686R群益臺灣加權反1,15,0,15
兆豐內湖,僑威,15,0,15
兆豐內湖,柏騰,14,0,14
兆豐內湖,00878國泰永續高股息,12,0,12
兆豐內湖,00919群益台灣精選高息,11,0,11
兆豐內湖,中鋼,10,0,10
兆豐內湖,00887永豐中國科技50大,10,0,10
兆豐內湖,00680L元大美債20正2,10,0,10
兆豐內湖,歐買尬,10,0,10
兆豐內湖,英業達,10,2,8
兆豐內湖,00762元大全球AI,7,0,7
兆豐內湖,王道銀行,6,0,6
兆豐內湖,緯創,5,0,5
兆豐內湖,台灣高鐵,5,0,5
兆豐內湖,宅配通,5,0,5
兆豐內湖,宏齊,5,0,5
兆豐內湖,錸寶,10,5,5
兆豐內湖,00713元大台灣高息低波,5,0,5
兆豐內湖,亞翔,5,1,4
兆豐內湖,00929復華台灣科技優息,5,1,4
兆豐內湖,00953B群益優選非投等債,4,0,4
兆豐內湖,00858永豐美國500大,4,0,4
兆豐內湖,聯電,6,2,4
兆豐內湖,廣達,4,0,4
兆豐內湖,M31,3,0,3
兆豐內湖,精成科,5,2,3
兆豐內湖,訊芯-KY,5,2,3
兆豐內湖,雍智科技,3,0,3
兆豐內湖,00864B中信美國公債0-1,3,0,3
兆豐內湖,力成,3,1,2
兆豐內湖,玉晶光,2,0,2
兆豐內湖,緯穎,2,0,2
兆豐內湖,00892富邦台灣半導體,2,0,2
兆豐內湖,00679B元大美債20年,2,0,2
兆豐內湖,00945B凱基美國非投等債,2,0,2
兆豐內湖,宏��,2,0,2
兆豐內湖,慧洋-KY,2,0,2
兆豐內湖,光環,2,0,2
兆豐內湖,全球傳動,2,0,2
兆豐內湖,穎漢,2,0,2
兆豐內湖,立積,2,0,2
兆豐內湖,高端疫苗,2,0,2
兆豐內湖,00980B台新特選IG債10+,0,220,-220
兆豐內湖,神達,5,207,-202
兆豐內湖,台塑,1,73,-72
兆豐內湖,華新,0,30,-30
兆豐內湖,威剛,0,18,-18
兆豐內湖,00942B台新美A公司債20+,0,15,-15
兆豐內湖,華星光,18,32,-14
兆豐內湖,昇達科,8,20,-12
兆豐內湖,中信金,0,11,-11
兆豐內湖,00959B大華投等美債15Y+,0,10,-10
兆豐內湖,神基,1,10,-9
兆豐內湖,盛達,0,8,-8
兆豐內湖,太景*-KY,0,8,-8
兆豐內湖,00909國泰數位支付服務,1,7,-6
兆豐內湖,萬海,0,6,-6
兆豐內湖,系統電,4,10,-6
兆豐內湖,台橡,0,5,-5
兆豐內湖,技嘉,0,5,-5
兆豐內湖,東森,0,5,-5
兆豐內湖,玉山金,0,5,-5
兆豐內湖,新光金,0,5,-5
兆豐內湖,零壹,0,5,-5
兆豐內湖,英濟,0,5,-5
兆豐內湖,中光電,0,5,-5
兆豐內湖,普萊德,0,5,-5
兆豐內湖,元大台灣50,1,5,-4
兆豐內湖,00715L期街口布蘭特正2,0,4,-4
兆豐內湖,鴻準,1,5,-4
兆豐內湖,正崴,0,4,-4
兆豐內湖,凱基金,0,4,-4
兆豐內湖,群創,0,4,-4
兆豐內湖,00939統一台灣高息動能,0,3,-3
兆豐內湖,奇鋐,1,4,-3
兆豐內湖,宏達電,8,11,-3
兆豐內湖,上海商銀,0,3,-3
兆豐內湖,00631L元大台灣50正2,38,40,-2
兆豐內湖,順達,3,5,-2
兆豐內湖,台積電,1,3,-2
兆豐內湖,00933B國泰10Y+金融債,0,2,-2
兆豐內湖,00934中信成長高股息,0,2,-2
兆豐內湖,00940元大台灣價值高息,0,2,-2
兆豐內湖,榮成,0,2,-2
兆豐內湖,00910第一金太空衛星,0,2,-2
兆豐內湖,友訊,0,2,-2
兆豐內湖,錩新,0,2,-2
兆豐內湖,2883B凱基金乙特,0,2,-2
兆豐內湖,波若威,21,23,-2
兆豐內湖,宏致,1,3,-2
兆豐內湖,智晶,0,2,-2
兆豐內湖,柏承,0,2,-2
凱基高美,00953B群益優選非投等債,1060,0,1060
凱基高美,台新金,210,5,205
凱基高美,聯電,418,247,171
凱基高美,00882中信中國高股息,153,11,142
凱基高美,00712復華富時不動產,88,0,88
凱基高美,中鋼,106,36,70
凱基高美,元大高股息,96,26,70
凱基高美,00937B群益ESG投等債20,46,6,40
凱基高美,00915凱基優選高股息30,39,1,38
凱基高美,三商壽,36,0,36
凱基高美,緯創,52,23,29
凱基高美,聯華,24,0,24
凱基高美,00858永豐美國500大,24,0,24
凱基高美,彬台,27,4,23
凱基高美,台積電,48,25,23
凱基高美,00918大華優利高填息30,45,24,21
凱基高美,新鉅科,21,0,21
凱基高美,神達,106,85,21
凱基高美,00679B元大美債20年,21,1,20
凱基高美,得力,20,0,20
凱基高美,聚和,21,1,20
凱基高美,華新,20,1,19
凱基高美,英業達,37,18,19
凱基高美,聯鈞,37,21,16
凱基高美,00673R期元大S＆P原油反1,16,0,16
凱基高美,00751B元大AAA至A公司債,15,0,15
凱基高美,泰鼎-KY,20,5,15
凱基高美,威宏-KY,14,0,14
凱基高美,欣興,17,3,14
凱基高美,百和,13,0,13
凱基高美,春源,12,0,12
凱基高美,廣達,21,11,10
凱基高美,合庫金,10,0,10
凱基高美,慧洋-KY,10,0,10
凱基高美,承啟,10,0,10
凱基高美,南六,10,0,10
凱基高美,台境*,10,0,10
凱基高美,晶睿,10,0,10
凱基高美,佳能,22,12,10
凱基高美,00933B國泰10Y+金融債,25,15,10
凱基高美,亞光,24,14,10
凱基高美,00948B中信優息投資級債,10,0,10
凱基高美,凌巨,10,0,10
凱基高美,永豐金,10,1,9
凱基高美,新盛力,73,64,9
凱基高美,京元電子,17,8,9
凱基高美,國光生,9,0,9
凱基高美,鈞寶,9,0,9
凱基高美,大成鋼,10,1,9
凱基高美,和康生,8,0,8
凱基高美,新光金,12,1040,-1028
凱基高美,00929復華台灣科技優息,3,154,-151
凱基高美,00968B元大優息投等債,0,110,-110
凱基高美,00940元大台灣價值高息,7,111,-104
凱基高美,00980B台新特選IG債10+,4,82,-78
凱基高美,新纖,0,70,-70
凱基高美,00665L富邦�琤肭磪囓�2,53,120,-67
凱基高美,00887永豐中國科技50大,0,51,-51
凱基高美,凱基金,4,48,-44
凱基高美,00939統一台灣高息動能,0,40,-40
凱基高美,長榮航,30,66,-36
凱基高美,006208富邦台50,4,40,-36
凱基高美,00941中信上游半導體,1,36,-35
凱基高美,日月光投控,2,26,-24
凱基高美,長榮,3,26,-23
凱基高美,立��,10,33,-23
凱基高美,宏致,7,30,-23
凱基高美,玉山金,8,31,-23
凱基高美,00878國泰永續高股息,36,57,-21
凱基高美,大聯大,1,21,-20
凱基高美,凌陽,0,20,-20
凱基高美,堤維西,1,21,-20
凱基高美,大成,0,20,-20
凱基高美,富喬,56,75,-19
凱基高美,群創,21,40,-19
凱基高美,台塑,23,41,-18
凱基高美,森鉅,0,18,-18
凱基高美,矽格,0,18,-18
凱基高美,00965元大航太防衛科技,3,21,-18
凱基高美,00919群益台灣精選高息,37,55,-18
凱基高美,和碩,3,20,-17
凱基高美,欣銓,9,25,-16
凱基高美,元太,3,18,-15
凱基高美,陽明,12,27,-15
凱基高美,台船,1,15,-14
凱基高美,櫻花建,1,15,-14
凱基高美,富邦金,6,19,-13
凱基高美,力積電,34,47,-13
凱基高美,國泰金,6,19,-13
凱基高美,星宇航空,4,17,-13
凱基高美,瑞智,0,12,-12
凱基高美,台星科,6,18,-12
凱基高美,高僑,0,12,-12
凱基高美,富野,2,13,-11
凱基高美,友訊,101,112,-11
凱基高美,友達,3,14,-11
凱基高美,精成科,11,22,-11
凱基高美,華城,4,15,-11
凱基高美,燿華,0,10,-10
凱基高美,00692富邦公司治理,1,11,-10
合庫彰化,聯電,180,75,105
合庫彰化,00706L期元大S＆P日圓正2,100,28,72
合庫彰化,00882中信中國高股息,57,0,57
合庫彰化,宏達電,72,20,52
合庫彰化,00937B群益ESG投等債20,44,0,44
合庫彰化,合庫金,48,11,37
合庫彰化,精剛,30,0,30
合庫彰化,中石化,29,0,29
合庫彰化,00878國泰永續高股息,32,5,27
合庫彰化,台中銀,22,0,22
合庫彰化,00638R元大滬深300反1,20,0,20
合庫彰化,新興,18,0,18
合庫彰化,00919群益台灣精選高息,29,12,17
合庫彰化,立��,20,3,17
合庫彰化,台新金,21,4,17
合庫彰化,00960野村全球航運龍頭,15,0,15
合庫彰化,00900富邦特選高股息30,14,0,14
合庫彰化,泰金寶-DR,72,58,14
合庫彰化,富喬,25,11,14
合庫彰化,盛餘,13,0,13
合庫彰化,元大高股息,13,1,12
合庫彰化,漢田生技,12,0,12
合庫彰化,00772B中信高評級公司債,10,0,10
合庫彰化,精英,10,0,10
合庫彰化,弘凱,13,3,10
合庫彰化,撼訊,10,0,10
合庫彰化,兆豐金,13,4,9
合庫彰化,00922國泰台灣領袖50,19,10,9
合庫彰化,友訊,10,1,9
合庫彰化,良得電,9,0,9
合庫彰化,緯創,18,9,9
合庫彰化,合一,20,11,9
合庫彰化,力成,10,2,8
合庫彰化,中鋼,10,2,8
合庫彰化,00679B元大美債20年,8,0,8
合庫彰化,台泥,10,3,7
合庫彰化,王道銀行,7,0,7
合庫彰化,熒茂,10,3,7
合庫彰化,宏齊,7,0,7
合庫彰化,欣興,6,0,6
合庫彰化,00858永豐美國500大,6,0,6
合庫彰化,楠梓電,6,0,6
合庫彰化,聯德控股-KY,6,0,6
合庫彰化,眾達-KY,13,7,6
合庫彰化,00940元大台灣價值高息,12,7,5
合庫彰化,00713元大台灣高息低波,5,0,5
合庫彰化,00953B群益優選非投等債,6,1,5
合庫彰化,華夏,10,5,5
合庫彰化,大同,7,2,5
合庫彰化,凌巨,5,0,5
合庫彰化,00642U期元大S＆P石油,0,306,-306
合庫彰化,威盛,1,271,-270
合庫彰化,南亞科,3,103,-100
合庫彰化,玉山金,0,69,-69
合庫彰化,華新,1,65,-64
合庫彰化,00753L中信中國50正2,0,60,-60
合庫彰化,國泰金,3,48,-45
合庫彰化,錸德,0,42,-42
合庫彰化,00970B新光BBB投等債20,0,30,-30
合庫彰化,正崴,0,26,-26
合庫彰化,新光金,0,26,-26
合庫彰化,擎亞,7,31,-24
合庫彰化,00665L富邦�琤肭磪囓�2,10,32,-22
合庫彰化,00941中信上游半導體,0,22,-22
合庫彰化,00905FT臺灣Smart,0,21,-21
合庫彰化,力積電,15,36,-21
合庫彰化,00903富邦元宇宙,0,20,-20
合庫彰化,神達,8,27,-19
合庫彰化,慶騰,0,19,-19
合庫彰化,誠美材,1,20,-19
合庫彰化,00650L復華香港正2,0,18,-18
合庫彰化,00675L富邦臺灣加權正2,0,18,-18
合庫彰化,華星光,28,45,-17
合庫彰化,攸泰科技,0,16,-16
合庫彰化,00671R富邦NASDAQ反1,0,15,-15
合庫彰化,00929復華台灣科技優息,2,17,-15
合庫彰化,台達電,0,12,-12
合庫彰化,漢翔,3,15,-12
合庫彰化,台通,0,12,-12
合庫彰化,00935野村臺灣新科技50,1,12,-11
合庫彰化,鈺齊-KY,0,11,-11
合庫彰化,00963中信全球高股息,0,10,-10
合庫彰化,00980B台新特選IG債10+,0,10,-10
合庫彰化,輔信,0,10,-10
合庫彰化,日盛台駿,0,10,-10
合庫彰化,邦泰,0,10,-10
合庫彰化,長榮航,2,11,-9
合庫彰化,00939統一台灣高息動能,0,9,-9
合庫彰化,泰茂,0,9,-9
合庫彰化,三商壽,0,9,-9
合庫彰化,精成科,1,10,-9
合庫彰化,長榮,0,8,-8
合庫彰化,00910第一金太空衛星,0,8,-8
合庫彰化,燿華,0,8,-8
合庫彰化,華航,15,23,-8
合庫彰化,中信金,2,10,-8
合庫彰化,新盛力,15,23,-8
合庫彰化,愛普*,0,8,-8
合庫彰化,友達,4,11,-7
合庫彰化,昇達科,5,12,-7
 元大崇德,力積電,286,47,239
 元大崇德,00673R期元大S＆P原油反1,210,0,210
 元大崇德,群創,131,16,115
 元大崇德,00637L元大滬深300正2,121,50,71
 元大崇德,聯電,107,47,60
 元大崇德,00882中信中國高股息,53,0,53
 元大崇德,元大高股息,55,4,51
 元大崇德,00639富邦深100,50,0,50
 元大崇德,00910第一金太空衛星,43,0,43
 元大崇德,00632R元大台灣50反1,33,1,32
 元大崇德,弘凱,31,3,28
 元大崇德,牧德,25,0,25
 元大崇德,00706L期元大S＆P日圓正2,22,0,22
 元大崇德,鴻海,48,26,22
 元大崇德,聯合再生,30,10,20
 元大崇德,00858永豐美國500大,18,0,18
 元大崇德,00918大華優利高填息30,18,0,18
 元大崇德,東台,15,0,15
 元大崇德,廣達,20,6,14
 元大崇德,欣興,15,3,12
 元大崇德,宏��,26,14,12
 元大崇德,永豐金,12,0,12
 元大崇德,兆豐金,13,1,12
 元大崇德,昇陽半導體,13,1,12
 元大崇德,立隆電,44,32,12
 元大崇德,緯創,21,10,11
 元大崇德,達邁,45,34,11
 元大崇德,00687B國泰20年美債,12,2,10
 元大崇德,00679B元大美債20年,15,5,10
 元大崇德,愛普*,14,4,10
 元大崇德,東元,10,0,10
 元大崇德,慧洋-KY,10,0,10
 元大崇德,南茂,12,2,10
 元大崇德,萬海,11,1,10
 元大崇德,第一金,10,1,9
 元大崇德,矽統,9,0,9
 元大崇德,世界,9,0,9
 元大崇德,凱美,18,10,8
 元大崇德,00912中信臺灣智慧50,7,0,7
 元大崇德,連展投控,8,1,7
 元大崇德,00919群益台灣精選高息,25,18,7
 元大崇德,合庫金,8,1,7
 元大崇德,台燿,8,2,6
 元大崇德,台揚,6,0,6
 元大崇德,海華,6,0,6
 元大崇德,台灣精銳,8,3,5
 元大崇德,晟銘電,10,5,5
 元大崇德,中租-KY,5,0,5
 元大崇德,健鼎,5,0,5
 元大崇德,GIS-KY,5,0,5
 元大崇德,00929復華台灣科技優息,3,113,-110
 元大崇德,00680L元大美債20正2,0,86,-86
 元大崇德,光環,5,80,-75
 元大崇德,00878國泰永續高股息,2,68,-66
 元大崇德,長榮,0,58,-58
 元大崇德,00941中信上游半導體,0,52,-52
 元大崇德,台化,20,70,-50
 元大崇德,00940元大台灣價值高息,15,60,-45
 元大崇德,00905FT臺灣Smart,0,44,-44
 元大崇德,日月光投控,1,37,-36
 元大崇德,神達,218,253,-35
 元大崇德,宏觀,2,30,-28
 元大崇德,擎亞,20,48,-28
 元大崇德,00937B群益ESG投等債20,14,42,-28
 元大崇德,富邦金,0,25,-25
 元大崇德,台康生技,0,23,-23
 元大崇德,玉山金,1,20,-19
 元大崇德,廣運,1,20,-19
 元大崇德,友達,2,20,-18
 元大崇德,00757統一FANG+,0,17,-17
 元大崇德,台泥,4,21,-17
 元大崇德,華星光,57,74,-17
 元大崇德,新光金,15,31,-16
 元大崇德,宏達電,81,96,-15
 元大崇德,今皓,32,47,-15
 元大崇德,00895富邦未來車,0,15,-15
 元大崇德,華新,2,16,-14
 元大崇德,006208富邦台50,2,15,-13
 元大崇德,長榮航,1,14,-13
 元大崇德,新日興,7,20,-13
 元大崇德,00881國泰台灣5G+,1,13,-12
 元大崇德,興能高,139,151,-12
 元大崇德,順達,12,23,-11
 元大崇德,中光電,6,17,-11
 元大崇德,和碩,3,14,-11
 元大崇德,00965元大航太防衛科技,0,11,-11
 元大崇德,力智,0,11,-11
 元大崇德,00922國泰台灣領袖50,3,14,-11
 元大崇德,銘異,0,11,-11
 元大崇德,00951台新日本半導體,0,10,-10
 元大崇德,大江,0,10,-10
 元大崇德,00891中信關鍵半導體,0,10,-10
 元大崇德,台表科,0,10,-10
 元大崇德,上曜,0,10,-10
 元大崇德,華南金,1,10,-9
 元大崇德,00730富邦臺灣優質高息,0,9,-9
 元大崇德,泰金寶-DR,36,45,-9
 元大崇德,00665L富邦�琤肭磪囓�2,0,9,-9
 元大崇德,友訊,0,9,-9
 元大崇德,台積電,25,34,-9
 元大大益,00637L元大滬深300正2,126,25,101
 元大大益,00919群益台灣精選高息,127,30,97
 元大大益,聯電,112,54,58
 元大大益,泰金寶-DR,412,359,53
 元大大益,00922國泰台灣領袖50,52,6,46
 元大大益,00942B台新美A公司債20+,40,0,40
 元大大益,寶成,35,4,31
 元大大益,00940元大台灣價值高息,38,7,31
 元大大益,中鋼,37,8,29
 元大大益,00960野村全球航運龍頭,25,0,25
 元大大益,00911兆豐洲際半導體,25,0,25
 元大大益,00712復華富時不動產,23,0,23
 元大大益,立��,41,18,23
 元大大益,00665L富邦�琤肭磪囓�2,21,0,21
 元大大益,立敦,49,29,20
 元大大益,00858永豐美國500大,20,0,20
 元大大益,迅得,26,6,20
 元大大益,精金,20,0,20
 元大大益,如興,20,0,20
 元大大益,映泰,20,0,20
 元大大益,今皓,20,0,20
 元大大益,三商壽,19,0,19
 元大大益,00878國泰永續高股息,21,3,18
 元大大益,台泥,17,0,17
 元大大益,振曜,16,0,16
 元大大益,亞泰,16,0,16
 元大大益,永豐金,16,1,15
 元大大益,00633L富邦上証正2,15,0,15
 元大大益,00941中信上游半導體,20,5,15
 元大大益,宏��,14,0,14
 元大大益,英業達,16,2,14
 元大大益,00632R元大台灣50反1,13,0,13
 元大大益,王道銀行,13,0,13
 元大大益,兆豐金,14,1,13
 元大大益,00918大華優利高填息30,18,6,12
 元大大益,00679B元大美債20年,12,0,12
 元大大益,00909國泰數位支付服務,11,1,10
 元大大益,富驊,10,0,10
 元大大益,亞泥,10,0,10
 元大大益,00900富邦特選高股息30,10,0,10
 元大大益,南紡,10,0,10
 元大大益,優盛,10,0,10
 元大大益,宏齊,10,0,10
 元大大益,國喬,10,0,10
 元大大益,聯成,10,0,10
 元大大益,00680L元大美債20正2,10,0,10
 元大大益,力成,10,1,9
 元大大益,萬泰科,11,2,9
 元大大益,力積電,48,40,8
 元大大益,00956中信日經高股息,8,0,8
 元大大益,南亞,0,85,-85
 元大大益,00965元大航太防衛科技,0,67,-67
 元大大益,00929復華台灣科技優息,2,48,-46
 元大大益,亞翔,1,46,-45
 元大大益,加百裕,37,77,-40
 元大大益,精剛,0,35,-35
 元大大益,北基,0,34,-34
 元大大益,00951台新日本半導體,0,30,-30
 元大大益,廣達,6,31,-25
 元大大益,欣銓,9,34,-25
 元大大益,仁寶,0,24,-24
 元大大益,中華電,0,24,-24
 元大大益,榮運,0,21,-21
 元大大益,00910第一金太空衛星,0,20,-20
 元大大益,00720B元大投資級公司債,0,20,-20
 元大大益,00753L中信中國50正2,20,40,-20
 元大大益,神達,96,115,-19
 元大大益,凱基金,0,19,-19
 元大大益,朋億*,2,21,-19
 元大大益,00971野村美國研發龍頭,1,20,-19
 元大大益,00924復華S＆P500成長,0,18,-18
 元大大益,00719B元大美債1-3,10,25,-15
 元大大益,撼訊,0,15,-15
 元大大益,興能高,129,144,-15
 元大大益,中信金,3,17,-14
 元大大益,友達,1,15,-14
 元大大益,永昕,0,14,-14
 元大大益,富邦金,4,18,-14
 元大大益,宏致,8,22,-14
 元大大益,台達電,35,48,-13
 元大大益,00668國泰美國道瓊,0,13,-13
 元大大益,00934中信成長高股息,0,13,-13
 元大大益,威剛,0,13,-13
 元大大益,群創,0,12,-12
 元大大益,00631L元大台灣50正2,0,11,-11
 元大大益,原相,0,11,-11
 元大大益,創惟,2,13,-11
 元大大益,敬鵬,0,10,-10
 元大大益,長興,0,10,-10
 元大大益,協易機,0,10,-10
 元大大益,矽格,0,10,-10
 元大大益,中光電,0,10,-10
 元大大益,博磊,0,10,-10
 元大大益,富采,3,12,-9
 元大大益,華邦電,6,15,-9
 元大大益,00892富邦台灣半導體,0,9,-9
 元大大益,雷虎,1,10,-9
 元大大益,順達,2,10,-8
 元大大益,南茂,1,8,-7
 元大大益,新光金,2,9,-7
兆豐南京,國票金,252,0,252
兆豐南京,欣興,264,74,190
兆豐南京,耀登,35,0,35
兆豐南京,台聚,33,0,33
兆豐南京,宏達電,73,46,27
兆豐南京,信錦,25,0,25
兆豐南京,連展投控,93,70,23
兆豐南京,00795B中信美國公債20年,22,0,22
兆豐南京,聯電,41,19,22
兆豐南京,00680L元大美債20正2,20,0,20
兆豐南京,00673R期元大S＆P原油反1,20,0,20
兆豐南京,宏觀,20,0,20
兆豐南京,新日興,25,6,19
兆豐南京,昇貿,30,14,16
兆豐南京,達邁,17,2,15
兆豐南京,台灣虎航,15,1,14
兆豐南京,00919群益台灣精選高息,13,0,13
兆豐南京,大同,20,8,12
兆豐南京,00637L元大滬深300正2,173,162,11
兆豐南京,上海商銀,11,0,11
兆豐南京,00937B群益ESG投等債20,12,1,11
兆豐南京,00918大華優利高填息30,10,0,10
兆豐南京,00655L國泰中國A50正2,10,0,10
兆豐南京,三商壽,10,0,10
兆豐南京,創威,10,0,10
兆豐南京,建暐,10,0,10
兆豐南京,商億-KY,10,0,10
兆豐南京,力積電,10,2,8
兆豐南京,元大高股息,16,9,7
兆豐南京,富邦科技,12,5,7
兆豐南京,雙鴻,7,0,7
兆豐南京,00662富邦NASDAQ,6,0,6
兆豐南京,聯鈞,12,6,6
兆豐南京,00926凱基全球菁英55,5,0,5
兆豐南京,00935野村臺灣新科技50,5,0,5
兆豐南京,堤維西,5,0,5
兆豐南京,2881A富邦特,5,0,5
兆豐南京,2882A國泰特,5,0,5
兆豐南京,2887E台新戊特,5,0,5
兆豐南京,欣銓,10,5,5
兆豐南京,英濟,7,2,5
兆豐南京,系微,5,0,5
兆豐南京,全球傳動,7,3,4
兆豐南京,00929復華台灣科技優息,10,6,4
兆豐南京,大將,4,0,4
兆豐南京,大成鋼,4,0,4
兆豐南京,英業達,6,2,4
兆豐南京,融程電,4,0,4
兆豐南京,樂威科-KY,4,0,4
兆豐南京,光鋐,4,0,4
兆豐南京,00887永豐中國科技50大,0,674,-674
兆豐南京,00980B台新特選IG債10+,20,157,-137
兆豐南京,00882中信中國高股息,4,115,-111
兆豐南京,00752中信中國50,0,100,-100
兆豐南京,奇鋐,0,75,-75
兆豐南京,港建*,0,50,-50
兆豐南京,華邦電,43,85,-42
兆豐南京,宏致,2,40,-38
兆豐南京,神達,60,97,-37
兆豐南京,群創,5,42,-37
兆豐南京,友達,12,45,-33
兆豐南京,聯合再生,0,30,-30
兆豐南京,穩懋,0,30,-30
兆豐南京,00720B元大投資級公司債,1,25,-24
兆豐南京,00940元大台灣價值高息,10,34,-24
兆豐南京,中鋼,0,20,-20
兆豐南京,訊芯-KY,0,20,-20
兆豐南京,00965元大航太防衛科技,0,18,-18
兆豐南京,順達,5,22,-17
兆豐南京,憶聲,0,15,-15
兆豐南京,芯鼎,0,15,-15
兆豐南京,新盛力,21,36,-15
兆豐南京,富邦金,0,14,-14
兆豐南京,友勁,0,13,-13
兆豐南京,東元,0,12,-12
兆豐南京,00951台新日本半導體,0,11,-11
兆豐南京,華泰,0,11,-11
兆豐南京,興能高,42,53,-11
兆豐南京,00899FT潔淨能源,0,10,-10
兆豐南京,00934中信成長高股息,0,10,-10
兆豐南京,00946群益科技高息成長,0,10,-10
兆豐南京,裕隆,0,10,-10
兆豐南京,良維,1,11,-10
兆豐南京,雲豹能源,0,10,-10
兆豐南京,恩德,0,8,-8
兆豐南京,智捷,0,8,-8
兆豐南京,00687B國泰20年美債,0,7,-7
兆豐南京,華城,0,7,-7
兆豐南京,潤泰新,0,7,-7
兆豐南京,中信金,4,10,-6
兆豐南京,亞翔,1,7,-6
兆豐南京,台苯,0,5,-5
兆豐南京,華通,0,5,-5
兆豐南京,遠百,0,5,-5
兆豐南京,京鼎,0,5,-5
兆豐南京,中探針,0,5,-5
兆豐南京,虎門科技,0,5,-5
兆豐南京,00927群益半導體收益,0,5,-5
兆豐南京,廣達,2,7,-5
兆豐南京,00939統一台灣高息動能,0,4,-4
凱基永華,友達,100,0,100
凱基永華,華邦電,100,3,97
凱基永華,00637L元大滬深300正2,387,340,47
凱基永華,聯合再生,50,10,40
凱基永華,聯電,46,14,32
凱基永華,金寶,22,0,22
凱基永華,00706L期元大S＆P日圓正2,20,1,19
凱基永華,00680L元大美債20正2,15,1,14
凱基永華,00673R期元大S＆P原油反1,13,0,13
凱基永華,00919群益台灣精選高息,9,1,8
凱基永華,華晶科,8,0,8
凱基永華,福華,8,0,8
凱基永華,環宇-KY,10,3,7
凱基永華,綠界科技*,7,0,7
凱基永華,華星光,11,5,6
凱基永華,00932兆豐永續高息等權,6,0,6
凱基永華,南亞科,10,4,6
凱基永華,晶心科,6,0,6
凱基永華,M31,6,0,6
凱基永華,元大高股息,7,1,6
凱基永華,宏遠,5,0,5
凱基永華,四維航,5,0,5
凱基永華,緯創,11,6,5
凱基永華,精成科,6,2,4
凱基永華,兆豐金,4,0,4
凱基永華,00915凱基優選高股息30,5,1,4
凱基永華,正道,4,0,4
凱基永華,新光金,4,0,4
凱基永華,欣興,3,0,3
凱基永華,00830國泰費城半導體,3,0,3
凱基永華,00858永豐美國500大,3,0,3
凱基永華,00655L國泰中國A50正2,3,0,3
凱基永華,00687B國泰20年美債,3,0,3
凱基永華,晶豪科,3,0,3
凱基永華,穩懋,3,0,3
凱基永華,正達,3,0,3
凱基永華,加百裕,4,1,3
凱基永華,力成,3,0,3
凱基永華,敬鵬,2,0,2
凱基永華,波若威,5,3,2
凱基永華,欣銓,9,7,2
凱基永華,00960野村全球航運龍頭,2,0,2
凱基永華,00719B元大美債1-3,2,0,2
凱基永華,00910第一金太空衛星,2,0,2
凱基永華,台泥,2,0,2
凱基永華,彰源,2,0,2
凱基永華,佳大,2,0,2
凱基永華,技嘉,2,0,2
凱基永華,圓剛,2,0,2
凱基永華,皇昌,2,0,2
凱基永華,00980B台新特選IG債10+,0,172,-172
凱基永華,00922國泰台灣領袖50,0,170,-170
凱基永華,00923群益台ESG低碳50,0,145,-145
凱基永華,00929復華台灣科技優息,0,47,-47
凱基永華,富邦金,1,41,-40
凱基永華,群創,1,35,-34
凱基永華,宏全,0,20,-20
凱基永華,元大MSCI金融,0,20,-20
凱基永華,力積電,7,23,-16
凱基永華,神達,31,45,-14
凱基永華,新日興,0,10,-10
凱基永華,利奇,0,10,-10
凱基永華,億光,0,10,-10
凱基永華,光群雷,0,10,-10
凱基永華,展達,0,10,-10
凱基永華,貿聯-KY,0,10,-10
凱基永華,百一,0,10,-10
凱基永華,凱基金,5,12,-7
凱基永華,宏達電,22,29,-7
凱基永華,台達電,0,7,-7
凱基永華,三福化,3,10,-7
凱基永華,台特化,0,6,-6
凱基永華,00715L期街口布蘭特正2,0,6,-6
凱基永華,台中銀,0,6,-6
凱基永華,和碩,0,6,-6
凱基永華,成霖,0,6,-6
凱基永華,中鋼,5,11,-6
凱基永華,00965元大航太防衛科技,0,5,-5
凱基永華,00888永豐台灣ESG,5,10,-5
凱基永華,00882中信中國高股息,15,20,-5
凱基永華,矽統,0,5,-5
凱基永華,統一證,0,5,-5
凱基永華,台新金,0,5,-5
凱基永華,世紀,1,6,-5
凱基永華,九豪,0,5,-5
凱基永華,006208富邦台50,1,6,-5
凱基永華,台積電,1,5,-4
凱基永華,00763U期街口道瓊銅,0,4,-4
凱基永華,00941中信上游半導體,0,4,-4
凱基永華,國喬,0,4,-4
凱基永華,燿華,0,4,-4
凱基永華,雲品,0,4,-4
凱基永華,宇環,0,4,-4
凱基永華,北基,0,4,-4
凱基永華,新盛力,31,35,-4
凱基永華,鴻準,0,3,-3
凱基永華,廣達,0,4,-4
凱基永華,地球,0,3,-3
凱基永華,櫻花建,0,3,-3
凱基永華,美食-KY,0,3,-3
 元大林園,00648R元大S＆P500反1,200,0,200
 元大林園,聯電,123,13,110
 元大林園,第一金,35,0,35
 元大林園,英濟,35,1,34
 元大林園,鴻海,38,14,24
 元大林園,聚亨,15,0,15
 元大林園,力成,13,0,13
 元大林園,台船,10,0,10
 元大林園,00931B統一美債20年,10,0,10
 元大林園,僑威,13,3,10
 元大林園,晶睿,10,0,10
 元大林園,玉山金,9,0,9
 元大林園,臺企銀,10,3,7
 元大林園,00679B元大美債20年,8,2,6
 元大林園,訊芯-KY,7,1,6
 元大林園,正崴,5,0,5
 元大林園,00764B群益25年美債,5,0,5
 元大林園,加百裕,12,7,5
 元大林園,海韻電,5,0,5
 元大林園,元晶,5,0,5
 元大林園,亞力,4,0,4
 元大林園,達發,4,0,4
 元大林園,和椿,20,16,4
 元大林園,華邦電,24,20,4
 元大林園,正文,4,0,4
 元大林園,擎亞,5,1,4
 元大林園,00937B群益ESG投等債20,3,0,3
 元大林園,00882中信中國高股息,7,4,3
 元大林園,亞光,5,2,3
 元大林園,00646元大S＆P500,3,0,3
 元大林園,葡萄王,3,0,3
 元大林園,華航,3,0,3
 元大林園,岱稜,3,0,3
 元大林園,友威科,3,0,3
 元大林園,海華,3,0,3
 元大林園,晉泰,3,0,3
 元大林園,潤泰新,3,0,3
 元大林園,00850元大臺灣ESG永續,3,1,2
 元大林園,元大高股息,2,0,2
 元大林園,景碩,3,1,2
 元大林園,00923群益台ESG低碳50,2,0,2
 元大林園,00971野村美國研發龍頭,2,0,2
 元大林園,和益,2,0,2
 元大林園,華紙,2,0,2
 元大林園,IKKA-KY,2,0,2
 元大林園,佳世達,2,0,2
 元大林園,新巨,2,0,2
 元大林園,中航,2,0,2
 元大林園,三商壽,5,3,2
 元大林園,耀登,2,0,2
 元大林園,00965元大航太防衛科技,3,55,-52
 元大林園,長榮,0,47,-47
 元大林園,00887永豐中國科技50大,12,56,-44
 元大林園,00680L元大美債20正2,0,43,-43
 元大林園,華南金,0,42,-42
 元大林園,00940元大台灣價值高息,5,31,-26
 元大林園,威盛,1,26,-25
 元大林園,寶成,1,23,-22
 元大林園,上曜,0,20,-20
 元大林園,00631L元大台灣50正2,0,18,-18
 元大林園,中環,0,17,-17
 元大林園,00753L中信中國50正2,0,15,-15
 元大林園,日月光投控,2,17,-15
 元大林園,欣銓,7,19,-12
 元大林園,廣達,0,12,-12
 元大林園,中石化,0,11,-11
 元大林園,萬海,1,12,-11
 元大林園,世界,0,10,-10
 元大林園,立敦,1,11,-10
 元大林園,星宇航空,1,11,-10
 元大林園,台積電,2,11,-9
 元大林園,艾訊,2,10,-8
 元大林園,上海商銀,0,8,-8
 元大林園,00688L國泰20年美債正2,0,7,-7
 元大林園,00934中信成長高股息,0,7,-7
 元大林園,祺驊,0,7,-7
 元大林園,友達,0,7,-7
 元大林園,瑞軒,0,7,-7
 元大林園,昇達科,5,12,-7
 元大林園,鈺鎧,0,7,-7
 元大林園,力積電,4,11,-7
 元大林園,鉅祥,0,6,-6
 元大林園,大銀微系統,2,8,-6
 元大林園,仁寶,9,14,-5
 元大林園,00952凱基台灣AI50,0,5,-5
 元大林園,00946群益科技高息成長,0,5,-5
 元大林園,楠梓電,0,5,-5
 元大林園,廣宇,0,5,-5
 元大林園,光群雷,0,5,-5
 元大林園,榮剛,0,5,-5
 元大林園,順達,8,12,-4
 元大林園,00905FT臺灣Smart,0,4,-4
 元大林園,00927群益半導體收益,0,4,-4
 元大林園,富喬,5,9,-4
 元大林園,長榮航,0,4,-4
 元大林園,合勤控,0,4,-4
 元大林園,利勤,0,4,-4
 元大林園,大同,3,7,-4
 元大林園,00919群益台灣精選高息,5,8,-3
 元大林園,00757統一FANG+,0,3,-3
致和東門,連展投控,100,12,88
致和東門,合庫金,20,0,20
致和東門,聯電,30,14,16
致和東門,台林,15,0,15
致和東門,一詮,10,0,10
致和東門,慧洋-KY,10,0,10
致和東門,東陽,8,0,8
致和東門,力積電,9,1,8
致和東門,潤泰全,7,0,7
致和東門,堤維西,6,0,6
致和東門,佳能,5,0,5
致和東門,群創,5,0,5
致和東門,晶彩科,5,0,5
致和東門,立積,5,0,5
致和東門,00637L元大滬深300正2,4,0,4
致和東門,00919群益台灣精選高息,4,0,4
致和東門,宏達電,14,10,4
致和東門,星宇航空,4,0,4
致和東門,廣達,3,0,3
致和東門,威盛,3,0,3
致和東門,LINEPAY,2,0,2
致和東門,00937B群益ESG投等債20,2,0,2
致和東門,元大高股息,2,0,2
致和東門,00878國泰永續高股息,2,0,2
致和東門,晶豪科,2,0,2
致和東門,順達,4,2,2
致和東門,玉晶光,2,0,2
致和東門,聯合再生,2,0,2
致和東門,材料-KY,2,0,2
致和東門,前鼎,2,0,2
致和東門,信昌電,2,0,2
致和東門,和椿,2,0,2
致和東門,采鈺,2,0,2
致和東門,雲豹能源,2,0,2
致和東門,台光電,1,0,1
致和東門,微星,1,0,1
致和東門,金像電,2,1,1
致和東門,葡萄王,1,0,1
致和東門,濱川,1,0,1
致和東門,耿鼎,1,0,1
致和東門,大成鋼,1,0,1
致和東門,英業達,6,5,1
致和東門,00687B國泰20年美債,1,0,1
致和東門,00679B元大美債20年,1,0,1
致和東門,00918大華優利高填息30,1,0,1
致和東門,00915凱基優選高股息30,1,0,1
致和東門,00858永豐美國500大,1,0,1
致和東門,亞力,1,0,1
致和東門,陽明,1,0,1
致和東門,欣興,3,2,1
致和東門,華南金,0,53,-53
致和東門,金寶,0,50,-50
致和東門,精成科,10,35,-25
致和東門,台積電,7,28,-21
致和東門,鴻海,0,16,-16
致和東門,三商壽,0,10,-10
致和東門,欣銓,0,10,-10
致和東門,能率網通,0,10,-10
致和東門,神達,2,10,-8
致和東門,新漢,0,7,-7
致和東門,IKKA-KY,2,8,-6
致和東門,正文,0,6,-6
致和東門,京元電子,0,5,-5
致和東門,中鋼,0,5,-5
致和東門,新光金,0,5,-5
致和東門,宏致,0,5,-5
致和東門,中揚光,0,5,-5
致和東門,太設,0,4,-4
致和東門,全漢,0,4,-4
致和東門,萬旭,0,4,-4
致和東門,來頡,0,4,-4
致和東門,長榮航,0,3,-3
致和東門,第一店,0,3,-3
致和東門,廣運,0,3,-3
致和東門,芯鼎,0,3,-3
致和東門,台達電,0,2,-2
致和東門,宇隆,0,2,-2
致和東門,佳世達,0,2,-2
致和東門,凱美,3,5,-2
致和東門,鉅祥,0,2,-2
致和東門,冠德,0,2,-2
致和東門,大聯大,0,2,-2
致和東門,瑞智,0,2,-2
致和東門,鈦昇,0,2,-2
致和東門,南電,0,2,-2
致和東門,寶成,0,2,-2
致和東門,圓剛,1,2,-1
致和東門,正崴,0,1,-1
致和東門,大同,1,2,-1
致和東門,志聖,0,1,-1
致和東門,華碩,0,1,-1
致和東門,富喬,0,1,-1
致和東門,立隆電,0,1,-1
致和東門,國泰金,0,1,-1
致和東門,零壹,0,1,-1
致和東門,僑威,1,2,-1
致和東門,精材,0,1,-1
致和東門,新日興,0,1,-1
致和東門,融程電,0,1,-1
致和東門,營邦,0,1,-1
群益新店,00937B群益ESG投等債20,95,0,95
群益新店,南茂,41,3,38
群益新店,聯電,38,5,33
群益新店,00692富邦公司治理,31,0,31
群益新店,00953B群益優選非投等債,31,0,31
群益新店,台塑,21,0,21
群益新店,00950B凱基A級公司債,20,0,20
群益新店,富喬,33,13,20
群益新店,00945B凱基美國非投等債,16,0,16
群益新店,福懋,16,0,16
群益新店,神基,15,0,15
群益新店,鴻準,15,0,15
群益新店,信立,14,0,14
群益新店,00933B國泰10Y+金融債,12,0,12
群益新店,雄獅,12,0,12
群益新店,力成,12,0,12
群益新店,大同,11,1,10
群益新店,精成科,16,6,10
群益新店,潤泰材,10,0,10
群益新店,緯創,17,8,9
群益新店,00830國泰費城半導體,10,1,9
群益新店,00959B大華投等美債15Y+,9,0,9
群益新店,千興,9,0,9
群益新店,00858永豐美國500大,8,0,8
群益新店,00971野村美國研發龍頭,8,0,8
群益新店,全新,10,2,8
群益新店,聯鈞,25,17,8
群益新店,00679B元大美債20年,8,0,8
群益新店,00881國泰台灣5G+,7,0,7
群益新店,晶睿,7,0,7
群益新店,瀚宇博,8,1,7
群益新店,訊達,10,3,7
群益新店,台灣精銳,6,0,6
群益新店,京元電子,6,0,6
群益新店,聯亞,6,0,6
群益新店,樺晟,6,0,6
群益新店,永崴投控,6,0,6
群益新店,環宇-KY,15,9,6
群益新店,正基,6,0,6
群益新店,00922國泰台灣領袖50,5,0,5
群益新店,00948B中信優息投資級債,5,0,5
群益新店,中工,5,0,5
群益新店,弘凱,6,1,5
群益新店,高僑,5,0,5
群益新店,保綠-KY,5,0,5
群益新店,大成鋼,7,3,4
群益新店,宏��,4,0,4
群益新店,彰銀,5,1,4
群益新店,零壹,4,0,4
群益新店,偉訓,4,0,4
群益新店,宏達電,20,657,-637
群益新店,00637L元大滬深300正2,17,362,-345
群益新店,00980B台新特選IG債10+,0,297,-297
群益新店,群創,0,100,-100
群益新店,力積電,13,102,-89
群益新店,矽格,4,71,-67
群益新店,00697B元大美債7-10,0,60,-60
群益新店,00878國泰永續高股息,2,55,-53
群益新店,00929復華台灣科技優息,20,60,-40
群益新店,00852L國泰美國道瓊正2,0,36,-36
群益新店,00936台新永續高息中小,0,35,-35
群益新店,建漢,5,30,-25
群益新店,華邦電,0,22,-22
群益新店,00675L富邦臺灣加權正2,3,23,-20
群益新店,南亞,0,20,-20
群益新店,00927群益半導體收益,0,20,-20
群益新店,00680L元大美債20正2,1,20,-19
群益新店,耿鼎,0,16,-16
群益新店,神達,25,40,-15
群益新店,亞翔,7,22,-15
群益新店,旺宏,0,14,-14
群益新店,中信金,0,13,-13
群益新店,良維,0,13,-13
群益新店,欣銓,1,13,-12
群益新店,宏普,0,11,-11
群益新店,新盛力,107,118,-11
群益新店,00669R國泰美國道瓊反1,0,10,-10
群益新店,艾姆勒,0,10,-10
群益新店,國泰金,4,14,-10
群益新店,台耀,0,10,-10
群益新店,瑞儀,0,10,-10
群益新店,00934中信成長高股息,0,9,-9
群益新店,長榮航,5,14,-9
群益新店,能率,1,10,-9
群益新店,00676R富邦臺灣加權反1,3,12,-9
群益新店,00632R元大台灣50反1,0,7,-7
群益新店,陽明,3,10,-7
群益新店,新興,0,6,-6
群益新店,品安,0,6,-6
群益新店,00940元大台灣價值高息,0,5,-5
群益新店,00635U期元大S＆P黃金,0,5,-5
群益新店,00935野村臺灣新科技50,0,5,-5
群益新店,冠軍,0,5,-5
群益新店,茂達,0,5,-5
群益新店,順達,11,16,-5
群益新店,00631L元大台灣50正2,3,7,-4
群益新店,奇鋐,0,4,-4
群益新店,00753L中信中國50正2,1,5,-4
群益新店,00905FT臺灣Smart,8,12,-4
群益新店,東陽,0,4,-4
群益高雄,聯電,738,15,723
群益高雄,00937B群益ESG投等債20,112,0,112
群益高雄,陽明,43,3,40
群益高雄,彩晶,37,0,37
群益高雄,00795B中信美國公債20年,36,0,36
群益高雄,建暐,37,1,36
群益高雄,00910第一金太空衛星,62,33,29
群益高雄,健喬,21,0,21
群益高雄,00945B凱基美國非投等債,20,0,20
群益高雄,00965元大航太防衛科技,20,0,20
群益高雄,緯創,25,10,15
群益高雄,中纖,13,0,13
群益高雄,兆豐金,11,0,11
群益高雄,華星光,105,95,10
群益高雄,南亞科,10,0,10
群益高雄,亞聚,10,0,10
群益高雄,上曜,20,10,10
群益高雄,允強,10,0,10
群益高雄,采鈺,12,2,10
群益高雄,波若威,39,30,9
群益高雄,友訊,21,13,8
群益高雄,萬泰科,8,0,8
群益高雄,眾達-KY,17,9,8
群益高雄,神達,120,113,7
群益高雄,金像電,10,3,7
群益高雄,方土霖,7,0,7
群益高雄,大成鋼,7,0,7
群益高雄,欣興,9,3,6
群益高雄,聯鈞,12,5,7
群益高雄,博盛半導體,6,0,6
群益高雄,星宇航空,6,1,5
群益高雄,時碩工業,5,0,5
群益高雄,友勁,5,0,5
群益高雄,華安,5,0,5
群益高雄,佳能,12,8,4
群益高雄,00637L元大滬深300正2,4,0,4
群益高雄,亞光,8,4,4
群益高雄,00927群益半導體收益,4,0,4
群益高雄,得力,4,0,4
群益高雄,聯合再生,4,0,4
群益高雄,達邁,13,9,4
群益高雄,全球傳動,6,2,4
群益高雄,台塑化,4,0,4
群益高雄,雷虎,6,2,4
群益高雄,合庫金,4,0,4
群益高雄,宏達電,28,25,3
群益高雄,保瑞,3,0,3
群益高雄,00882中信中國高股息,3,0,3
群益高雄,威健,3,0,3
群益高雄,聯光通,5,2,3
群益高雄,鴻準,5,211,-206
群益高雄,00980B台新特選IG債10+,0,135,-135
群益高雄,00933B國泰10Y+金融債,2,94,-92
群益高雄,營邦,0,43,-43
群益高雄,00858永豐美國500大,48,90,-42
群益高雄,00735國泰臺韓科技,0,40,-40
群益高雄,精成科,8,44,-36
群益高雄,兆利,14,48,-34
群益高雄,勤誠,0,30,-30
群益高雄,耿鼎,0,20,-20
群益高雄,00929復華台灣科技優息,0,19,-19
群益高雄,台泥,3,19,-16
群益高雄,玉山金,0,16,-16
群益高雄,擎亞,5,21,-16
群益高雄,元大高股息,3,18,-15
群益高雄,泰金寶-DR,170,184,-14
群益高雄,巨騰-DR,0,14,-14
群益高雄,中信金,0,13,-13
群益高雄,智邦,9,21,-12
群益高雄,台新金,0,12,-12
群益高雄,00878國泰永續高股息,3,13,-10
群益高雄,00963中信全球高股息,0,10,-10
群益高雄,台玻,0,10,-10
群益高雄,昆盈,0,10,-10
群益高雄,凌陽,0,10,-10
群益高雄,宏致,22,32,-10
群益高雄,鴻海,11,20,-9
群益高雄,立敦,11,20,-9
群益高雄,00905FT臺灣Smart,0,9,-9
群益高雄,00728第一金工業30,0,9,-9
群益高雄,長榮航,1,10,-9
群益高雄,啟��,0,9,-9
群益高雄,連展投控,4,13,-9
群益高雄,力積電,11,20,-9
群益高雄,凱基金,2,10,-8
群益高雄,00713元大台灣高息低波,2,10,-8
群益高雄,00923群益台ESG低碳50,0,7,-7
群益高雄,友達,2,9,-7
群益高雄,南電,1,8,-7
群益高雄,元大台灣50,0,7,-7
群益高雄,寶成,0,6,-6
群益高雄,科妍,2,8,-6
群益高雄,中鴻,0,6,-6
群益高雄,華南金,0,5,-5
群益高雄,台積電,2,8,-6
群益高雄,興能高,56,61,-5
群益高雄,台達電,0,5,-5
群益高雄,東鹼,0,5,-5
群益高雄,喬山,0,5,-5
群益高雄,華盈,0,5,-5
凱基新豐,00632R元大台灣50反1,161,11,150
凱基新豐,00945B凱基美國非投等債,80,0,80
凱基新豐,00918大華優利高填息30,55,0,55
凱基新豐,00753L中信中國50正2,51,0,51
凱基新豐,00686R群益臺灣加權反1,50,0,50
凱基新豐,聯電,48,8,40
凱基新豐,富喬,73,35,38
凱基新豐,00741B富邦全球非投等債,30,0,30
凱基新豐,麗嬰房,27,0,27
凱基新豐,欣興,32,8,24
凱基新豐,緯創,33,10,23
凱基新豐,富采,21,0,21
凱基新豐,擎亞,21,0,21
凱基新豐,00751B元大AAA至A公司債,20,0,20
凱基新豐,燁興,20,0,20
凱基新豐,三商壽,20,0,20
凱基新豐,康和證,20,0,20
凱基新豐,新鉅科,19,0,19
凱基新豐,00878國泰永續高股息,23,7,16
凱基新豐,興能高,50,34,16
凱基新豐,華航,32,17,15
凱基新豐,00919群益台灣精選高息,16,1,15
凱基新豐,中鋼,23,9,14
凱基新豐,晟銘電,39,25,14
凱基新豐,00650L復華香港正2,20,6,14
凱基新豐,定穎投控,20,6,14
凱基新豐,立��,23,9,14
凱基新豐,僑威,14,1,13
凱基新豐,00688L國泰20年美債正2,30,17,13
凱基新豐,達邁,21,10,11
凱基新豐,士電,21,11,10
凱基新豐,兆豐金,10,0,10
凱基新豐,展宇,10,0,10
凱基新豐,能率,10,0,10
凱基新豐,華邦電,14,5,9
凱基新豐,台塑,10,1,9
凱基新豐,00713元大台灣高息低波,10,2,8
凱基新豐,競國,8,0,8
凱基新豐,力成,8,0,8
凱基新豐,昇陽半導體,8,1,7
凱基新豐,00665L富邦�琤肭磪囓�2,6,0,6
凱基新豐,景碩,6,0,6
凱基新豐,鏵友益,6,0,6
凱基新豐,00772B中信高評級公司債,6,0,6
凱基新豐,加百裕,34,29,5
凱基新豐,00935野村臺灣新科技50,5,0,5
凱基新豐,00930永豐ESG低碳高息,5,0,5
凱基新豐,00953B群益優選非投等債,5,0,5
凱基新豐,耿鼎,5,0,5
凱基新豐,濱川,5,0,5
凱基新豐,00905FT臺灣Smart,6,112,-106
凱基新豐,00929復華台灣科技優息,1,100,-99
凱基新豐,力積電,19,118,-99
凱基新豐,00980B台新特選IG債10+,2,95,-93
凱基新豐,南茂,0,73,-73
凱基新豐,神達,59,97,-38
凱基新豐,00937B群益ESG投等債20,59,91,-32
凱基新豐,聯嘉,0,28,-28
凱基新豐,鴻海,8,35,-27
凱基新豐,仁寶,1,25,-24
凱基新豐,穩懋,15,39,-24
凱基新豐,00940元大台灣價值高息,0,20,-20
凱基新豐,南亞科,2,22,-20
凱基新豐,00922國泰台灣領袖50,5,24,-19
凱基新豐,精成科,0,16,-16
凱基新豐,00881國泰台灣5G+,2,18,-16
凱基新豐,友達,4,20,-16
凱基新豐,精確,0,16,-16
凱基新豐,廣宇,4,16,-12
凱基新豐,精金,0,12,-12
凱基新豐,日電貿,0,12,-12
凱基新豐,欣銓,11,23,-12
凱基新豐,臺企銀,0,12,-12
凱基新豐,亞翔,3,14,-11
凱基新豐,富邦金,0,11,-11
凱基新豐,00640L富邦日本正2,0,11,-11
凱基新豐,誠美材,0,11,-11
凱基新豐,ITH-KY,0,11,-11
凱基新豐,彰銀,0,10,-10
凱基新豐,00971野村美國研發龍頭,0,10,-10
凱基新豐,中石化,0,10,-10
凱基新豐,耀勝,0,10,-10
凱基新豐,錸寶,0,10,-10
凱基新豐,00631L元大台灣50正2,0,10,-10
凱基新豐,燁輝,0,9,-9
凱基新豐,大同,0,9,-9
凱基新豐,00936台新永續高息中小,0,8,-8
凱基新豐,日月光投控,0,8,-8
凱基新豐,00909國泰數位支付服務,0,8,-8
凱基新豐,恆大,3,11,-8
凱基新豐,創惟,10,17,-7
凱基新豐,00941中信上游半導體,0,7,-7
凱基新豐,00687B國泰20年美債,1,8,-7
凱基新豐,環宇-KY,18,25,-7
凱基新豐,光環,0,6,-6
凱基新豐,和椿,7,13,-6
凱基新豐,順達,5,10,-5
凱基新豐,波若威,2,7,-5
凱基新豐,00675L富邦臺灣加權正2,0,5,-5
凱基新豐,00926凱基全球菁英55,0,5,-5
統一台南  ,00915凱基優選高股息30,55,0,55
統一台南  ,國精化,37,0,37
統一台南  ,台泥,31,0,31
統一台南  ,006208富邦台50,30,1,29
統一台南  ,聯電,27,4,23
統一台南  ,00706L期元大S＆P日圓正2,21,0,21
統一台南  ,南亞,20,4,16
統一台南  ,大成鋼,17,2,15
統一台南  ,昇陽半導體,15,1,14
統一台南  ,欣興,13,2,11
統一台南  ,00910第一金太空衛星,11,0,11
統一台南  ,台特化,11,0,11
統一台南  ,國泰金,14,3,11
統一台南  ,太子,10,0,10
統一台南  ,佰鴻,10,0,10
統一台南  ,聯合再生,10,0,10
統一台南  ,佳格,9,0,9
統一台南  ,三商壽,10,1,9
統一台南  ,晟銘電,9,0,9
統一台南  ,鴻海,11,3,8
統一台南  ,00757統一FANG+,10,3,7
統一台南  ,慧洋-KY,7,0,7
統一台南  ,遠見,7,0,7
統一台南  ,日電貿,7,0,7
統一台南  ,新盛力,26,19,7
統一台南  ,京元電子,8,2,6
統一台南  ,00720B元大投資級公司債,6,0,6
統一台南  ,00965元大航太防衛科技,11,5,6
統一台南  ,宏致,11,5,6
統一台南  ,力成,6,0,6
統一台南  ,立��,7,1,6
統一台南  ,00918大華優利高填息30,16,10,6
統一台南  ,00632R元大台灣50反1,5,0,5
統一台南  ,00753L中信中國50正2,15,10,5
統一台南  ,大立,5,0,5
統一台南  ,立敦,15,10,5
統一台南  ,訊芯-KY,6,1,5
統一台南  ,康全電訊,5,0,5
統一台南  ,國產,7,2,5
統一台南  ,00713元大台灣高息低波,4,0,4
統一台南  ,大同,5,1,4
統一台南  ,00922國泰台灣領袖50,4,0,4
統一台南  ,年興,4,0,4
統一台南  ,大車隊,4,0,4
統一台南  ,台中銀,4,0,4
統一台南  ,台新金,5,1,4
統一台南  ,達邁,14,10,4
統一台南  ,廣達,9,5,4
統一台南  ,聯光通,13,10,3
統一台南  ,台燿,3,0,3
統一台南  ,00980B台新特選IG債10+,1,386,-385
統一台南  ,00669R國泰美國道瓊反1,0,200,-200
統一台南  ,00950B凱基A級公司債,10,150,-140
統一台南  ,華航,16,103,-87
統一台南  ,00923群益台ESG低碳50,0,80,-80
統一台南  ,00878國泰永續高股息,8,82,-74
統一台南  ,00881國泰台灣5G+,1,50,-49
統一台南  ,漢科,0,40,-40
統一台南  ,第一金,0,30,-30
統一台南  ,波若威,11,39,-28
統一台南  ,中環,0,27,-27
統一台南  ,00929復華台灣科技優息,0,25,-25
統一台南  ,中石化,0,20,-20
統一台南  ,00919群益台灣精選高息,6,26,-20
統一台南  ,良維,0,19,-19
統一台南  ,宏達電,70,88,-18
統一台南  ,新美齊,0,17,-17
統一台南  ,宏璟,0,17,-17
統一台南  ,永崴投控,0,16,-16
統一台南  ,興能高,23,37,-14
統一台南  ,元大高股息,2,15,-13
統一台南  ,英業達,5,18,-13
統一台南  ,星宇航空,0,12,-12
統一台南  ,凱基金,0,12,-12
統一台南  ,00680L元大美債20正2,0,11,-11
統一台南  ,位速,1,12,-11
統一台南  ,大眾控,0,11,-11
統一台南  ,力積電,4,15,-11
統一台南  ,00773B中信優先金融債,0,10,-10
統一台南  ,恆大,10,20,-10
統一台南  ,華紙,0,10,-10
統一台南  ,新光金,0,10,-10
統一台南  ,遠東新,0,8,-8
統一台南  ,東元,0,8,-8
統一台南  ,IKKA-KY,6,14,-8
統一台南  ,麗嬰房,0,8,-8
統一台南  ,00939統一台灣高息動能,0,8,-8
統一台南  ,長華*,0,7,-7
統一台南  ,00631L元大台灣50正2,1,7,-6
統一台南  ,00934中信成長高股息,0,6,-6
統一台南  ,光寶科,0,6,-6
統一台南  ,友訊,0,6,-6
統一台南  ,杭特,0,6,-6
統一台南  ,精成科,5,11,-6
統一台南  ,安集,0,6,-6
統一台南  ,台康生技,0,6,-6
統一台南  ,00924復華S＆P500成長,0,6,-6
統一台南  ,緯創,5,11,-6
統一台南  ,00673R期元大S＆P原油反1,5,10,-5
統一台南  ,永裕,0,5,-5
凱基板橋,聯電,190,23,167
凱基板橋,00632R元大台灣50反1,155,0,155
凱基板橋,欣銓,167,23,144
凱基板橋,玉山金,120,11,109
凱基板橋,富喬,105,9,96
凱基板橋,力積電,132,41,91
凱基板橋,00927群益半導體收益,83,0,83
凱基板橋,00905FT臺灣Smart,111,53,58
凱基板橋,浩鼎,52,0,52
凱基板橋,擎亞,111,80,31
凱基板橋,海光,32,2,30
凱基板橋,志強-KY,30,0,30
凱基板橋,大同,41,11,30
凱基板橋,00878國泰永續高股息,31,4,27
凱基板橋,網家,25,0,25
凱基板橋,耿鼎,23,0,23
凱基板橋,00637L元大滬深300正2,42,20,22
凱基板橋,00933B國泰10Y+金融債,21,0,21
凱基板橋,勤誠,20,0,20
凱基板橋,鑫科,20,0,20
凱基板橋,緯創,20,2,18
凱基板橋,鴻準,27,10,17
凱基板橋,00706L期元大S＆P日圓正2,15,0,15
凱基板橋,金寶,56,43,13
凱基板橋,00937B群益ESG投等債20,13,0,13
凱基板橋,創惟,15,3,12
凱基板橋,00918大華優利高填息30,12,0,12
凱基板橋,宏齊,12,0,12
凱基板橋,信立,12,0,12
凱基板橋,能率網通,11,0,11
凱基板橋,00731復華富時高息低波,10,0,10
凱基板橋,三洋電,10,0,10
凱基板橋,國精化,10,0,10
凱基板橋,台達化,10,0,10
凱基板橋,佳大,10,0,10
凱基板橋,jpp-KY,10,0,10
凱基板橋,00688L國泰20年美債正2,10,0,10
凱基板橋,易飛網,10,0,10
凱基板橋,連展投控,10,0,10
凱基板橋,建漢,10,1,9
凱基板橋,順達,12,3,9
凱基板橋,欣興,8,0,8
凱基板橋,富野,8,0,8
凱基板橋,中裕,8,0,8
凱基板橋,精成科,14,6,8
凱基板橋,華紙,7,0,7
凱基板橋,00858永豐美國500大,7,1,6
凱基板橋,達邁,22,16,6
凱基板橋,聯合再生,6,0,6
凱基板橋,王道銀行,6,0,6
凱基板橋,00980B台新特選IG債10+,0,120,-120
凱基板橋,立敦,8,109,-101
凱基板橋,00882中信中國高股息,0,100,-100
凱基板橋,堤維西,2,64,-62
凱基板橋,聯光通,4,64,-60
凱基板橋,國泰金,2,54,-52
凱基板橋,00938凱基優選30,0,50,-50
凱基板橋,力麒,0,50,-50
凱基板橋,00952凱基台灣AI50,1,50,-49
凱基板橋,00919群益台灣精選高息,19,59,-40
凱基板橋,台康生技,0,38,-38
凱基板橋,華航,4,40,-36
凱基板橋,加百裕,6,37,-31
凱基板橋,英業達,11,42,-31
凱基板橋,神達,57,87,-30
凱基板橋,00947台新臺灣IC設計,1,30,-29
凱基板橋,旺宏,1,25,-24
凱基板橋,亞光,17,41,-24
凱基板橋,群創,1,24,-23
凱基板橋,萬海,1,22,-21
凱基板橋,00665L富邦�琤肭磪囓�2,54,75,-21
凱基板橋,00680L元大美債20正2,12,31,-19
凱基板橋,00929復華台灣科技優息,0,19,-19
凱基板橋,00895富邦未來車,0,19,-19
凱基板橋,新日興,2,20,-18
凱基板橋,商億-KY,2,18,-16
凱基板橋,新光金,0,16,-16
凱基板橋,亞翔,4,20,-16
凱基板橋,環宇-KY,14,29,-15
凱基板橋,凱基金,4,18,-14
凱基板橋,00891中信關鍵半導體,1,15,-14
凱基板橋,艾訊,0,14,-14
凱基板橋,僑威,6,19,-13
凱基板橋,華南金,0,13,-13
凱基板橋,文曄,0,12,-12
凱基板橋,元大台灣50,1,12,-11
凱基板橋,00940元大台灣價值高息,0,11,-11
凱基板橋,00642U期元大S＆P石油,0,11,-11
凱基板橋,00893國泰智能電動車,0,11,-11
凱基板橋,群益證,0,11,-11
凱基板橋,宏達電,32,43,-11
凱基板橋,00712復華富時不動產,0,11,-11
凱基板橋,信邦,0,10,-10
凱基板橋,00936台新永續高息中小,0,10,-10
凱基板橋,00965元大航太防衛科技,0,10,-10
凱基板橋,熱映,0,10,-10
凱基板橋,銘異,0,10,-10
凱基板橋,第一金,0,9,-9
凱基板橋,立隆電,4,13,-9
凱基板橋,台達電,0,9,-9
 元大    ,00980B台新特選IG債10+,20401,143,20258
 元大    ,00929復華台灣科技優息,7113,86,7027
 元大    ,00940元大台灣價值高息,7878,869,7009
 元大    ,00965元大航太防衛科技,7735,2444,5291
 元大    ,00679B元大美債20年,10802,6315,4487
 元大    ,00631L元大台灣50正2,4647,570,4077
 元大    ,新光金,4408,665,3743
 元大    ,00688L國泰20年美債正2,5108,1547,3561
 元大    ,00951台新日本半導體,3586,43,3543
 元大    ,00675L富邦臺灣加權正2,3895,523,3372
 元大    ,神達,9452,6211,3241
 元大    ,宏達電,9271,6285,2986
 元大    ,00938凱基優選30,2950,15,2935
 元大    ,00887永豐中國科技50大,3654,890,2764
 元大    ,00680L元大美債20正2,4320,1897,2423
 元大    ,00936台新永續高息中小,2520,105,2415
 元大    ,00954中信日本半導體,2360,38,2322
 元大    ,00939統一台灣高息動能,2603,300,2303
 元大    ,00946群益科技高息成長,2741,763,1978
 元大    ,兆豐金,1987,126,1861
 元大    ,006208富邦台50,2343,689,1654
 元大    ,00877復華中國5G,1946,305,1641
 元大    ,00966B統一ESG投等債15,2995,1444,1551
 元大    ,00881國泰台灣5G+,1878,349,1529
 元大    ,00712復華富時不動產,1467,9,1458
 元大    ,00930永豐ESG低碳高息,1493,56,1437
 元大    ,00959B大華投等美債15Y+,1529,102,1427
 元大    ,00970B新光BBB投等債20,1396,151,1245
 元大    ,00905FT臺灣Smart,1197,10,1187
 元大    ,00941中信上游半導體,2788,1612,1176
 元大    ,00949復華日本龍頭,1108,0,1108
 元大    ,元大台灣50,2222,1131,1091
 元大    ,00945B凱基美國非投等債,2633,1559,1074
 元大    ,00673R期元大S＆P原油反1,3869,2797,1072
 元大    ,00715L期街口布蘭特正2,3376,2312,1064
 元大    ,永豐金,2674,1613,1061
 元大    ,鴻準,1404,406,998
 元大    ,00670L富邦NASDAQ正2,1032,36,996
 元大    ,00943兆豐電子高息等權,994,0,994
 元大    ,00642U期元大S＆P石油,1048,69,979
 元大    ,友訊,1116,140,976
 元大    ,元大金,1043,81,962
 元大    ,王道銀行,1163,203,960
 元大    ,00923群益台ESG低碳50,1136,201,935
 元大    ,00963中信全球高股息,931,0,931
 元大    ,華航,1265,365,900
 元大    ,00969B元大零息超長美債,1724,892,832
 元大    ,金寶,1263,452,811
 元大    ,中鋼,1382,578,804
 元大    ,00650L復華香港正2,3098,2301,797
 元大    ,00637L元大滬深300正2,15335,27740,-12405
 元大    ,元大高股息,473,9054,-8581
 元大    ,00632R元大台灣50反1,1411,8603,-7192
 元大    ,00948B中信優息投資級債,1804,8921,-7117
 元大    ,00676R富邦臺灣加權反1,2037,7212,-5175
 元大    ,00706L期元大S＆P日圓正2,130,4736,-4606
 元大    ,00757統一FANG+,178,3580,-3402
 元大    ,00830國泰費城半導體,53,3056,-3003
 元大    ,台新金,639,3483,-2844
 元大    ,緯創,2668,5441,-2773
 元大    ,00950B凱基A級公司債,408,2848,-2440
 元大    ,00720B元大投資級公司債,963,3377,-2414
 元大    ,00967B元大優息美債,1270,3664,-2394
 元大    ,00891中信關鍵半導體,630,2881,-2251
 元大    ,力積電,1459,3660,-2201
 元大    ,00858永豐美國500大,14,1982,-1968
 元大    ,00671R富邦NASDAQ反1,153,2012,-1859
 元大    ,00919群益台灣精選高息,2003,3699,-1696
 元大    ,00751B元大AAA至A公司債,904,2580,-1676
 元大    ,00725B國泰投資級公司債,1309,2966,-1657
 元大    ,00795B中信美國公債20年,693,2349,-1656
 元大    ,00655L國泰中國A50正2,1392,2929,-1537
 元大    ,00878國泰永續高股息,3185,4675,-1490
 元大    ,遠百,70,1499,-1429
 元大    ,00937B群益ESG投等債20,4189,5611,-1422
 元大    ,富邦金,823,2243,-1420
 元大    ,00753L中信中國50正2,2767,4172,-1405
 元大    ,中信金,2260,3596,-1336
 元大    ,00882中信中國高股息,1503,2811,-1308
 元大    ,00646元大S＆P500,251,1448,-1197
 元大    ,統一,109,1300,-1191
 元大    ,00662富邦NASDAQ,13,1167,-1154
 元大    ,00953B群益優選非投等債,1187,2329,-1142
 元大    ,00641R富邦日本反1,48,1160,-1112
 元大    ,00665L富邦�琤肭磪囓�2,2867,3954,-1087
 元大    ,寶成,112,1170,-1058
 元大    ,宏齊,147,1202,-1055
 元大    ,00638R元大滬深300反1,795,1746,-951
 元大    ,台積電,1899,2729,-830
 元大    ,00656R國泰中國A50反1,268,1064,-796
 元大    ,華星光,3286,3912,-626
 元大    ,00686R群益臺灣加權反1,450,1062,-612
 元大    ,福懋油,19,615,-596
 元大    ,00719B元大美債1-3,10,570,-560
 元大    ,00752中信中國50,128,688,-560
 元大    ,億光,17,537,-520
 元大    ,新盛力,3808,4298,-490
 元大    ,00722B群益投資級電信債,3,420,-417
 元大    ,006205富邦上証,17,422,-405
 元大    ,00952凱基台灣AI50,775,1164,-389
第一金證,緯創,423,5,418
第一金證,台灣虎航,322,32,290
第一金證,欣銓,260,23,237
第一金證,誠美材,130,30,100
第一金證,台積電,107,12,95
第一金證,神基,91,0,91
第一金證,超豐,72,0,72
第一金證,研華,53,0,53
第一金證,聚陽,51,0,51
第一金證,宏旭-KY,51,0,51
第一金證,鼎基,50,0,50
第一金證,群光,50,1,49
第一金證,富喬,78,43,35
第一金證,亞翔,36,4,32
第一金證,慧洋-KY,30,0,30
第一金證,中美晶,33,4,29
第一金證,00637L元大滬深300正2,55,30,25
第一金證,太景*-KY,25,0,25
第一金證,聯發科,23,0,23
第一金證,00919群益台灣精選高息,25,2,23
第一金證,友訊,23,1,22
第一金證,擎亞,22,0,22
第一金證,第一店,20,0,20
第一金證,世禾,21,1,20
第一金證,00632R元大台灣50反1,18,0,18
第一金證,達興材料,21,4,17
第一金證,僑威,27,11,16
第一金證,昇達科,29,13,16
第一金證,彩晶,20,4,16
第一金證,朋億*,16,0,16
第一金證,宏達電,58,42,16
第一金證,訊芯-KY,19,4,15
第一金證,佳世達,14,0,14
第一金證,00685L群益臺灣加權正2,13,0,13
第一金證,中砂,14,1,13
第一金證,聯合再生,13,0,13
第一金證,精成科,21,8,13
第一金證,樺晟,12,0,12
第一金證,泰金寶-DR,11,0,11
第一金證,00953B群益優選非投等債,10,0,10
第一金證,宏��,10,0,10
第一金證,高力,10,0,10
第一金證,迅得,9,0,9
第一金證,亞光,15,6,9
第一金證,立��,8,0,8
第一金證,凱碩,9,1,8
第一金證,陽明,13,6,7
第一金證,00882中信中國高股息,7,0,7
第一金證,奇鋐,6,0,6
第一金證,00945B凱基美國非投等債,6,0,6
第一金證,元大高股息,13,773,-760
第一金證,百和興業-KY,0,460,-460
第一金證,華通,9,286,-277
第一金證,台塑,1,195,-194
第一金證,富邦金,0,158,-158
第一金證,大成鋼,1,156,-155
第一金證,聯電,14,151,-137
第一金證,00929復華台灣科技優息,0,111,-111
第一金證,台達電,48,150,-102
第一金證,宏捷科,1,91,-90
第一金證,微星,2,76,-74
第一金證,祥碩,0,73,-73
第一金證,志強-KY,0,70,-70
第一金證,廣達,7,70,-63
第一金證,00933B國泰10Y+金融債,1,60,-59
第一金證,神準,0,46,-46
第一金證,大銀微系統,1,41,-40
第一金證,神達,56,88,-32
第一金證,00687B國泰20年美債,0,31,-31
第一金證,00671R富邦NASDAQ反1,0,30,-30
第一金證,冠德,0,29,-29
第一金證,群創,10,38,-28
第一金證,00753L中信中國50正2,0,25,-25
第一金證,昇陽半導體,0,25,-25
第一金證,元大台灣50,0,23,-23
第一金證,00940元大台灣價值高息,0,22,-22
第一金證,金像電,5,27,-22
第一金證,00665L富邦�琤肭磪囓�2,0,20,-20
第一金證,2881A富邦特,0,20,-20
第一金證,淘帝-KY,0,20,-20
第一金證,正文,0,20,-20
第一金證,友勁,0,20,-20
第一金證,GIS-KY,0,20,-20
第一金證,燿華,0,14,-14
第一金證,鳳凰,0,14,-14
第一金證,光環,0,13,-13
第一金證,創惟,5,18,-13
第一金證,一詮,3,15,-12
第一金證,湧德,0,12,-12
第一金證,雷虎,1,13,-12
第一金證,006208富邦台50,5,16,-11
第一金證,光洋科,0,11,-11
第一金證,康全電訊,0,11,-11
第一金證,00968B元大優息投等債,0,10,-10
第一金證,世紀,0,10,-10
第一金證,宏益,0,9,-9
第一金證,圓剛,6,15,-9
第一金證,00924復華S＆P500成長,0,8,-8
第一金證,00713元大台灣高息低波,0,8,-8
第一金證,日月光投控,0,7,-7
台新屏東,00971野村美國研發龍頭,105,0,105
台新屏東,泰金寶-DR,107,13,94
台新屏東,力積電,75,5,70
台新屏東,英濟,58,12,46
台新屏東,台航,26,0,26
台新屏東,新光金,50,27,23
台新屏東,新興,20,0,20
台新屏東,00650L復華香港正2,21,2,19
台新屏東,聯電,28,10,18
台新屏東,東洋,17,0,17
台新屏東,富喬,31,16,15
台新屏東,台塑,13,0,13
台新屏東,00919群益台灣精選高息,13,1,12
台新屏東,00915凱基優選高股息30,12,0,12
台新屏東,00637L元大滬深300正2,16,4,12
台新屏東,萬旭,12,1,11
台新屏東,合庫金,11,0,11
台新屏東,00632R元大台灣50反1,10,0,10
台新屏東,台達化,10,0,10
台新屏東,中鋼,11,1,10
台新屏東,富野,11,1,10
台新屏東,群創,11,1,10
台新屏東,驊訊,12,3,9
台新屏東,元大高股息,12,4,8
台新屏東,英業達,9,1,8
台新屏東,前鼎,21,13,8
台新屏東,jpp-KY,7,0,7
台新屏東,020039元大加權N,6,0,6
台新屏東,凱美,9,3,6
台新屏東,三商壽,6,0,6
台新屏東,亞光,9,3,6
台新屏東,貿聯-KY,8,2,6
台新屏東,茂綸,8,2,6
台新屏東,00937B群益ESG投等債20,5,0,5
台新屏東,00676R富邦臺灣加權反1,5,0,5
台新屏東,慶騰,5,0,5
台新屏東,事欣科,7,2,5
台新屏東,鈊象,4,0,4
台新屏東,立隆電,75,71,4
台新屏東,谷崧,25,21,4
台新屏東,眾達-KY,11,7,4
台新屏東,宏達電,53,49,4
台新屏東,華邦電,3,0,3
台新屏東,譜瑞-KY,3,0,3
台新屏東,耿鼎,4,1,3
台新屏東,科風,4,1,3
台新屏東,欣銓,7,4,3
台新屏東,台灣虎航,9,6,3
台新屏東,富世達,3,0,3
台新屏東,陽程,2,0,2
台新屏東,00980B台新特選IG債10+,1,210,-209
台新屏東,00688L國泰20年美債正2,0,150,-150
台新屏東,00951台新日本半導體,0,148,-148
台新屏東,中信金,0,107,-107
台新屏東,台玻,1,50,-49
台新屏東,長榮航,0,48,-48
台新屏東,台新金,4,45,-41
台新屏東,宏致,7,42,-35
台新屏東,00687B國泰20年美債,3,37,-34
台新屏東,00929復華台灣科技優息,0,31,-31
台新屏東,國光生,5,33,-28
台新屏東,神達,87,109,-22
台新屏東,志強-KY,2,24,-22
台新屏東,第一金,0,20,-20
台新屏東,佳能,3,17,-14
台新屏東,建暐,0,12,-12
台新屏東,00940元大台灣價值高息,2,14,-12
台新屏東,友達,0,10,-10
台新屏東,瑞軒,0,10,-10
台新屏東,陽明,0,9,-9
台新屏東,國票金,0,9,-9
台新屏東,立敦,12,21,-9
台新屏東,00942B台新美A公司債20+,1,9,-8
台新屏東,順達,7,14,-7
台新屏東,典範,0,7,-7
台新屏東,緯創,0,7,-7
台新屏東,台化,4,10,-6
台新屏東,00923群益台ESG低碳50,0,7,-7
台新屏東,00894中信小資高價30,0,6,-6
台新屏東,華泰,0,6,-6
台新屏東,光環,3,9,-6
台新屏東,西勝,0,6,-6
台新屏東,連展投控,0,6,-6
台新屏東,新盛力,27,33,-6
台新屏東,波若威,8,14,-6
台新屏東,00905FT臺灣Smart,0,6,-6
台新屏東,00922國泰台灣領袖50,0,5,-5
台新屏東,00933B國泰10Y+金融債,1,6,-5
台新屏東,00953B群益優選非投等債,0,5,-5
台新屏東,鴻海,6,11,-5
台新屏東,ABC-KY,0,5,-5
台新屏東,勝悅-KY,0,5,-5
台新屏東,華晶科,1,6,-5
台新屏東,斐成,0,4,-4
台新屏東,00680L元大美債20正2,2,6,-4
台新屏東,堤維西,0,4,-4
台新屏東,群光,0,4,-4
台新屏東,聯光通,19,23,-4
台新屏東,矽格,0,4,-4
台新屏東,興能高,67,71,-4
 元大長庚,長榮航,82,0,82
 元大長庚,00632R元大台灣50反1,78,0,78
 元大長庚,00687B國泰20年美債,54,0,54
 元大長庚,00940元大台灣價值高息,47,16,31
 元大長庚,00878國泰永續高股息,50,22,28
 元大長庚,立敦,30,4,26
 元大長庚,緯創,35,11,24
 元大長庚,00969B元大零息超長美債,22,0,22
 元大長庚,力積電,26,4,22
 元大長庚,達邁,58,37,21
 元大長庚,元大高股息,25,5,20
 元大長庚,00882中信中國高股息,18,0,18
 元大長庚,聯電,29,11,18
 元大長庚,新光金,17,0,17
 元大長庚,毅嘉,15,0,15
 元大長庚,英業達,14,0,14
 元大長庚,00858永豐美國500大,14,1,13
 元大長庚,大成鋼,12,0,12
 元大長庚,00673R期元大S＆P原油反1,10,0,10
 元大長庚,00637L元大滬深300正2,409,399,10
 元大長庚,精成科,11,1,10
 元大長庚,宏達電,49,40,9
 元大長庚,亞通,9,0,9
 元大長庚,台化,8,0,8
 元大長庚,鴻海,16,9,7
 元大長庚,南亞科,11,4,7
 元大長庚,英濟,15,8,7
 元大長庚,00918大華優利高填息30,6,0,6
 元大長庚,00713元大台灣高息低波,6,0,6
 元大長庚,00665L富邦�琤肭磪囓�2,5,0,5
 元大長庚,00662富邦NASDAQ,5,0,5
 元大長庚,日月光投控,38,33,5
 元大長庚,00960野村全球航運龍頭,6,2,4
 元大長庚,00679B元大美債20年,5,1,4
 元大長庚,兆豐金,4,0,4
 元大長庚,台灣精銳,6,2,4
 元大長庚,立��,5,1,4
 元大長庚,中鼎,4,0,4
 元大長庚,波若威,37,33,4
 元大長庚,陽明,3,0,3
 元大長庚,00757統一FANG+,3,0,3
 元大長庚,00924復華S＆P500成長,3,0,3
 元大長庚,00950B凱基A級公司債,3,0,3
 元大長庚,亞帝歐,3,0,3
 元大長庚,海華,4,1,3
 元大長庚,聯鈞,23,20,3
 元大長庚,精材,5,2,3
 元大長庚,康霈*,2,0,2
 元大長庚,00770國泰北美科技,2,0,2
 元大長庚,長榮,2,0,2
 元大長庚,00725B國泰投資級公司債,1,172,-171
 元大長庚,00937B群益ESG投等債20,10,81,-71
 元大長庚,泰金寶-DR,7,50,-43
 元大長庚,00881國泰台灣5G+,0,43,-43
 元大長庚,誠美材,0,43,-43
 元大長庚,006208富邦台50,7,49,-42
 元大長庚,00929復華台灣科技優息,0,43,-43
 元大長庚,華紙,0,37,-37
 元大長庚,華容,0,30,-30
 元大長庚,00941中信上游半導體,0,26,-26
 元大長庚,華新,2,28,-26
 元大長庚,群創,0,20,-20
 元大長庚,新盛力,46,66,-20
 元大長庚,00933B國泰10Y+金融債,11,30,-19
 元大長庚,00919群益台灣精選高息,16,34,-18
 元大長庚,00646元大S＆P500,9,23,-14
 元大長庚,00891中信關鍵半導體,0,13,-13
 元大長庚,欣銓,2,15,-13
 元大長庚,台塑,1,13,-12
 元大長庚,00688L國泰20年美債正2,0,10,-10
 元大長庚,00706L期元大S＆P日圓正2,0,10,-10
 元大長庚,00887永豐中國科技50大,0,10,-10
 元大長庚,昆盈,1,11,-10
 元大長庚,神達,23,32,-9
 元大長庚,00900富邦特選高股息30,2,10,-8
 元大長庚,00631L元大台灣50正2,1,8,-7
 元大長庚,鴻準,3,10,-7
 元大長庚,00680L元大美債20正2,0,6,-6
 元大長庚,中興電,1,7,-6
 元大長庚,富喬,107,113,-6
 元大長庚,中鋼,1,7,-6
 元大長庚,國揚,0,6,-6
 元大長庚,彰銀,0,6,-6
 元大長庚,大同,0,6,-6
 元大長庚,金像電,2,7,-5
 元大長庚,家登,0,5,-5
 元大長庚,盛群,0,5,-5
 元大長庚,事欣科,1,6,-5
 元大長庚,00915凱基優選高股息30,2,7,-5
 元大長庚,立隆電,35,39,-4
 元大長庚,華建,0,4,-4
 元大長庚,臺企銀,0,4,-4
 元大長庚,第一金,0,4,-4
 元大長庚,國眾,0,4,-4
 元大長庚,台新金,1,5,-4
 元大長庚,台達電,0,4,-4
 元大長庚,00951台新日本半導體,0,4,-4
 元大長庚,新日興,5,8,-3
 元大長庚,亞翔,0,3,-3
 元大長庚,台揚,0,3,-3
 元大四維,力積電,387,79,308
 元大四維,聯電,208,9,199
 元大四維,00637L元大滬深300正2,100,24,76
 元大四維,中石化,70,0,70
 元大四維,00919群益台灣精選高息,76,16,60
 元大四維,圓剛,62,7,55
 元大四維,00937B群益ESG投等債20,53,0,53
 元大四維,00953B群益優選非投等債,52,0,52
 元大四維,00915凱基優選高股息30,54,5,49
 元大四維,台泥,84,40,44
 元大四維,鴻海,72,29,43
 元大四維,00679B元大美債20年,36,1,35
 元大四維,海華,31,2,29
 元大四維,00878國泰永續高股息,46,19,27
 元大四維,宏��,31,4,27
 元大四維,英業達,32,7,25
 元大四維,00918大華優利高填息30,31,7,24
 元大四維,欣興,27,4,23
 元大四維,寶成,22,0,22
 元大四維,志強-KY,21,0,21
 元大四維,立��,22,4,18
 元大四維,旺宏,20,2,18
 元大四維,00753L中信中國50正2,20,3,17
 元大四維,擎亞,27,10,17
 元大四維,00673R期元大S＆P原油反1,16,0,16
 元大四維,太極,15,0,15
 元大四維,力成,16,1,15
 元大四維,臺企銀,16,2,14
 元大四維,佳世達,22,8,14
 元大四維,00751B元大AAA至A公司債,15,2,13
 元大四維,00642U期元大S＆P石油,13,0,13
 元大四維,中光電,13,0,13
 元大四維,優盛,13,1,12
 元大四維,00687B國泰20年美債,12,0,12
 元大四維,00715L期街口布蘭特正2,11,0,11
 元大四維,良維,11,0,11
 元大四維,信紘科,11,0,11
 元大四維,漢翔,10,0,10
 元大四維,中工,10,0,10
 元大四維,00980B台新特選IG債10+,10,0,10
 元大四維,永信,10,0,10
 元大四維,豐興,10,0,10
 元大四維,益航,10,0,10
 元大四維,揚明光,10,0,10
 元大四維,玉晶光,9,0,9
 元大四維,致新,9,0,9
 元大四維,台塑,14,5,9
 元大四維,00632R元大台灣50反1,8,0,8
 元大四維,益安,8,0,8
 元大四維,和桐,8,0,8
 元大四維,00965元大航太防衛科技,0,230,-230
 元大四維,神達,114,292,-178
 元大四維,00905FT臺灣Smart,2,119,-117
 元大四維,長榮航,38,125,-87
 元大四維,中鴻,0,55,-55
 元大四維,元大高股息,66,117,-51
 元大四維,興能高,63,114,-51
 元大四維,00940元大台灣價值高息,15,62,-47
 元大四維,日月光投控,1,43,-42
 元大四維,00929復華台灣科技優息,0,42,-42
 元大四維,台積電,10,46,-36
 元大四維,宏達電,163,197,-34
 元大四維,廣宇,0,31,-31
 元大四維,聯邦銀,0,30,-30
 元大四維,華南金,1,30,-29
 元大四維,長榮,2,29,-27
 元大四維,00650L復華香港正2,1,25,-24
 元大四維,006208富邦台50,5,28,-23
 元大四維,群光,1,23,-22
 元大四維,泰金寶-DR,26,48,-22
 元大四維,台玻,3,24,-21
 元大四維,台船,0,20,-20
 元大四維,太景*-KY,0,20,-20
 元大四維,聲寶,0,20,-20
 元大四維,南電,1,21,-20
 元大四維,合庫金,15,34,-19
 元大四維,國巨,0,18,-18
 元大四維,長興,0,18,-18
 元大四維,友達,7,25,-18
 元大四維,欣巴巴,13,31,-18
 元大四維,00680L元大美債20正2,0,18,-18
 元大四維,中鋼,8,26,-18
 元大四維,富邦金,1,19,-18
 元大四維,聯光通,15,32,-17
 元大四維,朋億*,8,24,-16
 元大四維,新光金,12,28,-16
 元大四維,00935野村臺灣新科技50,0,16,-16
 元大四維,矽格,0,16,-16
 元大四維,光寶科,0,16,-16
 元大四維,欣銓,2,17,-15
 元大四維,安集,0,15,-15
 元大四維,台揚,3,17,-14
 元大四維,橋椿,0,12,-12
 元大四維,大同,2,13,-11
 元大四維,00936台新永續高息中小,0,11,-11
 元大四維,00892富邦台灣半導體,0,11,-11
 元大四維,正文,0,11,-11
 元大四維,大銀微系統,16,27,-11
 元大四維,ITH-KY,0,11,-11
 元大四維,00712復華富時不動產,1,12,-11
國票台中,00953B群益優選非投等債,998,0,998
國票台中,00687B國泰20年美債,42,0,42
國票台中,亞光,52,11,41
國票台中,00706L期元大S＆P日圓正2,39,0,39
國票台中,聯電,39,2,37
國票台中,聯鈞,48,19,29
國票台中,緯創,27,4,23
國票台中,元大高股息,21,0,21
國票台中,美律,24,3,21
國票台中,捷敏-KY,19,0,19
國票台中,00892富邦台灣半導體,15,0,15
國票台中,00891中信關鍵半導體,15,0,15
國票台中,英濟,28,13,15
國票台中,00712復華富時不動產,13,0,13
國票台中,新應材,11,0,11
國票台中,神達,105,94,11
國票台中,00633L富邦上証正2,10,0,10
國票台中,00671R富邦NASDAQ反1,10,0,10
國票台中,力山,10,0,10
國票台中,芯鼎,10,0,10
國票台中,泰金寶-DR,13,3,10
國票台中,廣宇,12,2,10
國票台中,鴻海,17,8,9
國票台中,圓剛,12,4,8
國票台中,00918大華優利高填息30,8,0,8
國票台中,和大,10,2,8
國票台中,漢唐,8,0,8
國票台中,嘉里大榮,8,0,8
國票台中,迅得,16,8,8
國票台中,00685L群益臺灣加權正2,7,0,7
國票台中,加百裕,19,12,7
國票台中,奇偶,14,7,7
國票台中,00637L元大滬深300正2,37,31,6
國票台中,廣達,5,0,5
國票台中,鈺創,5,0,5
國票台中,新盛力,87,82,5
國票台中,00669R國泰美國道瓊反1,5,0,5
國票台中,00941中信上游半導體,10,5,5
國票台中,連展投控,6,1,5
國票台中,國光生,5,0,5
國票台中,永捷,5,0,5
國票台中,事欣科,16,11,5
國票台中,系統電,5,0,5
國票台中,台揚,13,8,5
國票台中,欣興,9,5,4
國票台中,大山,5,1,4
國票台中,生達,4,0,4
國票台中,仲琦,4,0,4
國票台中,怡利電,4,0,4
國票台中,環天科,4,0,4
國票台中,00929復華台灣科技優息,0,64,-64
國票台中,燁輝,0,64,-64
國票台中,凱基金,0,52,-52
國票台中,錸德,1,51,-50
國票台中,00648R元大S＆P500反1,0,47,-47
國票台中,建準,0,33,-33
國票台中,欣銓,16,48,-32
國票台中,00715L期街口布蘭特正2,0,30,-30
國票台中,友達,0,30,-30
國票台中,00641R富邦日本反1,0,26,-26
國票台中,台積電,10,36,-26
國票台中,合一,0,24,-24
國票台中,力積電,1,23,-22
國票台中,盟立,2,24,-22
國票台中,宏遠證,0,20,-20
國票台中,美食-KY,4,22,-18
國票台中,全球傳動,5,20,-15
國票台中,富喬,20,33,-13
國票台中,中華電,0,12,-12
國票台中,宏達電,61,72,-11
國票台中,00923群益台ESG低碳50,0,11,-11
國票台中,順達,8,19,-11
國票台中,彩晶,0,11,-11
國票台中,00639富邦深100,0,10,-10
國票台中,台聚,0,10,-10
國票台中,環宇-KY,18,28,-10
國票台中,百一,0,10,-10
國票台中,千附精密,1,11,-10
國票台中,長佳智能,2,12,-10
國票台中,潤泰材,0,10,-10
國票台中,長榮航,1,10,-9
國票台中,華航,0,8,-8
國票台中,彰銀,0,8,-8
國票台中,再生-KY,0,7,-7
國票台中,精剛,0,7,-7
國票台中,中鋼,4,11,-7
國票台中,富邦金,2,8,-6
國票台中,兆赫,0,6,-6
國票台中,長榮航太,0,6,-6
國票台中,日月光投控,0,6,-6
國票台中,台光電,0,5,-5
國票台中,臺鹽,0,5,-5
國票台中,威致,0,5,-5
國票台中,凱美,12,17,-5
國票台中,一詮,0,5,-5
國票台中,谷崧,0,5,-5
國票台中,湧德,2,7,-5
國票台中,瑞智,1,6,-5
國票台中,瑞耘,0,5,-5
國票台中,雷科,0,5,-5
 元大民權,00680L元大美債20正2,411,15,396
 元大民權,聯電,145,13,132
 元大民權,新產,80,0,80
 元大民權,緯創,78,22,56
 元大民權,00712復華富時不動產,55,0,55
 元大民權,精成科,57,6,51
 元大民權,00795B中信美國公債20年,50,0,50
 元大民權,00636國泰中國A50,46,0,46
 元大民權,力積電,45,17,28
 元大民權,00679B元大美債20年,29,2,27
 元大民權,廣達,29,3,26
 元大民權,00637L元大滬深300正2,40,14,26
 元大民權,中鋼,34,8,26
 元大民權,台塑,32,9,23
 元大民權,台化,26,4,22
 元大民權,00632R元大台灣50反1,24,2,22
 元大民權,聯鈞,44,23,21
 元大民權,合庫金,20,0,20
 元大民權,聯發科,23,4,19
 元大民權,00918大華優利高填息30,21,3,18
 元大民權,志超,18,0,18
 元大民權,00919群益台灣精選高息,29,11,18
 元大民權,大成鋼,16,0,16
 元大民權,00937B群益ESG投等債20,18,2,16
 元大民權,00673R期元大S＆P原油反1,13,0,13
 元大民權,大井泵浦,15,2,13
 元大民權,兆豐金,12,0,12
 元大民權,彬台,12,0,12
 元大民權,金寶,46,34,12
 元大民權,耀勝,12,0,12
 元大民權,技嘉,12,0,12
 元大民權,00924復華S＆P500成長,11,0,11
 元大民權,海華,15,4,11
 元大民權,驊訊,13,2,11
 元大民權,銘旺科,11,0,11
 元大民權,台灣大,10,0,10
 元大民權,昇貿,10,0,10
 元大民權,來頡,10,0,10
 元大民權,鴻名,10,0,10
 元大民權,00939統一台灣高息動能,10,0,10
 元大民權,晟銘電,11,1,10
 元大民權,00830國泰費城半導體,14,4,10
 元大民權,玉山金,10,0,10
 元大民權,力成,9,0,9
 元大民權,00960野村全球航運龍頭,16,7,9
 元大民權,00713元大台灣高息低波,12,3,9
 元大民權,全球傳動,9,0,9
 元大民權,聯光通,15,7,8
 元大民權,達邁,18,10,8
 元大民權,ITH-KY,10,2,8
 元大民權,仁寶,0,323,-323
 元大民權,00965元大航太防衛科技,0,176,-176
 元大民權,友達,1,133,-132
 元大民權,彰銀,0,81,-81
 元大民權,00940元大台灣價值高息,1,62,-61
 元大民權,陽明,13,72,-59
 元大民權,冠軍,0,50,-50
 元大民權,凱基金,0,41,-41
 元大民權,華新,2,40,-38
 元大民權,春源,0,37,-37
 元大民權,00720B元大投資級公司債,0,35,-35
 元大民權,台積電,15,48,-33
 元大民權,00909國泰數位支付服務,0,32,-32
 元大民權,第一金,1,30,-29
 元大民權,興能高,107,134,-27
 元大民權,00881國泰台灣5G+,10,35,-25
 元大民權,宏致,9,32,-23
 元大民權,強生,1,23,-22
 元大民權,00929復華台灣科技優息,6,27,-21
 元大民權,佳和,0,20,-20
 元大民權,00941中信上游半導體,0,20,-20
 元大民權,新光金,0,19,-19
 元大民權,潤隆,0,19,-19
 元大民權,華航,1,20,-19
 元大民權,泰金寶-DR,4,22,-18
 元大民權,00934中信成長高股息,0,17,-17
 元大民權,南亞,5,21,-16
 元大民權,連展投控,3,19,-16
 元大民權,英業達,1,17,-16
 元大民權,億豐,0,15,-15
 元大民權,富邦金,0,15,-15
 元大民權,日月光投控,0,14,-14
 元大民權,遠東新,5,19,-14
 元大民權,永豐金,1,15,-14
 元大民權,神達,41,55,-14
 元大民權,大同,3,16,-13
 元大民權,堤維西,0,12,-12
 元大民權,達運,0,12,-12
 元大民權,欣銓,3,14,-11
 元大民權,順達,2,13,-11
 元大民權,東陽,1,12,-11
 元大民權,事欣科,0,11,-11
 元大民權,00905FT臺灣Smart,0,10,-10
 元大民權,淘帝-KY,1,11,-10
 元大民權,豐藝,0,10,-10
 元大民權,00891中信關鍵半導體,4,14,-10
 元大民權,台達電,1,10,-9
 元大民權,華南金,0,8,-8
 元大民權,國泰金,0,8,-8
 元大民權,僑威,1,9,-8
國票台南,00665L富邦�琤肭磪囓�2,310,0,310
國票台南,欣興,214,7,207
國票台南,華邦電,200,0,200
國票台南,友達,166,9,157
國票台南,聯電,247,154,93
國票台南,00965元大航太防衛科技,70,0,70
國票台南,事欣科,73,5,68
國票台南,00637L元大滬深300正2,122,84,38
國票台南,太子,92,56,36
國票台南,欣銓,50,17,33
國票台南,中鴻,27,0,27
國票台南,英濟,57,30,27
國票台南,京元電子,24,1,23
國票台南,富驊,22,0,22
國票台南,南茂,23,1,22
國票台南,佳能,21,0,21
國票台南,00783富邦中証500,20,0,20
國票台南,青鋼,16,0,16
國票台南,元大高股息,16,1,15
國票台南,百和興業-KY,17,3,14
國票台南,緯創,18,6,12
國票台南,00882中信中國高股息,12,0,12
國票台南,堤維西,11,0,11
國票台南,菱光,12,1,11
國票台南,泰金寶-DR,19,8,11
國票台南,新盛力,73,63,10
國票台南,00733富邦臺灣中小,10,0,10
國票台南,所羅門,10,0,10
國票台南,遠東銀,10,0,10
國票台南,聯合再生,10,0,10
國票台南,松瑞藥,10,0,10
國票台南,信昌電,10,0,10
國票台南,三芳,10,1,9
國票台南,輔信,9,0,9
國票台南,力成,19,10,9
國票台南,達邁,13,5,8
國票台南,凌陽,8,0,8
國票台南,正達,11,3,8
國票台南,浩鼎,8,0,8
國票台南,00830國泰費城半導體,7,0,7
國票台南,宏��,7,0,7
國票台南,英業達,30,23,7
國票台南,華通,6,0,6
國票台南,00878國泰永續高股息,10,5,5
國票台南,00713元大台灣高息低波,6,0,6
國票台南,長榮,5,0,5
國票台南,昇達科,16,11,5
國票台南,00753L中信中國50正2,5,0,5
國票台南,東陽,5,0,5
國票台南,遠東新,5,0,5
國票台南,IET-KY,0,110,-110
國票台南,佳和,1,105,-104
國票台南,力積電,14,50,-36
國票台南,光洋科,1,36,-35
國票台南,神達,95,127,-32
國票台南,華南金,40,71,-31
國票台南,00929復華台灣科技優息,0,26,-26
國票台南,富喬,10,35,-25
國票台南,凱基金,2,27,-25
國票台南,仁寶,1,22,-21
國票台南,明泰,0,18,-18
國票台南,新光金,0,16,-16
國票台南,萬泰科,0,16,-16
國票台南,00918大華優利高填息30,2,17,-15
國票台南,大成鋼,1,16,-15
國票台南,憶聲,0,15,-15
國票台南,宏達電,23,38,-15
國票台南,台揚,2,16,-14
國票台南,順達,7,21,-14
國票台南,宏致,11,23,-12
國票台南,台積電,1,13,-12
國票台南,凌巨,0,10,-10
國票台南,亞翔,0,10,-10
國票台南,艾笛森,1,10,-9
國票台南,居易,2,11,-9
國票台南,00720B元大投資級公司債,0,8,-8
國票台南,巨路,0,8,-8
國票台南,00934中信成長高股息,0,7,-7
國票台南,00673R期元大S＆P原油反1,0,7,-7
國票台南,文曄,0,7,-7
國票台南,淳安,0,7,-7
國票台南,銳澤,0,7,-7
國票台南,彰銀,0,6,-6
國票台南,台達電,3,8,-5
國票台南,00680L元大美債20正2,0,5,-5
國票台南,駿吉-KY,0,5,-5
國票台南,宏旭-KY,1,6,-5
國票台南,燿華,0,5,-5
國票台南,華航,2,7,-5
國票台南,東森,0,5,-5
國票台南,宅配通,0,5,-5
國票台南,中信金,0,5,-5
國票台南,群創,0,5,-5
國票台南,長華*,0,5,-5
國票台南,北基,0,5,-5
國票台南,波若威,3,8,-5
國票台南,友訊,0,5,-5
國票台南,和大,0,5,-5
國票台南,00940元大台灣價值高息,101,105,-4
國票台南,朋億*,2,6,-4
凱基基隆,聯電,113,16,97
凱基基隆,00637L元大滬深300正2,104,36,68
凱基基隆,華星光,93,28,65
凱基基隆,泰金寶-DR,50,5,45
凱基基隆,中再保,40,0,40
凱基基隆,00937B群益ESG投等債20,30,0,30
凱基基隆,華邦電,27,1,26
凱基基隆,擎亞,36,10,26
凱基基隆,00712復華富時不動產,22,0,22
凱基基隆,00753L中信中國50正2,51,30,21
凱基基隆,00751B元大AAA至A公司債,20,0,20
凱基基隆,泰谷,20,0,20
凱基基隆,台泥,15,0,15
凱基基隆,緯創,23,12,11
凱基基隆,盟立,11,0,11
凱基基隆,台化,13,2,11
凱基基隆,世禾,12,1,11
凱基基隆,欣興,10,0,10
凱基基隆,00671R富邦NASDAQ反1,10,0,10
凱基基隆,00952凱基台灣AI50,10,0,10
凱基基隆,和桐,10,0,10
凱基基隆,友達,11,1,10
凱基基隆,晟銘電,10,0,10
凱基基隆,合晶,10,0,10
凱基基隆,台燿,12,2,10
凱基基隆,群電,10,0,10
凱基基隆,寶成,13,3,10
凱基基隆,圓剛,11,2,9
凱基基隆,弘凱,10,1,9
凱基基隆,橘子,9,0,9
凱基基隆,00971野村美國研發龍頭,8,0,8
凱基基隆,神達,41,34,7
凱基基隆,兆豐金,7,0,7
凱基基隆,逸達,7,0,7
凱基基隆,新盛力,37,31,6
凱基基隆,中光電,15,9,6
凱基基隆,00632R元大台灣50反1,6,0,6
凱基基隆,00752中信中國50,6,0,6
凱基基隆,聯鈞,41,36,5
凱基基隆,00713元大台灣高息低波,5,0,5
凱基基隆,00918大華優利高填息30,5,0,5
凱基基隆,矽統,6,1,5
凱基基隆,新建,6,1,5
凱基基隆,力成,5,0,5
凱基基隆,堤維西,5,1,4
凱基基隆,京元電子,5,1,4
凱基基隆,和椿,15,11,4
凱基基隆,00720B元大投資級公司債,4,0,4
凱基基隆,00719B元大美債1-3,4,0,4
凱基基隆,福壽,4,0,4
凱基基隆,00980B台新特選IG債10+,0,75,-75
凱基基隆,00715L期街口布蘭特正2,0,66,-66
凱基基隆,00922國泰台灣領袖50,5,68,-63
凱基基隆,00877復華中國5G,0,60,-60
凱基基隆,遠東新,2,52,-50
凱基基隆,榮創,0,50,-50
凱基基隆,國泰金,11,51,-40
凱基基隆,00929復華台灣科技優息,1,33,-32
凱基基隆,力積電,46,77,-31
凱基基隆,上曜,0,25,-25
凱基基隆,華航,1,26,-25
凱基基隆,富邦金,2,25,-23
凱基基隆,00940元大台灣價值高息,0,23,-23
凱基基隆,宏達電,44,65,-21
凱基基隆,00675L富邦臺灣加權正2,5,26,-21
凱基基隆,00934中信成長高股息,0,21,-21
凱基基隆,長榮航,18,38,-20
凱基基隆,智捷,0,20,-20
凱基基隆,精星,0,19,-19
凱基基隆,00679B元大美債20年,2,20,-18
凱基基隆,欣銓,7,23,-16
凱基基隆,大同,3,18,-15
凱基基隆,00885富邦越南,8,22,-14
凱基基隆,遠東銀,0,14,-14
凱基基隆,日月光投控,0,14,-14
凱基基隆,00919群益台灣精選高息,36,49,-13
凱基基隆,00946群益科技高息成長,0,13,-13
凱基基隆,高鋒,7,20,-13
凱基基隆,精成科,2,15,-13
凱基基隆,夆典,0,12,-12
凱基基隆,再生-KY,0,11,-11
凱基基隆,中信金,1,12,-11
凱基基隆,前鼎,0,11,-11
凱基基隆,00912中信臺灣智慧50,0,10,-10
凱基基隆,00933B國泰10Y+金融債,0,10,-10
凱基基隆,00939統一台灣高息動能,0,10,-10
凱基基隆,00944野村趨勢動能高息,0,10,-10
凱基基隆,錸德,0,10,-10
凱基基隆,華容,0,10,-10
凱基基隆,光寶科,0,9,-9
凱基基隆,金像電,2,11,-9
凱基基隆,宏致,11,20,-9
凱基基隆,00881國泰台灣5G+,1,9,-8
凱基基隆,國喬,0,8,-8
凱基基隆,鴻準,0,8,-8
凱基基隆,群創,7,15,-8
凱基基隆,國光生,4,12,-8
凱基基隆,GIS-KY,4,12,-8
凱基基隆,南茂,2,10,-8
凱基基隆,萬海,1,8,-7
群益永和,良維,195,0,195
群益永和,聯電,117,20,97
群益永和,大同,80,16,64
群益永和,泰金寶-DR,61,23,38
群益永和,新華,31,0,31
群益永和,擎亞,46,19,27
群益永和,新盛力,146,120,26
群益永和,00679B元大美債20年,26,0,26
群益永和,環宇-KY,49,25,24
群益永和,宏��,24,0,24
群益永和,00919群益台灣精選高息,24,1,23
群益永和,友訊,36,14,22
群益永和,星宇航空,21,0,21
群益永和,鴻海,26,5,21
群益永和,第一保,20,0,20
群益永和,00918大華優利高填息30,20,0,20
群益永和,00673R期元大S＆P原油反1,18,0,18
群益永和,力致,12,0,12
群益永和,超豐,12,0,12
群益永和,00655L國泰中國A50正2,13,1,12
群益永和,00953B群益優選非投等債,12,0,12
群益永和,廣達,14,2,12
群益永和,僑威,18,6,12
群益永和,南亞,12,1,11
群益永和,00951台新日本半導體,20,9,11
群益永和,00959B大華投等美債15Y+,10,0,10
群益永和,合庫金,10,0,10
群益永和,立敦,35,25,10
群益永和,遠東新,10,0,10
群益永和,遠百,10,0,10
群益永和,聚亨,10,0,10
群益永和,中纖,10,0,10
群益永和,00687B國泰20年美債,10,0,10
群益永和,永豐金,20,10,10
群益永和,慧友,20,10,10
群益永和,聯合再生,11,1,10
群益永和,昆盈,10,1,9
群益永和,眾達-KY,44,35,9
群益永和,元大高股息,12,4,8
群益永和,華夏,8,0,8
群益永和,濱川,8,0,8
群益永和,景碩,12,4,8
群益永和,台泥,8,0,8
群益永和,00675L富邦臺灣加權正2,8,1,7
群益永和,南僑,17,10,7
群益永和,緯創,17,11,6
群益永和,中租-KY,6,0,6
群益永和,宏齊,6,0,6
群益永和,臺企銀,31,25,6
群益永和,00927群益半導體收益,6,0,6
群益永和,00637L元大滬深300正2,6,271,-265
群益永和,新光金,0,157,-157
群益永和,中華,0,101,-101
群益永和,富喬,13,114,-101
群益永和,00940元大台灣價值高息,8,86,-78
群益永和,金寶,8,77,-69
群益永和,00665L富邦�琤肭磪囓�2,2,70,-68
群益永和,凱基金,0,61,-61
群益永和,力積電,9,53,-44
群益永和,新光鋼,4,46,-42
群益永和,中華電,1,35,-34
群益永和,中美晶,0,32,-32
群益永和,加百裕,23,54,-31
群益永和,冠軍,0,30,-30
群益永和,神達,48,76,-28
群益永和,00881國泰台灣5G+,3,26,-23
群益永和,富邦金,0,23,-23
群益永和,元大台灣50,0,22,-22
群益永和,宏致,48,70,-22
群益永和,長榮航,3,24,-21
群益永和,00937B群益ESG投等債20,18,39,-21
群益永和,國泰金,0,20,-20
群益永和,00680L元大美債20正2,10,30,-20
群益永和,2888B新光金乙特,0,20,-20
群益永和,達邁,50,70,-20
群益永和,光寶科,1,18,-17
群益永和,金像電,3,20,-17
群益永和,連展投控,13,30,-17
群益永和,創惟,10,26,-16
群益永和,玉山金,0,15,-15
群益永和,華航,1,16,-15
群益永和,00934中信成長高股息,0,14,-14
群益永和,新日興,4,17,-13
群益永和,00929復華台灣科技優息,0,12,-12
群益永和,精誠,0,10,-10
群益永和,德淵,0,10,-10
群益永和,中工,0,10,-10
群益永和,邦泰,0,10,-10
群益永和,廣宇,1,11,-10
群益永和,華南金,0,9,-9
群益永和,波若威,21,30,-9
群益永和,亞航,0,9,-9
群益永和,中鴻,2,11,-9
群益永和,凱美,13,22,-9
群益永和,華星光,25,34,-9
群益永和,奇鋐,4,13,-9
群益永和,亞翔,4,13,-9
群益永和,士電,1,9,-8
群益永和,華邦電,2,10,-8
群益永和,台化,3,11,-8
 元大彰化,00664R國泰臺灣加權反1,200,0,200
 元大彰化,聯電,173,12,161
 元大彰化,00753L中信中國50正2,100,0,100
 元大彰化,富喬,73,13,60
 元大彰化,連展投控,53,1,52
 元大彰化,00795B中信美國公債20年,50,2,48
 元大彰化,臺企銀,45,2,43
 元大彰化,00878國泰永續高股息,52,14,38
 元大彰化,00937B群益ESG投等債20,37,0,37
 元大彰化,00927群益半導體收益,44,8,36
 元大彰化,00971野村美國研發龍頭,31,0,31
 元大彰化,宏遠證,30,0,30
 元大彰化,00940元大台灣價值高息,64,41,23
 元大彰化,00919群益台灣精選高息,26,7,19
 元大彰化,加百裕,29,11,18
 元大彰化,廣達,16,0,16
 元大彰化,大成鋼,18,2,16
 元大彰化,00712復華富時不動產,16,0,16
 元大彰化,緯創,34,18,16
 元大彰化,00915凱基優選高股息30,16,0,16
 元大彰化,00673R期元大S＆P原油反1,15,0,15
 元大彰化,光罩,15,0,15
 元大彰化,新漢,16,1,15
 元大彰化,元大高股息,41,26,15
 元大彰化,群創,17,3,14
 元大彰化,凱美,34,21,13
 元大彰化,00650L復華香港正2,12,0,12
 元大彰化,全球傳動,10,0,10
 元大彰化,台達化,10,0,10
 元大彰化,榮剛,10,0,10
 元大彰化,力積電,61,51,10
 元大彰化,國喬,9,0,9
 元大彰化,精材,11,2,9
 元大彰化,鴻海,14,6,8
 元大彰化,日勝生,8,0,8
 元大彰化,00719B元大美債1-3,8,0,8
 元大彰化,台特化,19,11,8
 元大彰化,泰金寶-DR,13,5,8
 元大彰化,永豐金,9,2,7
 元大彰化,力成,7,0,7
 元大彰化,健喬,7,0,7
 元大彰化,宏齊,7,0,7
 元大彰化,長華*,7,0,7
 元大彰化,良維,7,0,7
 元大彰化,彬台,7,0,7
 元大彰化,世界,7,1,6
 元大彰化,00713元大台灣高息低波,6,0,6
 元大彰化,英業達,11,5,6
 元大彰化,潤泰新,6,0,6
 元大彰化,盟立,8,2,6
 元大彰化,00965元大航太防衛科技,0,253,-253
 元大彰化,立隆電,4,173,-169
 元大彰化,00947台新臺灣IC設計,1,160,-159
 元大彰化,精成科,59,116,-57
 元大彰化,雄獅,5,52,-47
 元大彰化,廣宇,4,42,-38
 元大彰化,凱基金,4,32,-28
 元大彰化,厚生,0,25,-25
 元大彰化,00934中信成長高股息,0,23,-23
 元大彰化,00929復華台灣科技優息,2,25,-23
 元大彰化,金寶,14,35,-21
 元大彰化,金像電,1,21,-20
 元大彰化,達邁,99,115,-16
 元大彰化,新應材,0,16,-16
 元大彰化,00706L期元大S＆P日圓正2,0,15,-15
 元大彰化,宏泰,0,13,-13
 元大彰化,台化,0,13,-13
 元大彰化,星宇航空,4,15,-11
 元大彰化,台積電,6,16,-10
 元大彰化,長榮航,2,13,-11
 元大彰化,00675L富邦臺灣加權正2,0,10,-10
 元大彰化,堤維西,0,10,-10
 元大彰化,華航,3,13,-10
 元大彰化,炎洲,0,10,-10
 元大彰化,00877復華中國5G,0,10,-10
 元大彰化,00680L元大美債20正2,0,10,-10
 元大彰化,佳總,0,10,-10
 元大彰化,00936台新永續高息中小,0,10,-10
 元大彰化,美亞,0,10,-10
 元大彰化,神達,90,99,-9
 元大彰化,瀚宇博,1,11,-10
 元大彰化,欣銓,25,35,-10
 元大彰化,國泰金,2,12,-10
 元大彰化,00631L元大台灣50正2,0,9,-9
 元大彰化,奇鋐,2,11,-9
 元大彰化,協禧,0,9,-9
 元大彰化,00951台新日本半導體,0,9,-9
 元大彰化,長榮,1,10,-9
 元大彰化,國建,0,8,-8
 元大彰化,華城,47,55,-8
 元大彰化,康舒,0,7,-7
 元大彰化,006208富邦台50,9,16,-7
 元大彰化,強信-KY,0,7,-7
 元大彰化,寶成,0,7,-7
 元大彰化,美食-KY,0,7,-7
 元大彰化,聚隆,0,7,-7
 元大彰化,廣運,0,7,-7
 元大彰化,日月光投控,0,7,-7
 元大彰化,和椿,14,20,-6
 元大彰化,華南金,0,6,-6
兆豐東門,00665L富邦�琤肭磪囓�2,130,1,129
兆豐東門,昇達科,119,3,116
兆豐東門,佳能,26,0,26
兆豐東門,芯鼎,26,0,26
兆豐東門,新建,20,0,20
兆豐東門,榮科,20,0,20
兆豐東門,台灣虎航,71,54,17
兆豐東門,新盛力,58,41,17
兆豐東門,欣興,16,1,15
兆豐東門,順達,31,16,15
兆豐東門,海華,15,1,14
兆豐東門,事欣科,12,0,12
兆豐東門,新麗,36,24,12
兆豐東門,00919群益台灣精選高息,13,1,12
兆豐東門,圓剛,13,2,11
兆豐東門,00937B群益ESG投等債20,10,0,10
兆豐東門,兆豐金,10,0,10
兆豐東門,僑威,19,10,9
兆豐東門,欣銓,47,38,9
兆豐東門,合庫金,9,0,9
兆豐東門,聯嘉,10,1,9
兆豐東門,群創,8,0,8
兆豐東門,南港,8,0,8
兆豐東門,元大高股息,8,0,8
兆豐東門,聯電,10,3,7
兆豐東門,聯發科,7,0,7
兆豐東門,00632R元大台灣50反1,7,0,7
兆豐東門,中鋼,7,0,7
兆豐東門,00950B凱基A級公司債,6,0,6
兆豐東門,波若威,29,23,6
兆豐東門,眾達-KY,11,5,6
兆豐東門,00900富邦特選高股息30,5,0,5
兆豐東門,00965元大航太防衛科技,5,0,5
兆豐東門,統一,6,1,5
兆豐東門,所羅門,5,0,5
兆豐東門,冠德,5,0,5
兆豐東門,新日興,18,13,5
兆豐東門,連展投控,5,0,5
兆豐東門,能率,4,0,4
兆豐東門,加百裕,8,4,4
兆豐東門,來億-KY,4,0,4
兆豐東門,華研,4,0,4
兆豐東門,00637L元大滬深300正2,31,27,4
兆豐東門,00673R期元大S＆P原油反1,4,0,4
兆豐東門,00770國泰北美科技,3,0,3
兆豐東門,00633L富邦上証正2,3,0,3
兆豐東門,00940元大台灣價值高息,5,2,3
兆豐東門,嘉泥,4,1,3
兆豐東門,岱宇,3,0,3
兆豐東門,光洋科,7,4,3
兆豐東門,聯鈞,11,163,-152
兆豐東門,虹堡,0,120,-120
兆豐東門,緯創,25,106,-81
兆豐東門,台達電,0,53,-53
兆豐東門,英濟,20,53,-33
兆豐東門,健亞,0,30,-30
兆豐東門,宏達電,64,92,-28
兆豐東門,仁寶,0,26,-26
兆豐東門,華通,0,22,-22
兆豐東門,00929復華台灣科技優息,0,18,-18
兆豐東門,銘旺科,132,150,-18
兆豐東門,00724B群益投資級金融債,0,16,-16
兆豐東門,凱基金,0,16,-16
兆豐東門,中櫃,2,17,-15
兆豐東門,00642U期元大S＆P石油,0,13,-13
兆豐東門,達邁,25,38,-13
兆豐東門,力積電,11,24,-13
兆豐東門,中鼎,0,12,-12
兆豐東門,長榮航,0,11,-11
兆豐東門,00725B國泰投資級公司債,0,10,-10
兆豐東門,00877復華中國5G,0,10,-10
兆豐東門,00943兆豐電子高息等權,0,10,-10
兆豐東門,華南金,1,11,-10
兆豐東門,擎亞,15,25,-10
兆豐東門,世紀鋼,0,10,-10
兆豐東門,00909國泰數位支付服務,0,10,-10
兆豐東門,台積電,15,24,-9
兆豐東門,艾姆勒,0,8,-8
兆豐東門,國泰金,0,8,-8
兆豐東門,訊舟,0,8,-8
兆豐東門,大同,0,8,-8
兆豐東門,00631L元大台灣50正2,0,7,-7
兆豐東門,神達,9,16,-7
兆豐東門,鴻海,31,37,-6
兆豐東門,英業達,0,6,-6
兆豐東門,富邦金,0,6,-6
兆豐東門,立端,0,6,-6
兆豐東門,北極星藥業-KY,0,6,-6
兆豐東門,00715L期街口布蘭特正2,2,7,-5
兆豐東門,00939統一台灣高息動能,0,5,-5
兆豐東門,威剛,0,5,-5
兆豐東門,東浦,0,5,-5
兆豐東門,漢磊,0,5,-5
兆豐東門,富采,3,8,-5
兆豐東門,大銀微系統,2,7,-5
兆豐東門,日月光投控,1,5,-4
兆豐東門,00904新光臺灣半導體30,0,4,-4
兆豐東門,東元,0,4,-4
兆豐東門,京元電子,4,8,-4
兆豐東門,亞光,2,6,-4
群益敦南,富爾特,72,0,72
群益敦南,嘉彰,66,0,66
群益敦南,南亞科,52,0,52
群益敦南,廣達,50,0,50
群益敦南,2883B凱基金乙特,46,0,46
群益敦南,聯電,135,91,44
群益敦南,鑫傳,44,0,44
群益敦南,泰金寶-DR,40,4,36
群益敦南,00945B凱基美國非投等債,32,0,32
群益敦南,精成科,50,20,30
群益敦南,環宇-KY,65,41,24
群益敦南,擎亞,46,23,23
群益敦南,00882中信中國高股息,20,0,20
群益敦南,雷虎,25,5,20
群益敦南,00687B國泰20年美債,20,0,20
群益敦南,星通,20,0,20
群益敦南,嘉聯益,20,0,20
群益敦南,威強電,18,0,18
群益敦南,英濟,24,6,18
群益敦南,威致,16,0,16
群益敦南,凱美,147,132,15
群益敦南,太欣,15,0,15
群益敦南,緯創,59,44,15
群益敦南,00637L元大滬深300正2,59,45,14
群益敦南,京元電子,21,8,13
群益敦南,00937B群益ESG投等債20,12,0,12
群益敦南,興能高,135,123,12
群益敦南,00795B中信美國公債20年,12,2,10
群益敦南,偉訓,15,5,10
群益敦南,中纖,10,0,10
群益敦南,強茂,10,0,10
群益敦南,國喬,10,0,10
群益敦南,事欣科,10,1,9
群益敦南,聯嘉,9,0,9
群益敦南,立隆電,49,40,9
群益敦南,加百裕,25,16,9
群益敦南,迅得,9,0,9
群益敦南,創威,9,0,9
群益敦南,00757統一FANG+,9,0,9
群益敦南,上銀,28,20,8
群益敦南,台翰,7,0,7
群益敦南,聰泰,7,0,7
群益敦南,耿鼎,8,1,7
群益敦南,華紙,10,3,7
群益敦南,聯亞,11,4,7
群益敦南,眾達-KY,91,84,7
群益敦南,致新,7,0,7
群益敦南,台泥,6,0,6
群益敦南,榮創,6,0,6
群益敦南,百達-KY,6,0,6
群益敦南,00980B台新特選IG債10+,0,470,-470
群益敦南,力積電,62,404,-342
群益敦南,00953B群益優選非投等債,0,160,-160
群益敦南,00878國泰永續高股息,16,126,-110
群益敦南,達邁,248,321,-73
群益敦南,00951台新日本半導體,0,60,-60
群益敦南,00933B國泰10Y+金融債,4,60,-56
群益敦南,00941中信上游半導體,5,60,-55
群益敦南,達運,0,40,-40
群益敦南,IET-KY,92,132,-40
群益敦南,長榮航,5,44,-39
群益敦南,中信金,0,38,-38
群益敦南,台新金,1,38,-37
群益敦南,神達,68,102,-34
群益敦南,兆豐金,2,33,-31
群益敦南,富威電力,0,28,-28
群益敦南,群益證,2,25,-23
群益敦南,00650L復華香港正2,0,21,-21
群益敦南,台玻,0,20,-20
群益敦南,大世科,0,19,-19
群益敦南,昇陽半導體,2,20,-18
群益敦南,錦明,0,17,-17
群益敦南,中鋼,10,26,-16
群益敦南,大洋,7,22,-15
群益敦南,富野,0,15,-15
群益敦南,富喬,17,31,-14
群益敦南,欣銓,3,17,-14
群益敦南,新光金,0,13,-13
群益敦南,和大,0,12,-12
群益敦南,麗嬰房,0,12,-12
群益敦南,喬山,0,12,-12
群益敦南,大成鋼,2,13,-11
群益敦南,神基,0,11,-11
群益敦南,雄獅,0,11,-11
群益敦南,中租-KY,0,11,-11
群益敦南,聯強,0,11,-11
群益敦南,元大台灣50,0,11,-11
群益敦南,台灣虎航,2,12,-10
群益敦南,京城銀,0,10,-10
群益敦南,信義,0,10,-10
群益敦南,00655L國泰中國A50正2,0,10,-10
群益敦南,亞聚,0,10,-10
群益敦南,燦星旅,0,10,-10
群益敦南,恩德,0,10,-10
群益敦南,中鴻,0,10,-10
群益敦南,00632R元大台灣50反1,0,10,-10
群益敦南,銘鈺,0,10,-10
群益敦南,榮剛,0,10,-10
群益敦南,立敦,26,35,-9
群益敦南,國泰金,0,9,-9
玉山新竹,00932兆豐永續高息等權,444,0,444
玉山新竹,00706L期元大S＆P日圓正2,282,0,282
玉山新竹,00937B群益ESG投等債20,65,0,65
玉山新竹,聯合再生,53,0,53
玉山新竹,00878國泰永續高股息,64,15,49
玉山新竹,00919群益台灣精選高息,69,22,47
玉山新竹,聯電,89,43,46
玉山新竹,00918大華優利高填息30,46,4,42
玉山新竹,00637L元大滬深300正2,47,6,41
玉山新竹,泰金寶-DR,151,119,32
玉山新竹,00945B凱基美國非投等債,30,0,30
玉山新竹,00708L期元大S＆P黃金正2,28,0,28
玉山新竹,友達,30,2,28
玉山新竹,永豐金,24,0,24
玉山新竹,00680L元大美債20正2,22,0,22
玉山新竹,連展投控,24,4,20
玉山新竹,欣興,22,2,20
玉山新竹,慶豐富,19,0,19
玉山新竹,00887永豐中國科技50大,18,0,18
玉山新竹,零壹,17,1,16
玉山新竹,永信建,15,0,15
玉山新竹,神達,93,78,15
玉山新竹,達邁,24,10,14
玉山新竹,聯華,14,0,14
玉山新竹,00882中信中國高股息,13,0,13
玉山新竹,光環,13,0,13
玉山新竹,皇昌,13,0,13
玉山新竹,立敦,33,20,13
玉山新竹,聯鈞,48,36,12
玉山新竹,農林,12,0,12
玉山新竹,00960野村全球航運龍頭,11,0,11
玉山新竹,加捷生醫,10,0,10
玉山新竹,豪勉,10,0,10
玉山新竹,00958B永豐ESG銀行債15,10,0,10
玉山新竹,00738U期元大道瓊白銀,10,0,10
玉山新竹,00669R國泰美國道瓊反1,10,0,10
玉山新竹,00632R元大台灣50反1,9,0,9
玉山新竹,裕隆,10,1,9
玉山新竹,00950B凱基A級公司債,8,0,8
玉山新竹,廣達,8,0,8
玉山新竹,定穎投控,8,0,8
玉山新竹,00857B永豐20年美公債,8,0,8
玉山新竹,亞光,21,13,8
玉山新竹,騰輝電子-KY,9,1,8
玉山新竹,00762元大全球AI,8,0,8
玉山新竹,昇陽半導體,8,0,8
玉山新竹,凱基金,12,4,8
玉山新竹,兆豐金,7,0,7
玉山新竹,00953B群益優選非投等債,7,0,7
玉山新竹,00795B中信美國公債20年,9,2,7
玉山新竹,00673R期元大S＆P原油反1,0,217,-217
玉山新竹,陽明,6,219,-213
玉山新竹,00940元大台灣價值高息,6,213,-207
玉山新竹,元大高股息,43,214,-171
玉山新竹,00929復華台灣科技優息,1,142,-141
玉山新竹,00934中信成長高股息,0,120,-120
玉山新竹,00665L富邦�琤肭磪囓�2,60,160,-100
玉山新竹,00948B中信優息投資級債,0,100,-100
玉山新竹,擎亞,33,131,-98
玉山新竹,華航,0,87,-87
玉山新竹,玉山金,35,98,-63
玉山新竹,台塑,1,63,-62
玉山新竹,福邦證,0,50,-50
玉山新竹,00715L期街口布蘭特正2,5,51,-46
玉山新竹,元大台灣50,3,41,-38
玉山新竹,00885富邦越南,0,36,-36
玉山新竹,00675L富邦臺灣加權正2,11,47,-36
玉山新竹,新光金,0,33,-33
玉山新竹,大成鋼,27,59,-32
玉山新竹,00720B元大投資級公司債,0,32,-32
玉山新竹,國際中橡,0,27,-27
玉山新竹,直得,1,27,-26
玉山新竹,華夏,0,21,-21
玉山新竹,力積電,10,31,-21
玉山新竹,富采,0,20,-20
玉山新竹,00687B國泰20年美債,16,36,-20
玉山新竹,三商壽,2,22,-20
玉山新竹,台新金,2,22,-20
玉山新竹,00923群益台ESG低碳50,1,20,-19
玉山新竹,鴻準,4,22,-18
玉山新竹,金寶,15,33,-18
玉山新竹,006208富邦台50,15,30,-15
玉山新竹,良維,0,15,-15
玉山新竹,亞航,1,15,-14
玉山新竹,00712復華富時不動產,2,16,-14
玉山新竹,宏達電,18,31,-13
玉山新竹,00751B元大AAA至A公司債,1,14,-13
玉山新竹,宏致,6,18,-12
玉山新竹,立��,18,30,-12
玉山新竹,奇鋐,8,19,-11
玉山新竹,IKKA-KY,1,12,-11
玉山新竹,台光電,5,16,-11
玉山新竹,國統,2,13,-11
玉山新竹,台塑化,5,16,-11
玉山新竹,神基,0,11,-11
玉山新竹,00685L群益臺灣加權正2,0,11,-11
玉山新竹,富邦金,2,12,-10
玉山新竹,穩懋,0,10,-10
玉山新竹,欣銓,9,19,-10
玉山新竹,聯成,0,10,-10
凱基城中,泰金寶-DR,3044,1273,1771
凱基城中,聯電,147,34,113
凱基城中,訊芯-KY,93,10,83
凱基城中,緯創,48,7,41
凱基城中,全球傳動,37,4,33
凱基城中,宏齊,31,0,31
凱基城中,環宇-KY,57,28,29
凱基城中,神基,30,4,26
凱基城中,00673R期元大S＆P原油反1,35,11,24
凱基城中,00637L元大滬深300正2,30,7,23
凱基城中,立��,31,8,23
凱基城中,加捷生醫,23,0,23
凱基城中,廣達,23,0,23
凱基城中,牧德,20,0,20
凱基城中,旺矽,20,1,19
凱基城中,映興,18,0,18
凱基城中,采鈺,17,0,17
凱基城中,矽統,19,2,17
凱基城中,中探針,16,0,16
凱基城中,聯光通,50,35,15
凱基城中,00680L元大美債20正2,14,0,14
凱基城中,立敦,25,11,14
凱基城中,00924復華S＆P500成長,13,0,13
凱基城中,陽明,25,12,13
凱基城中,波若威,25,13,12
凱基城中,三晃,10,0,10
凱基城中,台船,10,0,10
凱基城中,耀登,10,0,10
凱基城中,精剛,10,0,10
凱基城中,中環,10,0,10
凱基城中,錸德,10,0,10
凱基城中,00972野村日本動能高息,10,0,10
凱基城中,鴻海,15,5,10
凱基城中,彬台,15,6,9
凱基城中,星宇航空,10,1,9
凱基城中,阜爾運通,9,0,9
凱基城中,金寶,10,1,9
凱基城中,上洋,9,0,9
凱基城中,新應材,10,2,8
凱基城中,00919群益台灣精選高息,12,4,8
凱基城中,和椿,56,48,8
凱基城中,皇昌,14,6,8
凱基城中,台塑,14,6,8
凱基城中,欣興,14,7,7
凱基城中,00633L富邦上証正2,12,5,7
凱基城中,00858永豐美國500大,6,0,6
凱基城中,臻鼎-KY,6,0,6
凱基城中,英濟,19,13,6
凱基城中,00632R元大台灣50反1,9,3,6
凱基城中,00669R國泰美國道瓊反1,6,0,6
凱基城中,00937B群益ESG投等債20,26,301,-275
凱基城中,00960野村全球航運龍頭,0,173,-173
凱基城中,00980B台新特選IG債10+,0,166,-166
凱基城中,台新金,1,90,-89
凱基城中,00971野村美國研發龍頭,0,84,-84
凱基城中,彩晶,0,53,-53
凱基城中,西勝,0,45,-45
凱基城中,00929復華台灣科技優息,0,43,-43
凱基城中,僑威,8,49,-41
凱基城中,中華電,0,37,-37
凱基城中,00918大華優利高填息30,0,37,-37
凱基城中,新光金,0,36,-36
凱基城中,晟銘電,7,39,-32
凱基城中,貿聯-KY,0,31,-31
凱基城中,00688L國泰20年美債正2,0,30,-30
凱基城中,元大高股息,3,32,-29
凱基城中,神達,106,135,-29
凱基城中,00952凱基台灣AI50,1,26,-25
凱基城中,力積電,83,108,-25
凱基城中,華航,0,24,-24
凱基城中,迅得,9,29,-20
凱基城中,台揚,3,22,-19
凱基城中,連展投控,3,22,-19
凱基城中,台積電,7,26,-19
凱基城中,興能高,111,126,-15
凱基城中,工信,30,45,-15
凱基城中,所羅門,6,20,-14
凱基城中,萬海,1,15,-14
凱基城中,日月光投控,1,14,-13
凱基城中,欣銓,12,25,-13
凱基城中,漢翔,3,16,-13
凱基城中,福懋油,0,12,-12
凱基城中,華邦電,0,12,-12
凱基城中,光寶科,13,24,-11
凱基城中,台康生技,0,11,-11
凱基城中,中鴻,0,10,-10
凱基城中,天剛,0,10,-10
凱基城中,慶騰,0,10,-10
凱基城中,英業達,13,23,-10
凱基城中,亞翔,11,20,-9
凱基城中,矽格,1,10,-9
凱基城中,上曜,20,29,-9
凱基城中,00933B國泰10Y+金融債,1,10,-9
凱基城中,建新國際,0,8,-8
凱基城中,00965元大航太防衛科技,0,8,-8
凱基城中,長榮航,1,9,-8
凱基城中,00651R復華香港反1,0,8,-8
凱基城中,盛弘,0,8,-8
凱基城中,群創,10,18,-8
凱基城中,南亞,5,12,-7
華南苗栗,聯電,120,39,81
華南苗栗,中信金,50,0,50
華南苗栗,群創,30,3,27
華南苗栗,連展投控,28,2,26
華南苗栗,華邦電,42,17,25
華南苗栗,00706L期元大S＆P日圓正2,22,0,22
華南苗栗,宏齊,21,0,21
華南苗栗,緯創,32,12,20
華南苗栗,台化,18,0,18
華南苗栗,環宇-KY,29,11,18
華南苗栗,鴻海,23,7,16
華南苗栗,聯上發,15,0,15
華南苗栗,聯光通,32,17,15
華南苗栗,中鋼,14,0,14
華南苗栗,普安,15,1,14
華南苗栗,友達,14,1,13
華南苗栗,00972野村日本動能高息,13,0,13
華南苗栗,欣興,13,1,12
華南苗栗,00881國泰台灣5G+,12,1,11
華南苗栗,南茂,11,0,11
華南苗栗,00950B凱基A級公司債,10,0,10
華南苗栗,金麗科,10,0,10
華南苗栗,合勤控,20,10,10
華南苗栗,00935野村臺灣新科技50,10,1,9
華南苗栗,台揚,10,1,9
華南苗栗,昇陽半導體,10,1,9
華南苗栗,00922國泰台灣領袖50,10,2,8
華南苗栗,元大高股息,20,13,7
華南苗栗,立��,10,3,7
華南苗栗,台塑,7,0,7
華南苗栗,陽明,7,0,7
華南苗栗,志強-KY,8,1,7
華南苗栗,英濟,11,4,7
華南苗栗,臺企銀,6,0,6
華南苗栗,系微,6,0,6
華南苗栗,環球晶,6,0,6
華南苗栗,立敦,19,13,6
華南苗栗,00971野村美國研發龍頭,6,0,6
華南苗栗,英業達,9,4,5
華南苗栗,輔信,5,0,5
華南苗栗,京元電子,14,9,5
華南苗栗,長榮,7,2,5
華南苗栗,亞航,5,0,5
華南苗栗,訊舟,5,0,5
華南苗栗,力成,5,0,5
華南苗栗,金居,5,0,5
華南苗栗,晟銘電,7,2,5
華南苗栗,合庫金,5,1,4
華南苗栗,00635U期元大S＆P黃金,4,0,4
華南苗栗,友訊,5,1,4
華南苗栗,凱基金,1,125,-124
華南苗栗,泰金寶-DR,10,121,-111
華南苗栗,00637L元大滬深300正2,32,76,-44
華南苗栗,威盛,1,32,-31
華南苗栗,中磊,0,31,-31
華南苗栗,超豐,0,30,-30
華南苗栗,00929復華台灣科技優息,0,28,-28
華南苗栗,力積電,5,24,-19
華南苗栗,錸德,0,19,-19
華南苗栗,00940元大台灣價值高息,0,16,-16
華南苗栗,00675L富邦臺灣加權正2,0,15,-15
華南苗栗,00878國泰永續高股息,3,18,-15
華南苗栗,達邁,46,59,-13
華南苗栗,潤泰全,2,15,-13
華南苗栗,鴻準,1,13,-12
華南苗栗,欣銓,9,21,-12
華南苗栗,眾達-KY,25,37,-12
華南苗栗,榮運,0,11,-11
華南苗栗,00919群益台灣精選高息,0,11,-11
華南苗栗,00945B凱基美國非投等債,0,10,-10
華南苗栗,00905FT臺灣Smart,0,10,-10
華南苗栗,新漢,0,10,-10
華南苗栗,富喬,9,18,-9
華南苗栗,晟德,0,9,-9
華南苗栗,永捷,0,9,-9
華南苗栗,矽統,1,8,-7
華南苗栗,台積電,6,12,-6
華南苗栗,00795B中信美國公債20年,2,8,-6
華南苗栗,中鴻,0,6,-6
華南苗栗,圓剛,0,6,-6
華南苗栗,順達,7,13,-6
華南苗栗,光環,0,6,-6
華南苗栗,營邦,0,6,-6
華南苗栗,矽格,4,10,-6
華南苗栗,康舒,6,12,-6
華南苗栗,聖暉*,0,6,-6
華南苗栗,亞翔,0,5,-5
華南苗栗,興能高,11,16,-5
華南苗栗,立隆電,8,13,-5
華南苗栗,00892富邦台灣半導體,0,5,-5
華南苗栗,00712復華富時不動產,0,5,-5
華南苗栗,泰山,0,5,-5
華南苗栗,中石化,0,5,-5
華南苗栗,東元,0,5,-5
華南苗栗,冠軍,0,5,-5
華南苗栗,華通,1,6,-5
華南苗栗,榮創,0,5,-5
華南苗栗,宏致,0,5,-5
華南苗栗,定穎投控,0,5,-5
華南苗栗,奇鋐,10,15,-5
台新台中,00637L元大滬深300正2,1032,145,887
台新台中,聯電,485,42,443
台新台中,富喬,451,128,323
台新台中,00971野村美國研發龍頭,236,0,236
台新台中,00665L富邦�琤肭磪囓�2,229,96,133
台新台中,00680L元大美債20正2,202,78,124
台新台中,00953B群益優選非投等債,103,21,82
台新台中,劍湖山,70,0,70
台新台中,泰金寶-DR,242,175,67
台新台中,00937B群益ESG投等債20,96,36,60
台新台中,達運,55,2,53
台新台中,00919群益台灣精選高息,134,85,49
台新台中,00753L中信中國50正2,157,108,49
台新台中,00924復華S＆P500成長,50,3,47
台新台中,元大高股息,151,106,45
台新台中,宏遠證,41,0,41
台新台中,泰茂,45,5,40
台新台中,00878國泰永續高股息,135,96,39
台新台中,00633L富邦上証正2,57,21,36
台新台中,環宇-KY,323,288,35
台新台中,大成鋼,41,8,33
台新台中,濱川,72,41,31
台新台中,緯創,79,52,27
台新台中,加百裕,99,73,26
台新台中,00690兆豐藍籌30,36,10,26
台新台中,合世,25,0,25
台新台中,鈺齊-KY,86,62,24
台新台中,浪凡,24,1,23
台新台中,鴻海,80,58,22
台新台中,00910第一金太空衛星,38,15,23
台新台中,昇達科,122,100,22
台新台中,00632R元大台灣50反1,46,24,22
台新台中,昇陽半導體,64,43,21
台新台中,00923群益台ESG低碳50,28,8,20
台新台中,華邦電,54,34,20
台新台中,普安,19,0,19
台新台中,台虹,21,2,19
台新台中,立隆電,96,78,18
台新台中,陽明,41,23,18
台新台中,大學光,17,0,17
台新台中,聯光通,47,31,16
台新台中,00882中信中國高股息,28,13,15
台新台中,榮科,15,0,15
台新台中,六方科-KY,16,1,15
台新台中,普誠,15,0,15
台新台中,長佳智能,15,0,15
台新台中,00693U期街口S＆P黃豆,14,0,14
台新台中,00738U期元大道瓊白銀,14,0,14
台新台中,大銀微系統,41,28,13
台新台中,天二科技,27,14,13
台新台中,00980B台新特選IG債10+,71,507,-436
台新台中,00951台新日本半導體,3,271,-268
台新台中,00929復華台灣科技優息,10,241,-231
台新台中,00950B凱基A級公司債,6,233,-227
台新台中,建漢,2,201,-199
台新台中,00936台新永續高息中小,1,196,-195
台新台中,臺企銀,16,166,-150
台新台中,亞帝歐,0,133,-133
台新台中,00940元大台灣價值高息,7,130,-123
台新台中,新光金,37,152,-115
台新台中,榮剛,0,107,-107
台新台中,00676R富邦臺灣加權反1,30,130,-100
台新台中,00934中信成長高股息,0,96,-96
台新台中,00685L群益臺灣加權正2,2,92,-90
台新台中,台灣虎航,66,153,-87
台新台中,台積電,164,241,-77
台新台中,00887永豐中國科技50大,0,74,-74
台新台中,晶睿,7,80,-73
台新台中,00795B中信美國公債20年,2,75,-73
台新台中,00634R富邦上証反1,0,70,-70
台新台中,欣銓,57,124,-67
台新台中,00687B國泰20年美債,53,115,-62
台新台中,連展投控,24,85,-61
台新台中,遠東新,0,60,-60
台新台中,00881國泰台灣5G+,5,61,-56
台新台中,星宇航空,9,65,-56
台新台中,宏致,39,92,-53
台新台中,中鴻,2,55,-53
台新台中,00679B元大美債20年,25,77,-52
台新台中,00930永豐ESG低碳高息,0,50,-50
台新台中,00772B中信高評級公司債,0,50,-50
台新台中,00648R元大S＆P500反1,0,47,-47
台新台中,00915凱基優選高股息30,9,53,-44
台新台中,00850元大臺灣ESG永續,0,44,-44
台新台中,群創,13,57,-44
台新台中,精金,4,45,-41
台新台中,元大台灣50,25,65,-40
台新台中,00922國泰台灣領袖50,5,45,-40
台新台中,力積電,92,131,-39
台新台中,永道-KY,6,43,-37
台新台中,南亞科,21,58,-37
台新台中,00895富邦未來車,0,35,-35
台新台中,神達,357,391,-34
台新台中,006208富邦台50,25,58,-33
台新台中,宏達電,391,424,-33
台新台中,00948B中信優息投資級債,4,35,-31
台新台中,勤誠,3,34,-31
台新台中,00692富邦公司治理,3,34,-31
台新台中,00963中信全球高股息,0,30,-30
台新台中,聚隆,0,30,-30
新光台南,00665L富邦�琤肭磪囓�2,820,58,762
新光台南,第一金,706,28,678
新光台南,聯電,358,87,271
新光台南,00637L元大滬深300正2,286,65,221
新光台南,富喬,238,66,172
新光台南,00968B元大優息投等債,100,0,100
新光台南,00650L復華香港正2,89,20,69
新光台南,00878國泰永續高股息,65,12,53
新光台南,台新金,54,4,50
新光台南,臺企銀,55,5,50
新光台南,元大高股息,47,5,42
新光台南,00971野村美國研發龍頭,38,0,38
新光台南,加百裕,130,92,38
新光台南,順達,71,34,37
新光台南,全新,37,2,35
新光台南,00655L國泰中國A50正2,42,8,34
新光台南,波若威,90,60,30
新光台南,00940元大台灣價值高息,32,6,26
新光台南,00910第一金太空衛星,44,18,26
新光台南,兆豐金,26,0,26
新光台南,00858永豐美國500大,25,0,25
新光台南,萬泰科,25,1,24
新光台南,00795B中信美國公債20年,24,0,24
新光台南,泰金寶-DR,71,50,21
新光台南,00632R元大台灣50反1,54,35,19
新光台南,千興,20,1,19
新光台南,海華,45,26,19
新光台南,IKKA-KY,41,23,18
新光台南,南亞科,41,24,17
新光台南,彩晶,16,0,16
新光台南,台塑,23,7,16
新光台南,00753L中信中國50正2,16,0,16
新光台南,00959B大華投等美債15Y+,22,6,16
新光台南,宏璟,16,0,16
新光台南,00662富邦NASDAQ,16,0,16
新光台南,00664R國泰臺灣加權反1,20,5,15
新光台南,台積電,38,23,15
新光台南,昇陽半導體,40,26,14
新光台南,台揚,17,4,13
新光台南,前鼎,22,9,13
新光台南,00960野村全球航運龍頭,12,0,12
新光台南,康舒,20,8,12
新光台南,00671R富邦NASDAQ反1,13,1,12
新光台南,萬潤,12,0,12
新光台南,中天,11,0,11
新光台南,欣興,38,27,11
新光台南,眾達-KY,115,104,11
新光台南,大成鋼,20,9,11
新光台南,佳總,11,0,11
新光台南,和碩,10,0,10
新光台南,華南金,2,702,-700
新光台南,00688L國泰20年美債正2,137,703,-566
新光台南,新盛力,240,417,-177
新光台南,00687B國泰20年美債,28,185,-157
新光台南,00631L元大台灣50正2,27,166,-139
新光台南,00680L元大美債20正2,111,230,-119
新光台南,神達,155,253,-98
新光台南,00937B群益ESG投等債20,31,116,-85
新光台南,00929復華台灣科技優息,10,81,-71
新光台南,富邦金,5,76,-71
新光台南,00673R期元大S＆P原油反1,24,94,-70
新光台南,00731復華富時高息低波,0,50,-50
新光台南,006208富邦台50,10,58,-48
新光台南,力積電,52,98,-46
新光台南,00679B元大美債20年,45,90,-45
新光台南,欣銓,17,61,-44
新光台南,友訊,9,51,-42
新光台南,00648R元大S＆P500反1,10,50,-40
新光台南,國泰金,1,39,-38
新光台南,中磊,0,33,-33
新光台南,00642U期元大S＆P石油,0,33,-33
新光台南,2883B凱基金乙特,0,30,-30
新光台南,00939統一台灣高息動能,1,30,-29
新光台南,長榮航,48,75,-27
新光台南,群創,16,43,-27
新光台南,玉山金,8,34,-26
新光台南,凱基金,0,26,-26
新光台南,義隆,1,27,-26
新光台南,00923群益台ESG低碳50,10,36,-26
新光台南,00951台新日本半導體,0,26,-26
新光台南,誠美材,0,25,-25
新光台南,00934中信成長高股息,0,22,-22
新光台南,振曜,1,23,-22
新光台南,友勁,0,21,-21
新光台南,錦明,0,21,-21
新光台南,冠軍,0,20,-20
新光台南,合庫金,1,20,-19
新光台南,元晶,1,20,-19
新光台南,中石化,5,24,-19
新光台南,台船,3,20,-17
新光台南,00922國泰台灣領袖50,5,21,-16
新光台南,00692富邦公司治理,0,16,-16
新光台南,星宇航空,26,42,-16
新光台南,聯強,0,15,-15
新光台南,00907永豐優息存股,0,15,-15
新光台南,達邁,84,98,-14
新光台南,鴻準,7,21,-14
新光台南,華航,13,27,-14
新光台南,浪凡,0,14,-14
新光台南,00738U期元大道瓊白銀,0,14,-14
華南淡水,00637L元大滬深300正2,149,24,125
華南淡水,宏達電,119,16,103
華南淡水,00878國泰永續高股息,84,10,74
華南淡水,華新,34,1,33
華南淡水,00965元大航太防衛科技,30,0,30
華南淡水,00918大華優利高填息30,32,5,27
華南淡水,元大高股息,32,7,25
華南淡水,00740B富邦全球投等債,20,0,20
華南淡水,中揚光,19,0,19
華南淡水,富華新,16,0,16
華南淡水,南光,15,0,15
華南淡水,松普,15,0,15
華南淡水,亞光,25,11,14
華南淡水,力成,13,0,13
華南淡水,中石化,17,5,12
華南淡水,金寶,18,6,12
華南淡水,南亞科,10,0,10
華南淡水,00882中信中國高股息,10,0,10
華南淡水,時碩工業,10,0,10
華南淡水,台橡,10,0,10
華南淡水,工信,20,10,10
華南淡水,加百裕,28,19,9
華南淡水,世禾,9,0,9
華南淡水,00919群益台灣精選高息,38,30,8
華南淡水,新建,7,0,7
華南淡水,欣興,7,0,7
華南淡水,精材,9,2,7
華南淡水,00932兆豐永續高息等權,6,0,6
華南淡水,00650L復華香港正2,7,2,5
華南淡水,00638R元大滬深300反1,5,0,5
華南淡水,聯發,6,1,5
華南淡水,穎漢,5,0,5
華南淡水,寶碩,5,0,5
華南淡水,乙盛-KY,5,0,5
華南淡水,昇陽半導體,5,0,5
華南淡水,菱光,5,0,5
華南淡水,聯光通,8,3,5
華南淡水,巧新,4,0,4
華南淡水,大成鋼,18,14,4
華南淡水,玉晶光,4,0,4
華南淡水,聯鈞,25,21,4
華南淡水,眾達-KY,20,16,4
華南淡水,立敦,28,25,3
華南淡水,英濟,72,69,3
華南淡水,達邁,31,28,3
華南淡水,緯穎,3,0,3
華南淡水,00900富邦特選高股息30,3,0,3
華南淡水,00953B群益優選非投等債,3,0,3
華南淡水,直得,6,3,3
華南淡水,華紙,3,0,3
華南淡水,聯電,78,203,-125
華南淡水,事欣科,3,93,-90
華南淡水,00971野村美國研發龍頭,1,76,-75
華南淡水,00679B元大美債20年,21,82,-61
華南淡水,00680L元大美債20正2,0,50,-50
華南淡水,亞泰,1,51,-50
華南淡水,緯創,25,50,-25
華南淡水,00753L中信中國50正2,0,25,-25
華南淡水,神達,16,40,-24
華南淡水,群創,2,25,-23
華南淡水,元太,0,18,-18
華南淡水,定穎投控,1,16,-15
華南淡水,00673R期元大S＆P原油反1,0,14,-14
華南淡水,新光金,0,14,-14
華南淡水,日月光投控,0,13,-13
華南淡水,00640L富邦日本正2,0,12,-12
華南淡水,友達,20,32,-12
華南淡水,00934中信成長高股息,0,11,-11
華南淡水,長榮,0,10,-10
華南淡水,亞翔,0,10,-10
華南淡水,三商壽,0,10,-10
華南淡水,統一實,0,10,-10
華南淡水,力積電,15,24,-9
華南淡水,華南金,0,8,-8
華南淡水,00922國泰台灣領袖50,1,9,-8
華南淡水,00929復華台灣科技優息,3,11,-8
華南淡水,勝一,0,8,-8
華南淡水,映泰,0,8,-8
華南淡水,長榮航,2,10,-8
華南淡水,環宇-KY,13,21,-8
華南淡水,瀚荃,1,9,-8
華南淡水,凌巨,17,25,-8
華南淡水,友訊,0,8,-8
華南淡水,台灣虎航,0,7,-7
華南淡水,宏觀,0,7,-7
華南淡水,中信金,0,7,-7
華南淡水,00940元大台灣價值高息,2,8,-6
華南淡水,福懋油,7,13,-6
華南淡水,華航,0,6,-6
華南淡水,彬台,2,8,-6
華南淡水,鴻海,3,9,-6
華南淡水,凱基金,1,7,-6
華南淡水,欣銓,6,12,-6
華南淡水,長興,0,6,-6
華南淡水,立隆電,16,22,-6
華南淡水,00885富邦越南,1,6,-5
華南淡水,00954中信日本半導體,0,5,-5
華南淡水,00960野村全球航運龍頭,0,5,-5
華南淡水,華通,0,5,-5
華南淡水,昆盈,0,5,-5
 元大金華,聯電,85,3,82
 元大金華,大同,61,4,57
 元大金華,中石化,51,0,51
 元大金華,今皓,46,0,46
 元大金華,00937B群益ESG投等債20,36,0,36
 元大金華,00757統一FANG+,34,0,34
 元大金華,燁輝,33,0,33
 元大金華,元大高股息,27,5,22
 元大金華,00905FT臺灣Smart,20,1,19
 元大金華,台塑,20,1,19
 元大金華,宏達電,48,29,19
 元大金華,宏齊,51,32,19
 元大金華,00933B國泰10Y+金融債,16,0,16
 元大金華,緯創,13,0,13
 元大金華,00885富邦越南,12,0,12
 元大金華,胡連,12,0,12
 元大金華,00632R元大台灣50反1,11,0,11
 元大金華,00858永豐美國500大,11,0,11
 元大金華,台塑化,11,0,11
 元大金華,00960野村全球航運龍頭,11,0,11
 元大金華,00953B群益優選非投等債,11,0,11
 元大金華,欣興,11,1,10
 元大金華,光寶科,12,2,10
 元大金華,力積電,25,15,10
 元大金華,凌巨,10,0,10
 元大金華,統一,9,0,9
 元大金華,牧東,9,0,9
 元大金華,00919群益台灣精選高息,10,1,9
 元大金華,00918大華優利高填息30,8,0,8
 元大金華,精成科,25,17,8
 元大金華,永豐金,7,0,7
 元大金華,健椿,8,1,7
 元大金華,00878國泰永續高股息,12,5,7
 元大金華,兆豐金,6,0,6
 元大金華,00713元大台灣高息低波,7,1,6
 元大金華,00720B元大投資級公司債,7,1,6
 元大金華,00664R國泰臺灣加權反1,6,0,6
 元大金華,技嘉,7,1,6
 元大金華,上詮,8,2,6
 元大金華,合庫金,12,6,6
 元大金華,超豐,6,0,6
 元大金華,雷虎,5,0,5
 元大金華,00915凱基優選高股息30,5,0,5
 元大金華,00674R期元大S＆P黃金反1,5,0,5
 元大金華,00959B大華投等美債15Y+,5,0,5
 元大金華,00968B元大優息投等債,5,0,5
 元大金華,台半,5,0,5
 元大金華,擎亞,12,7,5
 元大金華,台泥,5,1,4
 元大金華,亞光,35,31,4
 元大金華,00706L期元大S＆P日圓正2,10,151,-141
 元大金華,00940元大台灣價值高息,5,120,-115
 元大金華,00715L期街口布蘭特正2,0,100,-100
 元大金華,微星,0,84,-84
 元大金華,鴻海,9,91,-82
 元大金華,斐成,0,54,-54
 元大金華,00941中信上游半導體,0,53,-53
 元大金華,00725B國泰投資級公司債,1,50,-49
 元大金華,00929復華台灣科技優息,1,47,-46
 元大金華,00679B元大美債20年,4,47,-43
 元大金華,00687B國泰20年美債,4,45,-41
 元大金華,聯光通,12,48,-36
 元大金華,三商壽,0,34,-34
 元大金華,00935野村臺灣新科技50,1,30,-29
 元大金華,長榮航,2,31,-29
 元大金華,中揚光,0,25,-25
 元大金華,00965元大航太防衛科技,0,23,-23
 元大金華,新光金,0,22,-22
 元大金華,友訊,8,29,-21
 元大金華,華航,2,23,-21
 元大金華,神達,92,113,-21
 元大金華,00876元大全球5G,0,16,-16
 元大金華,00923群益台ESG低碳50,0,14,-14
 元大金華,國泰金,1,14,-13
 元大金華,新建,24,37,-13
 元大金華,佳和,0,12,-12
 元大金華,凱美,12,24,-12
 元大金華,正崴,0,12,-12
 元大金華,台積電,3,14,-11
 元大金華,映興,5,16,-11
 元大金華,00751B元大AAA至A公司債,0,10,-10
 元大金華,00936台新永續高息中小,0,10,-10
 元大金華,瑞軒,0,10,-10
 元大金華,僑威,5,15,-10
 元大金華,皇龍,0,9,-9
 元大金華,金山電,6,15,-9
 元大金華,台達電,2,10,-8
 元大金華,911608明輝-DR,0,8,-8
 元大金華,友達,2,9,-7
 元大金華,宏致,2,9,-7
 元大金華,旺宏,0,7,-7
 元大金華,維熹,0,7,-7
 元大金華,長榮,0,6,-6
 元大金華,欣銓,12,18,-6
 元大金華,北基,0,6,-6
 元大金華,毅嘉,0,6,-6
 元大金華,東聯,0,5,-5
 元大金華,漢翔,0,5,-5
 元大金華,星宇航空,1,6,-5
 元大金華,台汽電,0,5,-5
國泰台中,聯電,895,300,595
國泰台中,00953B群益優選非投等債,513,9,504
國泰台中,00637L元大滬深300正2,887,408,479
國泰台中,泰金寶-DR,663,307,356
國泰台中,00945B凱基美國非投等債,315,51,264
國泰台中,00937B群益ESG投等債20,274,50,224
國泰台中,00971野村美國研發龍頭,227,6,221
國泰台中,宏致,419,242,177
國泰台中,00919群益台灣精選高息,307,136,171
國泰台中,元大高股息,237,66,171
國泰台中,大成鋼,159,9,150
國泰台中,00948B中信優息投資級債,217,72,145
國泰台中,00878國泰永續高股息,317,189,128
國泰台中,緯創,237,111,126
國泰台中,00688L國泰20年美債正2,148,24,124
國泰台中,00712復華富時不動產,128,29,99
國泰台中,光寶科,122,35,87
國泰台中,晶華,87,2,85
國泰台中,00962台新AI優息動能,70,0,70
國泰台中,00830國泰費城半導體,135,72,63
國泰台中,華邦電,72,15,57
國泰台中,00858永豐美國500大,54,1,53
國泰台中,加百裕,136,85,51
國泰台中,力智,52,1,51
國泰台中,台聚,56,6,50
國泰台中,00664R國泰臺灣加權反1,52,2,50
國泰台中,00673R期元大S＆P原油反1,66,17,49
國泰台中,00632R元大台灣50反1,54,6,48
國泰台中,台新金,59,12,47
國泰台中,00679B元大美債20年,79,34,45
國泰台中,立敦,190,151,39
國泰台中,振發,35,1,34
國泰台中,事欣科,70,36,34
國泰台中,00933B國泰10Y+金融債,77,44,33
國泰台中,英業達,59,26,33
國泰台中,00633L富邦上証正2,38,6,32
國泰台中,00949復華日本龍頭,37,5,32
國泰台中,兆豐金,31,0,31
國泰台中,大成,30,0,30
國泰台中,00770國泰北美科技,37,11,26
國泰台中,英濟,92,67,25
國泰台中,南茂,45,20,25
國泰台中,飛捷,24,0,24
國泰台中,揚智,36,13,23
國泰台中,宏��,24,2,22
國泰台中,精成科,125,103,22
國泰台中,00650L復華香港正2,27,6,21
國泰台中,00942B台新美A公司債20+,22,1,21
國泰台中,中纖,21,0,21
國泰台中,昇陽半導體,42,22,20
國泰台中,凱基金,13,970,-957
國泰台中,00665L富邦�琤肭磪囓�2,746,1225,-479
國泰台中,00929復華台灣科技優息,16,446,-430
國泰台中,華航,26,362,-336
國泰台中,00940元大台灣價值高息,27,313,-286
國泰台中,擎亞,48,330,-282
國泰台中,00753L中信中國50正2,266,503,-237
國泰台中,陽明,32,243,-211
國泰台中,金寶,29,233,-204
國泰台中,00922國泰台灣領袖50,50,226,-176
國泰台中,力積電,161,321,-160
國泰台中,00715L期街口布蘭特正2,16,171,-155
國泰台中,00687B國泰20年美債,71,212,-141
國泰台中,00954中信日本半導體,1,137,-136
國泰台中,00939統一台灣高息動能,3,126,-123
國泰台中,台塑化,33,152,-119
國泰台中,欣銓,86,204,-118
國泰台中,006208富邦台50,46,163,-117
國泰台中,宏達電,538,650,-112
國泰台中,康舒,1,113,-112
國泰台中,神達,605,712,-107
國泰台中,台積電,37,139,-102
國泰台中,國泰金,42,120,-78
國泰台中,彰銀,0,77,-77
國泰台中,00946群益科技高息成長,0,75,-75
國泰台中,00923群益台ESG低碳50,6,79,-73
國泰台中,00941中信上游半導體,0,72,-72
國泰台中,長榮航,60,125,-65
國泰台中,友達,15,77,-62
國泰台中,00943兆豐電子高息等權,0,61,-61
國泰台中,正達,2,63,-61
國泰台中,00918大華優利高填息30,56,116,-60
國泰台中,台化,11,70,-59
國泰台中,台灣虎航,22,81,-59
國泰台中,00951台新日本半導體,3,61,-58
國泰台中,中鴻,48,105,-57
國泰台中,建暐,0,57,-57
國泰台中,群創,84,137,-53
國泰台中,華南金,1,54,-53
國泰台中,冠德,1,52,-51
國泰台中,興能高,984,1033,-49
國泰台中,00936台新永續高息中小,0,49,-49
國泰台中,日月光投控,32,80,-48
國泰台中,00905FT臺灣Smart,2,48,-46
國泰台中,00631L元大台灣50正2,11,55,-44
國泰台中,00670L富邦NASDAQ正2,4,48,-44
國泰台中,富威電力,0,43,-43
國泰台中,元大台灣50,24,66,-42
國泰台中,華城,9,50,-41
國泰台中,富邦金,5,46,-41
土　　銀,00632R元大台灣50反1,340,0,340
土　　銀,台泥,154,0,154
土　　銀,台塑,101,0,101
土　　銀,力積電,86,9,77
土　　銀,英業達,64,0,64
土　　銀,聯電,66,8,58
土　　銀,00637L元大滬深300正2,56,0,56
土　　銀,台灣高鐵,50,0,50
土　　銀,00937B群益ESG投等債20,49,1,48
土　　銀,大成鋼,32,0,32
土　　銀,00919群益台灣精選高息,32,2,30
土　　銀,宏達電,50,22,28
土　　銀,緯創,29,2,27
土　　銀,凱基金,26,1,25
土　　銀,00757統一FANG+,21,0,21
土　　銀,達邁,27,7,20
土　　銀,眾達-KY,24,8,16
土　　銀,元大寶滬深,15,0,15
土　　銀,00655L國泰中國A50正2,15,0,15
土　　銀,00665L富邦�琤肭磪囓�2,15,0,15
土　　銀,華通,16,3,13
土　　銀,力成,12,0,12
土　　銀,台揚,11,0,11
土　　銀,富喬,15,4,11
土　　銀,東陽,10,0,10
土　　銀,集盛,10,0,10
土　　銀,望隼,10,0,10
土　　銀,兆豐金,10,0,10
土　　銀,亞光,16,7,9
土　　銀,智原,10,2,8
土　　銀,緯穎,8,0,8
土　　銀,友達,11,3,8
土　　銀,廣明,8,0,8
土　　銀,國際中橡,7,0,7
土　　銀,英濟,11,4,7
土　　銀,聯合再生,7,0,7
土　　銀,華東,7,0,7
土　　銀,永豐金,6,0,6
土　　銀,00639富邦深100,6,0,6
土　　銀,豐興,6,0,6
土　　銀,豪勉,6,0,6
土　　銀,00924復華S＆P500成長,5,0,5
土　　銀,00945B凱基美國非投等債,5,0,5
土　　銀,00959B大華投等美債15Y+,5,0,5
土　　銀,台化,5,0,5
土　　銀,第一金,5,0,5
土　　銀,建漢,5,0,5
土　　銀,鑫創,5,0,5
土　　銀,新至陞,5,0,5
土　　銀,合庫金,5,0,5
土　　銀,彰銀,0,158,-158
土　　銀,00679B元大美債20年,1,70,-69
土　　銀,00931B統一美債20年,0,40,-40
土　　銀,00951台新日本半導體,0,37,-37
土　　銀,國泰金,1,32,-31
土　　銀,欣銓,4,35,-31
土　　銀,00687B國泰20年美債,1,31,-30
土　　銀,TPK-KY,0,30,-30
土　　銀,瑞儀,0,30,-30
土　　銀,元大金,1,30,-29
土　　銀,中鼎,0,29,-29
土　　銀,安集,1,22,-21
土　　銀,光寶科,1,18,-17
土　　銀,群創,2,16,-14
土　　銀,智易,0,12,-12
土　　銀,長科*,0,12,-12
土　　銀,泰金寶-DR,3,15,-12
土　　銀,大同,8,20,-12
土　　銀,00893國泰智能電動車,0,11,-11
土　　銀,矽統,0,11,-11
土　　銀,興能高,27,38,-11
土　　銀,00929復華台灣科技優息,0,10,-10
土　　銀,006205富邦上証,0,10,-10
土　　銀,00939統一台灣高息動能,0,10,-10
土　　銀,00954中信日本半導體,0,10,-10
土　　銀,連展投控,0,10,-10
土　　銀,德勝,0,10,-10
土　　銀,亞翔,4,13,-9
土　　銀,00830國泰費城半導體,6,15,-9
土　　銀,鴻海,10,18,-8
土　　銀,台積電,3,11,-8
土　　銀,順達,3,11,-8
土　　銀,00940元大台灣價值高息,0,8,-8
土　　銀,00941中信上游半導體,0,8,-8
土　　銀,燁輝,0,8,-8
土　　銀,中信金,0,8,-8
土　　銀,堤維西,0,7,-7
土　　銀,艾姆勒,0,7,-7
土　　銀,鴻準,10,17,-7
土　　銀,全新,4,11,-7
土　　銀,海華,9,16,-7
土　　銀,皇將,0,7,-7
土　　銀,富采,0,6,-6
土　　銀,00922國泰台灣領袖50,0,6,-6
土　　銀,00946群益科技高息成長,0,6,-6
土　　銀,宏致,1,7,-6
土　　銀,友輝,2,8,-6
土　　銀,華航,0,6,-6
土　　銀,台達電,0,5,-5
土　　銀,華城,1,6,-5
華南古亭,裕隆,154,9,145
華南古亭,慧洋-KY,105,0,105
華南古亭,新光金,84,11,73
華南古亭,00937B群益ESG投等債20,52,0,52
華南古亭,波若威,74,29,45
華南古亭,英業達,43,0,43
華南古亭,環宇-KY,67,25,42
華南古亭,聯電,41,10,31
華南古亭,00665L富邦�琤肭磪囓�2,25,0,25
華南古亭,濱川,24,2,22
華南古亭,台亞,22,0,22
華南古亭,佳能,29,7,22
華南古亭,00945B凱基美國非投等債,20,0,20
華南古亭,王品,18,0,18
華南古亭,驊訊,17,0,17
華南古亭,緯創,42,26,16
華南古亭,IKKA-KY,15,0,15
華南古亭,元大高股息,13,0,13
華南古亭,中鋼,15,3,12
華南古亭,金寶,12,0,12
華南古亭,宇環,12,0,12
華南古亭,全球傳動,12,0,12
華南古亭,易發,12,0,12
華南古亭,00687B國泰20年美債,11,0,11
華南古亭,遠百,11,0,11
華南古亭,力成,11,0,11
華南古亭,00946群益科技高息成長,10,0,10
華南古亭,冠軍,10,0,10
華南古亭,建通,10,0,10
華南古亭,矽瑪,10,0,10
華南古亭,嘉澤,10,0,10
華南古亭,興能高,36,26,10
華南古亭,新建,10,1,9
華南古亭,欣興,12,3,9
華南古亭,藥華藥,10,1,9
華南古亭,00632R元大台灣50反1,8,0,8
華南古亭,漢唐,8,0,8
華南古亭,陽明,10,2,8
華南古亭,保瑞,8,0,8
華南古亭,新應材,7,0,7
華南古亭,錸德,9,3,6
華南古亭,順達,10,4,6
華南古亭,陸海,6,0,6
華南古亭,南六,6,0,6
華南古亭,00830國泰費城半導體,5,0,5
華南古亭,00882中信中國高股息,5,0,5
華南古亭,00918大華優利高填息30,5,0,5
華南古亭,00857B永豐20年美公債,5,0,5
華南古亭,統一,5,0,5
華南古亭,00642U期元大S＆P石油,5,0,5
華南古亭,00929復華台灣科技優息,0,210,-210
華南古亭,恆大,0,171,-171
華南古亭,榮剛,3,153,-150
華南古亭,萬泰科,0,43,-43
華南古亭,和碩,0,38,-38
華南古亭,欣銓,1,34,-33
華南古亭,華星光,9,37,-28
華南古亭,神達,37,63,-26
華南古亭,廣達,1,23,-22
華南古亭,國泰金,0,22,-22
華南古亭,倍微,0,22,-22
華南古亭,新漢,0,22,-22
華南古亭,00679B元大美債20年,0,20,-20
華南古亭,富邦金,0,17,-17
華南古亭,東元,0,17,-17
華南古亭,00922國泰台灣領袖50,0,16,-16
華南古亭,00715L期街口布蘭特正2,0,16,-16
華南古亭,華南金,0,15,-15
華南古亭,00924復華S＆P500成長,5,20,-15
華南古亭,耿鼎,0,14,-14
華南古亭,廣宇,0,14,-14
華南古亭,振樺電,14,28,-14
華南古亭,元大台灣50,0,14,-14
華南古亭,長興,2,15,-13
華南古亭,南港,0,12,-12
華南古亭,立端,1,13,-12
華南古亭,00919群益台灣精選高息,10,21,-11
華南古亭,新日興,1,12,-11
華南古亭,00940元大台灣價值高息,4,15,-11
華南古亭,友訊,9,20,-11
華南古亭,乙盛-KY,3,14,-11
華南古亭,台達化,0,11,-11
華南古亭,宏達電,6,16,-10
華南古亭,聯發科,2,12,-10
華南古亭,00720B元大投資級公司債,0,10,-10
華南古亭,00941中信上游半導體,0,10,-10
華南古亭,00971野村美國研發龍頭,0,10,-10
華南古亭,永光,0,10,-10
華南古亭,皇昌,4,14,-10
華南古亭,愛普*,0,10,-10
華南古亭,00909國泰數位支付服務,1,10,-9
華南古亭,元大金,1,10,-9
華南古亭,智原,2,11,-9
華南古亭,大成鋼,4,12,-8
華南古亭,友達,2,10,-8
華南古亭,達邁,21,28,-7
華南古亭,中鴻,0,7,-7
華南古亭,瑞軒,0,7,-7
華南古亭,聯鈞,14,21,-7
華南古亭,前鼎,0,7,-7
華南竹北,00937B群益ESG投等債20,95,0,95
華南竹北,00679B元大美債20年,68,1,67
華南竹北,00967B元大優息美債,83,20,63
華南竹北,富威電力,54,2,52
華南竹北,永豐金,50,0,50
華南竹北,00940元大台灣價值高息,102,56,46
華南竹北,聯電,46,1,45
華南竹北,久昌,40,5,35
華南竹北,前鼎,34,3,31
華南竹北,00903富邦元宇宙,20,0,20
華南竹北,00687B國泰20年美債,15,0,15
華南竹北,凱美,31,17,14
華南竹北,台積電,21,8,13
華南竹北,南茂,12,1,11
華南竹北,兆豐金,11,0,11
華南竹北,大銀微系統,32,21,11
華南竹北,昆盈,12,1,11
華南竹北,晟銘電,12,1,11
華南竹北,玉山金,10,0,10
華南竹北,康霈*,10,1,9
華南竹北,宏達電,85,76,9
華南竹北,00882中信中國高股息,8,1,7
華南竹北,00795B中信美國公債20年,7,0,7
華南竹北,譁裕,7,0,7
華南竹北,華城,9,2,7
華南竹北,聯華,7,0,7
華南竹北,富喬,32,26,6
華南竹北,00960野村全球航運龍頭,6,0,6
華南竹北,海華,9,3,6
華南竹北,晟德,6,0,6
華南竹北,英業達,16,11,5
華南竹北,合正,5,0,5
華南竹北,興勤,5,0,5
華南竹北,三商壽,5,0,5
華南竹北,萬泰科,5,0,5
華南竹北,00878國泰永續高股息,10,5,5
華南竹北,合騏,5,1,4
華南竹北,006208富邦台50,5,0,5
華南竹北,聯鈞,32,28,4
華南竹北,恆大,4,0,4
華南竹北,晶技,4,0,4
華南竹北,波若威,23,19,4
華南竹北,百和,4,0,4
華南竹北,00713元大台灣高息低波,3,0,3
華南竹北,欣興,4,1,3
華南竹北,志超,3,0,3
華南竹北,00966B統一ESG投等債15,3,0,3
華南竹北,中鴻,3,0,3
華南竹北,太子,3,0,3
華南竹北,中工,3,0,3
華南竹北,00637L元大滬深300正2,5,160,-155
華南竹北,00673R期元大S＆P原油反1,0,125,-125
華南竹北,00666R富邦�琤肭磪齯�1,0,100,-100
華南竹北,新華,0,60,-60
華南竹北,台特化,0,53,-53
華南竹北,聯昌,0,43,-43
華南竹北,均豪,0,30,-30
華南竹北,力積電,29,53,-24
華南竹北,中租-KY,0,23,-23
華南竹北,及成,0,21,-21
華南竹北,維田,0,20,-20
華南竹北,00929復華台灣科技優息,0,17,-17
華南竹北,金寶,7,22,-15
華南竹北,中鋼,1,16,-15
華南竹北,順達,14,27,-13
華南竹北,00939統一台灣高息動能,0,12,-12
華南竹北,華南金,4,16,-12
華南竹北,神達,58,70,-12
華南竹北,中石化,0,11,-11
華南竹北,LINEPAY,1,11,-10
華南竹北,00962台新AI優息動能,0,10,-10
華南竹北,濱川,3,13,-10
華南竹北,佳能,1,11,-10
華南竹北,能率,0,10,-10
華南竹北,宏致,11,19,-8
華南竹北,新盛力,92,100,-8
華南竹北,00830國泰費城半導體,0,8,-8
華南竹北,00971野村美國研發龍頭,3,10,-7
華南竹北,安國,0,7,-7
華南竹北,泰金寶-DR,20,26,-6
華南竹北,00675L富邦臺灣加權正2,0,6,-6
華南竹北,臻鼎-KY,0,6,-6
華南竹北,中美晶,0,6,-6
華南竹北,聯發科,0,5,-5
華南竹北,富邦科技,0,5,-5
華南竹北,00646元大S＆P500,0,5,-5
華南竹北,盟立,2,7,-5
華南竹北,遠東銀,0,5,-5
華南竹北,利勤,0,5,-5
華南竹北,尚凡*,0,5,-5
華南竹北,創威,0,5,-5
華南竹北,長佳智能,0,5,-5
華南竹北,榮群,0,5,-5
華南竹北,00757統一FANG+,0,5,-5
華南竹北,00900富邦特選高股息30,2,6,-4
華南竹北,毛寶,1,5,-4
華南竹北,敬鵬,0,4,-4
華南竹北,圓剛,4,8,-4
華南竹北,金雨,0,4,-4
華南竹北,創惟,0,4,-4
美好苗栗,00885富邦越南,130,0,130
美好苗栗,00881國泰台灣5G+,80,1,79
美好苗栗,00915凱基優選高股息30,60,0,60
美好苗栗,大成鋼,55,0,55
美好苗栗,聯電,53,0,53
美好苗栗,慧洋-KY,30,0,30
美好苗栗,伊雲谷,30,0,30
美好苗栗,第一銅,28,0,28
美好苗栗,GIS-KY,24,0,24
美好苗栗,力積電,31,7,24
美好苗栗,兆豐金,22,0,22
美好苗栗,裕民,20,0,20
美好苗栗,慧友,20,0,20
美好苗栗,00858永豐美國500大,18,0,18
美好苗栗,00919群益台灣精選高息,18,2,16
美好苗栗,健亞,16,0,16
美好苗栗,力新,14,0,14
美好苗栗,金寶,14,1,13
美好苗栗,00712復華富時不動產,12,0,12
美好苗栗,2882A國泰特,12,0,12
美好苗栗,鴻海,14,3,11
美好苗栗,00637L元大滬深300正2,11,1,10
美好苗栗,台船,10,0,10
美好苗栗,東浦,10,0,10
美好苗栗,鈺創,10,0,10
美好苗栗,青雲,10,0,10
美好苗栗,泰金寶-DR,12,2,10
美好苗栗,英業達,11,2,9
美好苗栗,宏��,8,0,8
美好苗栗,台塑,7,0,7
美好苗栗,朋億*,15,8,7
美好苗栗,富喬,14,7,7
美好苗栗,宏齊,7,1,6
美好苗栗,羅昇,6,0,6
美好苗栗,宏達電,7,1,6
美好苗栗,00967B元大優息美債,5,0,5
美好苗栗,萬海,5,0,5
美好苗栗,榮創,5,0,5
美好苗栗,大銀微系統,5,0,5
美好苗栗,創威,5,0,5
美好苗栗,00878國泰永續高股息,4,0,4
美好苗栗,昇銳,6,2,4
美好苗栗,漢唐,3,0,3
美好苗栗,中興電,4,1,3
美好苗栗,00650L復華香港正2,3,0,3
美好苗栗,驊訊,3,0,3
美好苗栗,能率網通,3,0,3
美好苗栗,群創,10,7,3
美好苗栗,聯鈞,4,2,2
美好苗栗,中租-KY,2,0,2
美好苗栗,00930永豐ESG低碳高息,0,78,-78
美好苗栗,00937B群益ESG投等債20,0,65,-65
美好苗栗,裕融,0,35,-35
美好苗栗,00715L期街口布蘭特正2,0,30,-30
美好苗栗,宏致,0,30,-30
美好苗栗,新光金,0,21,-21
美好苗栗,建漢,0,19,-19
美好苗栗,006208富邦台50,0,11,-11
美好苗栗,西勝,0,10,-10
美好苗栗,台泥,1,10,-9
美好苗栗,中鋼,5,12,-7
美好苗栗,國泰金,1,8,-7
美好苗栗,光寶科,0,6,-6
美好苗栗,亞光,4,10,-6
美好苗栗,00940元大台灣價值高息,1,6,-5
美好苗栗,光洋科,0,5,-5
美好苗栗,南帝,0,5,-5
美好苗栗,友達,0,5,-5
美好苗栗,台中銀,0,5,-5
美好苗栗,欣銓,0,5,-5
美好苗栗,大洋-KY,0,5,-5
美好苗栗,匯僑設計,0,5,-5
美好苗栗,寶成,0,5,-5
美好苗栗,00757統一FANG+,0,4,-4
美好苗栗,聯昌,0,4,-4
美好苗栗,富邦金,1,5,-4
美好苗栗,蔚華科,0,4,-4
美好苗栗,加百裕,0,4,-4
美好苗栗,展達,0,4,-4
美好苗栗,華星光,2,5,-3
美好苗栗,長榮航,0,3,-3
美好苗栗,華南金,0,3,-3
美好苗栗,興能高,6,9,-3
美好苗栗,新漢,0,3,-3
美好苗栗,亞翔,1,4,-3
美好苗栗,陽明,2,4,-2
美好苗栗,奇鋐,0,2,-2
美好苗栗,遠東新,0,2,-2
美好苗栗,大成,0,2,-2
美好苗栗,00631L元大台灣50正2,0,2,-2
美好苗栗,台光電,0,2,-2
美好苗栗,映泰,0,2,-2
美好苗栗,亞航,0,2,-2
美好苗栗,漢翔,0,2,-2
美好苗栗,健鼎,0,2,-2
美好苗栗,華晶科,0,2,-2
美好苗栗,僑威,0,2,-2
美好苗栗,正達,0,2,-2
美好苗栗,順達,0,2,-2
美好苗栗,緯創,2,4,-2
 元大屏南,00918大華優利高填息30,214,3,211
 元大屏南,00676R富邦臺灣加權反1,154,0,154
 元大屏南,聯電,134,5,129
 元大屏南,星宇航空,70,4,66
 元大屏南,00919群益台灣精選高息,50,0,50
 元大屏南,00671R富邦NASDAQ反1,50,0,50
 元大屏南,英業達,36,2,34
 元大屏南,力積電,93,61,32
 元大屏南,00878國泰永續高股息,36,6,30
 元大屏南,新盛力,73,46,27
 元大屏南,緯創,37,12,25
 元大屏南,中興電,27,2,25
 元大屏南,擎亞,24,2,22
 元大屏南,華邦電,22,2,20
 元大屏南,錸德,19,0,19
 元大屏南,鈺創,19,0,19
 元大屏南,松上,18,0,18
 元大屏南,00937B群益ESG投等債20,18,1,17
 元大屏南,邁達特,17,1,16
 元大屏南,00715L期街口布蘭特正2,15,0,15
 元大屏南,金麗-KY,15,0,15
 元大屏南,泰金寶-DR,15,0,15
 元大屏南,台泥,17,2,15
 元大屏南,中鋼,22,7,15
 元大屏南,00915凱基優選高股息30,14,0,14
 元大屏南,台榮,14,0,14
 元大屏南,斐成,14,0,14
 元大屏南,00637L元大滬深300正2,13,0,13
 元大屏南,00960野村全球航運龍頭,13,0,13
 元大屏南,南茂,19,6,13
 元大屏南,達邁,37,25,12
 元大屏南,台灣虎航,12,0,12
 元大屏南,中信金,21,10,11
 元大屏南,潤泰新,10,0,10
 元大屏南,永豐金,10,0,10
 元大屏南,統一超,10,0,10
 元大屏南,如興,10,0,10
 元大屏南,三晃,9,0,9
 元大屏南,騰輝電子-KY,24,15,9
 元大屏南,圓剛,10,1,9
 元大屏南,廣運,8,0,8
 元大屏南,驊訊,8,0,8
 元大屏南,定穎投控,8,1,7
 元大屏南,合庫金,7,0,7
 元大屏南,南亞,6,0,6
 元大屏南,三商,6,0,6
 元大屏南,TPK-KY,6,0,6
 元大屏南,鴻準,14,8,6
 元大屏南,宏��,5,0,5
 元大屏南,00687B國泰20年美債,5,0,5
 元大屏南,00940元大台灣價值高息,2,112,-110
 元大屏南,00965元大航太防衛科技,0,44,-44
 元大屏南,臺企銀,10,46,-36
 元大屏南,00929復華台灣科技優息,1,36,-35
 元大屏南,佳能,10,43,-33
 元大屏南,00922國泰台灣領袖50,0,31,-31
 元大屏南,00952凱基台灣AI50,0,30,-30
 元大屏南,00673R期元大S＆P原油反1,0,25,-25
 元大屏南,瑞智,0,25,-25
 元大屏南,綠界科技*,2,26,-24
 元大屏南,新光金,0,22,-22
 元大屏南,00917中信特選金融,0,21,-21
 元大屏南,恆大,6,27,-21
 元大屏南,華航,1,22,-21
 元大屏南,00934中信成長高股息,0,20,-20
 元大屏南,00951台新日本半導體,1,21,-20
 元大屏南,昆盈,3,23,-20
 元大屏南,00888永豐台灣ESG,0,18,-18
 元大屏南,加捷生醫,0,17,-17
 元大屏南,台積電,6,23,-17
 元大屏南,大同,1,16,-15
 元大屏南,神達,69,83,-14
 元大屏南,00650L復華香港正2,0,10,-10
 元大屏南,盛餘,0,10,-10
 元大屏南,燿華,5,15,-10
 元大屏南,連展投控,4,14,-10
 元大屏南,南仁湖,0,10,-10
 元大屏南,興能高,151,161,-10
 元大屏南,彰銀,1,10,-9
 元大屏南,凱基金,1,10,-9
 元大屏南,康那香,5,14,-9
 元大屏南,大成鋼,2,11,-9
 元大屏南,榮創,0,8,-8
 元大屏南,宏達電,55,63,-8
 元大屏南,00959B大華投等美債15Y+,2,10,-8
 元大屏南,松瑞藥,0,7,-7
 元大屏南,良維,0,7,-7
 元大屏南,長榮航,3,10,-7
 元大屏南,元大台灣50,1,7,-6
 元大屏南,富喬,16,22,-6
 元大屏南,友訊,11,17,-6
 元大屏南,友達,23,29,-6
 元大屏南,波若威,10,16,-6
 元大屏南,達興材料,0,6,-6
 元大屏南,00887永豐中國科技50大,0,5,-5
 元大屏南,00893國泰智能電動車,0,5,-5
 元大屏南,海光,4,9,-5
 元大屏南,昇貿,0,5,-5
 元大屏南,富采,1,6,-5
 元大屏南,南電,5,10,-5
群益台南,太普高,281,0,281
群益台南,大成鋼,80,0,80
群益台南,聯電,48,11,37
群益台南,00878國泰永續高股息,28,4,24
群益台南,松瑞藥,20,0,20
群益台南,漢翔,20,1,19
群益台南,上曜,15,0,15
群益台南,2888B新光金乙特,15,0,15
群益台南,廣達,11,0,11
群益台南,力積電,18,7,11
群益台南,泰金寶-DR,26,15,11
群益台南,00680L元大美債20正2,10,0,10
群益台南,聯上發,10,0,10
群益台南,工信,10,0,10
群益台南,緯創,15,6,9
群益台南,玉晶光,8,0,8
群益台南,00881國泰台灣5G+,8,0,8
群益台南,2888A新光金甲特,8,0,8
群益台南,海華,8,0,8
群益台南,陽明,12,4,8
群益台南,宏��,7,0,7
群益台南,磐儀,7,0,7
群益台南,訊達,7,0,7
群益台南,牧德,7,0,7
群益台南,00753L中信中國50正2,6,0,6
群益台南,三商壽,10,5,5
群益台南,聯光通,23,18,5
群益台南,AES-KY,5,0,5
群益台南,欣興,5,1,4
群益台南,鴻海,8,4,4
群益台南,佳能,11,7,4
群益台南,濟生,4,0,4
群益台南,百和興業-KY,4,0,4
群益台南,大銀微系統,4,0,4
群益台南,環宇-KY,6,3,3
群益台南,雷虎,6,3,3
群益台南,萬潤,3,0,3
群益台南,京元電子,3,0,3
群益台南,精成科,7,5,2
群益台南,廣明,2,0,2
群益台南,00679B元大美債20年,4,2,2
群益台南,00830國泰費城半導體,4,2,2
群益台南,台泥,2,0,2
群益台南,伸興,2,0,2
群益台南,凱美,8,6,2
群益台南,IET-KY,3,1,2
群益台南,佳邦,2,0,2
群益台南,良維,2,0,2
群益台南,台塑化,2,0,2
群益台南,展�眥篕�,2,0,2
群益台南,00959B大華投等美債15Y+,0,1000,-1000
群益台南,00637L元大滬深300正2,35,146,-111
群益台南,北基,0,105,-105
群益台南,00687B國泰20年美債,0,100,-100
群益台南,00970B新光BBB投等債20,0,95,-95
群益台南,00665L富邦�琤肭磪囓�2,30,120,-90
群益台南,聯發,0,60,-60
群益台南,龍邦,0,55,-55
群益台南,00980B台新特選IG債10+,0,48,-48
群益台南,00929復華台灣科技優息,0,39,-39
群益台南,富邦金,0,37,-37
群益台南,興能高,48,81,-33
群益台南,合機,0,30,-30
群益台南,凌巨,0,30,-30
群益台南,00712復華富時不動產,0,25,-25
群益台南,宏達電,13,35,-22
群益台南,凱基金,0,22,-22
群益台南,佰鴻,0,20,-20
群益台南,南紡,0,17,-17
群益台南,連展投控,0,16,-16
群益台南,鏵友益,1,15,-14
群益台南,神達,16,30,-14
群益台南,順達,2,14,-12
群益台南,長榮,1,13,-12
群益台南,00918大華優利高填息30,2,14,-12
群益台南,00946群益科技高息成長,0,11,-11
群益台南,新光金,10,21,-11
群益台南,00939統一台灣高息動能,0,10,-10
群益台南,00715L期街口布蘭特正2,0,10,-10
群益台南,00673R期元大S＆P原油反1,0,10,-10
群益台南,台船,0,10,-10
群益台南,建錩,0,10,-10
群益台南,台達電,0,9,-9
群益台南,台新金,1,10,-9
群益台南,00971野村美國研發龍頭,2,10,-8
群益台南,楠梓電,0,8,-8
群益台南,群創,0,8,-8
群益台南,元大高股息,1,8,-7
群益台南,00937B群益ESG投等債20,1,7,-6
群益台南,立積,0,6,-6
群益台南,和椿,6,12,-6
群益台南,大同,1,7,-6
群益台南,英業達,0,6,-6
群益台南,元大台灣50,0,5,-5
群益台南,00887永豐中國科技50大,0,5,-5
群益台南,遠東新,0,5,-5
群益台南,春源,0,5,-5
群益台南,友達,0,5,-5
群益台南,東隆興,0,5,-5
群益台南,91APP*-KY,0,5,-5
合庫自強,00882中信中國高股息,1003,0,1003
合庫自強,00655L國泰中國A50正2,105,1,104
合庫自強,聯電,88,8,80
合庫自強,元大高股息,79,10,69
合庫自強,00637L元大滬深300正2,66,6,60
合庫自強,00953B群益優選非投等債,51,0,51
合庫自強,006206元大上證50,50,0,50
合庫自強,00665L富邦�琤肭磪囓�2,45,0,45
合庫自強,事欣科,50,5,45
合庫自強,00631L元大台灣50正2,41,0,41
合庫自強,宏達電,163,129,34
合庫自強,昇陽半導體,32,2,30
合庫自強,新興,30,0,30
合庫自強,00671R富邦NASDAQ反1,30,0,30
合庫自強,迅得,31,2,29
合庫自強,英業達,31,2,29
合庫自強,00757統一FANG+,30,1,29
合庫自強,緯創,40,12,28
合庫自強,00937B群益ESG投等債20,38,10,28
合庫自強,00918大華優利高填息30,27,0,27
合庫自強,00680L元大美債20正2,24,0,24
合庫自強,慧洋-KY,23,0,23
合庫自強,緯軟,22,0,22
合庫自強,00858永豐美國500大,22,1,21
合庫自強,00753L中信中國50正2,20,0,20
合庫自強,00664R國泰臺灣加權反1,29,11,18
合庫自強,大成鋼,19,2,17
合庫自強,達邁,34,18,16
合庫自強,定穎投控,25,13,12
合庫自強,00919群益台灣精選高息,12,0,12
合庫自強,00881國泰台灣5G+,11,1,10
合庫自強,00830國泰費城半導體,13,3,10
合庫自強,00641R富邦日本反1,10,0,10
合庫自強,旺宏,10,0,10
合庫自強,瀚荃,10,0,10
合庫自強,00949復華日本龍頭,10,0,10
合庫自強,立��,11,1,10
合庫自強,光環,10,1,9
合庫自強,00971野村美國研發龍頭,9,0,9
合庫自強,00922國泰台灣領袖50,10,1,9
合庫自強,合庫金,12,3,9
合庫自強,高鋒,10,1,9
合庫自強,00910第一金太空衛星,10,2,8
合庫自強,中工,13,5,8
合庫自強,凱美,10,3,7
合庫自強,安勤,7,0,7
合庫自強,00687B國泰20年美債,18,11,7
合庫自強,大銀微系統,9,3,6
合庫自強,泰金寶-DR,7,1,6
合庫自強,中化生,6,0,6
合庫自強,神達,64,249,-185
合庫自強,00673R期元大S＆P原油反1,0,110,-110
合庫自強,力積電,15,111,-96
合庫自強,00940元大台灣價值高息,2,93,-91
合庫自強,元大金,2,71,-69
合庫自強,榮剛,0,60,-60
合庫自強,凱基金,0,59,-59
合庫自強,矽格,0,57,-57
合庫自強,台塑,16,68,-52
合庫自強,彰銀,0,38,-38
合庫自強,浪凡,0,30,-30
合庫自強,友達,0,29,-29
合庫自強,00929復華台灣科技優息,3,32,-29
合庫自強,第一金,3,30,-27
合庫自強,群創,4,31,-27
合庫自強,遠東銀,0,25,-25
合庫自強,光聖,0,24,-24
合庫自強,亞翔,2,23,-21
合庫自強,新日興,5,25,-20
合庫自強,京元電子,3,23,-20
合庫自強,和碩,0,19,-19
合庫自強,聯合再生,1,20,-19
合庫自強,連展投控,0,18,-18
合庫自強,00941中信上游半導體,0,18,-18
合庫自強,00939統一台灣高息動能,0,16,-16
合庫自強,和椿,13,29,-16
合庫自強,華邦電,0,14,-14
合庫自強,萬潤,9,23,-14
合庫自強,訊芯-KY,1,13,-12
合庫自強,台揚,0,12,-12
合庫自強,006208富邦台50,8,19,-11
合庫自強,中信金,0,11,-11
合庫自強,奇鋐,1,11,-10
合庫自強,裕民,0,10,-10
合庫自強,信義,0,10,-10
合庫自強,富喬,2,12,-10
合庫自強,西勝,0,10,-10
合庫自強,華建,0,10,-10
合庫自強,00923群益台ESG低碳50,0,10,-10
合庫自強,00692富邦公司治理,0,10,-10
合庫自強,00878國泰永續高股息,15,25,-10
合庫自強,國泰金,14,23,-9
合庫自強,智通*,0,9,-9
合庫自強,統一實,1,10,-9
合庫自強,昆盈,10,19,-9
合庫自強,鴻海,5,14,-9
合庫自強,加高,0,8,-8
合庫自強,鴻準,0,8,-8
合庫自強,承啟,0,8,-8
合庫自強,朋億*,2,10,-8
富邦新竹,聯電,398,48,350
富邦新竹,力積電,544,321,223
富邦新竹,虹冠電,150,0,150
富邦新竹,00664R國泰臺灣加權反1,131,2,129
富邦新竹,00937B群益ESG投等債20,138,32,106
富邦新竹,威剛,104,2,102
富邦新竹,00686R群益臺灣加權反1,101,0,101
富邦新竹,00919群益台灣精選高息,179,113,66
富邦新竹,00637L元大滬深300正2,71,7,64
富邦新竹,00918大華優利高填息30,65,5,60
富邦新竹,00676R富邦臺灣加權反1,55,0,55
富邦新竹,00680L元大美債20正2,63,8,55
富邦新竹,00688L國泰20年美債正2,57,3,54
富邦新竹,世界,58,5,53
富邦新竹,華航,89,44,45
富邦新竹,00753L中信中國50正2,56,11,45
富邦新竹,00687B國泰20年美債,54,12,42
富邦新竹,00971野村美國研發龍頭,53,13,40
富邦新竹,富野,38,0,38
富邦新竹,技嘉,42,6,36
富邦新竹,欣興,68,32,36
富邦新竹,聯鈞,87,51,36
富邦新竹,英濟,73,40,33
富邦新竹,宏��,33,0,33
富邦新竹,00953B群益優選非投等債,32,0,32
富邦新竹,興能高,107,75,32
富邦新竹,00959B大華投等美債15Y+,30,0,30
富邦新竹,00761B國泰A級公司債,30,0,30
富邦新竹,00706L期元大S＆P日圓正2,30,0,30
富邦新竹,中鋼,56,27,29
富邦新竹,00878國泰永續高股息,94,65,29
富邦新竹,00910第一金太空衛星,34,7,27
富邦新竹,00633L富邦上証正2,109,82,27
富邦新竹,京元電子,60,33,27
富邦新竹,日電貿,79,53,26
富邦新竹,聯亞,28,2,26
富邦新竹,緯創,114,88,26
富邦新竹,和碩,25,1,24
富邦新竹,玉山金,27,3,24
富邦新竹,宏齊,23,0,23
富邦新竹,00915凱基優選高股息30,24,2,22
富邦新竹,久昌,22,0,22
富邦新竹,憶聲,22,0,22
富邦新竹,達麗,22,0,22
富邦新竹,松瑞藥,21,0,21
富邦新竹,力成,22,2,20
富邦新竹,佳和,19,0,19
富邦新竹,采鈺,22,4,18
富邦新竹,00903富邦元宇宙,20,2,18
富邦新竹,中石化,20,2,18
富邦新竹,長榮航,55,1481,-1426
富邦新竹,00980B台新特選IG債10+,0,566,-566
富邦新竹,00929復華台灣科技優息,11,360,-349
富邦新竹,00632R元大台灣50反1,12,310,-298
富邦新竹,新纖,0,202,-202
富邦新竹,00949復華日本龍頭,1,158,-157
富邦新竹,友達,25,176,-151
富邦新竹,鴻海,37,182,-145
富邦新竹,三商壽,1,130,-129
富邦新竹,群創,18,117,-99
富邦新竹,00965元大航太防衛科技,6,105,-99
富邦新竹,00715L期街口布蘭特正2,30,113,-83
富邦新竹,凱基金,14,92,-78
富邦新竹,006208富邦台50,16,88,-72
富邦新竹,宏致,6,71,-65
富邦新竹,鈺創,0,60,-60
富邦新竹,00948B中信優息投資級債,1,60,-59
富邦新竹,宏達電,60,115,-55
富邦新竹,台積電,41,95,-54
富邦新竹,中信金,11,62,-51
富邦新竹,00900富邦特選高股息30,8,56,-48
富邦新竹,鴻準,2,49,-47
富邦新竹,泰金寶-DR,6,52,-46
富邦新竹,遠東新,0,42,-42
富邦新竹,00877復華中國5G,0,42,-42
富邦新竹,英業達,19,59,-40
富邦新竹,得力,0,37,-37
富邦新竹,眾達-KY,74,111,-37
富邦新竹,富邦金,12,49,-37
富邦新竹,彩晶,0,36,-36
富邦新竹,華南金,3,38,-35
富邦新竹,00772B中信高評級公司債,0,35,-35
富邦新竹,星宇航空,13,48,-35
富邦新竹,聯發科,3,38,-35
富邦新竹,元大高股息,71,105,-34
富邦新竹,00924復華S＆P500成長,3,36,-33
富邦新竹,00887永豐中國科技50大,10,40,-30
富邦新竹,台玻,23,53,-30
富邦新竹,奇鋐,9,39,-30
富邦新竹,日月光投控,7,37,-30
富邦新竹,旭源,0,29,-29
富邦新竹,00940元大台灣價值高息,7,36,-29
富邦新竹,00631L元大台灣50正2,2,30,-28
富邦新竹,友訊,12,39,-27
富邦新竹,順達,13,40,-27
富邦新竹,00934中信成長高股息,0,27,-27
富邦新竹,金寶,31,58,-27
富邦新竹,台榮,0,26,-26
富邦新竹,台灣虎航,12,38,-26
富邦新竹,海光,4,30,-26
台    新,00980B台新特選IG債10+,4019,2124,1895
台    新,神達,2564,855,1709
台    新,00942B台新美A公司債20+,1149,52,1097
台    新,聯電,1147,295,852
台    新,01010T京城樂富R1,801,0,801
台    新,台新金,663,77,586
台    新,00931B統一美債20年,584,0,584
台    新,00706L期元大S＆P日圓正2,575,8,567
台    新,光寶科,505,31,474
台    新,00795B中信美國公債20年,432,5,427
台    新,台燿,381,4,377
台    新,三一東林,300,0,300
台    新,00939統一台灣高息動能,267,1,266
台    新,00665L富邦�琤肭磪囓�2,357,96,261
台    新,00936台新永續高息中小,344,90,254
台    新,00673R期元大S＆P原油反1,362,108,254
台    新,台塑,335,127,208
台    新,第一保,197,0,197
台    新,鴻海,538,346,192
台    新,宏全,180,1,179
台    新,元大高股息,339,178,161
台    新,00680L元大美債20正2,284,128,156
台    新,得力,144,2,142
台    新,高雄銀,344,208,136
台    新,欣銓,429,296,133
台    新,00679B元大美債20年,204,72,132
台    新,大世科,129,0,129
台    新,00712復華富時不動產,214,86,128
台    新,00717富邦美國特別股,121,0,121
台    新,00953B群益優選非投等債,124,11,113
台    新,欣興,168,62,106
台    新,00945B凱基美國非投等債,103,1,102
台    新,00915凱基優選高股息30,174,73,101
台    新,世芯-KY,116,14,102
台    新,僑威,280,182,98
台    新,日月光投控,148,53,95
台    新,友達,157,62,95
台    新,00887永豐中國科技50大,100,8,92
台    新,00858永豐美國500大,92,0,92
台    新,00633L富邦上証正2,113,25,88
台    新,聯鈞,611,524,87
台    新,聯發科,159,86,73
台    新,00919群益台灣精選高息,275,202,73
台    新,00666R富邦�琤肭磪齯�1,72,0,72
台    新,明基材,79,7,72
台    新,世界,75,5,70
台    新,廣達,152,83,69
台    新,新產,70,1,69
台    新,00924復華S＆P500成長,92,25,67
台    新,宏齊,84,21,63
台    新,00715L期街口布蘭特正2,101,2459,-2358
台    新,00968B元大優息投等債,40,1200,-1160
台    新,新光金,75,1132,-1057
台    新,00937B群益ESG投等債20,621,1281,-660
台    新,00933B國泰10Y+金融債,25,641,-616
台    新,台灣虎航,38,618,-580
台    新,泰金寶-DR,164,709,-545
台    新,00642U期元大S＆P石油,1,503,-502
台    新,00878國泰永續高股息,265,726,-461
台    新,00929復華台灣科技優息,376,742,-366
台    新,00940元大台灣價值高息,28,341,-313
台    新,00632R元大台灣50反1,36,330,-294
台    新,擎亞,292,535,-243
台    新,凱基金,28,250,-222
台    新,達興材料,11,214,-203
台    新,台達電,32,223,-191
台    新,00951台新日本半導體,9,175,-166
台    新,和椿,187,345,-158
台    新,00746B富邦A級公司債,60,217,-157
台    新,百和,3,158,-155
台    新,台積電,245,396,-151
台    新,富威電力,4,154,-150
台    新,臺企銀,14,162,-148
台    新,00965元大航太防衛科技,1,147,-146
台    新,環球晶,8,146,-138
台    新,瀚宇博,1,137,-136
台    新,廣明,19,153,-134
台    新,00631L元大台灣50正2,29,160,-131
台    新,00918大華優利高填息30,110,233,-123
台    新,富邦金,100,223,-123
台    新,華航,53,173,-120
台    新,富喬,194,312,-118
台    新,聯詠,15,133,-118
台    新,長榮航,92,209,-117
台    新,力積電,222,333,-111
台    新,創惟,67,177,-110
台    新,緯創,261,369,-108
台    新,00639富邦深100,0,100,-100
台    新,00675L富邦臺灣加權正2,25,124,-99
台    新,益登,1,100,-99
台    新,南亞,2,100,-98
台    新,中信金,12,109,-97
台    新,晟銘電,26,121,-95
台    新,鴻準,38,132,-94
台    新,亞光,83,174,-91
台    新,00972野村日本動能高息,9,96,-87
台    新,技嘉,20,105,-85
台    新,永豐金,48,132,-84
台    新,00713元大台灣高息低波,58,138,-80
台    新,00930永豐ESG低碳高息,1,79,-78
 元富世貿,神達,776,130,646
 元富世貿,三商壽,620,0,620
 元富世貿,大同,103,7,96
 元富世貿,00953B群益優選非投等債,53,0,53
 元富世貿,聯電,66,14,52
 元富世貿,系統電,40,1,39
 元富世貿,宏齊,33,0,33
 元富世貿,迅得,34,3,31
 元富世貿,金麗-KY,30,0,30
 元富世貿,農林,20,0,20
 元富世貿,錸德,20,1,19
 元富世貿,順達,32,14,18
 元富世貿,00720B元大投資級公司債,15,0,15
 元富世貿,能率,16,1,15
 元富世貿,00632R元大台灣50反1,35,21,14
 元富世貿,聯光通,43,29,14
 元富世貿,昇陽半導體,15,1,14
 元富世貿,新日興,24,10,14
 元富世貿,富邦金,20,7,13
 元富世貿,興能高,177,164,13
 元富世貿,兆豐金,11,0,11
 元富世貿,00687B國泰20年美債,11,0,11
 元富世貿,建達,16,5,11
 元富世貿,佳必琪,11,0,11
 元富世貿,泰金寶-DR,16,6,10
 元富世貿,00948B中信優息投資級債,10,0,10
 元富世貿,鉅祥,10,0,10
 元富世貿,高技,11,1,10
 元富世貿,元大台灣50,14,5,9
 元富世貿,立��,17,8,9
 元富世貿,富喬,11,3,8
 元富世貿,欣興,19,11,8
 元富世貿,連展投控,9,1,8
 元富世貿,00858永豐美國500大,7,0,7
 元富世貿,波若威,43,36,7
 元富世貿,00891中信關鍵半導體,7,0,7
 元富世貿,技嘉,6,0,6
 元富世貿,宏��,6,0,6
 元富世貿,光鋐,6,0,6
 元富世貿,00937B群益ESG投等債20,5,0,5
 元富世貿,旺矽,5,0,5
 元富世貿,01009T王道圓滿R1,5,0,5
 元富世貿,直得,6,1,5
 元富世貿,IKKA-KY,10,5,5
 元富世貿,亞航,6,1,5
 元富世貿,隆銘綠能,5,0,5
 元富世貿,威健,5,0,5
 元富世貿,榮剛,10,5,5
 元富世貿,聯發科,7,2,5
 元富世貿,萬潤,5,1,4
 元富世貿,00980B台新特選IG債10+,0,329,-329
 元富世貿,00715L期街口布蘭特正2,0,200,-200
 元富世貿,群創,0,94,-94
 元富世貿,台玻,2,84,-82
 元富世貿,凱基金,0,80,-80
 元富世貿,00753L中信中國50正2,0,62,-62
 元富世貿,00882中信中國高股息,0,60,-60
 元富世貿,佳能,5,50,-45
 元富世貿,三商,0,37,-37
 元富世貿,00852L國泰美國道瓊正2,0,30,-30
 元富世貿,00939統一台灣高息動能,1,30,-29
 元富世貿,長榮航,1,29,-28
 元富世貿,00680L元大美債20正2,0,25,-25
 元富世貿,神基,1,23,-22
 元富世貿,誠美材,0,21,-21
 元富世貿,00665L富邦�琤肭磪囓�2,0,20,-20
 元富世貿,國喬,0,20,-20
 元富世貿,華夏,0,18,-18
 元富世貿,00945B凱基美國非投等債,0,16,-16
 元富世貿,承啟,0,16,-16
 元富世貿,大國鋼,0,15,-15
 元富世貿,友訊,8,22,-14
 元富世貿,星雲,2,15,-13
 元富世貿,宏致,0,12,-12
 元富世貿,00887永豐中國科技50大,0,12,-12
 元富世貿,中鴻,1,12,-11
 元富世貿,00712復華富時不動產,0,11,-11
 元富世貿,華邦電,5,16,-11
 元富世貿,同欣電,0,11,-11
 元富世貿,合騏,0,11,-11
 元富世貿,和椿,35,46,-11
 元富世貿,玉山金,0,10,-10
 元富世貿,國泰金,1,11,-10
 元富世貿,精剛,0,10,-10
 元富世貿,映泰,0,10,-10
 元富世貿,太設,0,10,-10
 元富世貿,優盛,0,10,-10
 元富世貿,統一實,0,10,-10
 元富世貿,006208富邦台50,1,11,-10
 元富世貿,亞光,10,20,-10
 元富世貿,元大高股息,8,17,-9
 元富世貿,00919群益台灣精選高息,9,19,-10
 元富世貿,中鋼,3,12,-9
 元富世貿,00951台新日本半導體,0,9,-9
 元富世貿,2883B凱基金乙特,0,8,-8
 元富世貿,欣銓,7,15,-8
 元富世貿,擎亞,11,19,-8
 元富世貿,圓剛,84,92,-8
 元富世貿,凱美,1,8,-7
 元富世貿,玉晶光,1,8,-7
玉山士林,聯電,74,6,68
玉山士林,00665L富邦�琤肭磪囓�2,74,22,52
玉山士林,00919群益台灣精選高息,49,10,39
玉山士林,台泥,32,0,32
玉山士林,00632R元大台灣50反1,28,1,27
玉山士林,南亞,30,4,26
玉山士林,富邦金,27,2,25
玉山士林,00882中信中國高股息,24,0,24
玉山士林,臺企銀,30,6,24
玉山士林,00650L復華香港正2,24,2,22
玉山士林,泰金寶-DR,107,86,21
玉山士林,僑威,35,17,18
玉山士林,亞翔,21,3,18
玉山士林,00878國泰永續高股息,24,8,16
玉山士林,00918大華優利高填息30,16,1,15
玉山士林,00680L元大美債20正2,14,0,14
玉山士林,佳能,16,2,14
玉山士林,立��,18,4,14
玉山士林,長榮航,17,3,14
玉山士林,華電網,12,0,12
玉山士林,00937B群益ESG投等債20,17,5,12
玉山士林,00915凱基優選高股息30,11,0,11
玉山士林,00960野村全球航運龍頭,12,1,11
玉山士林,00639富邦深100,16,5,11
玉山士林,定穎投控,11,0,11
玉山士林,台中銀,10,0,10
玉山士林,大中,10,0,10
玉山士林,亞光,13,3,10
玉山士林,晟田,10,1,9
玉山士林,華通,10,2,8
玉山士林,中光電,11,3,8
玉山士林,00637L元大滬深300正2,8,0,8
玉山士林,東和,8,0,8
玉山士林,華廣,10,2,8
玉山士林,建國,8,0,8
玉山士林,啟��,8,1,7
玉山士林,雅茗-KY,7,0,7
玉山士林,貿聯-KY,7,0,7
玉山士林,和椿,33,26,7
玉山士林,006208富邦台50,12,5,7
玉山士林,00924復華S＆P500成長,6,0,6
玉山士林,台塑,6,0,6
玉山士林,輔信,10,4,6
玉山士林,佰鴻,6,0,6
玉山士林,弘凱,6,0,6
玉山士林,00959B大華投等美債15Y+,6,0,6
玉山士林,00909國泰數位支付服務,8,2,6
玉山士林,廣明,6,0,6
玉山士林,東鹼,5,0,5
玉山士林,華邦電,5,0,5
玉山士林,麗清,0,60,-60
玉山士林,00929復華台灣科技優息,3,48,-45
玉山士林,凱基金,0,44,-44
玉山士林,00940元大台灣價值高息,1,39,-38
玉山士林,浪凡,0,35,-35
玉山士林,富喬,31,62,-31
玉山士林,力積電,7,35,-28
玉山士林,新光金,0,26,-26
玉山士林,00939統一台灣高息動能,1,22,-21
玉山士林,台新金,4,24,-20
玉山士林,00671R富邦NASDAQ反1,0,20,-20
玉山士林,事欣科,1,21,-20
玉山士林,華南金,0,18,-18
玉山士林,德律,0,18,-18
玉山士林,光環,0,17,-17
玉山士林,00941中信上游半導體,0,17,-17
玉山士林,00948B中信優息投資級債,0,16,-16
玉山士林,欣銓,1,17,-16
玉山士林,華航,0,13,-13
玉山士林,00693U期街口S＆P黃豆,0,13,-13
玉山士林,宏達電,60,72,-12
玉山士林,00877復華中國5G,0,12,-12
玉山士林,美德醫療-DR,3,15,-12
玉山士林,永豐金,0,12,-12
玉山士林,神達,64,76,-12
玉山士林,力新,0,11,-11
玉山士林,00631L元大台灣50正2,0,11,-11
玉山士林,群創,2,12,-10
玉山士林,00675L富邦臺灣加權正2,0,10,-10
玉山士林,00712復華富時不動產,0,10,-10
玉山士林,00700富邦�琤肭磪�,0,10,-10
玉山士林,三一東林,0,10,-10
玉山士林,潤泰新,0,10,-10
玉山士林,中鴻,1,10,-9
玉山士林,波若威,18,27,-9
玉山士林,勝德,0,9,-9
玉山士林,00795B中信美國公債20年,0,8,-8
玉山士林,禾聯碩,0,8,-8
玉山士林,91APP*-KY,0,8,-8
玉山士林,精材,1,8,-7
玉山士林,00922國泰台灣領袖50,2,9,-7
玉山士林,00713元大台灣高息低波,0,7,-7
玉山士林,京城銀,0,7,-7
玉山士林,昇貿,0,7,-7
玉山士林,居易,0,7,-7
玉山士林,康舒,0,7,-7
玉山士林,鈺邦,0,7,-7
玉山士林,微星,1,8,-7
玉山士林,意德士,0,6,-6
玉山士林,國泰金,0,6,-6
凱基鳳山,群創,275,115,160
凱基鳳山,中工,152,0,152
凱基鳳山,00753L中信中國50正2,124,0,124
凱基鳳山,聯電,94,13,81
凱基鳳山,彩晶,76,0,76
凱基鳳山,00887永豐中國科技50大,75,0,75
凱基鳳山,新建,60,0,60
凱基鳳山,台塑,56,1,55
凱基鳳山,中光電,54,3,51
凱基鳳山,ITH-KY,38,0,38
凱基鳳山,聯陽,38,0,38
凱基鳳山,宏齊,36,0,36
凱基鳳山,00885富邦越南,34,1,33
凱基鳳山,金寶,36,3,33
凱基鳳山,00637L元大滬深300正2,29,1,28
凱基鳳山,00665L富邦�琤肭磪囓�2,25,0,25
凱基鳳山,00919群益台灣精選高息,26,2,24
凱基鳳山,00927群益半導體收益,24,0,24
凱基鳳山,00932兆豐永續高息等權,20,0,20
凱基鳳山,00948B中信優息投資級債,20,0,20
凱基鳳山,廣宇,26,7,19
凱基鳳山,中磊,19,0,19
凱基鳳山,00858永豐美國500大,20,1,19
凱基鳳山,智原,16,0,16
凱基鳳山,聯鈞,29,13,16
凱基鳳山,00924復華S＆P500成長,15,0,15
凱基鳳山,00783富邦中証500,15,0,15
凱基鳳山,正德,12,0,12
凱基鳳山,凌巨,12,0,12
凱基鳳山,連展投控,22,11,11
凱基鳳山,新唐,10,0,10
凱基鳳山,中鴻,10,0,10
凱基鳳山,泰豐,10,0,10
凱基鳳山,三商壽,10,0,10
凱基鳳山,力智,11,1,10
凱基鳳山,00675L富邦臺灣加權正2,10,0,10
凱基鳳山,兆豐金,11,2,9
凱基鳳山,富喬,12,3,9
凱基鳳山,能率,10,2,8
凱基鳳山,中鼎,8,0,8
凱基鳳山,00864B中信美國公債0-1,6,0,6
凱基鳳山,00918大華優利高填息30,6,0,6
凱基鳳山,00933B國泰10Y+金融債,6,0,6
凱基鳳山,精成科,17,11,6
凱基鳳山,愛普*,6,0,6
凱基鳳山,美吉吉-KY,6,0,6
凱基鳳山,萬潤,11,6,5
凱基鳳山,00915凱基優選高股息30,5,0,5
凱基鳳山,緯創,14,9,5
凱基鳳山,大億,5,0,5
凱基鳳山,00980B台新特選IG債10+,0,138,-138
凱基鳳山,泰金寶-DR,4,92,-88
凱基鳳山,凱基金,5,81,-76
凱基鳳山,勝悅-KY,0,60,-60
凱基鳳山,良維,19,72,-53
凱基鳳山,世德,39,91,-52
凱基鳳山,00757統一FANG+,2,52,-50
凱基鳳山,力積電,16,66,-50
凱基鳳山,00929復華台灣科技優息,22,63,-41
凱基鳳山,興能高,41,80,-39
凱基鳳山,磐儀,0,37,-37
凱基鳳山,康舒,3,40,-37
凱基鳳山,新光金,0,34,-34
凱基鳳山,友訊,0,31,-31
凱基鳳山,亞光,4,33,-29
凱基鳳山,瀚宇博,10,38,-28
凱基鳳山,台灣虎航,3,30,-27
凱基鳳山,元翎,0,25,-25
凱基鳳山,神達,45,69,-24
凱基鳳山,大成鋼,15,36,-21
凱基鳳山,元大高股息,14,33,-19
凱基鳳山,欣銓,8,25,-17
凱基鳳山,台泥,4,21,-17
凱基鳳山,華航,0,14,-14
凱基鳳山,玉山金,1,14,-13
凱基鳳山,00971野村美國研發龍頭,4,16,-12
凱基鳳山,華通,0,11,-11
凱基鳳山,訊舟,0,11,-11
凱基鳳山,合一,0,11,-11
凱基鳳山,日月光投控,1,11,-10
凱基鳳山,精剛,0,10,-10
凱基鳳山,科妍,0,10,-10
凱基鳳山,億光,0,10,-10
凱基鳳山,華晶科,0,10,-10
凱基鳳山,亞帝歐,0,10,-10
凱基鳳山,南仁湖,0,10,-10
凱基鳳山,伯特光,0,10,-10
凱基鳳山,陽明,1,10,-9
凱基鳳山,00751B元大AAA至A公司債,1,10,-9
凱基鳳山,加捷生醫,0,9,-9
凱基鳳山,宏達電,25,33,-8
凱基鳳山,台聚,0,8,-8
凱基鳳山,奇鋐,0,8,-8
凱基鳳山,中鋼,12,20,-8
凱基鳳山,佳能,7,14,-7
凱基鳳山,星宇航空,0,7,-7
凱基鳳山,新盛力,27,34,-7
凱基鳳山,致伸,1,8,-7
凱基鳳山,鴻海,17,23,-6
凱基鳳山,南亞,0,6,-6
凱基東勢,力積電,603,36,567
凱基東勢,彰銀,115,1,114
凱基東勢,00911兆豐洲際半導體,41,0,41
凱基東勢,聯電,50,14,36
凱基東勢,宏齊,22,0,22
凱基東勢,00830國泰費城半導體,20,0,20
凱基東勢,新建,20,0,20
凱基東勢,006208富邦台50,22,4,18
凱基東勢,中鋼,17,1,16
凱基東勢,00909國泰數位支付服務,15,0,15
凱基東勢,00878國泰永續高股息,21,6,15
凱基東勢,精金,15,0,15
凱基東勢,合庫金,15,0,15
凱基東勢,00971野村美國研發龍頭,29,15,14
凱基東勢,00937B群益ESG投等債20,13,0,13
凱基東勢,富邦金,15,2,13
凱基東勢,緯創,18,7,11
凱基東勢,大成鋼,16,5,11
凱基東勢,達邁,65,54,11
凱基東勢,00858永豐美國500大,11,0,11
凱基東勢,遠百,10,0,10
凱基東勢,00910第一金太空衛星,11,1,10
凱基東勢,陽明,14,4,10
凱基東勢,洋華,10,0,10
凱基東勢,星宇航空,9,0,9
凱基東勢,新盛力,58,49,9
凱基東勢,愛普*,9,0,9
凱基東勢,00929復華台灣科技優息,17,10,7
凱基東勢,00687B國泰20年美債,6,0,6
凱基東勢,00948B中信優息投資級債,6,0,6
凱基東勢,威盛,6,0,6
凱基東勢,玉山金,6,0,6
凱基東勢,安��,6,0,6
凱基東勢,立敦,11,5,6
凱基東勢,00719B元大美債1-3,5,0,5
凱基東勢,00881國泰台灣5G+,5,0,5
凱基東勢,00927群益半導體收益,5,0,5
凱基東勢,榮成,5,0,5
凱基東勢,欣興,6,2,4
凱基東勢,興能高,20,16,4
凱基東勢,00680L元大美債20正2,4,0,4
凱基東勢,00679B元大美債20年,4,0,4
凱基東勢,00637L元大滬深300正2,9,5,4
凱基東勢,上銀,5,1,4
凱基東勢,精材,4,0,4
凱基東勢,浪凡,4,0,4
凱基東勢,橘子,4,0,4
凱基東勢,00918大華優利高填息30,4,0,4
凱基東勢,亞光,6,3,3
凱基東勢,00655L國泰中國A50正2,13,10,3
凱基東勢,00933B國泰10Y+金融債,1,524,-523
凱基東勢,00980B台新特選IG債10+,0,94,-94
凱基東勢,正崴,0,62,-62
凱基東勢,元大高股息,7,65,-58
凱基東勢,海華,2,50,-48
凱基東勢,00919群益台灣精選高息,6,50,-44
凱基東勢,新光金,0,41,-41
凱基東勢,00676R富邦臺灣加權反1,0,40,-40
凱基東勢,台泥,5,38,-33
凱基東勢,00664R國泰臺灣加權反1,0,30,-30
凱基東勢,建德工業,0,27,-27
凱基東勢,台新金,0,20,-20
凱基東勢,00926凱基全球菁英55,0,20,-20
凱基東勢,台橡,0,20,-20
凱基東勢,凱崴,0,20,-20
凱基東勢,宏達電,26,45,-19
凱基東勢,和成,0,15,-15
凱基東勢,燿華,0,15,-15
凱基東勢,欣銓,0,14,-14
凱基東勢,神達,10,23,-13
凱基東勢,泰金寶-DR,15,28,-13
凱基東勢,鴻準,1,13,-12
凱基東勢,00753L中信中國50正2,0,11,-11
凱基東勢,00850元大臺灣ESG永續,0,10,-10
凱基東勢,00675L富邦臺灣加權正2,1,11,-10
凱基東勢,天宇,0,10,-10
凱基東勢,首利,0,8,-8
凱基東勢,菱光,0,8,-8
凱基東勢,00939統一台灣高息動能,0,7,-7
凱基東勢,華經,1,8,-7
凱基東勢,建漢,0,7,-7
凱基東勢,瑞智,0,7,-7
凱基東勢,驊訊,5,12,-7
凱基東勢,大同,0,6,-6
凱基東勢,弘凱,0,6,-6
凱基東勢,鴻海,6,11,-5
凱基東勢,00633L富邦上証正2,1,5,-4
凱基東勢,00631L元大台灣50正2,0,4,-4
凱基東勢,南亞,0,4,-4
凱基東勢,宏致,2,6,-4
凱基東勢,富采,1,5,-4
凱基東勢,新唐,0,4,-4
凱基東勢,光鋐,0,4,-4
凱基東勢,乙盛-KY,2,6,-4
凱基東勢,台達電,0,3,-3
凱基東勢,台積電,7,10,-3
凱基東勢,亞翔,0,3,-3
凱基東勢,00965元大航太防衛科技,0,3,-3
凱基東勢,光寶科,0,3,-3
凱基東勢,金寶,5,8,-3
土銀花蓮,台泥,32,0,32
土銀花蓮,聯電,24,0,24
土銀花蓮,國際中橡,20,0,20
土銀花蓮,彰銀,20,0,20
土銀花蓮,緯創,20,2,18
土銀花蓮,驊訊,18,0,18
土銀花蓮,00937B群益ESG投等債20,11,0,11
土銀花蓮,00960野村全球航運龍頭,10,0,10
土銀花蓮,益航,10,0,10
土銀花蓮,南亞科,12,4,8
土銀花蓮,旺宏,7,0,7
土銀花蓮,矽格,8,1,7
土銀花蓮,00882中信中國高股息,6,0,6
土銀花蓮,興能高,20,14,6
土銀花蓮,日電貿,5,0,5
土銀花蓮,啟��,5,0,5
土銀花蓮,華安,5,0,5
土銀花蓮,群聯,5,0,5
土銀花蓮,00650L復華香港正2,4,0,4
土銀花蓮,00924復華S＆P500成長,4,0,4
土銀花蓮,樺漢,4,0,4
土銀花蓮,00919群益台灣精選高息,5,2,3
土銀花蓮,00725B國泰投資級公司債,3,0,3
土銀花蓮,00712復華富時不動產,3,0,3
土銀花蓮,華航,3,0,3
土銀花蓮,精材,3,0,3
土銀花蓮,新至陞,3,0,3
土銀花蓮,廣達,4,1,3
土銀花蓮,長興,2,0,2
土銀花蓮,華夏,2,0,2
土銀花蓮,00637L元大滬深300正2,2,0,2
土銀花蓮,00633L富邦上証正2,2,0,2
土銀花蓮,00915凱基優選高股息30,2,0,2
土銀花蓮,00910第一金太空衛星,2,0,2
土銀花蓮,仁寶,2,0,2
土銀花蓮,英業達,2,0,2
土銀花蓮,所羅門,2,0,2
土銀花蓮,京元電子,2,0,2
土銀花蓮,全新,2,0,2
土銀花蓮,裕民,2,0,2
土銀花蓮,長榮航,3,1,2
土銀花蓮,美食-KY,2,0,2
土銀花蓮,統一超,2,0,2
土銀花蓮,欣興,5,3,2
土銀花蓮,順達,4,2,2
土銀花蓮,欣銓,7,5,2
土銀花蓮,加百裕,2,0,2
土銀花蓮,亞帝歐,2,0,2
土銀花蓮,海華,2,0,2
土銀花蓮,連展投控,2,0,2
土銀花蓮,鴻海,2,26,-24
土銀花蓮,新光金,0,20,-20
土銀花蓮,泰金寶-DR,0,20,-20
土銀花蓮,華南金,0,19,-19
土銀花蓮,00940元大台灣價值高息,0,18,-18
土銀花蓮,00929復華台灣科技優息,0,15,-15
土銀花蓮,福懋,0,15,-15
土銀花蓮,臺企銀,0,15,-15
土銀花蓮,力積電,0,14,-14
土銀花蓮,富喬,3,14,-11
土銀花蓮,廣宇,0,10,-10
土銀花蓮,錸德,0,10,-10
土銀花蓮,友達,0,10,-10
土銀花蓮,宏��,1,10,-9
土銀花蓮,元大高股息,1,9,-8
土銀花蓮,陽明,7,14,-7
土銀花蓮,亞光,7,14,-7
土銀花蓮,00720B元大投資級公司債,0,6,-6
土銀花蓮,00895富邦未來車,0,5,-5
土銀花蓮,鴻華先進-創,1,6,-5
土銀花蓮,日月光投控,1,6,-5
土銀花蓮,00888永豐台灣ESG,0,4,-4
土銀花蓮,中信金,0,4,-4
土銀花蓮,嘉澤,4,8,-4
土銀花蓮,事欣科,0,4,-4
土銀花蓮,廣運,0,4,-4
土銀花蓮,精成科,3,7,-4
土銀花蓮,金寶,2,6,-4
土銀花蓮,00934中信成長高股息,0,3,-3
土銀花蓮,大亞,0,3,-3
土銀花蓮,華城,0,3,-3
土銀花蓮,正達,0,3,-3
土銀花蓮,中華化,0,2,-2
土銀花蓮,00970B新光BBB投等債20,0,2,-2
土銀花蓮,恆大,0,2,-2
土銀花蓮,亞力,0,2,-2
土銀花蓮,00933B國泰10Y+金融債,0,2,-2
土銀花蓮,00922國泰台灣領袖50,1,3,-2
土銀花蓮,大同,0,2,-2
土銀花蓮,永豐金,0,2,-2
土銀花蓮,神達,8,10,-2
土銀花蓮,定穎投控,0,2,-2
土銀花蓮,亞泰,0,2,-2
土銀花蓮,台燿,0,2,-2
土銀花蓮,福華,0,2,-2
土銀花蓮,台積電,2,3,-1
土銀花蓮,元大台灣50,0,1,-1
土銀花蓮,聚和,0,1,-1
土銀花蓮,00692富邦公司治理,0,1,-1
土銀花蓮,00911兆豐洲際半導體,0,1,-1
第一新興,00632R元大台灣50反1,55,1,54
第一新興,新光金,50,0,50
第一新興,聯電,63,21,42
第一新興,立敦,42,1,41
第一新興,海光,30,0,30
第一新興,德晉,29,0,29
第一新興,中鴻,30,4,26
第一新興,台泥,26,0,26
第一新興,瑞智,25,0,25
第一新興,00919群益台灣精選高息,32,8,24
第一新興,00971野村美國研發龍頭,25,2,23
第一新興,00937B群益ESG投等債20,21,0,21
第一新興,長興,21,0,21
第一新興,南茂,22,1,21
第一新興,群創,36,16,20
第一新興,廣運,20,1,19
第一新興,信錦,16,0,16
第一新興,00954中信日本半導體,15,0,15
第一新興,00637L元大滬深300正2,14,0,14
第一新興,華邦電,21,9,12
第一新興,揚智,12,0,12
第一新興,太景*-KY,12,0,12
第一新興,00946群益科技高息成長,11,0,11
第一新興,玉山金,11,0,11
第一新興,陽程,11,0,11
第一新興,00706L期元大S＆P日圓正2,10,0,10
第一新興,宏普,10,0,10
第一新興,遠東銀,10,0,10
第一新興,太普高,10,0,10
第一新興,保銳,10,0,10
第一新興,欣興,15,6,9
第一新興,00720B元大投資級公司債,9,0,9
第一新興,興能高,34,25,9
第一新興,廣宇,10,1,9
第一新興,元大高股息,12,4,8
第一新興,00673R期元大S＆P原油反1,8,0,8
第一新興,00927群益半導體收益,8,0,8
第一新興,福裕,8,0,8
第一新興,眾達-KY,15,7,8
第一新興,00909國泰數位支付服務,7,0,7
第一新興,星宇航空,9,2,7
第一新興,00918大華優利高填息30,6,0,6
第一新興,台塑,7,1,6
第一新興,00753L中信中國50正2,29,23,6
第一新興,00941中信上游半導體,6,0,6
第一新興,泰茂,11,5,6
第一新興,00687B國泰20年美債,5,0,5
第一新興,大成鋼,6,1,5
第一新興,台玻,5,0,5
第一新興,金雨,5,0,5
第一新興,泰金寶-DR,30,414,-384
第一新興,00878國泰永續高股息,20,101,-81
第一新興,緯創,41,106,-65
第一新興,良維,0,30,-30
第一新興,00905FT臺灣Smart,2,30,-28
第一新興,00679B元大美債20年,2,29,-27
第一新興,神達,78,103,-25
第一新興,中鋼,3,28,-25
第一新興,00929復華台灣科技優息,5,29,-24
第一新興,鴻準,1,24,-23
第一新興,加百裕,0,22,-22
第一新興,華航,0,21,-21
第一新興,飛宏,0,20,-20
第一新興,能率,3,20,-17
第一新興,國泰金,0,16,-16
第一新興,僑威,6,21,-15
第一新興,006208富邦台50,5,20,-15
第一新興,宏達電,47,60,-13
第一新興,宏致,2,14,-12
第一新興,亞航,2,14,-12
第一新興,華南金,0,10,-10
第一新興,臻鼎-KY,0,10,-10
第一新興,恆大,0,10,-10
第一新興,凱基金,0,10,-10
第一新興,鴻海,16,26,-10
第一新興,台積電,4,13,-9
第一新興,長榮航,2,11,-9
第一新興,新盛力,54,63,-9
第一新興,誠美材,0,8,-8
第一新興,和椿,6,14,-8
第一新興,立隆電,13,21,-8
第一新興,00934中信成長高股息,0,8,-8
第一新興,IKKA-KY,0,7,-7
第一新興,建舜電,0,7,-7
第一新興,00795B中信美國公債20年,0,6,-6
第一新興,欣銓,16,22,-6
第一新興,環宇-KY,14,20,-6
第一新興,橘子,2,8,-6
第一新興,矽格,1,7,-6
第一新興,00751B元大AAA至A公司債,0,6,-6
第一新興,彩晶,0,5,-5
第一新興,光聖,1,6,-5
第一新興,00940元大台灣價值高息,0,5,-5
第一新興,00943兆豐電子高息等權,0,5,-5
第一新興,00944野村趨勢動能高息,0,5,-5
第一新興,宏泰,0,5,-5
第一新興,官田鋼,0,5,-5
第一新興,仁寶,0,5,-5
第一新興,美律,0,5,-5
第一新興,統一證,0,5,-5
 元大竹北,00918大華優利高填息30,148,10,138
 元大竹北,00680L元大美債20正2,135,30,105
 元大竹北,00878國泰永續高股息,90,14,76
 元大竹北,聯電,89,13,76
 元大竹北,艾訊,53,3,50
 元大竹北,元大高股息,50,13,37
 元大竹北,00637L元大滬深300正2,33,2,31
 元大竹北,00959B大華投等美債15Y+,30,0,30
 元大竹北,華航,35,9,26
 元大竹北,00662富邦NASDAQ,23,0,23
 元大竹北,00945B凱基美國非投等債,23,0,23
 元大竹北,緯創,35,14,21
 元大竹北,華邦電,228,210,18
 元大竹北,00915凱基優選高股息30,20,3,17
 元大竹北,大成鋼,16,0,16
 元大竹北,00632R元大台灣50反1,16,0,16
 元大竹北,00752中信中國50,15,0,15
 元大竹北,00940元大台灣價值高息,37,23,14
 元大竹北,00858永豐美國500大,13,0,13
 元大竹北,新興,12,0,12
 元大竹北,宏達電,129,118,11
 元大竹北,00665L富邦�琤肭磪囓�2,11,0,11
 元大竹北,泰茂,11,0,11
 元大竹北,星宇航空,13,3,10
 元大竹北,泰金寶-DR,162,152,10
 元大竹北,00947台新臺灣IC設計,10,0,10
 元大竹北,00932兆豐永續高息等權,10,0,10
 元大竹北,聯光通,22,12,10
 元大竹北,00919群益台灣精選高息,19,9,10
 元大竹北,00937B群益ESG投等債20,28,19,9
 元大竹北,台燿,10,1,9
 元大竹北,長華*,11,2,9
 元大竹北,立��,11,2,9
 元大竹北,00753L中信中國50正2,9,0,9
 元大竹北,00943兆豐電子高息等權,8,0,8
 元大竹北,00706L期元大S＆P日圓正2,8,0,8
 元大竹北,蔚華科,8,0,8
 元大竹北,00725B國泰投資級公司債,7,0,7
 元大竹北,00679B元大美債20年,10,3,7
 元大竹北,00935野村臺灣新科技50,7,0,7
 元大竹北,廣運,6,0,6
 元大竹北,大銀微系統,6,0,6
 元大竹北,僑威,10,4,6
 元大竹北,00646元大S＆P500,6,0,6
 元大竹北,00687B國泰20年美債,13,7,6
 元大竹北,立隆電,18,12,6
 元大竹北,00971野村美國研發龍頭,5,0,5
 元大竹北,00751B元大AAA至A公司債,5,0,5
 元大竹北,創泓科技,5,0,5
 元大竹北,訊芯-KY,9,4,5
 元大竹北,00688L國泰20年美債正2,0,350,-350
 元大竹北,力積電,78,317,-239
 元大竹北,00965元大航太防衛科技,5,131,-126
 元大竹北,00929復華台灣科技優息,13,119,-106
 元大竹北,佳能,13,72,-59
 元大竹北,擎亞,32,85,-53
 元大竹北,富邦金,3,53,-50
 元大竹北,00934中信成長高股息,2,47,-45
 元大竹北,欣銓,58,97,-39
 元大竹北,006208富邦台50,6,38,-32
 元大竹北,00692富邦公司治理,0,28,-28
 元大竹北,00967B元大優息美債,8,30,-22
 元大竹北,00923群益台ESG低碳50,0,21,-21
 元大竹北,00887永豐中國科技50大,10,30,-20
 元大竹北,00673R期元大S＆P原油反1,0,20,-20
 元大竹北,聯合再生,10,30,-20
 元大竹北,保銳,0,20,-20
 元大竹北,鴻準,0,19,-19
 元大竹北,00715L期街口布蘭特正2,0,18,-18
 元大竹北,海光,0,17,-17
 元大竹北,神達,89,105,-16
 元大竹北,元大台灣50,2,16,-14
 元大竹北,聯發科,5,19,-14
 元大竹北,鴻海,7,20,-13
 元大竹北,00713元大台灣高息低波,5,17,-12
 元大竹北,大同,0,12,-12
 元大竹北,陽明,9,21,-12
 元大竹北,華城,0,11,-11
 元大竹北,00675L富邦臺灣加權正2,4,15,-11
 元大竹北,中鴻,0,11,-11
 元大竹北,台化,2,13,-11
 元大竹北,00631L元大台灣50正2,0,11,-11
 元大竹北,00850元大臺灣ESG永續,0,11,-11
 元大竹北,00717富邦美國特別股,0,10,-10
 元大竹北,合機,0,10,-10
 元大竹北,亞航,5,15,-10
 元大竹北,00968B元大優息投等債,0,10,-10
 元大竹北,00905FT臺灣Smart,1,11,-10
 元大竹北,台亞,0,10,-10
 元大竹北,00948B中信優息投資級債,0,10,-10
 元大竹北,00642U期元大S＆P石油,2,12,-10
 元大竹北,精成科,10,19,-9
 元大竹北,富喬,29,38,-9
 元大竹北,中磊,0,8,-8
 元大竹北,中興電,0,7,-7
 元大竹北,群創,1,8,-7
 元大竹北,新盛力,83,90,-7
 元大竹北,揚智,3,10,-7
 元大竹北,旺宏,4,11,-7
 元大竹北,台積電,5,11,-6
 企銀台中 ,00673R期元大S＆P原油反1,201,22,179
 企銀台中 ,欣興,55,0,55
 企銀台中 ,第一金,50,0,50
 企銀台中 ,群創,45,0,45
 企銀台中 ,南港,29,1,28
 企銀台中 ,裕隆,26,0,26
 企銀台中 ,00830國泰費城半導體,23,3,20
 企銀台中 ,聯電,20,0,20
 企銀台中 ,國泰金,20,1,19
 企銀台中 ,00878國泰永續高股息,17,3,14
 企銀台中 ,友達,12,0,12
 企銀台中 ,福懋,10,0,10
 企銀台中 ,弘裕,10,0,10
 企銀台中 ,大成鋼,10,0,10
 企銀台中 ,漢翔,10,0,10
 企銀台中 ,系微,20,10,10
 企銀台中 ,力智,10,0,10
 企銀台中 ,元大高股息,10,1,9
 企銀台中 ,美隆電,8,0,8
 企銀台中 ,緯創,29,22,7
 企銀台中 ,00772B中信高評級公司債,5,0,5
 企銀台中 ,錩新,5,0,5
 企銀台中 ,寶得利,5,0,5
 企銀台中 ,中租-KY,5,0,5
 企銀台中 ,廣達,6,2,4
 企銀台中 ,006208富邦台50,4,0,4
 企銀台中 ,永豐金,4,0,4
 企銀台中 ,環宇-KY,7,3,4
 企銀台中 ,中磊,4,0,4
 企銀台中 ,亞光,15,12,3
 企銀台中 ,昆盈,5,2,3
 企銀台中 ,虹冠電,3,0,3
 企銀台中 ,世禾,3,0,3
 企銀台中 ,新華,4,1,3
 企銀台中 ,中鋼,8,6,2
 企銀台中 ,皇田,2,0,2
 企銀台中 ,00687B國泰20年美債,2,0,2
 企銀台中 ,台塑,2,0,2
 企銀台中 ,00885富邦越南,2,0,2
 企銀台中 ,恩德,2,0,2
 企銀台中 ,台玻,2,0,2
 企銀台中 ,旺宏,2,0,2
 企銀台中 ,亞航,15,13,2
 企銀台中 ,元大金,2,0,2
 企銀台中 ,桓達,2,0,2
 企銀台中 ,新盛力,10,8,2
 企銀台中 ,易發,2,0,2
 企銀台中 ,錸寶,2,0,2
 企銀台中 ,00918大華優利高填息30,1,0,1
 企銀台中 ,宇瞻,1,0,1
 企銀台中 ,宏��,1,99,-98
 企銀台中 ,台化,0,80,-80
 企銀台中 ,連展投控,0,43,-43
 企銀台中 ,中興電,0,35,-35
 企銀台中 ,00949復華日本龍頭,0,35,-35
 企銀台中 ,00930永豐ESG低碳高息,0,30,-30
 企銀台中 ,00935野村臺灣新科技50,1,30,-29
 企銀台中 ,凱基金,2,25,-23
 企銀台中 ,臺企銀,5,27,-22
 企銀台中 ,00929復華台灣科技優息,0,21,-21
 企銀台中 ,廣運,0,16,-16
 企銀台中 ,宏達電,9,24,-15
 企銀台中 ,宏致,0,14,-14
 企銀台中 ,台積電,3,16,-13
 企銀台中 ,鴻海,11,21,-10
 企銀台中 ,國喬,0,10,-10
 企銀台中 ,聚隆,0,10,-10
 企銀台中 ,00951台新日本半導體,0,10,-10
 企銀台中 ,00688L國泰20年美債正2,0,10,-10
 企銀台中 ,新光金,0,10,-10
 企銀台中 ,元大台灣50,0,10,-10
 企銀台中 ,長榮,0,8,-8
 企銀台中 ,新應材,0,8,-8
 企銀台中 ,00905FT臺灣Smart,0,7,-7
 企銀台中 ,富邦金,0,7,-7
 企銀台中 ,宏全,0,7,-7
 企銀台中 ,奇鋐,0,6,-6
 企銀台中 ,仁寶,0,6,-6
 企銀台中 ,東浦,0,6,-6
 企銀台中 ,00971野村美國研發龍頭,0,5,-5
 企銀台中 ,00692富邦公司治理,0,5,-5
 企銀台中 ,潤隆,0,5,-5
 企銀台中 ,華通,0,5,-5
 企銀台中 ,中華電,0,5,-5
 企銀台中 ,00919群益台灣精選高息,3,8,-5
 企銀台中 ,台達電,0,4,-4
 企銀台中 ,鑫永銓,0,4,-4
 企銀台中 ,華航,0,4,-4
 企銀台中 ,頎邦,0,4,-4
 企銀台中 ,亞翔,0,3,-3
 企銀台中 ,佳和,0,3,-3
 企銀台中 ,堤維西,0,3,-3
 企銀台中 ,和康生,0,3,-3
 企銀台中 ,所羅門,0,3,-3
 企銀台中 ,星宇航空,0,3,-3
 企銀台中 ,順達,0,3,-3
 企銀台中 ,臻鼎-KY,0,3,-3
 企銀台中 ,興能高,12,15,-3
 企銀台中 ,邑錡,0,3,-3
 企銀台中 ,南電,0,3,-3
康和台北,00665L富邦�琤肭磪囓�2,108,0,108
康和台北,龍巖,88,0,88
康和台北,泰金寶-DR,101,20,81
康和台北,泰山,50,0,50
康和台北,00929復華台灣科技優息,48,0,48
康和台北,jpp-KY,41,0,41
康和台北,00637L元大滬深300正2,36,0,36
康和台北,宏致,46,10,36
康和台北,裕融,20,0,20
康和台北,昇達科,23,5,18
康和台北,晟銘電,18,2,16
康和台北,晟田,15,0,15
康和台北,宏齊,17,2,15
康和台北,技嘉,14,1,13
康和台北,廣宇,13,2,11
康和台北,台揚,10,0,10
康和台北,英業達,13,3,10
康和台北,三商電,10,0,10
康和台北,潤弘,10,0,10
康和台北,華電網,10,0,10
康和台北,智捷,10,0,10
康和台北,00892富邦台灣半導體,10,1,9
康和台北,006208富邦台50,9,0,9
康和台北,華碩,10,1,9
康和台北,大同,9,0,9
康和台北,宏達電,22,14,8
康和台北,立敦,30,22,8
康和台北,00919群益台灣精選高息,8,0,8
康和台北,智邦,14,7,7
康和台北,萬達光電,7,0,7
康和台北,元大台灣50,6,0,6
康和台北,00910第一金太空衛星,16,10,6
康和台北,長榮,8,2,6
康和台北,立��,8,2,6
康和台北,宏和,5,0,5
康和台北,輔信,5,0,5
康和台北,太設,5,0,5
康和台北,彰銀,5,0,5
康和台北,中信金,22,17,5
康和台北,建舜電,5,0,5
康和台北,友威科,5,0,5
康和台北,永崴投控,6,1,5
康和台北,松普,5,0,5
康和台北,普誠,5,0,5
康和台北,系微,5,0,5
康和台北,台通,5,0,5
康和台北,佑華,5,0,5
康和台北,雷虎,5,0,5
康和台北,連展投控,7,2,5
康和台北,00903富邦元宇宙,4,0,4
康和台北,00633L富邦上証正2,0,500,-500
康和台北,富喬,14,137,-123
康和台北,00795B中信美國公債20年,0,60,-60
康和台北,力積電,15,58,-43
康和台北,威盛,47,76,-29
康和台北,大成鋼,1,29,-28
康和台北,聯電,69,97,-28
康和台北,00894中信小資高價30,3,30,-27
康和台北,群創,0,17,-17
康和台北,00966B統一ESG投等債15,0,15,-15
康和台北,康霈*,0,13,-13
康和台北,神基,0,12,-12
康和台北,中租-KY,9,20,-11
康和台北,00950B凱基A級公司債,0,10,-10
康和台北,00922國泰台灣領袖50,1,11,-10
康和台北,新光鋼,0,10,-10
康和台北,華航,5,15,-10
康和台北,康和證,0,10,-10
康和台北,達方,0,10,-10
康和台北,新應材,0,10,-10
康和台北,兆豐金,0,9,-9
康和台北,大亞,2,10,-8
康和台北,長榮航,8,16,-8
康和台北,英濟,11,19,-8
康和台北,光鋐,0,8,-8
康和台北,亞翔,1,9,-8
康和台北,三商壽,0,7,-7
康和台北,前鼎,1,8,-7
康和台北,創惟,2,9,-7
康和台北,元山,0,7,-7
康和台北,嘉聯益,0,6,-6
康和台北,順達,2,8,-6
康和台北,藥華藥,1,7,-6
康和台北,聯策,0,6,-6
康和台北,00877復華中國5G,0,5,-5
康和台北,新纖,0,5,-5
康和台北,新美齊,0,5,-5
康和台北,台灣高鐵,0,5,-5
康和台北,瑞鼎,0,5,-5
康和台北,聿新科,0,5,-5
康和台北,聯光通,7,12,-5
康和台北,祥碩,1,6,-5
康和台北,飛捷,0,5,-5
康和台北,立端,0,5,-5
康和台北,元晶,0,5,-5
康和台北,金麗-KY,0,5,-5
康和台北,北基,0,5,-5
康和台北,00878國泰永續高股息,0,5,-5
康和台北,鴻海,5,10,-5
康和台北,興能高,10,14,-4
新光高雄,00680L元大美債20正2,618,16,602
新光高雄,00637L元大滬深300正2,276,36,240
新光高雄,00953B群益優選非投等債,225,2,223
新光高雄,聯電,262,101,161
新光高雄,台揚,155,3,152
新光高雄,力積電,130,23,107
新光高雄,00715L期街口布蘭特正2,99,11,88
新光高雄,00910第一金太空衛星,85,3,82
新光高雄,00882中信中國高股息,73,0,73
新光高雄,00665L富邦�琤肭磪囓�2,96,37,59
新光高雄,00753L中信中國50正2,121,64,57
新光高雄,統一超,56,0,56
新光高雄,永豐金,55,0,55
新光高雄,兆豐金,52,1,51
新光高雄,元大高股息,81,36,45
新光高雄,00878國泰永續高股息,115,70,45
新光高雄,00937B群益ESG投等債20,195,156,39
新光高雄,耿鼎,38,0,38
新光高雄,00713元大台灣高息低波,38,1,37
新光高雄,00693U期街口S＆P黃豆,36,0,36
新光高雄,台泥,32,1,31
新光高雄,中工,30,0,30
新光高雄,長華*,88,61,27
新光高雄,炎洲,26,0,26
新光高雄,緯創,69,43,26
新光高雄,00919群益台灣精選高息,39,14,25
新光高雄,順達,82,62,20
新光高雄,華立,19,0,19
新光高雄,圓剛,28,9,19
新光高雄,00687B國泰20年美債,24,6,18
新光高雄,福裕,19,1,18
新光高雄,中鋼,22,5,17
新光高雄,新光金,22,5,17
新光高雄,00962台新AI優息動能,17,0,17
新光高雄,00924復華S＆P500成長,16,0,16
新光高雄,鴻海,46,30,16
新光高雄,康那香,15,0,15
新光高雄,高端疫苗,17,2,15
新光高雄,精成科,112,98,14
新光高雄,力成,22,8,14
新光高雄,昇陽半導體,17,4,13
新光高雄,合庫金,18,5,13
新光高雄,加百裕,96,83,13
新光高雄,00679B元大美債20年,17,4,13
新光高雄,LINEPAY,13,1,12
新光高雄,鴻準,37,25,12
新光高雄,立敦,51,40,11
新光高雄,聯鈞,112,101,11
新光高雄,建漢,15,4,11
新光高雄,泰金寶-DR,58,48,10
新光高雄,華航,0,427,-427
新光高雄,00664R國泰臺灣加權反1,0,306,-306
新光高雄,00669R國泰美國道瓊反1,15,203,-188
新光高雄,00940元大台灣價值高息,4,125,-121
新光高雄,台達電,2,94,-92
新光高雄,00929復華台灣科技優息,0,90,-90
新光高雄,00648R元大S＆P500反1,0,70,-70
新光高雄,00951台新日本半導體,1,69,-68
新光高雄,遠東銀,0,60,-60
新光高雄,00631L元大台灣50正2,8,66,-58
新光高雄,00933B國泰10Y+金融債,0,54,-54
新光高雄,三商壽,10,63,-53
新光高雄,玉山金,2,55,-53
新光高雄,宏致,14,65,-51
新光高雄,00673R期元大S＆P原油反1,41,88,-47
新光高雄,00932兆豐永續高息等權,7,49,-42
新光高雄,國泰金,2,44,-42
新光高雄,00922國泰台灣領袖50,2,43,-41
新光高雄,00706L期元大S＆P日圓正2,11,47,-36
新光高雄,凱基金,0,35,-35
新光高雄,00675L富邦臺灣加權正2,24,59,-35
新光高雄,00688L國泰20年美債正2,77,110,-33
新光高雄,00915凱基優選高股息30,19,51,-32
新光高雄,00632R元大台灣50反1,21,52,-31
新光高雄,00633L富邦上証正2,22,53,-31
新光高雄,宏旭-KY,0,29,-29
新光高雄,五福,3,31,-28
新光高雄,創惟,17,44,-27
新光高雄,三商電,0,27,-27
新光高雄,00893國泰智能電動車,0,26,-26
新光高雄,00965元大航太防衛科技,5,30,-25
新光高雄,台新金,13,36,-23
新光高雄,揚明光,0,23,-23
新光高雄,朋億*,9,30,-21
新光高雄,00971野村美國研發龍頭,9,30,-21
新光高雄,00640L富邦日本正2,0,20,-20
新光高雄,00916國泰全球品牌50,0,18,-18
新光高雄,華邦電,2,19,-17
新光高雄,00949復華日本龍頭,0,16,-16
新光高雄,致和證,0,16,-16
新光高雄,中信金,6,22,-16
新光高雄,達邁,105,120,-15
新光高雄,國喬,0,15,-15
新光高雄,00923群益台ESG低碳50,0,15,-15
新光高雄,00670L富邦NASDAQ正2,1,16,-15
新光高雄,振曜,10,24,-14
新光高雄,錦明,4,18,-14
新光高雄,昇貿,15,29,-14
新光高雄,凌華,0,14,-14
新光高雄,00857B永豐20年美公債,1,15,-14
兆豐新營,聯電,137,7,130
兆豐新營,00632R元大台灣50反1,105,54,51
兆豐新營,台塑,50,20,30
兆豐新營,00931B統一美債20年,30,0,30
兆豐新營,台泥,26,0,26
兆豐新營,00687B國泰20年美債,24,0,24
兆豐新營,長榮航,31,7,24
兆豐新營,台船,23,0,23
兆豐新營,佳能,24,1,23
兆豐新營,台聚,22,0,22
兆豐新營,永豐金,22,0,22
兆豐新營,宏��,20,0,20
兆豐新營,聯成,16,0,16
兆豐新營,達邁,56,40,16
兆豐新營,南亞,25,9,16
兆豐新營,華夏,15,0,15
兆豐新營,台化,19,4,15
兆豐新營,鴻海,31,17,14
兆豐新營,欣興,15,1,14
兆豐新營,奇偶,14,0,14
兆豐新營,兆豐金,12,0,12
兆豐新營,亞光,16,4,12
兆豐新營,00878國泰永續高股息,14,2,12
兆豐新營,富喬,22,10,12
兆豐新營,昇陽半導體,14,2,12
兆豐新營,00858永豐美國500大,11,0,11
兆豐新營,亞聚,10,0,10
兆豐新營,台達化,10,0,10
兆豐新營,揚智,10,0,10
兆豐新營,達能,10,0,10
兆豐新營,00918大華優利高填息30,9,0,9
兆豐新營,00919群益台灣精選高息,9,0,9
兆豐新營,00900富邦特選高股息30,10,1,9
兆豐新營,00715L期街口布蘭特正2,9,0,9
兆豐新營,中鋼,11,3,8
兆豐新營,慧洋-KY,8,0,8
兆豐新營,新鉅科,8,0,8
兆豐新營,訊芯-KY,10,2,8
兆豐新營,新光金,20,12,8
兆豐新營,元大高股息,8,0,8
兆豐新營,華邦電,11,4,7
兆豐新營,南亞科,8,1,7
兆豐新營,第一金,8,1,7
兆豐新營,亞泰,7,0,7
兆豐新營,00753L中信中國50正2,16,10,6
兆豐新營,東聯,6,0,6
兆豐新營,裕隆,7,1,6
兆豐新營,海華,6,0,6
兆豐新營,泰鼎-KY,6,0,6
兆豐新營,寶成,6,0,6
兆豐新營,00980B台新特選IG債10+,0,160,-160
兆豐新營,00673R期元大S＆P原油反1,0,150,-150
兆豐新營,神達,50,102,-52
兆豐新營,力積電,45,96,-51
兆豐新營,大同,3,26,-23
兆豐新營,00773B中信優先金融債,0,20,-20
兆豐新營,台灣虎航,0,20,-20
兆豐新營,彰銀,0,19,-19
兆豐新營,立��,4,21,-17
兆豐新營,連展投控,0,16,-16
兆豐新營,泰金寶-DR,8,24,-16
兆豐新營,宏達電,8,24,-16
兆豐新營,中華,0,16,-16
兆豐新營,凱基金,0,13,-13
兆豐新營,欣銓,13,26,-13
兆豐新營,華南金,10,22,-12
兆豐新營,詮欣,0,12,-12
兆豐新營,國泰金,0,12,-12
兆豐新營,宏致,8,20,-12
兆豐新營,00937B群益ESG投等債20,1,13,-12
兆豐新營,新盛力,26,38,-12
兆豐新營,燿華,0,11,-11
兆豐新營,華航,0,11,-11
兆豐新營,台特化,2,13,-11
兆豐新營,矽格,1,12,-11
兆豐新營,00939統一台灣高息動能,0,10,-10
兆豐新營,華新,0,10,-10
兆豐新營,友訊,1,11,-10
兆豐新營,宏觀,0,10,-10
兆豐新營,華宏,0,10,-10
兆豐新營,中鴻,0,9,-9
兆豐新營,富采,1,9,-8
兆豐新營,國光生,0,8,-8
兆豐新營,浩鼎,4,12,-8
兆豐新營,事欣科,0,8,-8
兆豐新營,光鼎,0,8,-8
兆豐新營,合庫金,7,15,-8
兆豐新營,華城,1,8,-7
兆豐新營,00720B元大投資級公司債,0,7,-7
兆豐新營,冠軍,0,7,-7
兆豐新營,中信金,6,12,-6
兆豐新營,遠東新,0,6,-6
兆豐新營,精剛,1,7,-6
兆豐新營,智邦,0,6,-6
兆豐新營,華晶科,1,7,-6
兆豐新營,正文,0,6,-6
兆豐新營,明基材,0,6,-6
兆豐新營,亞翔,4,9,-5
兆豐新營,00949復華日本龍頭,0,5,-5
兆豐新營,00946群益科技高息成長,0,5,-5
統一仁愛  ,友訊,998,0,998
統一仁愛  ,擎亞,164,19,145
統一仁愛  ,宏達電,213,82,131
統一仁愛  ,新盛力,215,114,101
統一仁愛  ,岱宇,115,15,100
統一仁愛  ,元大金,100,0,100
統一仁愛  ,神達,118,27,91
統一仁愛  ,00953B群益優選非投等債,74,0,74
統一仁愛  ,台塑,76,8,68
統一仁愛  ,東華,60,0,60
統一仁愛  ,00637L元大滬深300正2,57,1,56
統一仁愛  ,00753L中信中國50正2,50,0,50
統一仁愛  ,亞翔,40,0,40
統一仁愛  ,00937B群益ESG投等債20,37,0,37
統一仁愛  ,南亞,46,12,34
統一仁愛  ,順達,59,29,30
統一仁愛  ,創惟,35,5,30
統一仁愛  ,鼎元,23,0,23
統一仁愛  ,漢來美食,19,0,19
統一仁愛  ,聰泰,16,0,16
統一仁愛  ,鈺太,17,1,16
統一仁愛  ,台揚,15,0,15
統一仁愛  ,上詮,15,0,15
統一仁愛  ,菱光,15,0,15
統一仁愛  ,華星光,63,48,15
統一仁愛  ,大綜,14,1,13
統一仁愛  ,誠美材,12,0,12
統一仁愛  ,00830國泰費城半導體,12,0,12
統一仁愛  ,伊雲谷,11,0,11
統一仁愛  ,00719B元大美債1-3,10,0,10
統一仁愛  ,00633L富邦上証正2,16,6,10
統一仁愛  ,昇陽半導體,28,18,10
統一仁愛  ,三商壽,9,0,9
統一仁愛  ,皇昌,10,1,9
統一仁愛  ,零壹,8,0,8
統一仁愛  ,立隆電,10,4,6
統一仁愛  ,訊芯-KY,13,7,6
統一仁愛  ,聯電,9,3,6
統一仁愛  ,元大高股息,6,0,6
統一仁愛  ,00655L國泰中國A50正2,6,1,5
統一仁愛  ,聯華,5,0,5
統一仁愛  ,歐買尬,7,2,5
統一仁愛  ,新應材,5,0,5
統一仁愛  ,泰金寶-DR,171,166,5
統一仁愛  ,京元電子,6,2,4
統一仁愛  ,緯創,6,2,4
統一仁愛  ,世界,4,0,4
統一仁愛  ,昇達科,5,2,3
統一仁愛  ,眾達-KY,22,19,3
統一仁愛  ,黑松,3,0,3
統一仁愛  ,亞光,79,183,-104
統一仁愛  ,陽明,2,31,-29
統一仁愛  ,中聯資源,0,25,-25
統一仁愛  ,一詮,0,20,-20
統一仁愛  ,新日興,0,17,-17
統一仁愛  ,星通,0,16,-16
統一仁愛  ,光洋科,0,15,-15
統一仁愛  ,台林,0,15,-15
統一仁愛  ,鴻海,4,15,-11
統一仁愛  ,欣銓,0,11,-11
統一仁愛  ,艾訊,4,14,-10
統一仁愛  ,晟鈦,18,26,-8
統一仁愛  ,大成鋼,0,8,-8
統一仁愛  ,00965元大航太防衛科技,0,7,-7
統一仁愛  ,聯合再生,0,7,-7
統一仁愛  ,事欣科,5,12,-7
統一仁愛  ,汎銓,2,9,-7
統一仁愛  ,AES-KY,1,8,-7
統一仁愛  ,全新,0,6,-6
統一仁愛  ,太普高,0,6,-6
統一仁愛  ,宏致,12,18,-6
統一仁愛  ,南茂,6,12,-6
統一仁愛  ,00685L群益臺灣加權正2,0,6,-6
統一仁愛  ,高鋒,2,7,-5
統一仁愛  ,00954中信日本半導體,0,5,-5
統一仁愛  ,00949復華日本龍頭,0,5,-5
統一仁愛  ,00926凱基全球菁英55,0,5,-5
統一仁愛  ,聯成,0,5,-5
統一仁愛  ,第一店,0,5,-5
統一仁愛  ,新光金,0,5,-5
統一仁愛  ,鳳凰,0,5,-5
統一仁愛  ,點序,0,5,-5
統一仁愛  ,宏全,0,5,-5
統一仁愛  ,景碩,1,6,-5
統一仁愛  ,熒茂,0,4,-4
統一仁愛  ,志強-KY,3,7,-4
統一仁愛  ,00923群益台ESG低碳50,0,4,-4
統一仁愛  ,台積電,2,6,-4
統一仁愛  ,亞泥,0,3,-3
統一仁愛  ,中石化,0,3,-3
統一仁愛  ,華航,0,3,-3
統一仁愛  ,僑威,0,3,-3
統一仁愛  ,前鼎,1,4,-3
統一仁愛  ,力積電,8,11,-3
統一仁愛  ,高力,0,3,-3
統一仁愛  ,00909國泰數位支付服務,0,3,-3
統一仁愛  ,00935野村臺灣新科技50,0,2,-2
統一仁愛  ,台達電,3,6,-3
統一仁愛  ,精成科,1,3,-2
統一仁愛  ,迅得,4,6,-2
富邦高雄,00637L元大滬深300正2,279,30,249
富邦高雄,00795B中信美國公債20年,131,1,130
富邦高雄,聯電,160,32,128
富邦高雄,00753L中信中國50正2,127,23,104
富邦高雄,和椿,116,14,102
富邦高雄,00632R元大台灣50反1,103,4,99
富邦高雄,台泥,110,21,89
富邦高雄,00671R富邦NASDAQ反1,86,0,86
富邦高雄,00882中信中國高股息,85,0,85
富邦高雄,眾達-KY,112,52,60
富邦高雄,志強-KY,64,5,59
富邦高雄,台塑,68,20,48
富邦高雄,長虹,40,0,40
富邦高雄,亞光,49,15,34
富邦高雄,湧德,32,2,30
富邦高雄,立隆電,125,95,30
富邦高雄,元大高股息,41,14,27
富邦高雄,連展投控,27,0,27
富邦高雄,新建,28,1,27
富邦高雄,波若威,72,48,24
富邦高雄,台特化,43,20,23
富邦高雄,能率網通,21,0,21
富邦高雄,中石化,21,0,21
富邦高雄,日勝生,20,0,20
富邦高雄,00958B永豐ESG銀行債15,20,0,20
富邦高雄,00917中信特選金融,20,0,20
富邦高雄,誠美材,20,0,20
富邦高雄,立��,59,40,19
富邦高雄,00673R期元大S＆P原油反1,20,2,18
富邦高雄,00960野村全球航運龍頭,19,2,17
富邦高雄,00878國泰永續高股息,27,10,17
富邦高雄,台灣大,16,0,16
富邦高雄,勤美,16,0,16
富邦高雄,展達,20,4,16
富邦高雄,宏和,16,0,16
富邦高雄,嘉聯益,16,0,16
富邦高雄,00638R元大滬深300反1,16,0,16
富邦高雄,台化,29,13,16
富邦高雄,圓剛,29,13,16
富邦高雄,大成鋼,42,27,15
富邦高雄,新產,14,0,14
富邦高雄,富強鑫,14,0,14
富邦高雄,擎亞,56,42,14
富邦高雄,00933B國泰10Y+金融債,24,11,13
富邦高雄,緯創,37,24,13
富邦高雄,00924復華S＆P500成長,14,1,13
富邦高雄,欣興,13,1,12
富邦高雄,威盛,12,0,12
富邦高雄,華邦電,11,0,11
富邦高雄,00687B國泰20年美債,12,1,11
富邦高雄,麗清,0,112,-112
富邦高雄,00929復華台灣科技優息,2,109,-107
富邦高雄,00980B台新特選IG債10+,0,106,-106
富邦高雄,東聯,0,100,-100
富邦高雄,00940元大台灣價值高息,1,92,-91
富邦高雄,00919群益台灣精選高息,87,171,-84
富邦高雄,00904新光臺灣半導體30,0,82,-82
富邦高雄,00725B國泰投資級公司債,15,90,-75
富邦高雄,00665L富邦�琤肭磪囓�2,18,87,-69
富邦高雄,00965元大航太防衛科技,0,63,-63
富邦高雄,00915凱基優選高股息30,13,74,-61
富邦高雄,新光金,10,67,-57
富邦高雄,欣銓,7,63,-56
富邦高雄,凱基金,3,52,-49
富邦高雄,華星光,96,142,-46
富邦高雄,00936台新永續高息中小,0,37,-37
富邦高雄,日月光投控,30,67,-37
富邦高雄,006208富邦台50,11,47,-36
富邦高雄,長榮航,17,52,-35
富邦高雄,00941中信上游半導體,0,31,-31
富邦高雄,00892富邦台灣半導體,0,31,-31
富邦高雄,華南金,1,31,-30
富邦高雄,00937B群益ESG投等債20,83,112,-29
富邦高雄,宏致,41,70,-29
富邦高雄,力積電,23,51,-28
富邦高雄,台積電,8,35,-27
富邦高雄,中華化,2,29,-27
富邦高雄,00881國泰台灣5G+,0,26,-26
富邦高雄,三商壽,17,43,-26
富邦高雄,富邦金,13,37,-24
富邦高雄,裕隆,3,27,-24
富邦高雄,大同,5,28,-23
富邦高雄,00909國泰數位支付服務,0,23,-23
富邦高雄,元晶,0,21,-21
富邦高雄,盛達,0,21,-21
富邦高雄,映泰,0,20,-20
富邦高雄,00905FT臺灣Smart,0,19,-19
富邦高雄,昇達科,6,24,-18
富邦高雄,全新,2,20,-18
富邦高雄,神達,110,127,-17
富邦高雄,南仁湖,1,18,-17
富邦高雄,群創,12,29,-17
富邦高雄,中纖,0,17,-17
富邦高雄,台達電,0,17,-17
富邦高雄,國泰金,4,20,-16
富邦高雄,新日興,5,21,-16
富邦高雄,訊舟,0,16,-16
富邦高雄,力成,14,30,-16
富邦高雄,中鋼,20,35,-15
富邦高雄,輔信,1,16,-15
 元大新生,佳能,42,1,41
 元大新生,立��,45,6,39
 元大新生,加百裕,39,1,38
 元大新生,00878國泰永續高股息,37,0,37
 元大新生,006208富邦台50,38,2,36
 元大新生,第一保,35,0,35
 元大新生,00891中信關鍵半導體,30,0,30
 元大新生,00905FT臺灣Smart,22,0,22
 元大新生,榮創,20,0,20
 元大新生,聯電,31,13,18
 元大新生,00688L國泰20年美債正2,13,0,13
 元大新生,欣興,13,0,13
 元大新生,宏達電,22,9,13
 元大新生,00924復華S＆P500成長,12,0,12
 元大新生,00637L元大滬深300正2,16,5,11
 元大新生,00882中信中國高股息,10,0,10
 元大新生,揚博,10,0,10
 元大新生,興富發,9,0,9
 元大新生,00909國泰數位支付服務,9,1,8
 元大新生,南亞,8,0,8
 元大新生,鴻海,10,3,7
 元大新生,緯創,7,0,7
 元大新生,00770國泰北美科技,7,0,7
 元大新生,光寶科,10,3,7
 元大新生,宏��,7,0,7
 元大新生,僑威,9,2,7
 元大新生,盟立,6,0,6
 元大新生,萬海,6,0,6
 元大新生,元大台灣50,6,1,5
 元大新生,00664R國泰臺灣加權反1,5,0,5
 元大新生,永光,5,0,5
 元大新生,皇昌,5,0,5
 元大新生,松上,9,4,5
 元大新生,幃翔,5,0,5
 元大新生,長華*,5,0,5
 元大新生,濱川,4,0,4
 元大新生,裕隆,6,2,4
 元大新生,金寶,4,0,4
 元大新生,00858永豐美國500大,3,0,3
 元大新生,鴻華先進-創,3,0,3
 元大新生,星宇航空,4,1,3
 元大新生,新光金,5,2,3
 元大新生,智易,3,0,3
 元大新生,緯軟,3,0,3
 元大新生,環宇-KY,23,20,3
 元大新生,百和,3,0,3
 元大新生,華碩,5,2,3
 元大新生,00921兆豐龍頭等權重,2,0,2
 元大新生,和大,2,0,2
 元大新生,華新,2,0,2
 元大新生,00965元大航太防衛科技,1,146,-145
 元大新生,00881國泰台灣5G+,0,112,-112
 元大新生,英業達,5,91,-86
 元大新生,神達,26,97,-71
 元大新生,台化,8,65,-57
 元大新生,台塑化,0,50,-50
 元大新生,前鼎,0,47,-47
 元大新生,力積電,14,53,-39
 元大新生,新日興,0,33,-33
 元大新生,台灣虎航,5,38,-33
 元大新生,耿鼎,0,30,-30
 元大新生,臺企銀,0,30,-30
 元大新生,00927群益半導體收益,0,28,-28
 元大新生,欣銓,7,28,-21
 元大新生,奇鋐,0,20,-20
 元大新生,00922國泰台灣領袖50,0,20,-20
 元大新生,堤維西,1,21,-20
 元大新生,旺宏,0,19,-19
 元大新生,00940元大台灣價值高息,2,20,-18
 元大新生,00912中信臺灣智慧50,0,15,-15
 元大新生,冠軍,0,13,-13
 元大新生,波若威,16,28,-12
 元大新生,長榮,1,11,-10
 元大新生,尼克森,0,10,-10
 元大新生,佳邦,0,10,-10
 元大新生,森崴能源,0,10,-10
 元大新生,00680L元大美債20正2,1,10,-9
 元大新生,再生-KY,0,9,-9
 元大新生,緯穎,41,50,-9
 元大新生,00722B群益投資級電信債,0,8,-8
 元大新生,宜進,0,8,-8
 元大新生,泰金寶-DR,3,11,-8
 元大新生,玉山金,0,7,-7
 元大新生,中美晶,0,7,-7
 元大新生,立敦,5,12,-7
 元大新生,華星光,5,11,-6
 元大新生,神基,0,6,-6
 元大新生,晟鈦,0,6,-6
 元大新生,群創,0,6,-6
 元大新生,上海商銀,0,6,-6
 元大新生,浪凡,2,8,-6
 元大新生,泰福-KY,0,6,-6
 元大新生,台達電,0,6,-6
 元大新生,國泰金,1,6,-5
 元大新生,00939統一台灣高息動能,0,5,-5
 元大新生,泰山,0,5,-5
 元大新生,東元,0,5,-5
 元大新生,台船,0,5,-5
 元大新生,亞航,0,5,-5
 元大新生,華晶科,0,5,-5
京城,中信金,1002,0,1002
京城,00937B群益ESG投等債20,100,0,100
京城,三商壽,81,2,79
京城,宏捷科,70,0,70
京城,聯電,64,0,64
京城,緯創,109,63,46
京城,2838A聯邦銀甲特,35,0,35
京城,宏達電,45,13,32
京城,3036A文曄甲特,28,0,28
京城,玉山金,30,5,25
京城,力積電,25,1,24
京城,中鋼,21,0,21
京城,東陽,30,10,20
京城,元大高股息,20,2,18
京城,榮剛,15,0,15
京城,全新,13,0,13
京城,00632R元大台灣50反1,12,0,12
京城,晶彩科,12,0,12
京城,台積電,17,5,12
京城,兆豐金,12,0,12
京城,和碩,11,0,11
京城,台泥,10,0,10
京城,仲琦,10,0,10
京城,宏盛,10,0,10
京城,新日興,10,0,10
京城,國光生,10,0,10
京城,高鋒,10,0,10
京城,前鼎,12,2,10
京城,致伸,10,0,10
京城,佶優,10,0,10
京城,高端疫苗,10,0,10
京城,神達,99,90,9
京城,中興電,11,2,9
京城,華星光,17,8,9
京城,訊芯-KY,10,1,9
京城,連展投控,9,1,8
京城,鈞興-KY,6,0,6
京城,00706L期元大S＆P日圓正2,6,0,6
京城,濱川,5,0,5
京城,00713元大台灣高息低波,5,0,5
京城,臺企銀,5,0,5
京城,昇達科,9,4,5
京城,廣運,5,0,5
京城,康舒,5,0,5
京城,長華*,5,0,5
京城,00878國泰永續高股息,5,1,4
京城,欣興,8,4,4
京城,立敦,6,2,4
京城,00935野村臺灣新科技50,3,0,3
京城,上銀,3,0,3
京城,新光金,0,532,-532
京城,聯亞,0,91,-91
京城,光頡,0,70,-70
京城,泰金寶-DR,3,50,-47
京城,國泰金,0,39,-39
京城,富喬,0,27,-27
京城,神基,0,23,-23
京城,00648R元大S＆P500反1,0,20,-20
京城,欣銓,1,21,-20
京城,世德,0,18,-18
京城,台灣虎航,1,19,-18
京城,國碩,0,15,-15
京城,達邁,14,29,-15
京城,大同,2,16,-14
京城,長榮航,1,14,-13
京城,00830國泰費城半導體,1,12,-11
京城,和大,0,10,-10
京城,智邦,2,12,-10
京城,凱基金,0,10,-10
京城,精金,0,10,-10
京城,波若威,4,14,-10
京城,啟��,0,10,-10
京城,元晶,0,10,-10
京城,富強鑫,0,10,-10
京城,廣積,0,10,-10
京城,富邦金,18,27,-9
京城,圓剛,2,11,-9
京城,立��,1,9,-8
京城,華城,2,9,-7
京城,佳格,0,6,-6
京城,台達電,0,6,-6
京城,華新,0,6,-6
京城,00640L富邦日本正2,0,6,-6
京城,新盛力,3,9,-6
京城,世芯-KY,0,5,-5
京城,台光電,0,5,-5
京城,貿聯-KY,2,7,-5
京城,華研,0,5,-5
京城,晟銘電,0,4,-4
京城,聚亨,0,4,-4
京城,大成鋼,0,4,-4
京城,農林,0,4,-4
京城,光環,1,5,-4
京城,亞翔,2,6,-4
京城,華碩,0,3,-3
京城,東隆興,0,3,-3
京城,00895富邦未來車,0,3,-3
京城,味全,0,3,-3
京城,台揚,1,4,-3
京城,鴻準,0,3,-3
統一士林  ,新光金,205,3,202
統一士林  ,00891中信關鍵半導體,130,0,130
統一士林  ,00882中信中國高股息,115,5,110
統一士林  ,00637L元大滬深300正2,72,5,67
統一士林  ,正達,51,2,49
統一士林  ,聯電,60,17,43
統一士林  ,商億-KY,36,1,35
統一士林  ,泰金寶-DR,70,35,35
統一士林  ,東聯,30,0,30
統一士林  ,彰銀,30,0,30
統一士林  ,中華,33,3,30
統一士林  ,00688L國泰20年美債正2,30,4,26
統一士林  ,欣銓,106,85,21
統一士林  ,華東,20,0,20
統一士林  ,長華*,20,0,20
統一士林  ,TPK-KY,20,0,20
統一士林  ,00671R富邦NASDAQ反1,20,0,20
統一士林  ,五福,25,5,20
統一士林  ,達興材料,23,4,19
統一士林  ,零壹,51,32,19
統一士林  ,00919群益台灣精選高息,18,0,18
統一士林  ,00664R國泰臺灣加權反1,18,0,18
統一士林  ,00633L富邦上証正2,17,0,17
統一士林  ,驊訊,16,0,16
統一士林  ,00951台新日本半導體,15,0,15
統一士林  ,達邁,106,92,14
統一士林  ,00858永豐美國500大,13,0,13
統一士林  ,00937B群益ESG投等債20,13,0,13
統一士林  ,宏致,72,59,13
統一士林  ,00725B國泰投資級公司債,13,1,12
統一士林  ,日月光投控,13,2,11
統一士林  ,第一保,11,0,11
統一士林  ,中鋼,10,0,10
統一士林  ,德晉,10,0,10
統一士林  ,00687B國泰20年美債,20,10,10
統一士林  ,皇昌,18,8,10
統一士林  ,世紀,18,9,9
統一士林  ,台特化,10,1,9
統一士林  ,00719B元大美債1-3,9,0,9
統一士林  ,美時,11,3,8
統一士林  ,欣興,9,2,7
統一士林  ,昇陽半導體,12,5,7
統一士林  ,00679B元大美債20年,7,0,7
統一士林  ,網家,7,0,7
統一士林  ,兆勁,7,0,7
統一士林  ,00713元大台灣高息低波,7,0,7
統一士林  ,亞光,11,5,6
統一士林  ,華盈,6,0,6
統一士林  ,濱川,6,0,6
統一士林  ,訊達,9,3,6
統一士林  ,台泥,0,1151,-1151
統一士林  ,神達,176,345,-169
統一士林  ,友達,1,136,-135
統一士林  ,康和證,0,82,-82
統一士林  ,宏達電,191,241,-50
統一士林  ,華航,0,43,-43
統一士林  ,力積電,21,60,-39
統一士林  ,時碩工業,5,42,-37
統一士林  ,00881國泰台灣5G+,0,32,-32
統一士林  ,駿吉-KY,0,31,-31
統一士林  ,凱基金,1,31,-30
統一士林  ,廣宇,6,36,-30
統一士林  ,00952凱基台灣AI50,0,26,-26
統一士林  ,00712復華富時不動產,0,26,-26
統一士林  ,00632R元大台灣50反1,1,25,-24
統一士林  ,00864B中信美國公債0-1,0,20,-20
統一士林  ,華邦電,0,19,-19
統一士林  ,寶成,0,19,-19
統一士林  ,中興電,21,40,-19
統一士林  ,慧友,0,18,-18
統一士林  ,00877復華中國5G,0,18,-18
統一士林  ,友訊,0,17,-17
統一士林  ,00929復華台灣科技優息,0,17,-17
統一士林  ,凌巨,0,13,-13
統一士林  ,巧新,0,13,-13
統一士林  ,台康生技,0,12,-12
統一士林  ,華新,0,11,-11
統一士林  ,國泰金,0,11,-11
統一士林  ,群創,3,13,-10
統一士林  ,中信金,0,10,-10
統一士林  ,慶豐富,0,10,-10
統一士林  ,00941中信上游半導體,0,10,-10
統一士林  ,00940元大台灣價值高息,6,15,-9
統一士林  ,台達電,0,9,-9
統一士林  ,台達化,0,9,-9
統一士林  ,00830國泰費城半導體,0,9,-9
統一士林  ,常珵,0,9,-9
統一士林  ,立端,1,9,-8
統一士林  ,00675L富邦臺灣加權正2,1,8,-7
統一士林  ,精誠,5,12,-7
統一士林  ,元晶,0,7,-7
統一士林  ,華星光,32,39,-7
統一士林  ,彩晶,0,6,-6
統一士林  ,華通,0,6,-6
統一士林  ,長榮航,4,10,-6
統一士林  ,康霈*,2,8,-6
統一士林  ,玉晶光,2,8,-6
統一士林  ,眾達-KY,42,47,-5
統一士林  ,愛普*,6,11,-5
統一士林  ,台積電,11,16,-5
華南豐原,群創,281,1,280
華南豐原,00918大華優利高填息30,102,0,102
華南豐原,00632R元大台灣50反1,84,0,84
華南豐原,聯電,85,17,68
華南豐原,冠軍,82,19,63
華南豐原,台聚,60,2,58
華南豐原,安勤,32,0,32
華南豐原,鑫聯大投控,30,0,30
華南豐原,亞光,232,205,27
華南豐原,矽統,25,1,24
華南豐原,泰金寶-DR,27,4,23
華南豐原,正崴,22,0,22
華南豐原,00924復華S＆P500成長,20,0,20
華南豐原,陽程,20,0,20
華南豐原,恩德,20,0,20
華南豐原,華邦電,18,0,18
華南豐原,仲琦,12,0,12
華南豐原,新光金,13,1,12
華南豐原,合庫金,12,1,11
華南豐原,中興電,11,1,10
華南豐原,廣達,12,2,10
華南豐原,金寶,12,2,10
華南豐原,台塑,11,1,10
華南豐原,00680L元大美債20正2,10,0,10
華南豐原,榮成,10,0,10
華南豐原,正德,10,0,10
華南豐原,辛耘,10,0,10
華南豐原,立敦,16,6,10
華南豐原,采鈺,9,0,9
華南豐原,00679B元大美債20年,8,0,8
華南豐原,云辰,8,0,8
華南豐原,海華,8,0,8
華南豐原,連展投控,10,2,8
華南豐原,英業達,12,5,7
華南豐原,台燿,7,0,7
華南豐原,元大高股息,8,2,6
華南豐原,00882中信中國高股息,6,0,6
華南豐原,英濟,11,5,6
華南豐原,松瑞藥,6,0,6
華南豐原,長榮,9,4,5
華南豐原,康和證,10,5,5
華南豐原,力成,5,0,5
華南豐原,00980B台新特選IG債10+,5,0,5
華南豐原,00960野村全球航運龍頭,5,0,5
華南豐原,富野,6,1,5
華南豐原,欣興,7,2,5
華南豐原,百和興業-KY,5,0,5
華南豐原,00665L富邦�琤肭磪囓�2,4,0,4
華南豐原,00910第一金太空衛星,7,3,4
華南豐原,華通,5,1,4
華南豐原,彰銀,0,210,-210
華南豐原,國際中橡,0,180,-180
華南豐原,中鋼,13,132,-119
華南豐原,00919群益台灣精選高息,2,101,-99
華南豐原,00637L元大滬深300正2,20,110,-90
華南豐原,凱基金,0,74,-74
華南豐原,中美晶,3,55,-52
華南豐原,華南金,0,36,-36
華南豐原,00965元大航太防衛科技,1,30,-29
華南豐原,台塑化,0,26,-26
華南豐原,京元電子,18,43,-25
華南豐原,友達,1,26,-25
華南豐原,零壹,0,23,-23
華南豐原,富華新,0,23,-23
華南豐原,00915凱基優選高股息30,1,23,-22
華南豐原,力積電,1,22,-21
華南豐原,00929復華台灣科技優息,0,21,-21
華南豐原,富爾特,0,19,-19
華南豐原,國泰金,0,16,-16
華南豐原,台特化,8,20,-12
華南豐原,仁寶,0,11,-11
華南豐原,台苯,0,10,-10
華南豐原,東元,0,10,-10
華南豐原,新鋼,0,10,-10
華南豐原,聯陽,0,10,-10
華南豐原,欣銓,1,11,-10
華南豐原,新復興,0,10,-10
華南豐原,興能高,11,21,-10
華南豐原,立德,0,10,-10
華南豐原,台積電,0,10,-10
華南豐原,光寶科,0,9,-9
華南豐原,玉山金,0,9,-9
華南豐原,神基,0,9,-9
華南豐原,建漢,4,13,-9
華南豐原,國統,2,11,-9
華南豐原,台火,0,9,-9
華南豐原,宏達電,39,48,-9
華南豐原,00940元大台灣價值高息,0,8,-8
華南豐原,菱生,0,8,-8
華南豐原,鴻海,2,9,-7
華南豐原,星宇航空,0,7,-7
華南豐原,正隆,0,7,-7
華南豐原,金橋,0,7,-7
華南豐原,亞泥,0,6,-6
華南豐原,華城,1,7,-6
華南豐原,揚智,0,6,-6
華南豐原,事欣科,0,6,-6
華南豐原,聯茂,0,6,-6
華南豐原,亞翔,1,7,-6
華南豐原,幸福,0,5,-5
康和嘉義,00637L元大滬深300正2,408,68,340
康和嘉義,聯電,77,5,72
康和嘉義,南亞,61,2,59
康和嘉義,益航,50,0,50
康和嘉義,南僑,42,0,42
康和嘉義,大成鋼,55,20,35
康和嘉義,遠東銀,35,0,35
康和嘉義,新盛力,155,120,35
康和嘉義,元大高股息,37,3,34
康和嘉義,00887永豐中國科技50大,30,0,30
康和嘉義,勝昱,30,0,30
康和嘉義,緯創,46,18,28
康和嘉義,中鋼,28,1,27
康和嘉義,玉晶光,26,0,26
康和嘉義,00959B大華投等美債15Y+,20,0,20
康和嘉義,群創,72,54,18
康和嘉義,南亞科,17,0,17
康和嘉義,事欣科,17,2,15
康和嘉義,鳳凰,15,0,15
康和嘉義,南茂,71,56,15
康和嘉義,啟��,13,1,12
康和嘉義,系統電,15,4,11
康和嘉義,廣達,18,7,11
康和嘉義,宏��,61,50,11
康和嘉義,國產,10,0,10
康和嘉義,全球傳動,11,1,10
康和嘉義,晟田,10,0,10
康和嘉義,合晶,10,0,10
康和嘉義,耿鼎,8,0,8
康和嘉義,金寶,23,15,8
康和嘉義,揚明光,8,0,8
康和嘉義,松瑞藥,8,0,8
康和嘉義,福懋科,8,0,8
康和嘉義,中石化,10,3,7
康和嘉義,富野,10,3,7
康和嘉義,信立,7,0,7
康和嘉義,和椿,35,28,7
康和嘉義,GIS-KY,7,0,7
康和嘉義,皇昌,27,20,7
康和嘉義,00631L元大台灣50正2,8,1,7
康和嘉義,台玻,6,0,6
康和嘉義,昆盈,7,1,6
康和嘉義,兆勁,10,4,6
康和嘉義,台新金,6,0,6
康和嘉義,永邑-KY,6,0,6
康和嘉義,中光電,12,6,6
康和嘉義,力積電,14,8,6
康和嘉義,00911兆豐洲際半導體,5,0,5
康和嘉義,長興,5,0,5
康和嘉義,台揚,5,0,5
康和嘉義,寶成,4,302,-298
康和嘉義,宏致,16,217,-201
康和嘉義,第一保,5,68,-63
康和嘉義,00733富邦臺灣中小,0,61,-61
康和嘉義,00715L期街口布蘭特正2,0,50,-50
康和嘉義,00940元大台灣價值高息,2,42,-40
康和嘉義,00885富邦越南,0,40,-40
康和嘉義,英業達,4,42,-38
康和嘉義,華經,0,30,-30
康和嘉義,興能高,96,126,-30
康和嘉義,00679B元大美債20年,0,30,-30
康和嘉義,連展投控,1,30,-29
康和嘉義,宏達電,42,70,-28
康和嘉義,國泰金,0,28,-28
康和嘉義,彰銀,0,21,-21
康和嘉義,00954中信日本半導體,0,20,-20
康和嘉義,富喬,17,37,-20
康和嘉義,神達,32,51,-19
康和嘉義,華新,1,20,-19
康和嘉義,惠特,0,19,-19
康和嘉義,廣宇,2,19,-17
康和嘉義,金居,1,18,-17
康和嘉義,高鋒,5,21,-16
康和嘉義,環宇-KY,27,43,-16
康和嘉義,波若威,26,40,-14
康和嘉義,00937B群益ESG投等債20,5,18,-13
康和嘉義,台聚,14,27,-13
康和嘉義,台產,0,13,-13
康和嘉義,伍豐,1,14,-13
康和嘉義,東聯,0,12,-12
康和嘉義,台積電,4,16,-12
康和嘉義,堤維西,3,14,-11
康和嘉義,上銀,12,23,-11
康和嘉義,00919群益台灣精選高息,2,13,-11
康和嘉義,凱基金,1,11,-10
康和嘉義,00888永豐台灣ESG,0,10,-10
康和嘉義,00898國泰基因免疫革命,0,10,-10
康和嘉義,橋椿,1,11,-10
康和嘉義,弘凱,22,32,-10
康和嘉義,華容,0,10,-10
康和嘉義,達方,0,10,-10
康和嘉義,邦泰,0,10,-10
康和嘉義,國統,0,10,-10
康和嘉義,國巨,1,11,-10
康和嘉義,亞翔,3,12,-9
康和嘉義,台化,2,11,-9
康和嘉義,大亞,0,9,-9
康和嘉義,聯鈞,13,22,-9
康和嘉義,中磊,1,10,-9
康和嘉義,精華,0,8,-8
富邦樹林,00937B群益ESG投等債20,320,93,227
富邦樹林,00688L國泰20年美債正2,92,0,92
富邦樹林,聯電,123,42,81
富邦樹林,00980B台新特選IG債10+,100,37,63
富邦樹林,00878國泰永續高股息,60,1,59
富邦樹林,00632R元大台灣50反1,56,0,56
富邦樹林,00919群益台灣精選高息,50,0,50
富邦樹林,00881國泰台灣5G+,37,0,37
富邦樹林,中鋼,41,8,33
富邦樹林,00679B元大美債20年,32,0,32
富邦樹林,達邁,69,42,27
富邦樹林,00753L中信中國50正2,27,0,27
富邦樹林,金寶,33,8,25
富邦樹林,緯創,26,3,23
富邦樹林,台虹,22,0,22
富邦樹林,00637L元大滬深300正2,22,0,22
富邦樹林,玉山金,24,3,21
富邦樹林,立敦,63,42,21
富邦樹林,00665L富邦�琤肭磪囓�2,20,0,20
富邦樹林,光環,21,1,20
富邦樹林,力成,40,20,20
富邦樹林,群創,44,25,19
富邦樹林,連展投控,21,2,19
富邦樹林,英業達,31,13,18
富邦樹林,00713元大台灣高息低波,20,2,18
富邦樹林,台塑,20,2,18
富邦樹林,00631L元大台灣50正2,15,1,14
富邦樹林,聯鈞,43,30,13
富邦樹林,台船,13,0,13
富邦樹林,華邦電,15,3,12
富邦樹林,再生-KY,16,4,12
富邦樹林,金像電,15,4,11
富邦樹林,威盛,15,4,11
富邦樹林,南茂,12,1,11
富邦樹林,聯華,10,0,10
富邦樹林,00671R富邦NASDAQ反1,10,0,10
富邦樹林,晶彩科,12,2,10
富邦樹林,00669R國泰美國道瓊反1,10,0,10
富邦樹林,仁寶,10,1,9
富邦樹林,南亞科,11,2,9
富邦樹林,永崴投控,12,3,9
富邦樹林,00910第一金太空衛星,8,0,8
富邦樹林,大銀微系統,21,13,8
富邦樹林,廣運,7,0,7
富邦樹林,00918大華優利高填息30,7,0,7
富邦樹林,矽統,7,0,7
富邦樹林,旺宏,11,4,7
富邦樹林,華新科,7,0,7
富邦樹林,00933B國泰10Y+金融債,7,0,7
富邦樹林,兆豐金,7,0,7
富邦樹林,00929復華台灣科技優息,0,97,-97
富邦樹林,00948B中信優息投資級債,11,100,-89
富邦樹林,欣興,18,102,-84
富邦樹林,00905FT臺灣Smart,2,80,-78
富邦樹林,宏齊,4,80,-76
富邦樹林,00922國泰台灣領袖50,15,85,-70
富邦樹林,力積電,22,85,-63
富邦樹林,00935野村臺灣新科技50,0,57,-57
富邦樹林,神達,72,123,-51
富邦樹林,台化,9,59,-50
富邦樹林,燿華,15,54,-39
富邦樹林,00715L期街口布蘭特正2,1,40,-39
富邦樹林,陽明,4,42,-38
富邦樹林,友達,14,52,-38
富邦樹林,00939統一台灣高息動能,0,35,-35
富邦樹林,台積電,4,36,-32
富邦樹林,寶得利,0,31,-31
富邦樹林,00891中信關鍵半導體,1,30,-29
富邦樹林,00940元大台灣價值高息,7,36,-29
富邦樹林,大同,2,26,-24
富邦樹林,醣聯,0,21,-21
富邦樹林,聯成,22,42,-20
富邦樹林,泰金寶-DR,51,70,-19
富邦樹林,006208富邦台50,1,19,-18
富邦樹林,亞翔,0,17,-17
富邦樹林,廣宇,0,16,-16
富邦樹林,00960野村全球航運龍頭,2,18,-16
富邦樹林,長榮,1,16,-15
富邦樹林,菱生,0,15,-15
富邦樹林,台肥,0,15,-15
富邦樹林,華容,5,18,-13
富邦樹林,圓剛,1,13,-12
富邦樹林,南港,0,12,-12
富邦樹林,00926凱基全球菁英55,0,12,-12
富邦樹林,新日興,4,15,-11
富邦樹林,華星光,21,32,-11
富邦樹林,00692富邦公司治理,0,11,-11
富邦樹林,元大高股息,24,35,-11
富邦樹林,華友聯,0,10,-10
富邦樹林,00896中信綠能及電動車,0,10,-10
富邦樹林,00725B國泰投資級公司債,0,10,-10
富邦樹林,中石化,10,20,-10
富邦樹林,東聯,0,10,-10
富邦樹林,00664R國泰臺灣加權反1,0,10,-10
富邦樹林,國票金,0,10,-10
富邦樹林,長佳智能,0,10,-10
富邦樹林,亞光,7,17,-10
富邦樹林,日月光投控,0,9,-9
富邦樹林,台灣虎航,2,11,-9
富邦樹林,友訊,2,11,-9
群益基隆,泰金寶-DR,720,0,720
群益基隆,統一,52,0,52
群益基隆,聯電,47,2,45
群益基隆,群益證,47,7,40
群益基隆,00830國泰費城半導體,32,0,32
群益基隆,南僑,31,0,31
群益基隆,敬鵬,30,0,30
群益基隆,龍德造船,34,4,30
群益基隆,亞航,25,0,25
群益基隆,緯創,28,5,23
群益基隆,00680L元大美債20正2,23,1,22
群益基隆,00753L中信中國50正2,20,0,20
群益基隆,安瑞-KY,18,0,18
群益基隆,00941中信上游半導體,26,10,16
群益基隆,立��,32,16,16
群益基隆,00919群益台灣精選高息,12,0,12
群益基隆,00953B群益優選非投等債,12,0,12
群益基隆,華邦電,13,2,11
群益基隆,台船,10,0,10
群益基隆,中鋼,10,0,10
群益基隆,揚智,10,0,10
群益基隆,立敦,23,13,10
群益基隆,悅城,10,0,10
群益基隆,00937B群益ESG投等債20,10,1,9
群益基隆,00665L富邦�琤肭磪囓�2,9,0,9
群益基隆,光環,8,0,8
群益基隆,旭品,8,0,8
群益基隆,南仁湖,8,1,7
群益基隆,國際中橡,7,0,7
群益基隆,佰鴻,7,0,7
群益基隆,南茂,10,3,7
群益基隆,新光金,7,0,7
群益基隆,00673R期元大S＆P原油反1,5,0,5
群益基隆,信立,5,0,5
群益基隆,今國光,5,0,5
群益基隆,興能高,44,39,5
群益基隆,華新,5,1,4
群益基隆,凌通,4,0,4
群益基隆,00675L富邦臺灣加權正2,6,3,3
群益基隆,00679B元大美債20年,3,0,3
群益基隆,京元電子,3,0,3
群益基隆,統一超,3,0,3
群益基隆,00917中信特選金融,3,0,3
群益基隆,00773B中信優先金融債,3,0,3
群益基隆,00720B元大投資級公司債,3,0,3
群益基隆,精元,3,0,3
群益基隆,全新,4,1,3
群益基隆,元大金,3,0,3
群益基隆,精材,6,3,3
群益基隆,世禾,3,0,3
群益基隆,00980B台新特選IG債10+,0,295,-295
群益基隆,英業達,3,47,-44
群益基隆,力積電,12,54,-42
群益基隆,國泰金,0,27,-27
群益基隆,神達,87,112,-25
群益基隆,亞翔,4,25,-21
群益基隆,新華,1,21,-20
群益基隆,台揚,0,18,-18
群益基隆,大同,2,19,-17
群益基隆,00936台新永續高息中小,0,16,-16
群益基隆,裕融,0,14,-14
群益基隆,00712復華富時不動產,0,14,-14
群益基隆,富邦金,3,16,-13
群益基隆,光寶科,0,11,-11
群益基隆,威盛,0,11,-11
群益基隆,元晶,0,11,-11
群益基隆,00905FT臺灣Smart,0,10,-10
群益基隆,普安,0,10,-10
群益基隆,順達,14,24,-10
群益基隆,富采,0,10,-10
群益基隆,福邦證,0,10,-10
群益基隆,元大台灣50,0,9,-9
群益基隆,中信金,3,12,-9
群益基隆,00929復華台灣科技優息,0,8,-8
群益基隆,波若威,12,20,-8
群益基隆,00940元大台灣價值高息,1,9,-8
群益基隆,群創,4,11,-7
群益基隆,鴻海,5,12,-7
群益基隆,雷虎,3,9,-6
群益基隆,富喬,5,11,-6
群益基隆,全球傳動,3,9,-6
群益基隆,建達,0,6,-6
群益基隆,飛捷,0,5,-5
群益基隆,00891中信關鍵半導體,0,5,-5
群益基隆,00885富邦越南,0,5,-5
群益基隆,00923群益台ESG低碳50,0,5,-5
群益基隆,楠梓電,0,5,-5
群益基隆,科風,0,5,-5
群益基隆,炎洲,0,5,-5
群益基隆,元翎,0,5,-5
群益基隆,和碩,0,5,-5
群益基隆,宏達電,38,43,-5
群益基隆,欣銓,14,18,-4
群益基隆,友達,3,7,-4
群益基隆,海華,1,5,-4
群益基隆,006208富邦台50,0,4,-4
群益基隆,宏致,6,9,-3
群益基隆,00951台新日本半導體,0,3,-3
群益基隆,00934中信成長高股息,0,3,-3
群益基隆,福懋,0,3,-3
群益宜蘭,00637L元大滬深300正2,66,20,46
群益宜蘭,聯電,66,28,38
群益宜蘭,力積電,77,42,35
群益宜蘭,鴻海,55,26,29
群益宜蘭,友勁,24,0,24
群益宜蘭,士電,21,1,20
群益宜蘭,順達,23,3,20
群益宜蘭,00753L中信中國50正2,27,12,15
群益宜蘭,世界,13,0,13
群益宜蘭,聯鈞,31,18,13
群益宜蘭,欣興,14,1,13
群益宜蘭,00632R元大台灣50反1,21,10,11
群益宜蘭,立敦,14,3,11
群益宜蘭,加百裕,39,29,10
群益宜蘭,00650L復華香港正2,14,4,10
群益宜蘭,00972野村日本動能高息,10,0,10
群益宜蘭,第一金,10,0,10
群益宜蘭,新漢,13,3,10
群益宜蘭,聯昌,9,0,9
群益宜蘭,晟銘電,12,3,9
群益宜蘭,00927群益半導體收益,7,1,6
群益宜蘭,00665L富邦�琤肭磪囓�2,16,10,6
群益宜蘭,00687B國泰20年美債,6,0,6
群益宜蘭,亞光,7,1,6
群益宜蘭,大同,5,0,5
群益宜蘭,聯華,5,0,5
群益宜蘭,新建,5,0,5
群益宜蘭,今皓,5,0,5
群益宜蘭,京元電子,4,0,4
群益宜蘭,00830國泰費城半導體,4,0,4
群益宜蘭,00762元大全球AI,5,1,4
群益宜蘭,所羅門,4,0,4
群益宜蘭,昆盈,5,1,4
群益宜蘭,今國光,4,0,4
群益宜蘭,陽明,22,18,4
群益宜蘭,喬福,3,0,3
群益宜蘭,大成鋼,4,1,3
群益宜蘭,金寶,13,10,3
群益宜蘭,聯強,3,0,3
群益宜蘭,裕民,3,0,3
群益宜蘭,中再保,3,0,3
群益宜蘭,晶豪科,3,0,3
群益宜蘭,大銀微系統,3,0,3
群益宜蘭,新盛力,42,39,3
群益宜蘭,合庫金,3,0,3
群益宜蘭,雷科,3,0,3
群益宜蘭,正基,4,1,3
群益宜蘭,00919群益台灣精選高息,2,0,2
群益宜蘭,00858永豐美國500大,2,0,2
群益宜蘭,海悅,2,0,2
群益宜蘭,00706L期元大S＆P日圓正2,30,499,-469
群益宜蘭,00980B台新特選IG債10+,0,76,-76
群益宜蘭,00929復華台灣科技優息,0,42,-42
群益宜蘭,00953B群益優選非投等債,0,20,-20
群益宜蘭,聯上發,0,20,-20
群益宜蘭,00951台新日本半導體,0,14,-14
群益宜蘭,神達,28,41,-13
群益宜蘭,華航,0,13,-13
群益宜蘭,富邦金,0,13,-13
群益宜蘭,來億-KY,1,14,-13
群益宜蘭,00954中信日本半導體,0,12,-12
群益宜蘭,彰銀,0,12,-12
群益宜蘭,連展投控,9,21,-12
群益宜蘭,宏達電,47,58,-11
群益宜蘭,吉茂,0,11,-11
群益宜蘭,大魯閣,0,10,-10
群益宜蘭,臺鹽,0,10,-10
群益宜蘭,仁寶,0,10,-10
群益宜蘭,農林,0,10,-10
群益宜蘭,00882中信中國高股息,1,10,-9
群益宜蘭,東捷,5,13,-8
群益宜蘭,群創,0,8,-8
群益宜蘭,凱基金,0,7,-7
群益宜蘭,環宇-KY,2,9,-7
群益宜蘭,皇鼎,0,7,-7
群益宜蘭,00892富邦台灣半導體,0,6,-6
群益宜蘭,台光電,1,7,-6
群益宜蘭,華新科,0,6,-6
群益宜蘭,全漢,4,10,-6
群益宜蘭,瑞智,0,6,-6
群益宜蘭,太欣,0,6,-6
群益宜蘭,朋億*,5,11,-6
群益宜蘭,宏�硌穈T,0,6,-6
群益宜蘭,旭源,0,6,-6
群益宜蘭,00923群益台ESG低碳50,0,6,-6
群益宜蘭,00885富邦越南,0,5,-5
群益宜蘭,神隆,0,5,-5
群益宜蘭,圓剛,0,5,-5
群益宜蘭,長榮航太,0,5,-5
群益宜蘭,中信金,0,5,-5
群益宜蘭,信立,0,5,-5
群益宜蘭,建錩,0,5,-5
群益宜蘭,亞翔,4,9,-5
群益宜蘭,泰金寶-DR,0,5,-5
群益宜蘭,00970B新光BBB投等債20,0,4,-4
群益宜蘭,00902中信電池及儲能,0,4,-4
群益宜蘭,佳格,0,4,-4
群益宜蘭,富喬,2,6,-4
群益宜蘭,立隆電,23,27,-4
群益宜蘭,新日興,2,6,-4
 元大基隆,聯電,244,37,207
 元大基隆,華新,51,1,50
 元大基隆,大成鋼,51,1,50
 元大基隆,00680L元大美債20正2,65,25,40
 元大基隆,00633L富邦上証正2,19,0,19
 元大基隆,00919群益台灣精選高息,26,9,17
 元大基隆,台泥,15,0,15
 元大基隆,緯創,24,10,14
 元大基隆,00858永豐美國500大,14,0,14
 元大基隆,高技,14,0,14
 元大基隆,元大高股息,17,3,14
 元大基隆,欣興,15,3,12
 元大基隆,華邦電,12,0,12
 元大基隆,綠界科技*,12,0,12
 元大基隆,00679B元大美債20年,12,0,12
 元大基隆,佳世達,12,0,12
 元大基隆,合庫金,11,0,11
 元大基隆,00664R國泰臺灣加權反1,10,0,10
 元大基隆,00706L期元大S＆P日圓正2,10,0,10
 元大基隆,致和證,10,0,10
 元大基隆,910861神州-DR,10,0,10
 元大基隆,912000晨訊科-DR,10,0,10
 元大基隆,中華,15,5,10
 元大基隆,兆豐金,9,0,9
 元大基隆,亞光,23,14,9
 元大基隆,華泰,10,1,9
 元大基隆,華星光,43,34,9
 元大基隆,00637L元大滬深300正2,61,53,8
 元大基隆,今皓,10,2,8
 元大基隆,家碩,8,0,8
 元大基隆,中石化,7,0,7
 元大基隆,晟銘電,14,7,7
 元大基隆,宏致,12,5,7
 元大基隆,00632R元大台灣50反1,6,0,6
 元大基隆,大國鋼,6,0,6
 元大基隆,00922國泰台灣領袖50,7,2,5
 元大基隆,00915凱基優選高股息30,5,0,5
 元大基隆,00852L國泰美國道瓊正2,5,0,5
 元大基隆,00941中信上游半導體,5,0,5
 元大基隆,00971野村美國研發龍頭,5,0,5
 元大基隆,佳能,13,8,5
 元大基隆,山富,5,0,5
 元大基隆,全漢,5,0,5
 元大基隆,眾達-KY,34,29,5
 元大基隆,驊訊,5,0,5
 元大基隆,昇陽半導體,15,10,5
 元大基隆,中興電,8,3,5
 元大基隆,00687B國泰20年美債,4,0,4
 元大基隆,美時,4,0,4
 元大基隆,台半,4,0,4
 元大基隆,00965元大航太防衛科技,0,175,-175
 元大基隆,長榮航,7,105,-98
 元大基隆,00940元大台灣價值高息,4,51,-47
 元大基隆,中鋼,3,47,-44
 元大基隆,00929復華台灣科技優息,1,44,-43
 元大基隆,精成科,27,68,-41
 元大基隆,懷特,0,35,-35
 元大基隆,欣銓,10,39,-29
 元大基隆,群創,21,49,-28
 元大基隆,華航,12,37,-25
 元大基隆,台積電,13,37,-24
 元大基隆,燿華,0,24,-24
 元大基隆,泰金寶-DR,16,39,-23
 元大基隆,00675L富邦臺灣加權正2,4,24,-20
 元大基隆,華南金,0,20,-20
 元大基隆,00887永豐中國科技50大,0,18,-18
 元大基隆,00937B群益ESG投等債20,3,20,-17
 元大基隆,友達,3,20,-17
 元大基隆,富邦金,2,18,-16
 元大基隆,力積電,33,49,-16
 元大基隆,新華,0,14,-14
 元大基隆,興能高,127,141,-14
 元大基隆,神達,61,73,-12
 元大基隆,00903富邦元宇宙,0,12,-12
 元大基隆,彩晶,5,17,-12
 元大基隆,華城,1,13,-12
 元大基隆,菱生,3,14,-11
 元大基隆,新盛力,41,52,-11
 元大基隆,宏達電,35,45,-10
 元大基隆,020032元大綠能N,0,10,-10
 元大基隆,東元,0,10,-10
 元大基隆,中裕,0,10,-10
 元大基隆,天剛,0,10,-10
 元大基隆,00878國泰永續高股息,44,53,-9
 元大基隆,矽格,3,12,-9
 元大基隆,神基,1,10,-9
 元大基隆,雙鴻,2,10,-8
 元大基隆,聯光通,3,11,-8
 元大基隆,志強-KY,0,8,-8
 元大基隆,00631L元大台灣50正2,3,10,-7
 元大基隆,冠西電,4,11,-7
 元大基隆,榮剛,0,7,-7
 元大基隆,00881國泰台灣5G+,0,7,-7
 元大基隆,006208富邦台50,2,8,-6
 元大基隆,南亞科,0,6,-6
 元大基隆,00712復華富時不動產,0,6,-6
 元大基隆,00673R期元大S＆P原油反1,0,6,-6
 元大基隆,00905FT臺灣Smart,0,6,-6
 元大基隆,00947台新臺灣IC設計,0,6,-6
 元大基隆,02001L富邦蘋果正二N,0,6,-6
凱基彰化,力積電,600,40,560
凱基彰化,台積電,267,21,246
凱基彰化,聯電,178,18,160
凱基彰化,富邦金,100,11,89
凱基彰化,00637L元大滬深300正2,86,1,85
凱基彰化,南寶,68,0,68
凱基彰化,漢翔,42,0,42
凱基彰化,00633L富邦上証正2,35,0,35
凱基彰化,宏��,48,14,34
凱基彰化,台塑,55,23,32
凱基彰化,00937B群益ESG投等債20,80,51,29
凱基彰化,鼎天,27,0,27
凱基彰化,聯鈞,55,30,25
凱基彰化,00919群益台灣精選高息,40,15,25
凱基彰化,00632R元大台灣50反1,25,0,25
凱基彰化,永豐金,21,0,21
凱基彰化,眾達-KY,51,31,20
凱基彰化,凱基金,20,1,19
凱基彰化,群創,23,5,18
凱基彰化,英業達,20,2,18
凱基彰化,南亞科,13,1,12
凱基彰化,中光電,12,0,12
凱基彰化,00665L富邦�琤肭磪囓�2,11,0,11
凱基彰化,恩德,10,0,10
凱基彰化,兆勁,10,0,10
凱基彰化,長華*,10,0,10
凱基彰化,光洋科,10,0,10
凱基彰化,00960野村全球航運龍頭,10,1,9
凱基彰化,三商壽,10,1,9
凱基彰化,00882中信中國高股息,19,10,9
凱基彰化,環宇-KY,28,19,9
凱基彰化,緯創,22,13,9
凱基彰化,大成鋼,26,18,8
凱基彰化,00753L中信中國50正2,8,0,8
凱基彰化,上銀,9,2,7
凱基彰化,元大高股息,18,11,7
凱基彰化,立��,9,2,7
凱基彰化,明安,7,0,7
凱基彰化,中美晶,7,0,7
凱基彰化,建達,7,0,7
凱基彰化,亞泰,7,0,7
凱基彰化,精成科,17,10,7
凱基彰化,迅得,8,1,7
凱基彰化,東鹼,6,0,6
凱基彰化,英利-KY,6,0,6
凱基彰化,00770國泰北美科技,6,0,6
凱基彰化,特昇-KY,6,0,6
凱基彰化,恆大,7,2,5
凱基彰化,聚隆,5,0,5
凱基彰化,旺旺保,5,0,5
凱基彰化,艾訊,0,499,-499
凱基彰化,00980B台新特選IG債10+,0,188,-188
凱基彰化,新光金,1,83,-82
凱基彰化,矽格,2,79,-77
凱基彰化,鴻海,6,82,-76
凱基彰化,00673R期元大S＆P原油反1,0,65,-65
凱基彰化,華新科,0,60,-60
凱基彰化,00934中信成長高股息,0,47,-47
凱基彰化,宏達電,133,176,-43
凱基彰化,00693U期街口S＆P黃豆,0,41,-41
凱基彰化,陽明,6,46,-40
凱基彰化,00929復華台灣科技優息,5,43,-38
凱基彰化,00940元大台灣價值高息,25,63,-38
凱基彰化,東元,0,35,-35
凱基彰化,所羅門,1,33,-32
凱基彰化,新盛力,98,129,-31
凱基彰化,IET-KY,0,30,-30
凱基彰化,淘帝-KY,0,30,-30
凱基彰化,長榮,1,30,-29
凱基彰化,神達,40,68,-28
凱基彰化,興能高,79,99,-20
凱基彰化,00671R富邦NASDAQ反1,0,20,-20
凱基彰化,擎亞,38,58,-20
凱基彰化,友達,0,19,-19
凱基彰化,00664R國泰臺灣加權反1,0,19,-19
凱基彰化,鴻準,4,23,-19
凱基彰化,仁寶,5,22,-17
凱基彰化,宏致,15,31,-16
凱基彰化,友訊,0,15,-15
凱基彰化,日勝生,0,15,-15
凱基彰化,臺企銀,4,18,-14
凱基彰化,欣銓,1,15,-14
凱基彰化,高技,1,15,-14
凱基彰化,南茂,2,15,-13
凱基彰化,致和證,0,13,-13
凱基彰化,順達,7,19,-12
凱基彰化,00631L元大台灣50正2,2,14,-12
凱基彰化,00950B凱基A級公司債,2,14,-12
凱基彰化,長科*,0,12,-12
凱基彰化,00713元大台灣高息低波,0,12,-12
凱基彰化,00962台新AI優息動能,0,11,-11
凱基彰化,燿華,3,14,-11
凱基彰化,富喬,46,57,-11
凱基彰化,00877復華中國5G,0,10,-10
凱基彰化,00941中信上游半導體,0,10,-10
凱基彰化,00951台新日本半導體,10,20,-10
凱基彰化,00945B凱基美國非投等債,0,10,-10
凱基彰化,合騏,2,12,-10
凱基彰化,00911兆豐洲際半導體,0,10,-10
凱基彰化,00692富邦公司治理,0,10,-10
群益延平,裕山,150,0,150
群益延平,聯電,77,12,65
群益延平,00919群益台灣精選高息,62,0,62
群益延平,中鋼,75,13,62
群益延平,00878國泰永續高股息,45,0,45
群益延平,00937B群益ESG投等債20,38,2,36
群益延平,00918大華優利高填息30,32,0,32
群益延平,山隆,26,0,26
群益延平,達邁,28,3,25
群益延平,英濟,32,10,22
群益延平,00720B元大投資級公司債,21,0,21
群益延平,彰銀,21,0,21
群益延平,宏��,20,0,20
群益延平,陽明,25,5,20
群益延平,龍巖,20,0,20
群益延平,00637L元大滬深300正2,20,1,19
群益延平,聯成,19,0,19
群益延平,至上,20,2,18
群益延平,華容,16,1,15
群益延平,世界,14,0,14
群益延平,00971野村美國研發龍頭,12,0,12
群益延平,力積電,25,13,12
群益延平,元大高股息,12,0,12
群益延平,00687B國泰20年美債,10,0,10
群益延平,寒舍,10,0,10
群益延平,緯創,22,13,9
群益延平,友訊,9,0,9
群益延平,台特化,10,1,9
群益延平,邁達特,10,1,9
群益延平,宏齊,9,0,9
群益延平,宏達電,39,30,9
群益延平,00675L富邦臺灣加權正2,10,1,9
群益延平,友達,8,0,8
群益延平,浪凡,9,2,7
群益延平,00632R元大台灣50反1,7,0,7
群益延平,精成科,7,1,6
群益延平,富采,5,0,5
群益延平,00915凱基優選高股息30,5,0,5
群益延平,00972野村日本動能高息,5,0,5
群益延平,亞光,21,16,5
群益延平,大成鋼,6,2,4
群益延平,華邦電,5,1,4
群益延平,慧洋-KY,4,0,4
群益延平,世禾,4,0,4
群益延平,廣達,5,1,4
群益延平,英業達,5,2,3
群益延平,波若威,23,20,3
群益延平,00733富邦臺灣中小,3,0,3
群益延平,技嘉,3,0,3
群益延平,00864B中信美國公債0-1,3,0,3
群益延平,00980B台新特選IG債10+,0,227,-227
群益延平,新光金,0,168,-168
群益延平,00929復華台灣科技優息,3,96,-93
群益延平,00940元大台灣價值高息,0,55,-55
群益延平,00712復華富時不動產,0,50,-50
群益延平,00853B統一美債10年Aa-,0,50,-50
群益延平,華星光,33,77,-44
群益延平,台塑,8,49,-41
群益延平,神達,50,91,-41
群益延平,00951台新日本半導體,0,35,-35
群益延平,欣銓,0,21,-21
群益延平,力達-KY,0,21,-21
群益延平,泰金寶-DR,5,24,-19
群益延平,國泰金,0,17,-17
群益延平,萬海,0,17,-17
群益延平,康全電訊,0,17,-17
群益延平,燿華,0,16,-16
群益延平,00935野村臺灣新科技50,1,15,-14
群益延平,宏致,2,16,-14
群益延平,華城,1,15,-14
群益延平,順達,0,11,-11
群益延平,菱光,0,11,-11
群益延平,所羅門,1,12,-11
群益延平,00942B台新美A公司債20+,0,10,-10
群益延平,00966B統一ESG投等債15,0,10,-10
群益延平,00877復華中國5G,0,10,-10
群益延平,泰山,0,10,-10
群益延平,永豐金,0,10,-10
群益延平,新唐,0,10,-10
群益延平,彩晶,0,10,-10
群益延平,華宏,0,10,-10
群益延平,日月光投控,0,9,-9
群益延平,辛耘,0,9,-9
群益延平,迅得,1,9,-8
群益延平,宇隆,0,8,-8
群益延平,海悅,0,8,-8
群益延平,一詮,0,8,-8
群益延平,零壹,0,8,-8
群益延平,桓達,0,8,-8
群益延平,大銀微系統,12,20,-8
群益延平,聰泰,0,8,-8
群益延平,鈺齊-KY,0,8,-8
群益延平,鴻準,0,8,-8
群益延平,富邦金,0,8,-8
群益延平,凱基金,0,7,-7
群益延平,鈞興-KY,0,7,-7
群益延平,立積,1,8,-7
群益延平,昇陽半導體,1,8,-7
群益延平,廣宇,0,6,-6
群益延平,晟銘電,2,8,-6
兆豐城中,神達,517,18,499
兆豐城中,遠東銀,260,0,260
兆豐城中,浪凡,250,0,250
兆豐城中,力積電,231,12,219
兆豐城中,王道銀行,150,0,150
兆豐城中,國泰金,320,225,95
兆豐城中,南茂,60,2,58
兆豐城中,全新,50,1,49
兆豐城中,宏致,45,3,42
兆豐城中,聯電,47,6,41
兆豐城中,友訊,44,3,41
兆豐城中,00680L元大美債20正2,40,0,40
兆豐城中,皇昌,35,6,29
兆豐城中,富采,25,0,25
兆豐城中,00679B元大美債20年,22,0,22
兆豐城中,鼎元,21,0,21
兆豐城中,新光金,22,1,21
兆豐城中,玉晶光,22,1,21
兆豐城中,00665L富邦�琤肭磪囓�2,20,0,20
兆豐城中,彰源,20,0,20
兆豐城中,00915凱基優選高股息30,18,0,18
兆豐城中,00706L期元大S＆P日圓正2,15,0,15
兆豐城中,00953B群益優選非投等債,15,0,15
兆豐城中,00637L元大滬深300正2,14,0,14
兆豐城中,新建,13,0,13
兆豐城中,晶技,12,0,12
兆豐城中,彬台,13,1,12
兆豐城中,統一,11,0,11
兆豐城中,00919群益台灣精選高息,19,9,10
兆豐城中,力成,10,0,10
兆豐城中,00960野村全球航運龍頭,10,0,10
兆豐城中,00921兆豐龍頭等權重,10,0,10
兆豐城中,00687B國泰20年美債,10,0,10
兆豐城中,00945B凱基美國非投等債,10,0,10
兆豐城中,華邦電,10,0,10
兆豐城中,益登,10,0,10
兆豐城中,富華新,10,0,10
兆豐城中,華安,10,0,10
兆豐城中,廣明,9,0,9
兆豐城中,兆豐金,9,1,8
兆豐城中,緯創,8,1,7
兆豐城中,亞光,13,7,6
兆豐城中,00671R富邦NASDAQ反1,6,0,6
兆豐城中,神隆,6,0,6
兆豐城中,星宇航空,6,0,6
兆豐城中,達運,6,0,6
兆豐城中,大成鋼,8,2,6
兆豐城中,jpp-KY,6,1,5
兆豐城中,00858永豐美國500大,5,0,5
兆豐城中,00910第一金太空衛星,5,0,5
兆豐城中,00980B台新特選IG債10+,0,300,-300
兆豐城中,00753L中信中國50正2,0,100,-100
兆豐城中,頎邦,0,100,-100
兆豐城中,00673R期元大S＆P原油反1,0,70,-70
兆豐城中,日電貿,1,51,-50
兆豐城中,志聖,0,35,-35
兆豐城中,第一保,0,30,-30
兆豐城中,台揚,0,28,-28
兆豐城中,00929復華台灣科技優息,1,26,-25
兆豐城中,彰銀,1,24,-23
兆豐城中,00940元大台灣價值高息,1,21,-20
兆豐城中,00965元大航太防衛科技,0,20,-20
兆豐城中,穩懋,0,20,-20
兆豐城中,亞翔,1,19,-18
兆豐城中,00948B中信優息投資級債,0,18,-18
兆豐城中,長榮航,1,19,-18
兆豐城中,環宇-KY,13,30,-17
兆豐城中,群創,1,18,-17
兆豐城中,台積電,27,42,-15
兆豐城中,00922國泰台灣領袖50,0,14,-14
兆豐城中,順達,3,17,-14
兆豐城中,東台,0,13,-13
兆豐城中,ITH-KY,0,13,-13
兆豐城中,世德,0,12,-12
兆豐城中,環科,0,12,-12
兆豐城中,欣銓,6,18,-12
兆豐城中,00891中信關鍵半導體,0,11,-11
兆豐城中,00941中信上游半導體,0,11,-11
兆豐城中,僑威,8,19,-11
兆豐城中,00905FT臺灣Smart,0,10,-10
兆豐城中,金寶,0,10,-10
兆豐城中,中環,5,15,-10
兆豐城中,GIS-KY,0,10,-10
兆豐城中,華廣,0,9,-9
兆豐城中,高技,1,10,-9
兆豐城中,中鋼,2,10,-8
兆豐城中,炎洲,0,8,-8
兆豐城中,威力暘-創,0,8,-8
兆豐城中,00882中信中國高股息,12,20,-8
兆豐城中,三商壽,0,7,-7
兆豐城中,凱基金,0,7,-7
兆豐城中,元大台灣50,2,8,-6
兆豐城中,光環,0,6,-6
兆豐城中,00648R元大S＆P500反1,0,6,-6
兆豐城中,南港,0,6,-6
兆豐城中,可成,0,6,-6
兆豐城中,元大金,0,6,-6
兆豐城中,精成科,7,13,-6
兆豐城中,創惟,1,7,-6
兆豐城中,00900富邦特選高股息30,0,5,-5
群益彰化,00937B群益ESG投等債20,178,5,173
群益彰化,聯電,144,7,137
群益彰化,00637L元大滬深300正2,500,440,60
群益彰化,00673R期元大S＆P原油反1,55,13,42
群益彰化,台中銀,46,5,41
群益彰化,00919群益台灣精選高息,83,43,40
群益彰化,台橡,30,0,30
群益彰化,湧德,26,0,26
群益彰化,神達,110,89,21
群益彰化,百和興業-KY,21,0,21
群益彰化,好德,21,0,21
群益彰化,00878國泰永續高股息,18,0,18
群益彰化,00753L中信中國50正2,18,0,18
群益彰化,鴻海,33,16,17
群益彰化,宏��,17,1,16
群益彰化,新盛力,65,50,15
群益彰化,立端,15,0,15
群益彰化,鈺創,15,0,15
群益彰化,台揚,17,3,14
群益彰化,台新金,15,1,14
群益彰化,大成鋼,16,3,13
群益彰化,00679B元大美債20年,13,0,13
群益彰化,楠梓電,17,5,12
群益彰化,英業達,12,1,11
群益彰化,元大高股息,11,0,11
群益彰化,臻鼎-KY,17,6,11
群益彰化,00960野村全球航運龍頭,10,0,10
群益彰化,00664R國泰臺灣加權反1,10,0,10
群益彰化,台灣高鐵,10,0,10
群益彰化,00650L復華香港正2,10,0,10
群益彰化,瑞祺電通,9,0,9
群益彰化,合庫金,9,0,9
群益彰化,中鼎,9,0,9
群益彰化,聯光通,57,49,8
群益彰化,笙科,8,0,8
群益彰化,友勁,8,0,8
群益彰化,順達,9,2,7
群益彰化,台塑化,7,0,7
群益彰化,寶成,8,1,7
群益彰化,台特化,7,1,6
群益彰化,台泥,8,2,6
群益彰化,誠研,6,0,6
群益彰化,昆盈,7,1,6
群益彰化,驊訊,7,1,6
群益彰化,永豐金,6,0,6
群益彰化,鴻準,14,8,6
群益彰化,波若威,36,30,6
群益彰化,兆豐金,7,1,6
群益彰化,欣興,9,4,5
群益彰化,00712復華富時不動產,5,0,5
群益彰化,00642U期元大S＆P石油,0,232,-232
群益彰化,艾笛森,0,101,-101
群益彰化,00751B元大AAA至A公司債,0,100,-100
群益彰化,00980B台新特選IG債10+,0,96,-96
群益彰化,力積電,28,95,-67
群益彰化,彰銀,0,61,-61
群益彰化,今皓,7,65,-58
群益彰化,00922國泰台灣領袖50,0,58,-58
群益彰化,00929復華台灣科技優息,0,50,-50
群益彰化,長榮,1,46,-45
群益彰化,宏達電,29,68,-39
群益彰化,華邦電,3,36,-33
群益彰化,00795B中信美國公債20年,0,30,-30
群益彰化,光環,6,34,-28
群益彰化,所羅門,1,25,-24
群益彰化,日月光投控,1,23,-22
群益彰化,中石化,6,27,-21
群益彰化,台郡,0,20,-20
群益彰化,00687B國泰20年美債,20,40,-20
群益彰化,華城,48,68,-20
群益彰化,凱基金,2,20,-18
群益彰化,宏致,44,61,-17
群益彰化,聯亞,0,15,-15
群益彰化,展宇,0,15,-15
群益彰化,華新,5,20,-15
群益彰化,精金,12,26,-14
群益彰化,利勤,0,13,-13
群益彰化,世芯-KY,0,12,-12
群益彰化,僑威,12,24,-12
群益彰化,富邦金,7,18,-11
群益彰化,榮創,0,11,-11
群益彰化,擎亞,10,21,-11
群益彰化,00966B統一ESG投等債15,0,11,-11
群益彰化,富喬,6,17,-11
群益彰化,連展投控,9,20,-11
群益彰化,千興,0,10,-10
群益彰化,佐登-KY,0,10,-10
群益彰化,友達,31,40,-9
群益彰化,華星光,22,31,-9
群益彰化,友訊,0,9,-9
群益彰化,百和,6,15,-9
群益彰化,東科-KY,0,9,-9
群益彰化,第一金,2,11,-9
群益彰化,耀億,0,8,-8
群益彰化,環宇-KY,10,18,-8
群益彰化,榮剛,2,10,-8
群益彰化,國泰金,3,11,-8
群益彰化,新光金,7,15,-8
群益彰化,00941中信上游半導體,0,8,-8
群益彰化,長榮航,6,13,-7
富邦苗栗,泰金寶-DR,476,24,452
富邦苗栗,00686R群益臺灣加權反1,100,0,100
富邦苗栗,台泥,100,1,99
富邦苗栗,00664R國泰臺灣加權反1,70,0,70
富邦苗栗,聯電,66,8,58
富邦苗栗,王道銀行,50,0,50
富邦苗栗,00924復華S＆P500成長,48,2,46
富邦苗栗,00919群益台灣精選高息,80,35,45
富邦苗栗,00646元大S＆P500,38,1,37
富邦苗栗,強茂,31,0,31
富邦苗栗,00665L富邦�琤肭磪囓�2,21,0,21
富邦苗栗,萬泰科,21,0,21
富邦苗栗,精材,18,3,15
富邦苗栗,00679B元大美債20年,23,8,15
富邦苗栗,一詮,14,0,14
富邦苗栗,力積電,29,16,13
富邦苗栗,元大高股息,15,3,12
富邦苗栗,00858永豐美國500大,12,0,12
富邦苗栗,佰鴻,11,0,11
富邦苗栗,眾達-KY,17,6,11
富邦苗栗,00953B群益優選非投等債,20,10,10
富邦苗栗,台化,10,0,10
富邦苗栗,聯傑,10,0,10
富邦苗栗,能率,11,1,10
富邦苗栗,百一,10,0,10
富邦苗栗,飛捷,10,0,10
富邦苗栗,慶豐富,10,0,10
富邦苗栗,00882中信中國高股息,10,1,9
富邦苗栗,全新,10,1,9
富邦苗栗,連展投控,11,2,9
富邦苗栗,00887永豐中國科技50大,10,2,8
富邦苗栗,00713元大台灣高息低波,7,0,7
富邦苗栗,中砂,7,0,7
富邦苗栗,聖暉*,7,0,7
富邦苗栗,和椿,16,9,7
富邦苗栗,宏達電,43,36,7
富邦苗栗,力成,6,0,6
富邦苗栗,陽明,9,3,6
富邦苗栗,亞泰,13,7,6
富邦苗栗,南電,6,0,6
富邦苗栗,00937B群益ESG投等債20,6,0,6
富邦苗栗,鴻海,11,5,6
富邦苗栗,亞光,8,3,5
富邦苗栗,啟��,7,2,5
富邦苗栗,廣達,8,3,5
富邦苗栗,00752中信中國50,5,0,5
富邦苗栗,00688L國泰20年美債正2,5,0,5
富邦苗栗,00927群益半導體收益,5,0,5
富邦苗栗,台揚,5,0,5
富邦苗栗,大同,5,0,5
富邦苗栗,00929復華台灣科技優息,2,86,-84
富邦苗栗,00894中信小資高價30,0,51,-51
富邦苗栗,英業達,10,60,-50
富邦苗栗,長榮航,1,45,-44
富邦苗栗,華票,0,40,-40
富邦苗栗,台塑化,22,62,-40
富邦苗栗,神達,50,87,-37
富邦苗栗,中信金,0,35,-35
富邦苗栗,00980B台新特選IG債10+,0,34,-34
富邦苗栗,00949復華日本龍頭,0,32,-32
富邦苗栗,00830國泰費城半導體,1,29,-28
富邦苗栗,欣銓,4,30,-26
富邦苗栗,00912中信臺灣智慧50,0,25,-25
富邦苗栗,富喬,6,28,-22
富邦苗栗,00940元大台灣價值高息,2,24,-22
富邦苗栗,00911兆豐洲際半導體,0,21,-21
富邦苗栗,力山,1,22,-21
富邦苗栗,00637L元大滬深300正2,0,20,-20
富邦苗栗,元大台灣50,3,19,-16
富邦苗栗,今皓,0,15,-15
富邦苗栗,00878國泰永續高股息,12,27,-15
富邦苗栗,00965元大航太防衛科技,0,14,-14
富邦苗栗,00933B國泰10Y+金融債,0,13,-13
富邦苗栗,聯上發,0,13,-13
富邦苗栗,華航,0,12,-12
富邦苗栗,00932兆豐永續高息等權,0,12,-12
富邦苗栗,圓剛,4,15,-11
富邦苗栗,華星光,14,24,-10
富邦苗栗,00939統一台灣高息動能,0,10,-10
富邦苗栗,00954中信日本半導體,0,10,-10
富邦苗栗,正隆,0,10,-10
富邦苗栗,銘異,0,10,-10
富邦苗栗,國碳科,0,10,-10
富邦苗栗,建錩,0,10,-10
富邦苗栗,立��,1,11,-10
富邦苗栗,00910第一金太空衛星,0,9,-9
富邦苗栗,友達,1,10,-9
富邦苗栗,力特,0,8,-8
富邦苗栗,00917中信特選金融,0,8,-8
富邦苗栗,富邦金,1,9,-8
富邦苗栗,宏致,0,8,-8
富邦苗栗,00753L中信中國50正2,3,10,-7
富邦苗栗,友訊,10,17,-7
富邦苗栗,兆利,1,8,-7
富邦苗栗,興能高,36,43,-7
富邦苗栗,立敦,8,14,-6
富邦苗栗,新光金,0,6,-6
富邦苗栗,雷科,0,6,-6
富邦苗栗,台達電,0,6,-6
富邦苗栗,立凱-KY,0,5,-5
宏遠光隆,國票金,100,0,100
宏遠光隆,聯電,114,33,81
宏遠光隆,佳能,34,2,32
宏遠光隆,力積電,37,11,26
宏遠光隆,興能高,32,9,23
宏遠光隆,吉茂,22,0,22
宏遠光隆,友訊,63,41,22
宏遠光隆,達邁,27,7,20
宏遠光隆,遠東新,20,0,20
宏遠光隆,彩晶,20,2,18
宏遠光隆,映興,17,0,17
宏遠光隆,緯創,18,2,16
宏遠光隆,中鼎,15,0,15
宏遠光隆,00665L富邦�琤肭磪囓�2,14,0,14
宏遠光隆,兆豐金,12,0,12
宏遠光隆,創惟,12,0,12
宏遠光隆,慧洋-KY,11,0,11
宏遠光隆,高技,12,1,11
宏遠光隆,凱美,11,1,10
宏遠光隆,亞航,14,4,10
宏遠光隆,海華,11,2,9
宏遠光隆,鴻海,28,19,9
宏遠光隆,富喬,24,16,8
宏遠光隆,立隆電,11,4,7
宏遠光隆,佳邦,7,0,7
宏遠光隆,中華電,7,1,6
宏遠光隆,大成鋼,11,5,6
宏遠光隆,元大高股息,7,1,6
宏遠光隆,正達,6,0,6
宏遠光隆,連展投控,12,6,6
宏遠光隆,中美實,6,0,6
宏遠光隆,雷虎,11,5,6
宏遠光隆,長華*,10,4,6
宏遠光隆,神達,35,29,6
宏遠光隆,台玻,6,1,5
宏遠光隆,力成,5,0,5
宏遠光隆,00637L元大滬深300正2,4,0,4
宏遠光隆,新建,4,0,4
宏遠光隆,新興,4,0,4
宏遠光隆,勤凱,4,0,4
宏遠光隆,聯光通,8,4,4
宏遠光隆,00712復華富時不動產,3,0,3
宏遠光隆,美律,3,0,3
宏遠光隆,遠東銀,3,0,3
宏遠光隆,揚智,4,1,3
宏遠光隆,景碩,6,3,3
宏遠光隆,英濟,10,7,3
宏遠光隆,大銀微系統,5,2,3
宏遠光隆,眾達-KY,6,3,3
宏遠光隆,鳳凰,3,0,3
宏遠光隆,00664R國泰臺灣加權反1,0,200,-200
宏遠光隆,00937B群益ESG投等債20,1,100,-99
宏遠光隆,群創,4,80,-76
宏遠光隆,中鋼,5,51,-46
宏遠光隆,00673R期元大S＆P原油反1,0,40,-40
宏遠光隆,國泰金,0,33,-33
宏遠光隆,中石化,0,21,-21
宏遠光隆,00949復華日本龍頭,0,20,-20
宏遠光隆,昆盈,0,20,-20
宏遠光隆,新光金,2,20,-18
宏遠光隆,大同,0,15,-15
宏遠光隆,陽明,8,23,-15
宏遠光隆,玉山金,0,15,-15
宏遠光隆,盈正,0,13,-13
宏遠光隆,宏致,7,19,-12
宏遠光隆,和碩,0,11,-11
宏遠光隆,易飛網,0,10,-10
宏遠光隆,神基,0,10,-10
宏遠光隆,耿鼎,1,10,-9
宏遠光隆,東台,0,9,-9
宏遠光隆,萬泰科,0,9,-9
宏遠光隆,台積電,1,10,-9
宏遠光隆,00909國泰數位支付服務,1,9,-8
宏遠光隆,00929復華台灣科技優息,0,8,-8
宏遠光隆,華南金,0,7,-7
宏遠光隆,僑威,1,8,-7
宏遠光隆,恆大,0,6,-6
宏遠光隆,仁寶,0,6,-6
宏遠光隆,中信金,0,6,-6
宏遠光隆,中光電,0,6,-6
宏遠光隆,006208富邦台50,0,5,-5
宏遠光隆,00940元大台灣價值高息,0,5,-5
宏遠光隆,00679B元大美債20年,0,5,-5
宏遠光隆,大亞,0,5,-5
宏遠光隆,泰茂,0,5,-5
宏遠光隆,海悅,1,6,-5
宏遠光隆,漢翔,0,5,-5
宏遠光隆,華星光,4,9,-5
宏遠光隆,亞翔,0,5,-5
宏遠光隆,寶成,0,5,-5
宏遠光隆,長榮航,4,8,-4
宏遠光隆,元大台灣50,0,4,-4
宏遠光隆,宏達電,38,42,-4
宏遠光隆,英業達,1,5,-4
宏遠光隆,華航,0,4,-4
宏遠光隆,凱基金,0,4,-4
宏遠光隆,今皓,0,4,-4
宏遠光隆,蔚華科,1,5,-4
宏遠光隆,環宇-KY,19,23,-4
宏遠光隆,台灣虎航,1,5,-4
 元大板橋,聯電,130,24,106
 元大板橋,00637L元大滬深300正2,120,18,102
 元大板橋,00665L富邦�琤肭磪囓�2,99,0,99
 元大板橋,00679B元大美債20年,103,10,93
 元大板橋,00706L期元大S＆P日圓正2,81,0,81
 元大板橋,00757統一FANG+,80,8,72
 元大板橋,00937B群益ESG投等債20,85,15,70
 元大板橋,台聚,52,2,50
 元大板橋,國喬,45,0,45
 元大板橋,宏齊,43,0,43
 元大板橋,大成鋼,55,13,42
 元大板橋,合庫金,42,0,42
 元大板橋,晟銘電,40,1,39
 元大板橋,信錦,37,0,37
 元大板橋,欣陸,33,2,31
 元大板橋,00945B凱基美國非投等債,30,0,30
 元大板橋,00687B國泰20年美債,28,0,28
 元大板橋,IKKA-KY,30,2,28
 元大板橋,00752中信中國50,26,0,26
 元大板橋,朋億*,39,13,26
 元大板橋,宏��,25,0,25
 元大板橋,中信金,24,1,23
 元大板橋,00919群益台灣精選高息,24,3,21
 元大板橋,凱美,45,25,20
 元大板橋,00710B復華彭博非投等債,20,0,20
 元大板橋,今皓,20,0,20
 元大板橋,邑昇,20,0,20
 元大板橋,陽明,27,8,19
 元大板橋,00960野村全球航運龍頭,19,0,19
 元大板橋,順達,25,6,19
 元大板橋,富威電力,17,0,17
 元大板橋,元大高股息,32,16,16
 元大板橋,00713元大台灣高息低波,17,1,16
 元大板橋,泰金寶-DR,24,8,16
 元大板橋,緯創,33,18,15
 元大板橋,00918大華優利高填息30,15,1,14
 元大板橋,00688L國泰20年美債正2,16,2,14
 元大板橋,立敦,72,58,14
 元大板橋,台塑,21,8,13
 元大板橋,00680L元大美債20正2,12,0,12
 元大板橋,精元,12,0,12
 元大板橋,達邁,43,31,12
 元大板橋,波若威,47,35,12
 元大板橋,鴻海,34,23,11
 元大板橋,明安,11,0,11
 元大板橋,中工,11,0,11
 元大板橋,合一,11,0,11
 元大板橋,兆豐金,10,0,10
 元大板橋,光鼎,10,0,10
 元大板橋,正德,10,0,10
 元大板橋,00924復華S＆P500成長,5,222,-217
 元大板橋,00926凱基全球菁英55,0,101,-101
 元大板橋,00940元大台灣價值高息,3,78,-75
 元大板橋,新光金,0,66,-66
 元大板橋,力積電,47,103,-56
 元大板橋,00753L中信中國50正2,8,60,-52
 元大板橋,00934中信成長高股息,0,51,-51
 元大板橋,長榮航,21,71,-50
 元大板橋,宏致,20,66,-46
 元大板橋,00929復華台灣科技優息,9,51,-42
 元大板橋,00948B中信優息投資級債,0,38,-38
 元大板橋,00708L期元大S＆P黃金正2,1,36,-35
 元大板橋,華城,11,44,-33
 元大板橋,飛捷,0,32,-32
 元大板橋,仁寶,0,32,-32
 元大板橋,華安,2,33,-31
 元大板橋,長榮鋼,0,30,-30
 元大板橋,一詮,1,30,-29
 元大板橋,三商壽,0,28,-28
 元大板橋,凱基金,2,30,-28
 元大板橋,南亞,3,30,-27
 元大板橋,00939統一台灣高息動能,0,27,-27
 元大板橋,連展投控,9,34,-25
 元大板橋,宏達電,79,103,-24
 元大板橋,毅嘉,2,26,-24
 元大板橋,神達,109,132,-23
 元大板橋,冠好,0,23,-23
 元大板橋,00725B國泰投資級公司債,0,20,-20
 元大板橋,00965元大航太防衛科技,7,27,-20
 元大板橋,台積電,16,35,-19
 元大板橋,富邦金,0,18,-18
 元大板橋,臺企銀,2,20,-18
 元大板橋,彰銀,0,18,-18
 元大板橋,華航,21,39,-18
 元大板橋,006208富邦台50,9,26,-17
 元大板橋,00693U期街口S＆P黃豆,0,17,-17
 元大板橋,榮剛,0,16,-16
 元大板橋,恩德,0,15,-15
 元大板橋,良得電,0,15,-15
 元大板橋,健和興,0,15,-15
 元大板橋,美時,0,15,-15
 元大板橋,長榮,1,16,-15
 元大板橋,欣銓,11,25,-14
 元大板橋,上海商銀,0,14,-14
 元大板橋,合勤控,0,14,-14
 元大板橋,凌陽,0,14,-14
 元大板橋,台灣虎航,6,19,-13
 元大板橋,映興,2,15,-13
 元大板橋,00923群益台ESG低碳50,1,13,-12
 元大板橋,燿華,0,12,-12
永全南崁,00637L元大滬深300正2,358,0,358
永全南崁,聯電,89,4,85
永全南崁,群創,430,351,79
永全南崁,王道銀行,42,0,42
永全南崁,亞翔,46,5,41
永全南崁,00686R群益臺灣加權反1,40,0,40
永全南崁,中鋼,43,6,37
永全南崁,易發,24,1,23
永全南崁,長華*,23,1,22
永全南崁,00918大華優利高填息30,21,0,21
永全南崁,00882中信中國高股息,21,1,20
永全南崁,00891中信關鍵半導體,20,1,19
永全南崁,00679B元大美債20年,20,2,18
永全南崁,波若威,20,4,16
永全南崁,00919群益台灣精選高息,14,0,14
永全南崁,和桐,14,0,14
永全南崁,和大,13,0,13
永全南崁,廣明,12,0,12
永全南崁,昇陽半導體,11,0,11
永全南崁,台塑,10,0,10
永全南崁,00752中信中國50,10,0,10
永全南崁,中環,10,0,10
永全南崁,英業達,10,0,10
永全南崁,長榮航太,10,0,10
永全南崁,時碩工業,10,0,10
永全南崁,上銀,8,0,8
永全南崁,友訊,10,2,8
永全南崁,亞光,11,3,8
永全南崁,連展投控,15,7,8
永全南崁,加百裕,10,4,6
永全南崁,哲固,7,1,6
永全南崁,泰金寶-DR,61,55,6
永全南崁,00881國泰台灣5G+,10,5,5
永全南崁,輔信,10,5,5
永全南崁,景碩,6,1,5
永全南崁,兆利,5,0,5
永全南崁,力成,5,0,5
永全南崁,立��,11,6,5
永全南崁,三商壽,5,1,4
永全南崁,欣興,31,27,4
永全南崁,英濟,20,16,4
永全南崁,奇鋐,6,2,4
永全南崁,00632R元大台灣50反1,3,0,3
永全南崁,00708L期元大S＆P黃金正2,3,0,3
永全南崁,台化,3,0,3
永全南崁,大成鋼,3,0,3
永全南崁,泰豐,3,0,3
永全南崁,新建,3,0,3
永全南崁,雄獅,3,0,3
永全南崁,亞諾法,3,0,3
永全南崁,友達,2,210,-208
永全南崁,誠美材,0,101,-101
永全南崁,良維,0,83,-83
永全南崁,力積電,24,88,-64
永全南崁,神達,83,139,-56
永全南崁,富喬,6,45,-39
永全南崁,00910第一金太空衛星,0,35,-35
永全南崁,00878國泰永續高股息,2,34,-32
永全南崁,IET-KY,0,31,-31
永全南崁,00646元大S＆P500,0,20,-20
永全南崁,00929復華台灣科技優息,0,20,-20
永全南崁,瑞鼎,0,20,-20
永全南崁,新復興,1,20,-19
永全南崁,華南金,0,18,-18
永全南崁,漢翔,0,17,-17
永全南崁,大同,1,14,-13
永全南崁,雙鴻,0,13,-13
永全南崁,華航,0,12,-12
永全南崁,臺企銀,2,14,-12
永全南崁,00922國泰台灣領袖50,0,12,-12
永全南崁,宏達電,29,40,-11
永全南崁,新光金,0,11,-11
永全南崁,台聚,0,10,-10
永全南崁,中碳,0,10,-10
永全南崁,華紙,0,10,-10
永全南崁,華邦電,0,10,-10
永全南崁,凱基金,1,11,-10
永全南崁,達興材料,0,10,-10
永全南崁,瑞儀,0,10,-10
永全南崁,研通,0,10,-10
永全南崁,金居,0,10,-10
永全南崁,福懋,0,9,-9
永全南崁,全新,13,21,-8
永全南崁,元大高股息,3,10,-7
永全南崁,00903富邦元宇宙,0,7,-7
永全南崁,和碩,0,7,-7
永全南崁,矽格,0,7,-7
永全南崁,00949復華日本龍頭,0,6,-6
永全南崁,2883B凱基金乙特,0,6,-6
永全南崁,宏致,0,5,-5
永全南崁,堤維西,0,5,-5
永全南崁,00895富邦未來車,0,5,-5
永全南崁,00939統一台灣高息動能,0,5,-5
永全南崁,精剛,0,5,-5
永全南崁,華新,0,5,-5
永全南崁,廣宇,0,5,-5
永全南崁,華泰,0,5,-5
永全南崁,潤弘,0,5,-5
永全南崁,遠東銀,0,5,-5
永全南崁,零壹,0,5,-5
 元大大統,台新金,418,2,416
 元大大統,聯電,219,85,134
 元大大統,新光金,105,9,96
 元大大統,福華,60,0,60
 元大大統,中鋼,81,23,58
 元大大統,00919群益台灣精選高息,71,30,41
 元大大統,00637L元大滬深300正2,34,0,34
 元大大統,00878國泰永續高股息,28,3,25
 元大大統,00665L富邦�琤肭磪囓�2,25,0,25
 元大大統,星宇航空,37,15,22
 元大大統,鴻海,31,9,22
 元大大統,00725B國泰投資級公司債,21,0,21
 元大大統,鑫科,19,0,19
 元大大統,前鼎,40,22,18
 元大大統,宏��,17,0,17
 元大大統,富喬,23,6,17
 元大大統,京元電子,18,1,17
 元大大統,統一證,16,0,16
 元大大統,東和鋼鐵,15,0,15
 元大大統,立敦,29,14,15
 元大大統,00937B群益ESG投等債20,112,101,11
 元大大統,濱川,14,3,11
 元大大統,新盛力,87,76,11
 元大大統,00713元大台灣高息低波,10,0,10
 元大大統,00664R國泰臺灣加權反1,10,0,10
 元大大統,00971野村美國研發龍頭,10,0,10
 元大大統,00972野村日本動能高息,10,0,10
 元大大統,能率網通,10,0,10
 元大大統,力積電,53,44,9
 元大大統,00960野村全球航運龍頭,8,0,8
 元大大統,廣宇,11,3,8
 元大大統,瑞軒,10,2,8
 元大大統,緯創,10,2,8
 元大大統,大世科,8,0,8
 元大大統,金寶,7,0,7
 元大大統,台特化,7,0,7
 元大大統,兆豐金,6,0,6
 元大大統,00673R期元大S＆P原油反1,6,0,6
 元大大統,廣達,11,5,6
 元大大統,力成,17,12,5
 元大大統,台泥,6,1,5
 元大大統,00753L中信中國50正2,5,0,5
 元大大統,00706L期元大S＆P日圓正2,5,0,5
 元大大統,遠百,6,1,5
 元大大統,安可,5,0,5
 元大大統,浩鼎,5,0,5
 元大大統,華容,5,0,5
 元大大統,台林,5,0,5
 元大大統,00670L富邦NASDAQ正2,8,3,5
 元大大統,緯穎,6,2,4
 元大大統,華南金,0,107,-107
 元大大統,00632R元大台灣50反1,18,85,-67
 元大大統,00712復華富時不動產,1,65,-64
 元大大統,00940元大台灣價值高息,0,60,-60
 元大大統,00965元大航太防衛科技,0,52,-52
 元大大統,00929復華台灣科技優息,5,53,-48
 元大大統,連展投控,0,37,-37
 元大大統,順達,7,38,-31
 元大大統,00773B中信優先金融債,0,29,-29
 元大大統,加百裕,24,52,-28
 元大大統,欣銓,10,31,-21
 元大大統,凱基金,1,21,-20
 元大大統,日月光投控,2,22,-20
 元大大統,00939統一台灣高息動能,0,18,-18
 元大大統,榮剛,2,18,-16
 元大大統,00905FT臺灣Smart,0,15,-15
 元大大統,能率,10,24,-14
 元大大統,新日興,5,19,-14
 元大大統,敬鵬,0,13,-13
 元大大統,圓剛,8,21,-13
 元大大統,宏達電,49,62,-13
 元大大統,宏致,9,22,-13
 元大大統,南茂,2,15,-13
 元大大統,富邦金,4,16,-12
 元大大統,華航,4,16,-12
 元大大統,00924復華S＆P500成長,0,11,-11
 元大大統,00881國泰台灣5G+,1,12,-11
 元大大統,福懋油,0,11,-11
 元大大統,00922國泰台灣領袖50,0,11,-11
 元大大統,00911兆豐洲際半導體,0,10,-10
 元大大統,光罩,0,10,-10
 元大大統,菱生,0,10,-10
 元大大統,錩新,0,10,-10
 元大大統,眾達-KY,38,48,-10
 元大大統,jpp-KY,1,11,-10
 元大大統,台新藥,0,10,-10
 元大大統,廣明,0,10,-10
 元大大統,台積電,11,21,-10
 元大大統,智易,0,9,-9
 元大大統,00951台新日本半導體,2,10,-8
 元大大統,大成,2,10,-8
 元大大統,臺企銀,5,13,-8
 元大大統,和椿,23,31,-8
 元大大統,光環,0,8,-8
 元大大統,友達,7,14,-7
 元大大統,華城,9,16,-7
 元大大統,00887永豐中國科技50大,1,8,-7
 元大大統,合晶,0,7,-7
 元大大統,第一金,1,7,-6
 元大大統,全新,10,16,-6
國票北投,00632R元大台灣50反1,231,0,231
國票北投,廣達,53,3,50
國票北投,昇貿,47,0,47
國票北投,宏��,36,0,36
國票北投,金寶,38,8,30
國票北投,聯電,28,5,23
國票北投,00919群益台灣精選高息,21,1,20
國票北投,00637L元大滬深300正2,22,3,19
國票北投,英業達,20,3,17
國票北投,力積電,26,9,17
國票北投,中鴻,16,0,16
國票北投,連展投控,16,0,16
國票北投,00907永豐優息存股,15,0,15
國票北投,藥華藥,14,0,14
國票北投,宏齊,11,0,11
國票北投,00900富邦特選高股息30,10,0,10
國票北投,友訊,20,10,10
國票北投,訊達,10,0,10
國票北投,金山電,10,0,10
國票北投,英濟,13,4,9
國票北投,00673R期元大S＆P原油反1,8,0,8
國票北投,僑威,12,4,8
國票北投,聯成,6,0,6
國票北投,眾達-KY,9,3,6
國票北投,波若威,8,2,6
國票北投,00687B國泰20年美債,5,0,5
國票北投,慧洋-KY,5,0,5
國票北投,安瑞-KY,5,0,5
國票北投,亞諾法,5,0,5
國票北投,瀧澤科,5,0,5
國票北投,緯創,16,12,4
國票北投,00753L中信中國50正2,4,0,4
國票北投,興勤,4,0,4
國票北投,亞光,7,3,4
國票北投,立德,4,0,4
國票北投,熱映,4,0,4
國票北投,信立,4,0,4
國票北投,jpp-KY,4,0,4
國票北投,瑞儀,5,1,4
國票北投,元大高股息,3,0,3
國票北投,00693U期街口S＆P黃豆,3,0,3
國票北投,中鋼,3,0,3
國票北投,國碩,3,0,3
國票北投,臺企銀,3,0,3
國票北投,永豐金,3,1,2
國票北投,日電貿,2,0,2
國票北投,統一證,2,0,2
國票北投,00708L期元大S＆P黃金正2,2,0,2
國票北投,00701國泰股利精選30,2,0,2
國票北投,00738U期元大道瓊白銀,2,0,2
國票北投,台泥,4,100,-96
國票北投,華城,1,57,-56
國票北投,神達,10,61,-51
國票北投,00720B元大投資級公司債,0,50,-50
國票北投,華航,0,41,-41
國票北投,欣銓,1,32,-31
國票北投,台積電,3,27,-24
國票北投,宏達電,22,44,-22
國票北投,增你強,0,22,-22
國票北投,神隆,0,15,-15
國票北投,兆勁,0,15,-15
國票北投,新光金,5,20,-15
國票北投,旺宏,0,12,-12
國票北投,日月光投控,0,12,-12
國票北投,富喬,0,10,-10
國票北投,榮成,0,10,-10
國票北投,聯合再生,0,10,-10
國票北投,中天,0,10,-10
國票北投,華星光,24,34,-10
國票北投,至上,0,9,-9
國票北投,光寶科,0,9,-9
國票北投,00692富邦公司治理,0,8,-8
國票北投,順達,10,18,-8
國票北投,鴻海,3,10,-7
國票北投,長榮航,3,10,-7
國票北投,大成鋼,8,15,-7
國票北投,00922國泰台灣領袖50,0,6,-6
國票北投,佳和,0,6,-6
國票北投,台達電,1,7,-6
國票北投,友達,0,5,-5
國票北投,富邦金,0,5,-5
國票北投,00761B國泰A級公司債,0,5,-5
國票北投,科風,0,5,-5
國票北投,永道-KY,0,5,-5
國票北投,啟��,0,5,-5
國票北投,元大台灣50,0,4,-4
國票北投,奇鋐,0,4,-4
國票北投,00949復華日本龍頭,0,4,-4
國票北投,世德,0,4,-4
國票北投,華晶科,1,5,-4
國票北投,金雨,0,4,-4
國票北投,聯光通,12,16,-4
國票北投,能率,0,4,-4
國票北投,台灣虎航,1,5,-4
國票北投,00929復華台灣科技優息,0,3,-3
國票北投,泰茂,0,3,-3
國票北投,光頡,0,3,-3
國票北投,定穎投控,0,3,-3
國票北投,群益證,0,3,-3
國票北投,訊芯-KY,0,3,-3
國票九鼎,聯電,205,40,165
國票九鼎,00676R富邦臺灣加權反1,130,0,130
國票九鼎,旺宏,110,0,110
國票九鼎,00637L元大滬深300正2,140,31,109
國票九鼎,波若威,130,29,101
國票九鼎,00953B群益優選非投等債,100,0,100
國票九鼎,亞光,76,28,48
國票九鼎,巨騰-DR,48,0,48
國票九鼎,00919群益台灣精選高息,39,0,39
國票九鼎,00706L期元大S＆P日圓正2,115,80,35
國票九鼎,00858永豐美國500大,26,0,26
國票九鼎,00878國泰永續高股息,26,3,23
國票九鼎,精材,30,8,22
國票九鼎,台化,26,4,22
國票九鼎,00650L復華香港正2,22,0,22
國票九鼎,玉山金,23,1,22
國票九鼎,興能高,83,63,20
國票九鼎,皇昌,20,0,20
國票九鼎,正德,18,0,18
國票九鼎,佳能,32,15,17
國票九鼎,00918大華優利高填息30,17,0,17
國票九鼎,台揚,33,17,16
國票九鼎,00924復華S＆P500成長,15,0,15
國票九鼎,00910第一金太空衛星,387,372,15
國票九鼎,昇陽半導體,28,13,15
國票九鼎,麗正,14,0,14
國票九鼎,廣運,15,1,14
國票九鼎,英業達,40,27,13
國票九鼎,宏齊,15,3,12
國票九鼎,三商壽,12,0,12
國票九鼎,凱美,23,12,11
國票九鼎,中工,10,0,10
國票九鼎,00980B台新特選IG債10+,10,0,10
國票九鼎,普誠,10,0,10
國票九鼎,00964中信亞太高股息,10,0,10
國票九鼎,品安,10,0,10
國票九鼎,兆豐金,10,0,10
國票九鼎,正基,10,0,10
國票九鼎,志強-KY,12,2,10
國票九鼎,立敦,16,6,10
國票九鼎,欣興,41,32,9
國票九鼎,美食-KY,9,0,9
國票九鼎,華容,13,4,9
國票九鼎,華通,16,8,8
國票九鼎,大銀微系統,14,6,8
國票九鼎,堤維西,8,0,8
國票九鼎,新建,8,0,8
國票九鼎,00687B國泰20年美債,10,2,8
國票九鼎,邦泰,8,0,8
國票九鼎,亞力,8,1,7
國票九鼎,眾達-KY,41,388,-347
國票九鼎,欣銓,3,252,-249
國票九鼎,中鋼,46,231,-185
國票九鼎,00929復華台灣科技優息,1,107,-106
國票九鼎,中鴻,0,100,-100
國票九鼎,力積電,84,169,-85
國票九鼎,友達,3,84,-81
國票九鼎,00937B群益ESG投等債20,5,62,-57
國票九鼎,00680L元大美債20正2,30,83,-53
國票九鼎,神達,129,179,-50
國票九鼎,順達,32,82,-50
國票九鼎,星宇航空,0,46,-46
國票九鼎,居易,0,43,-43
國票九鼎,00933B國泰10Y+金融債,0,40,-40
國票九鼎,00665L富邦�琤肭磪囓�2,77,117,-40
國票九鼎,台積電,13,51,-38
國票九鼎,00934中信成長高股息,0,34,-34
國票九鼎,00935野村臺灣新科技50,0,30,-30
國票九鼎,金麗-KY,30,60,-30
國票九鼎,中石化,2,32,-30
國票九鼎,新光金,23,49,-26
國票九鼎,仁寶,0,26,-26
國票九鼎,00715L期街口布蘭特正2,2,27,-25
國票九鼎,亞翔,6,31,-25
國票九鼎,富華新,1,26,-25
國票九鼎,燿華,0,24,-24
國票九鼎,國泰金,2,22,-20
國票九鼎,華星光,24,44,-20
國票九鼎,鴻準,1,18,-17
國票九鼎,大同,2,19,-17
國票九鼎,華邦電,2,18,-16
國票九鼎,聯光通,16,32,-16
國票九鼎,達邁,31,46,-15
國票九鼎,廣宇,1,16,-15
國票九鼎,宏致,1,15,-14
國票九鼎,日月光投控,4,17,-13
國票九鼎,新盛力,74,87,-13
國票九鼎,雷科,0,12,-12
國票九鼎,南亞科,3,14,-11
國票九鼎,鴻海,42,53,-11
國票九鼎,吉茂,0,11,-11
國票九鼎,環宇-KY,30,41,-11
國票九鼎,00877復華中國5G,0,11,-11
國票九鼎,00635U期元大S＆P黃金,0,11,-11
國票九鼎,東元,0,11,-11
國票九鼎,今皓,0,10,-10
國票九鼎,jpp-KY,2,12,-10
國票九鼎,頎邦,0,10,-10
國票九鼎,尚凡*,0,10,-10
國票九鼎,達方,0,10,-10
 元大新盛,瑞智,620,1,619
 元大新盛,炎洲,120,3,117
 元大新盛,00637L元大滬深300正2,179,68,111
 元大新盛,久陽,101,0,101
 元大新盛,瀚宇博,94,0,94
 元大新盛,金雨,90,0,90
 元大新盛,00918大華優利高填息30,75,0,75
 元大新盛,00915凱基優選高股息30,63,0,63
 元大新盛,00671R富邦NASDAQ反1,55,0,55
 元大新盛,台塑,56,8,48
 元大新盛,尚凡*,43,0,43
 元大新盛,匯鑽科,36,0,36
 元大新盛,00753L中信中國50正2,33,0,33
 元大新盛,昇陽半導體,32,1,31
 元大新盛,永豐金,28,0,28
 元大新盛,00882中信中國高股息,27,0,27
 元大新盛,00919群益台灣精選高息,27,1,26
 元大新盛,元大高股息,48,24,24
 元大新盛,新日興,45,22,23
 元大新盛,鴻海,34,11,23
 元大新盛,00938凱基優選30,20,0,20
 元大新盛,00632R元大台灣50反1,20,0,20
 元大新盛,萬泰科,20,0,20
 元大新盛,欣興,23,4,19
 元大新盛,創惟,19,1,18
 元大新盛,00937B群益ESG投等債20,16,0,16
 元大新盛,南僑,20,5,15
 元大新盛,聯鈞,36,23,13
 元大新盛,英業達,17,4,13
 元大新盛,凌巨,16,3,13
 元大新盛,00680L元大美債20正2,13,0,13
 元大新盛,居易,12,0,12
 元大新盛,群創,22,10,12
 元大新盛,陽明,22,11,11
 元大新盛,鈊象,12,1,11
 元大新盛,3036A文曄甲特,10,0,10
 元大新盛,立��,10,0,10
 元大新盛,泰山,10,0,10
 元大新盛,太空梭,10,0,10
 元大新盛,盛餘,10,0,10
 元大新盛,00751B元大AAA至A公司債,10,0,10
 元大新盛,商丞,10,0,10
 元大新盛,大宇,10,0,10
 元大新盛,華建,10,0,10
 元大新盛,新復興,10,0,10
 元大新盛,力成,10,0,10
 元大新盛,中鋼,11,2,9
 元大新盛,00687B國泰20年美債,9,0,9
 元大新盛,大成鋼,9,1,8
 元大新盛,聯成,10,2,8
 元大新盛,00929復華台灣科技優息,0,255,-255
 元大新盛,00940元大台灣價值高息,2,201,-199
 元大新盛,00965元大航太防衛科技,0,190,-190
 元大新盛,華邦電,4,165,-161
 元大新盛,00878國泰永續高股息,38,134,-96
 元大新盛,聯電,143,223,-80
 元大新盛,玉山金,0,63,-63
 元大新盛,神達,101,163,-62
 元大新盛,和椿,345,404,-59
 元大新盛,長榮航,7,49,-42
 元大新盛,新漢,8,47,-39
 元大新盛,永彰,0,35,-35
 元大新盛,00922國泰台灣領袖50,1,33,-32
 元大新盛,富野,0,30,-30
 元大新盛,凱基金,23,52,-29
 元大新盛,欣銓,7,35,-28
 元大新盛,千附精密,0,25,-25
 元大新盛,00712復華富時不動產,0,25,-25
 元大新盛,00905FT臺灣Smart,0,22,-22
 元大新盛,台光電,2,22,-20
 元大新盛,華星光,19,39,-20
 元大新盛,00679B元大美債20年,10,28,-18
 元大新盛,宏致,4,22,-18
 元大新盛,宏達電,45,63,-18
 元大新盛,00631L元大台灣50正2,3,20,-17
 元大新盛,新盛力,49,66,-17
 元大新盛,聯光通,17,32,-15
 元大新盛,興能高,37,52,-15
 元大新盛,西勝,0,15,-15
 元大新盛,泰金寶-DR,25,40,-15
 元大新盛,僑威,9,23,-14
 元大新盛,2348A海悅甲特,0,14,-14
 元大新盛,新光金,0,14,-14
 元大新盛,福懋,0,14,-14
 元大新盛,元大台灣50,1,14,-13
 元大新盛,廣宇,0,12,-12
 元大新盛,00968B元大優息投等債,0,12,-12
 元大新盛,奇鋐,0,12,-12
 元大新盛,太景*-KY,0,11,-11
 元大新盛,台揚,1,12,-11
 元大新盛,廣達,8,18,-10
 元大新盛,00720B元大投資級公司債,0,10,-10
 元大新盛,系統電,1,11,-10
 元大新盛,00894中信小資高價30,0,10,-10
 元大新盛,中磊,0,10,-10
 元大新盛,和潤企業,0,10,-10
 元大新盛,振樺電,0,10,-10
 元大新盛,華新,0,10,-10
 元大新盛,00757統一FANG+,4,14,-10
 元大新盛,嘉聯益,0,9,-9
凱基新莊,00687B國泰20年美債,206,24,182
凱基新莊,聯電,221,52,169
凱基新莊,輔信,103,0,103
凱基新莊,神達,217,115,102
凱基新莊,00857B永豐20年美公債,100,0,100
凱基新莊,順達,114,22,92
凱基新莊,精材,71,3,68
凱基新莊,00937B群益ESG投等債20,63,3,60
凱基新莊,立隆電,53,4,49
凱基新莊,00924復華S＆P500成長,44,0,44
凱基新莊,泰金寶-DR,54,19,35
凱基新莊,世紀鋼,36,1,35
凱基新莊,欣銓,53,19,34
凱基新莊,波若威,57,24,33
凱基新莊,瑞智,30,1,29
凱基新莊,00633L富邦上証正2,20,0,20
凱基新莊,三晃,20,0,20
凱基新莊,南仁湖,21,1,20
凱基新莊,新盛力,33,16,17
凱基新莊,00637L元大滬深300正2,14,1,13
凱基新莊,00882中信中國高股息,13,0,13
凱基新莊,慧洋-KY,13,0,13
凱基新莊,南電,13,0,13
凱基新莊,鴻海,17,4,13
凱基新莊,志強-KY,47,35,12
凱基新莊,長華*,14,2,12
凱基新莊,00953B群益優選非投等債,10,0,10
凱基新莊,銘異,10,0,10
凱基新莊,柏騰,13,3,10
凱基新莊,康控-KY,10,0,10
凱基新莊,jpp-KY,10,0,10
凱基新莊,00858永豐美國500大,9,0,9
凱基新莊,遠百,9,0,9
凱基新莊,宏齊,9,0,9
凱基新莊,永道-KY,10,1,9
凱基新莊,華容,8,0,8
凱基新莊,達邁,24,16,8
凱基新莊,驊訊,8,0,8
凱基新莊,能率網通,15,7,8
凱基新莊,富喬,8,1,7
凱基新莊,星宇航空,10,3,7
凱基新莊,桂盟,7,0,7
凱基新莊,緯創,10,4,6
凱基新莊,欣興,12,6,6
凱基新莊,海華,7,1,6
凱基新莊,威盛,6,0,6
凱基新莊,德律,6,0,6
凱基新莊,加百裕,31,25,6
凱基新莊,健椿,6,0,6
凱基新莊,立敦,38,32,6
凱基新莊,00980B台新特選IG債10+,0,135,-135
凱基新莊,陽明,0,104,-104
凱基新莊,00927群益半導體收益,0,90,-90
凱基新莊,新光金,0,78,-78
凱基新莊,00929復華台灣科技優息,2,72,-70
凱基新莊,力積電,8,68,-60
凱基新莊,元大高股息,8,66,-58
凱基新莊,00712復華富時不動產,0,52,-52
凱基新莊,台化,3,50,-47
凱基新莊,00878國泰永續高股息,25,71,-46
凱基新莊,連展投控,13,50,-37
凱基新莊,鼎元,0,35,-35
凱基新莊,伍豐,0,32,-32
凱基新莊,00940元大台灣價值高息,0,32,-32
凱基新莊,00673R期元大S＆P原油反1,5,34,-29
凱基新莊,新建,1,30,-29
凱基新莊,華航,1,29,-28
凱基新莊,00919群益台灣精選高息,12,34,-22
凱基新莊,新日興,4,25,-21
凱基新莊,能率,0,20,-20
凱基新莊,華星光,95,112,-17
凱基新莊,亞翔,1,18,-17
凱基新莊,00885富邦越南,0,15,-15
凱基新莊,僑威,4,19,-15
凱基新莊,台達電,0,14,-14
凱基新莊,彰銀,0,14,-14
凱基新莊,華宏,1,15,-14
凱基新莊,宏致,2,15,-13
凱基新莊,前鼎,0,11,-11
凱基新莊,00898國泰基因免疫革命,0,10,-10
凱基新莊,裕隆,4,14,-10
凱基新莊,台產,0,10,-10
凱基新莊,晶豪科,0,10,-10
凱基新莊,澤米,0,10,-10
凱基新莊,00631L元大台灣50正2,1,10,-9
凱基新莊,00763U期街口道瓊銅,0,8,-8
凱基新莊,中鋼,2,10,-8
凱基新莊,笙科,0,7,-7
凱基新莊,銳澤,0,7,-7
凱基新莊,圓剛,5,11,-6
凱基新莊,佳能,14,20,-6
凱基新莊,譁裕,0,6,-6
凱基新莊,炎洲,0,6,-6
凱基新莊,系統電,0,6,-6
凱基新莊,創惟,1,7,-6
凱基新莊,中鴻,0,6,-6
凱基新莊,台積電,7,13,-6
凱基新莊,宏達電,62,67,-5
凱基新莊,00897富邦基因免疫生技,0,5,-5
凱基新莊,勤美,0,5,-5
康和新竹,聯電,24,3,21
康和新竹,00858永豐美國500大,20,0,20
康和新竹,安集,13,0,13
康和新竹,連展投控,11,0,11
康和新竹,力積電,13,2,11
康和新竹,中華化,10,0,10
康和新竹,致新,10,0,10
康和新竹,912000晨訊科-DR,10,0,10
康和新竹,百和,10,0,10
康和新竹,強生,9,0,9
康和新竹,00632R元大台灣50反1,6,0,6
康和新竹,力成,6,0,6
康和新竹,國泰金,8,2,6
康和新竹,星宇航空,6,1,5
康和新竹,揚明光,5,0,5
康和新竹,新盛力,6,1,5
康和新竹,信音,5,0,5
康和新竹,00671R富邦NASDAQ反1,4,0,4
康和新竹,昆盈,4,0,4
康和新竹,欣興,3,0,3
康和新竹,00731復華富時高息低波,5,2,3
康和新竹,元大高股息,3,0,3
康和新竹,華泰,3,0,3
康和新竹,凱基金,3,0,3
康和新竹,英業達,6,4,2
康和新竹,精材,2,0,2
康和新竹,裕隆,2,0,2
康和新竹,00937B群益ESG投等債20,2,0,2
康和新竹,福壽,2,0,2
康和新竹,大成鋼,2,0,2
康和新竹,智邦,6,4,2
康和新竹,陽明,3,1,2
康和新竹,慧洋-KY,2,0,2
康和新竹,晟銘電,3,1,2
康和新竹,光環,2,0,2
康和新竹,展達,2,0,2
康和新竹,湧德,2,0,2
康和新竹,大聯大,2,0,2
康和新竹,富采,2,0,2
康和新竹,嘉彰,2,0,2
康和新竹,精成科,12,10,2
康和新竹,雷科,2,0,2
康和新竹,力智,2,0,2
康和新竹,建準,1,0,1
康和新竹,聯光通,3,2,1
康和新竹,南港,1,0,1
康和新竹,南亞,1,0,1
康和新竹,00669R國泰美國道瓊反1,1,0,1
康和新竹,00633L富邦上証正2,1,0,1
康和新竹,華新,1,0,1
康和新竹,健椿,1,40,-39
康和新竹,泰金寶-DR,147,171,-24
康和新竹,00830國泰費城半導體,0,22,-22
康和新竹,00757統一FANG+,0,22,-22
康和新竹,致伸,0,19,-19
康和新竹,緯創,1,15,-14
康和新竹,00670L富邦NASDAQ正2,0,10,-10
康和新竹,凌巨,0,10,-10
康和新竹,三能-KY,0,9,-9
康和新竹,正達,0,6,-6
康和新竹,006208富邦台50,1,7,-6
康和新竹,元大台灣50,0,5,-5
康和新竹,洋基工程,2,7,-5
康和新竹,宏致,0,5,-5
康和新竹,富喬,6,10,-4
康和新竹,麗臺,0,4,-4
康和新竹,僑威,0,4,-4
康和新竹,波若威,19,23,-4
康和新竹,和碩,0,4,-4
康和新竹,協益,0,4,-4
康和新竹,00919群益台灣精選高息,1,5,-4
康和新竹,和椿,8,11,-3
康和新竹,00680L元大美債20正2,0,3,-3
康和新竹,光罩,0,3,-3
康和新竹,宏達電,70,73,-3
康和新竹,華航,0,3,-3
康和新竹,長榮航,0,3,-3
康和新竹,亞航,0,3,-3
康和新竹,華星光,10,13,-3
康和新竹,原相,0,3,-3
康和新竹,奇鋐,0,2,-2
康和新竹,聯成,5,7,-2
康和新竹,富邦科技,0,2,-2
康和新竹,00642U期元大S＆P石油,0,2,-2
康和新竹,台積電,0,2,-2
康和新竹,精英,0,2,-2
康和新竹,華邦電,0,2,-2
康和新竹,華碩,1,3,-2
康和新竹,順達,0,2,-2
康和新竹,智易,0,2,-2
康和新竹,立積,0,2,-2
康和新竹,高端疫苗,0,2,-2
康和新竹,00878國泰永續高股息,0,2,-2
康和新竹,神達,6,8,-2
康和新竹,川湖,0,1,-1
康和新竹,台光電,0,1,-1
康和新竹,聯鈞,31,32,-1
康和新竹,新漢,0,1,-1
康和新竹,東陽,0,1,-1
康和新竹,00929復華台灣科技優息,0,1,-1
致和,千興,1102,0,1102
致和,英濟,41,0,41
致和,誠美材,30,0,30
致和,00938凱基優選30,20,0,20
致和,官田鋼,18,0,18
致和,元晶,15,0,15
致和,華新,13,0,13
致和,特昇-KY,13,0,13
致和,聯電,40,29,11
致和,京元電子,16,5,11
致和,得力,10,0,10
致和,00919群益台灣精選高息,10,0,10
致和,00910第一金太空衛星,10,0,10
致和,連展投控,10,0,10
致和,建錩,10,0,10
致和,萬潤,10,0,10
致和,立敦,10,1,9
致和,聖暉*,10,1,9
致和,高僑,8,0,8
致和,00878國泰永續高股息,7,0,7
致和,元大高股息,7,0,7
致和,00712復華富時不動產,7,0,7
致和,旺旺保,7,0,7
致和,台虹,7,0,7
致和,聯鈞,8,2,6
致和,欣興,6,0,6
致和,建通,5,0,5
致和,漢翔,5,0,5
致和,三洋實業,4,0,4
致和,旭品,4,0,4
致和,玉晶光,4,0,4
致和,眾達-KY,4,0,4
致和,精成科,7,3,4
致和,訊芯-KY,4,0,4
致和,大拓-KY,4,0,4
致和,大同,3,0,3
致和,00858永豐美國500大,3,0,3
致和,國際中橡,3,0,3
致和,仁寶,3,0,3
致和,星宇航空,3,0,3
致和,聯德,3,0,3
致和,維熹,3,0,3
致和,東洋,3,0,3
致和,慧智,3,0,3
致和,昇陽半導體,3,0,3
致和,南茂,5,2,3
致和,世禾,3,0,3
致和,00909國泰數位支付服務,2,0,2
致和,00715L期街口布蘭特正2,2,0,2
致和,00945B凱基美國非投等債,2,0,2
致和,中鋼,3,150,-147
致和,國產,1,91,-90
致和,宏致,1,75,-74
致和,力積電,3,50,-47
致和,神達,52,94,-42
致和,致和證,4,36,-32
致和,台灣虎航,1,31,-30
致和,國泰金,0,22,-22
致和,00936台新永續高息中小,0,17,-17
致和,國喬,3,20,-17
致和,凱基金,0,16,-16
致和,欣銓,4,20,-16
致和,泰鼎-KY,0,15,-15
致和,台星科,1,15,-14
致和,緯創,6,19,-13
致和,臻鼎-KY,1,11,-10
致和,統一實,0,10,-10
致和,台揚,8,17,-9
致和,遠東銀,1,10,-9
致和,佳世達,0,8,-8
致和,陽明,8,16,-8
致和,元大金,0,8,-8
致和,台積電,1,8,-7
致和,友達,0,6,-6
致和,力麗,0,5,-5
致和,英業達,1,6,-5
致和,零壹,0,5,-5
致和,原相,0,5,-5
致和,杭特,0,5,-5
致和,矽格,0,5,-5
致和,力致,0,5,-5
致和,奇鋐,2,6,-4
致和,00685L群益臺灣加權正2,0,4,-4
致和,技嘉,1,5,-4
致和,大毅,0,4,-4
致和,海灣,0,4,-4
致和,00929復華台灣科技優息,0,3,-3
致和,永豐餘,0,3,-3
致和,宏達電,8,11,-3
致和,夏都,0,3,-3
致和,新光金,0,3,-3
致和,廣達,3,6,-3
致和,台達電,0,3,-3
致和,通嘉,0,2,-2
致和,迅得,0,2,-2
致和,華南金,0,2,-2
致和,華夏,0,2,-2
致和,味全,0,2,-2
致和,00692富邦公司治理,0,2,-2
致和,元大台灣50,0,2,-2
新百王,00753L中信中國50正2,481,0,481
新百王,00665L富邦�琤肭磪囓�2,519,53,466
新百王,鴻海,294,21,273
新百王,00637L元大滬深300正2,223,38,185
新百王,00639富邦深100,100,0,100
新百王,聯電,99,28,71
新百王,南茂,66,1,65
新百王,富喬,58,17,41
新百王,00688L國泰20年美債正2,40,0,40
新百王,台中銀,40,0,40
新百王,勤美,30,0,30
新百王,00687B國泰20年美債,29,0,29
新百王,00692富邦公司治理,29,0,29
新百王,00632R元大台灣50反1,25,0,25
新百王,台玻,24,0,24
新百王,00795B中信美國公債20年,23,0,23
新百王,宏達電,168,148,20
新百王,台半,20,0,20
新百王,華航,18,0,18
新百王,00650L復華香港正2,16,0,16
新百王,元大高股息,15,0,15
新百王,00783富邦中証500,15,0,15
新百王,台泥,20,6,14
新百王,大成鋼,17,3,14
新百王,00919群益台灣精選高息,13,0,13
新百王,前鼎,35,22,13
新百王,00923群益台ESG低碳50,12,0,12
新百王,得力,13,1,12
新百王,00655L國泰中國A50正2,12,0,12
新百王,00915凱基優選高股息30,11,0,11
新百王,興能高,150,139,11
新百王,00706L期元大S＆P日圓正2,10,0,10
新百王,泰金寶-DR,70,60,10
新百王,誠美材,10,0,10
新百王,宏��,9,0,9
新百王,中租-KY,10,2,8
新百王,新盛力,68,60,8
新百王,華電網,8,0,8
新百王,宏齊,8,0,8
新百王,國際中橡,8,0,8
新百王,緯創,29,21,8
新百王,佐登-KY,7,0,7
新百王,華星光,22,16,6
新百王,揚明光,6,0,6
新百王,振曜,14,8,6
新百王,達邁,80,74,6
新百王,五福,7,1,6
新百王,驊訊,11,5,6
新百王,力積電,16,10,6
新百王,立積,6,1,5
新百王,00937B群益ESG投等債20,34,2101,-2067
新百王,00965元大航太防衛科技,0,200,-200
新百王,00929復華台灣科技優息,3,126,-123
新百王,00864B中信美國公債0-1,0,63,-63
新百王,00651R復華香港反1,0,50,-50
新百王,國泰金,3,49,-46
新百王,陽明,36,76,-40
新百王,00666R富邦�琤肭磪齯�1,0,40,-40
新百王,三商壽,0,30,-30
新百王,統一證,9,37,-28
新百王,裕隆,9,36,-27
新百王,長榮航,13,39,-26
新百王,擎亞,6,32,-26
新百王,台虹,0,25,-25
新百王,00852L國泰美國道瓊正2,0,23,-23
新百王,00675L富邦臺灣加權正2,1,24,-23
新百王,澤米,2,23,-21
新百王,海華,11,32,-21
新百王,00930永豐ESG低碳高息,0,21,-21
新百王,00631L元大台灣50正2,6,26,-20
新百王,020034元大IC設計N,0,20,-20
新百王,長榮,4,24,-20
新百王,來頡,4,21,-17
新百王,聚隆,35,52,-17
新百王,創威,4,19,-15
新百王,臺企銀,0,15,-15
新百王,全新,7,22,-15
新百王,中工,0,14,-14
新百王,宏致,10,23,-13
新百王,00936台新永續高息中小,0,13,-13
新百王,00922國泰台灣領袖50,0,13,-13
新百王,玉山金,0,12,-12
新百王,乙盛-KY,0,11,-11
新百王,南亞,13,24,-11
新百王,神基,1,11,-10
新百王,00941中信上游半導體,0,10,-10
新百王,致和證,0,10,-10
新百王,杭特,0,10,-10
新百王,華東,0,10,-10
新百王,00679B元大美債20年,12,22,-10
新百王,福邦證,0,9,-9
新百王,東元,10,19,-9
新百王,光寶科,6,15,-9
新百王,和大,0,9,-9
新百王,佳邦,1,10,-9
新百王,亞航,0,8,-8
新百王,欣銓,5,13,-8
新百王,亞信,0,8,-8
新百王,友訊,3,11,-8
新百王,飛宏,8,16,-8
富邦新店,新日興,865,71,794
富邦新店,宏致,422,46,376
富邦新店,00937B群益ESG投等債20,489,119,370
富邦新店,00706L期元大S＆P日圓正2,297,0,297
富邦新店,聯電,335,95,240
富邦新店,00637L元大滬深300正2,285,110,175
富邦新店,00933B國泰10Y+金融債,114,5,109
富邦新店,00646元大S＆P500,106,3,103
富邦新店,冠軍,100,0,100
富邦新店,第一保,83,0,83
富邦新店,00919群益台灣精選高息,85,10,75
富邦新店,00679B元大美債20年,66,11,55
富邦新店,00918大華優利高填息30,58,5,53
富邦新店,加百裕,167,117,50
富邦新店,來頡,52,6,46
富邦新店,00882中信中國高股息,45,0,45
富邦新店,00680L元大美債20正2,47,5,42
富邦新店,00950B凱基A級公司債,42,0,42
富邦新店,宏��,38,2,36
富邦新店,悅城,46,11,35
富邦新店,00900富邦特選高股息30,34,0,34
富邦新店,00688L國泰20年美債正2,34,0,34
富邦新店,冠西電,34,1,33
富邦新店,永豐金,31,0,31
富邦新店,00955中信日本商社,30,0,30
富邦新店,陽明,41,13,28
富邦新店,中鼎,27,0,27
富邦新店,順達,59,33,26
富邦新店,亞元,26,0,26
富邦新店,00713元大台灣高息低波,36,11,25
富邦新店,00953B群益優選非投等債,22,0,22
富邦新店,立隆電,77,55,22
富邦新店,創惟,49,28,21
富邦新店,00948B中信優息投資級債,21,0,21
富邦新店,00733富邦臺灣中小,20,0,20
富邦新店,00945B凱基美國非投等債,20,0,20
富邦新店,大成鋼,39,20,19
富邦新店,00858永豐美國500大,24,5,19
富邦新店,友達,31,12,19
富邦新店,凱美,27,9,18
富邦新店,星宇航空,26,8,18
富邦新店,太普高,20,2,18
富邦新店,00923群益台ESG低碳50,28,10,18
富邦新店,立��,30,13,17
富邦新店,環宇-KY,75,60,15
富邦新店,慧洋-KY,15,0,15
富邦新店,中租-KY,14,0,14
富邦新店,劍湖山,29,15,14
富邦新店,華新,24,10,14
富邦新店,大銀微系統,24,10,14
富邦新店,宏齊,17,918,-901
富邦新店,揚明光,2,882,-880
富邦新店,00980B台新特選IG債10+,4,849,-845
富邦新店,玉晶光,8,689,-681
富邦新店,三商壽,0,357,-357
富邦新店,亞泰,10,231,-221
富邦新店,富邦金,6,209,-203
富邦新店,宏達電,99,299,-200
富邦新店,00965元大航太防衛科技,0,175,-175
富邦新店,00878國泰永續高股息,77,206,-129
富邦新店,ITH-KY,1,101,-100
富邦新店,力積電,104,202,-98
富邦新店,聯合再生,5,102,-97
富邦新店,欣銓,120,209,-89
富邦新店,長榮航,12,98,-86
富邦新店,凱基金,11,85,-74
富邦新店,元大台灣50,39,108,-69
富邦新店,00881國泰台灣5G+,40,103,-63
富邦新店,藍天,0,62,-62
富邦新店,南亞,2,63,-61
富邦新店,00922國泰台灣領袖50,181,236,-55
富邦新店,00885富邦越南,4,58,-54
富邦新店,富采,47,100,-53
富邦新店,00929復華台灣科技優息,4,53,-49
富邦新店,華航,32,80,-48
富邦新店,彬台,11,57,-46
富邦新店,金寶,27,68,-41
富邦新店,台塑,32,72,-40
富邦新店,三商,0,40,-40
富邦新店,中信金,24,63,-39
富邦新店,彰銀,0,39,-39
富邦新店,00687B國泰20年美債,20,57,-37
富邦新店,00940元大台灣價值高息,6,41,-35
富邦新店,廣達,39,74,-35
富邦新店,00662富邦NASDAQ,7,41,-34
富邦新店,00941中信上游半導體,1,34,-33
富邦新店,歐買尬,1,30,-29
富邦新店,神達,195,224,-29
富邦新店,00887永豐中國科技50大,0,28,-28
富邦新店,中鴻,0,28,-28
富邦新店,00675L富邦臺灣加權正2,0,28,-28
富邦新店,英濟,12,37,-25
富邦新店,南亞科,7,32,-25
富邦新店,擎亞,41,65,-24
富邦新店,昇貿,40,64,-24
富邦新店,華邦電,1,25,-24
富邦新店,中華電,0,23,-23
富邦新店,日月光投控,15,35,-20
富邦新店,國光生,0,20,-20
富邦新店,00631L元大台灣50正2,4,24,-20
兆豐新竹,台積電,213,48,165
兆豐新竹,系微,101,1,100
兆豐新竹,聯電,176,88,88
兆豐新竹,采鈺,85,2,83
兆豐新竹,光環,76,0,76
兆豐新竹,緯軟,66,1,65
兆豐新竹,遠東新,64,0,64
兆豐新竹,00918大華優利高填息30,63,0,63
兆豐新竹,00885富邦越南,51,0,51
兆豐新竹,中信金,52,2,50
兆豐新竹,所羅門,56,6,50
兆豐新竹,創意,48,4,44
兆豐新竹,宜特,42,0,42
兆豐新竹,訊連,39,0,39
兆豐新竹,新光金,50,12,38
兆豐新竹,華晶科,31,0,31
兆豐新竹,00712復華富時不動產,40,10,30
兆豐新竹,鴻海,46,16,30
兆豐新竹,精材,36,8,28
兆豐新竹,00878國泰永續高股息,27,1,26
兆豐新竹,新華,23,2,21
兆豐新竹,台特化,22,1,21
兆豐新竹,元大高股息,29,9,20
兆豐新竹,00632R元大台灣50反1,18,0,18
兆豐新竹,中鼎,15,0,15
兆豐新竹,上詮,14,1,13
兆豐新竹,台新金,40,27,13
兆豐新竹,00882中信中國高股息,20,8,12
兆豐新竹,台揚,10,0,10
兆豐新竹,新美齊,10,0,10
兆豐新竹,00937B群益ESG投等債20,32,22,10
兆豐新竹,事欣科,10,0,10
兆豐新竹,鈺創,10,0,10
兆豐新竹,富喬,39,29,10
兆豐新竹,新建,10,0,10
兆豐新竹,兆豐金,15,6,9
兆豐新竹,緯創,12,3,9
兆豐新竹,00665L富邦�琤肭磪囓�2,18,9,9
兆豐新竹,00910第一金太空衛星,10,2,8
兆豐新竹,長榮航,11,3,8
兆豐新竹,彬台,14,6,8
兆豐新竹,00679B元大美債20年,10,2,8
兆豐新竹,大井泵浦,8,0,8
兆豐新竹,00895富邦未來車,9,1,8
兆豐新竹,矽力*-KY,8,0,8
兆豐新竹,原相,8,0,8
兆豐新竹,00858永豐美國500大,8,0,8
兆豐新竹,長華*,8,0,8
兆豐新竹,有成精密,7,0,7
兆豐新竹,驊訊,8,1,7
兆豐新竹,00980B台新特選IG債10+,2,320,-318
兆豐新竹,永彰,0,125,-125
兆豐新竹,00942B台新美A公司債20+,7,125,-118
兆豐新竹,00940元大台灣價值高息,0,115,-115
兆豐新竹,00929復華台灣科技優息,0,101,-101
兆豐新竹,力積電,26,124,-98
兆豐新竹,華星光,285,341,-56
兆豐新竹,順達,11,65,-54
兆豐新竹,00680L元大美債20正2,0,39,-39
兆豐新竹,啟��,1,39,-38
兆豐新竹,台泥,0,36,-36
兆豐新竹,華景電,0,32,-32
兆豐新竹,00922國泰台灣領袖50,1,31,-30
兆豐新竹,00751B元大AAA至A公司債,5,35,-30
兆豐新竹,威剛,63,92,-29
兆豐新竹,00934中信成長高股息,10,38,-28
兆豐新竹,00951台新日本半導體,0,26,-26
兆豐新竹,威盛,3,28,-25
兆豐新竹,全友,0,25,-25
兆豐新竹,昆盈,2,26,-24
兆豐新竹,波若威,25,47,-22
兆豐新竹,00715L期街口布蘭特正2,1,22,-21
兆豐新竹,00753L中信中國50正2,0,20,-20
兆豐新竹,2883B凱基金乙特,0,20,-20
兆豐新竹,元大台灣50,11,31,-20
兆豐新竹,玉山金,4,22,-18
兆豐新竹,00670L富邦NASDAQ正2,0,18,-18
兆豐新竹,00919群益台灣精選高息,27,44,-17
兆豐新竹,威力暘-創,0,16,-16
兆豐新竹,美時,0,15,-15
兆豐新竹,凱基金,0,15,-15
兆豐新竹,新應材,1,14,-13
兆豐新竹,擎亞,12,24,-12
兆豐新竹,00675L富邦臺灣加權正2,0,12,-12
兆豐新竹,台塑,1,13,-12
兆豐新竹,006208富邦台50,11,23,-12
兆豐新竹,00936台新永續高息中小,3,14,-11
兆豐新竹,台化,1,12,-11
兆豐新竹,00631L元大台灣50正2,0,11,-11
兆豐新竹,智邦,5,15,-10
兆豐新竹,合勤控,0,10,-10
兆豐新竹,興富發,0,10,-10
兆豐新竹,00905FT臺灣Smart,1,11,-10
兆豐新竹,中鋼構,0,10,-10
兆豐新竹,輔信,0,10,-10
兆豐新竹,陽明,2,12,-10
兆豐新竹,精成科,6,15,-9
兆豐新竹,國泰金,0,9,-9
兆豐新竹,僑威,1,9,-8
兆豐新竹,雲豹能源,2,9,-7
凱基內埔,聯電,216,0,216
凱基內埔,揚明光,33,0,33
凱基內埔,南亞科,30,0,30
凱基內埔,連展投控,30,1,29
凱基內埔,富喬,25,5,20
凱基內埔,菱生,20,0,20
凱基內埔,大銀微系統,14,0,14
凱基內埔,大成鋼,14,1,13
凱基內埔,廣達,13,0,13
凱基內埔,熒茂,13,0,13
凱基內埔,力成,14,2,12
凱基內埔,泰金寶-DR,13,2,11
凱基內埔,00918大華優利高填息30,10,0,10
凱基內埔,00665L富邦�琤肭磪囓�2,10,0,10
凱基內埔,弘凱,10,0,10
凱基內埔,立敦,20,10,10
凱基內埔,力智,10,0,10
凱基內埔,緯創,9,0,9
凱基內埔,厚生,9,0,9
凱基內埔,新興,9,0,9
凱基內埔,元大高股息,11,2,9
凱基內埔,聯詠,8,0,8
凱基內埔,谷崧,8,0,8
凱基內埔,00919群益台灣精選高息,8,0,8
凱基內埔,欣興,7,0,7
凱基內埔,堤維西,7,0,7
凱基內埔,亞光,8,2,6
凱基內埔,宏達電,14,9,5
凱基內埔,台泥,5,0,5
凱基內埔,金寶,6,1,5
凱基內埔,鼎元,5,0,5
凱基內埔,台新金,5,0,5
凱基內埔,加百裕,8,3,5
凱基內埔,達邁,21,16,5
凱基內埔,日月光投控,7,2,5
凱基內埔,中裕,5,0,5
凱基內埔,元晶,5,0,5
凱基內埔,00953B群益優選非投等債,4,0,4
凱基內埔,台玻,3,0,3
凱基內埔,映泰,4,1,3
凱基內埔,漢唐,7,4,3
凱基內埔,力特,3,0,3
凱基內埔,華晶科,3,0,3
凱基內埔,前鼎,4,1,3
凱基內埔,佳凌,3,0,3
凱基內埔,和椿,7,4,3
凱基內埔,西勝,3,0,3
凱基內埔,00970B新光BBB投等債20,2,0,2
凱基內埔,00892富邦台灣半導體,2,0,2
凱基內埔,00904新光臺灣半導體30,2,0,2
凱基內埔,力積電,3,97,-94
凱基內埔,00980B台新特選IG債10+,0,55,-55
凱基內埔,GIS-KY,0,37,-37
凱基內埔,擎亞,1,36,-35
凱基內埔,燿華,0,20,-20
凱基內埔,神達,12,31,-19
凱基內埔,00934中信成長高股息,1,19,-18
凱基內埔,事欣科,4,16,-12
凱基內埔,00940元大台灣價值高息,0,11,-11
凱基內埔,00965元大航太防衛科技,0,10,-10
凱基內埔,00687B國泰20年美債,0,10,-10
凱基內埔,和大,0,10,-10
凱基內埔,全新,0,10,-10
凱基內埔,00929復華台灣科技優息,0,10,-10
凱基內埔,雲品,0,8,-8
凱基內埔,00905FT臺灣Smart,0,7,-7
凱基內埔,良維,0,6,-6
凱基內埔,興能高,22,28,-6
凱基內埔,00690兆豐藍籌30,0,5,-5
凱基內埔,00631L元大台灣50正2,0,5,-5
凱基內埔,為升,0,5,-5
凱基內埔,夏都,0,5,-5
凱基內埔,華南金,0,5,-5
凱基內埔,艾訊,0,5,-5
凱基內埔,和碩,0,5,-5
凱基內埔,達運,0,5,-5
凱基內埔,鉅橡,0,5,-5
凱基內埔,高力,0,5,-5
凱基內埔,00946群益科技高息成長,0,4,-4
凱基內埔,毛寶,0,4,-4
凱基內埔,華航,0,4,-4
凱基內埔,宏致,3,7,-4
凱基內埔,鎰勝,0,4,-4
凱基內埔,環球晶,0,4,-4
凱基內埔,台積電,0,4,-4
凱基內埔,富邦金,0,3,-3
凱基內埔,亞翔,1,4,-3
凱基內埔,006208富邦台50,0,3,-3
凱基內埔,富野,0,3,-3
凱基內埔,晟銘電,0,3,-3
凱基內埔,艾笛森,0,3,-3
凱基內埔,來頡,0,3,-3
凱基內埔,友達,1,4,-3
凱基內埔,元大台灣50,0,2,-2
凱基內埔,00685L群益臺灣加權正2,0,2,-2
凱基內埔,00949復華日本龍頭,0,2,-2
凱基內埔,華新,1,3,-2
凱基內埔,光寶科,0,2,-2
凱基內埔,華通,0,2,-2
凱基內埔,友訊,0,2,-2
凱基岡山,聯電,57,12,45
凱基岡山,力積電,51,17,34
凱基岡山,宏��,30,0,30
凱基岡山,00950B凱基A級公司債,20,0,20
凱基岡山,鴻海,21,2,19
凱基岡山,宏達電,39,21,18
凱基岡山,中工,18,2,16
凱基岡山,岱稜,13,0,13
凱基岡山,00918大華優利高填息30,12,0,12
凱基岡山,00915凱基優選高股息30,12,0,12
凱基岡山,中鋼,14,3,11
凱基岡山,欣銓,25,14,11
凱基岡山,能率網通,11,0,11
凱基岡山,00753L中信中國50正2,10,0,10
凱基岡山,光環,10,0,10
凱基岡山,金洲,10,0,10
凱基岡山,興能高,58,48,10
凱基岡山,可寧衛,10,0,10
凱基岡山,00882中信中國高股息,9,0,9
凱基岡山,群益期,8,0,8
凱基岡山,晉倫,8,0,8
凱基岡山,北極星藥業-KY,8,0,8
凱基岡山,大成鋼,23,16,7
凱基岡山,台塑化,7,0,7
凱基岡山,橘子,6,0,6
凱基岡山,台虹,11,5,6
凱基岡山,00673R期元大S＆P原油反1,5,0,5
凱基岡山,00632R元大台灣50反1,5,0,5
凱基岡山,富采,5,0,5
凱基岡山,加捷生醫,5,0,5
凱基岡山,國精化,6,1,5
凱基岡山,睿生光電,5,0,5
凱基岡山,緯創,5,0,5
凱基岡山,00715L期街口布蘭特正2,5,1,4
凱基岡山,聯光通,19,15,4
凱基岡山,世界,5,1,4
凱基岡山,台表科,4,0,4
凱基岡山,澤米,4,0,4
凱基岡山,00772B中信高評級公司債,3,0,3
凱基岡山,長榮鋼,3,0,3
凱基岡山,志聖,3,0,3
凱基岡山,立隆電,4,1,3
凱基岡山,歐格,3,0,3
凱基岡山,禾伸堂,5,2,3
凱基岡山,大綜,3,0,3
凱基岡山,慕康生醫,3,0,3
凱基岡山,廣運,5,2,3
凱基岡山,佳邦,3,0,3
凱基岡山,創威,3,0,3
凱基岡山,昇陽半導體,6,3,3
凱基岡山,00929復華台灣科技優息,0,68,-68
凱基岡山,00878國泰永續高股息,29,82,-53
凱基岡山,凱基金,1,40,-39
凱基岡山,00980B台新特選IG債10+,3,41,-38
凱基岡山,00713元大台灣高息低波,1,33,-32
凱基岡山,00680L元大美債20正2,0,30,-30
凱基岡山,元大高股息,11,38,-27
凱基岡山,三商壽,0,26,-26
凱基岡山,華南金,0,21,-21
凱基岡山,瑞智,0,20,-20
凱基岡山,星宇航空,0,20,-20
凱基岡山,維田,0,16,-16
凱基岡山,長榮,0,16,-16
凱基岡山,中鴻,0,15,-15
凱基岡山,00948B中信優息投資級債,0,12,-12
凱基岡山,00679B元大美債20年,0,11,-11
凱基岡山,00933B國泰10Y+金融債,0,11,-11
凱基岡山,熒茂,0,11,-11
凱基岡山,00939統一台灣高息動能,0,10,-10
凱基岡山,新鋼,0,10,-10
凱基岡山,ITH-KY,0,10,-10
凱基岡山,00971野村美國研發龍頭,0,10,-10
凱基岡山,友達,0,9,-9
凱基岡山,00919群益台灣精選高息,1,10,-9
凱基岡山,00941中信上游半導體,0,8,-8
凱基岡山,00905FT臺灣Smart,0,7,-7
凱基岡山,TPK-KY,0,7,-7
凱基岡山,長榮航,5,12,-7
凱基岡山,裕民,0,6,-6
凱基岡山,陽明,1,7,-6
凱基岡山,亞翔,0,5,-5
凱基岡山,00900富邦特選高股息30,5,10,-5
凱基岡山,00877復華中國5G,0,5,-5
凱基岡山,台化,16,21,-5
凱基岡山,遠東新,0,5,-5
凱基岡山,科妍,1,6,-5
凱基岡山,大毅,1,6,-5
凱基岡山,亞昕,0,5,-5
凱基岡山,志超,0,5,-5
凱基岡山,00960野村全球航運龍頭,0,5,-5
凱基岡山,光寶科,0,4,-4
凱基岡山,00934中信成長高股息,0,4,-4
凱基岡山,超豐,3,7,-4
凱基岡山,漢翔,0,4,-4
凱基岡山,潤泰全,0,4,-4
凱基岡山,台積電,4,7,-3
凱基岡山,群創,1,5,-4
凱基岡山,00687B國泰20年美債,0,3,-3
凱基岡山,00830國泰費城半導體,0,3,-3
凱基岡山,南亞,0,3,-3
 元大羅東,00673R期元大S＆P原油反1,149,17,132
 元大羅東,聯電,107,13,94
 元大羅東,00940元大台灣價值高息,65,2,63
 元大羅東,00753L中信中國50正2,64,5,59
 元大羅東,富采,45,0,45
 元大羅東,誠美材,38,0,38
 元大羅東,宏��,30,0,30
 元大羅東,大成鋼,24,2,22
 元大羅東,星宇航空,22,0,22
 元大羅東,00712復華富時不動產,21,0,21
 元大羅東,台塑,21,1,20
 元大羅東,新建,16,0,16
 元大羅東,元大高股息,18,3,15
 元大羅東,國票金,13,0,13
 元大羅東,立隆電,32,19,13
 元大羅東,00632R元大台灣50反1,13,0,13
 元大羅東,台泥,15,4,11
 元大羅東,00919群益台灣精選高息,19,7,12
 元大羅東,連展投控,13,2,11
 元大羅東,聯茂,10,0,10
 元大羅東,00637L元大滬深300正2,20,10,10
 元大羅東,00664R國泰臺灣加權反1,10,0,10
 元大羅東,台灣大,10,0,10
 元大羅東,00980B台新特選IG債10+,10,0,10
 元大羅東,定穎投控,10,1,9
 元大羅東,揚智,14,5,9
 元大羅東,新盛力,73,64,9
 元大羅東,時碩工業,11,2,9
 元大羅東,杏輝,9,0,9
 元大羅東,00918大華優利高填息30,8,0,8
 元大羅東,台化,7,0,7
 元大羅東,和康生,7,0,7
 元大羅東,欣興,8,2,6
 元大羅東,金寶,6,0,6
 元大羅東,00915凱基優選高股息30,6,0,6
 元大羅東,中環,8,2,6
 元大羅東,友威科,9,3,6
 元大羅東,力麗,6,0,6
 元大羅東,波若威,26,20,6
 元大羅東,華紙,5,0,5
 元大羅東,力鵬,5,0,5
 元大羅東,臺慶科,5,0,5
 元大羅東,00941中信上游半導體,5,0,5
 元大羅東,00751B元大AAA至A公司債,9,4,5
 元大羅東,英業達,10,5,5
 元大羅東,台新金,5,0,5
 元大羅東,中鋼,14,9,5
 元大羅東,00878國泰永續高股息,20,15,5
 元大羅東,技嘉,4,0,4
 元大羅東,00706L期元大S＆P日圓正2,4,0,4
 元大羅東,富邦金,1,600,-599
 元大羅東,00715L期街口布蘭特正2,0,90,-90
 元大羅東,佳和,0,55,-55
 元大羅東,神達,89,138,-49
 元大羅東,華航,1,38,-37
 元大羅東,富喬,33,69,-36
 元大羅東,瑞智,0,36,-36
 元大羅東,立敦,35,70,-35
 元大羅東,佳能,2,34,-32
 元大羅東,仁寶,0,32,-32
 元大羅東,00679B元大美債20年,13,42,-29
 元大羅東,華南金,0,28,-28
 元大羅東,鴻準,3,31,-28
 元大羅東,00965元大航太防衛科技,1,29,-28
 元大羅東,泰金寶-DR,22,49,-27
 元大羅東,淘帝-KY,0,25,-25
 元大羅東,00887永豐中國科技50大,0,25,-25
 元大羅東,力積電,18,35,-17
 元大羅東,玉山金,1,17,-16
 元大羅東,欣銓,2,18,-16
 元大羅東,僑威,2,18,-16
 元大羅東,00680L元大美債20正2,7,22,-15
 元大羅東,神基,0,15,-15
 元大羅東,00945B凱基美國非投等債,2,16,-14
 元大羅東,泰詠,0,13,-13
 元大羅東,00665L富邦�琤肭磪囓�2,6,19,-13
 元大羅東,00922國泰台灣領袖50,1,14,-13
 元大羅東,00651R復華香港反1,0,12,-12
 元大羅東,第一金,0,11,-11
 元大羅東,台翰,0,11,-11
 元大羅東,新日興,7,18,-11
 元大羅東,00929復華台灣科技優息,1,11,-10
 元大羅東,和椿,6,16,-10
 元大羅東,00905FT臺灣Smart,0,10,-10
 元大羅東,高僑,0,10,-10
 元大羅東,德宏,0,10,-10
 元大羅東,宏達電,39,49,-10
 元大羅東,漢翔,10,19,-9
 元大羅東,易飛網,0,9,-9
 元大羅東,彬台,1,10,-9
 元大羅東,00830國泰費城半導體,1,10,-9
 元大羅東,興能高,63,72,-9
 元大羅東,萬海,2,10,-8
 元大羅東,中華電,0,8,-8
 元大羅東,乙盛-KY,2,10,-8
 元大羅東,成霖,0,8,-8
 元大羅東,龍德造船,0,8,-8
 元大羅東,日月光投控,0,8,-8
 元大羅東,光寶科,1,8,-7
 元大羅東,凱基金,0,7,-7
 元大桃興,群創,151,20,131
 元大桃興,憶聲,103,0,103
 元大桃興,聯電,118,17,101
 元大桃興,00945B凱基美國非投等債,67,1,66
 元大桃興,緯創,87,29,58
 元大桃興,寶成,50,3,47
 元大桃興,00637L元大滬深300正2,159,120,39
 元大桃興,神達,172,134,38
 元大桃興,元大高股息,59,24,35
 元大桃興,00646元大S＆P500,29,2,27
 元大桃興,兆豐金,26,0,26
 元大桃興,00636國泰中國A50,22,0,22
 元大桃興,台中銀,22,0,22
 元大桃興,00918大華優利高填息30,20,2,18
 元大桃興,宏��,17,0,17
 元大桃興,大成鋼,17,0,17
 元大桃興,00858永豐美國500大,16,0,16
 元大桃興,00633L富邦上証正2,15,0,15
 元大桃興,陽明,57,43,14
 元大桃興,榮運,13,0,13
 元大桃興,云辰,12,0,12
 元大桃興,立端,14,2,12
 元大桃興,高技,17,5,12
 元大桃興,宏齊,11,0,11
 元大桃興,00664R國泰臺灣加權反1,11,0,11
 元大桃興,聯合再生,10,0,10
 元大桃興,華紙,10,0,10
 元大桃興,興富發,10,0,10
 元大桃興,增你強,10,0,10
 元大桃興,00676R富邦臺灣加權反1,10,0,10
 元大桃興,王品,10,0,10
 元大桃興,欣興,11,2,9
 元大桃興,英業達,12,3,9
 元大桃興,盛達,9,0,9
 元大桃興,銘異,9,0,9
 元大桃興,合庫金,9,0,9
 元大桃興,00673R期元大S＆P原油反1,10,1,9
 元大桃興,00953B群益優選非投等債,9,1,8
 元大桃興,00753L中信中國50正2,12,4,8
 元大桃興,友達,21,13,8
 元大桃興,聯鈞,28,21,7
 元大桃興,玉晶光,7,0,7
 元大桃興,譁裕,7,0,7
 元大桃興,華新,6,0,6
 元大桃興,海華,8,2,6
 元大桃興,興能高,101,95,6
 元大桃興,東科-KY,10,4,6
 元大桃興,立隆電,16,10,6
 元大桃興,旭富,6,0,6
 元大桃興,立敦,22,16,6
 元大桃興,00878國泰永續高股息,15,137,-122
 元大桃興,福懋,0,100,-100
 元大桃興,00679B元大美債20年,5,91,-86
 元大桃興,00887永豐中國科技50大,0,80,-80
 元大桃興,台灣虎航,28,90,-62
 元大桃興,中石化,5,50,-45
 元大桃興,鴻海,7,50,-43
 元大桃興,00681R元大美債20反1,0,40,-40
 元大桃興,和椿,32,63,-31
 元大桃興,連展投控,41,70,-29
 元大桃興,泰金寶-DR,69,98,-29
 元大桃興,00687B國泰20年美債,3,32,-29
 元大桃興,中鋼,1,28,-27
 元大桃興,00929復華台灣科技優息,0,26,-26
 元大桃興,00936台新永續高息中小,0,25,-25
 元大桃興,光環,0,21,-21
 元大桃興,006208富邦台50,2,23,-21
 元大桃興,圓剛,8,28,-20
 元大桃興,00961FT臺灣永續高息,0,20,-20
 元大桃興,00965元大航太防衛科技,1,21,-20
 元大桃興,力新,0,19,-19
 元大桃興,華孚,1,20,-19
 元大桃興,新光金,25,44,-19
 元大桃興,順達,12,31,-19
 元大桃興,定穎投控,0,18,-18
 元大桃興,元大台灣50,3,21,-18
 元大桃興,台積電,1,17,-16
 元大桃興,力積電,72,88,-16
 元大桃興,佳世達,4,20,-16
 元大桃興,潤泰新,10,25,-15
 元大桃興,長榮航,12,27,-15
 元大桃興,凱基金,0,14,-14
 元大桃興,錸德,1,15,-14
 元大桃興,臺企銀,0,14,-14
 元大桃興,華航,0,12,-12
 元大桃興,00937B群益ESG投等債20,7,17,-10
 元大桃興,長榮,0,10,-10
 元大桃興,瑞智,0,10,-10
 元大桃興,堤維西,1,11,-10
 元大桃興,正德,0,10,-10
 元大桃興,南亞科,7,17,-10
 元大桃興,00941中信上游半導體,0,10,-10
 元大桃興,00712復華富時不動產,0,10,-10
 元大桃興,皇昌,12,21,-9
 元大桃興,世紀鋼,0,9,-9
 元大桃興,迅得,6,15,-9
 元大桃興,00675L富邦臺灣加權正2,0,8,-8
 元大桃興,裕民,2,10,-8
 元大桃興,00642U期元大S＆P石油,0,8,-8
 元大桃興,國光生,0,8,-8
 元大鹿港,00637L元大滬深300正2,211,0,211
 元大鹿港,00633L富邦上証正2,73,3,70
 元大鹿港,聯電,136,72,64
 元大鹿港,00632R元大台灣50反1,79,16,63
 元大鹿港,00919群益台灣精選高息,56,1,55
 元大鹿港,王道銀行,50,0,50
 元大鹿港,00680L元大美債20正2,48,0,48
 元大鹿港,大成鋼,46,4,42
 元大鹿港,00878國泰永續高股息,79,37,42
 元大鹿港,00858永豐美國500大,42,1,41
 元大鹿港,德宏,37,0,37
 元大鹿港,富喬,50,14,36
 元大鹿港,新盛力,98,69,29
 元大鹿港,達邁,80,56,24
 元大鹿港,00937B群益ESG投等債20,21,0,21
 元大鹿港,居易,20,0,20
 元大鹿港,台玻,24,4,20
 元大鹿港,陽明,19,2,17
 元大鹿港,亞光,22,5,17
 元大鹿港,大同,15,1,14
 元大鹿港,凱美,43,29,14
 元大鹿港,宏達電,110,98,12
 元大鹿港,緯創,14,3,11
 元大鹿港,欣興,12,1,11
 元大鹿港,00752中信中國50,10,0,10
 元大鹿港,寶成,10,0,10
 元大鹿港,華邦電,12,2,10
 元大鹿港,廣達,12,3,9
 元大鹿港,台燿,9,1,8
 元大鹿港,台泥,8,0,8
 元大鹿港,00959B大華投等美債15Y+,7,0,7
 元大鹿港,穎漢,7,0,7
 元大鹿港,00900富邦特選高股息30,11,4,7
 元大鹿港,00948B中信優息投資級債,6,0,6
 元大鹿港,中探針,6,0,6
 元大鹿港,台新金,7,1,6
 元大鹿港,元大高股息,27,21,6
 元大鹿港,00882中信中國高股息,6,1,5
 元大鹿港,環宇-KY,18,13,5
 元大鹿港,中租-KY,8,3,5
 元大鹿港,國光生,5,0,5
 元大鹿港,00953B群益優選非投等債,7,2,5
 元大鹿港,大銀微系統,9,4,5
 元大鹿港,高僑,5,0,5
 元大鹿港,寶陞,5,0,5
 元大鹿港,台苯,5,0,5
 元大鹿港,立敦,14,9,5
 元大鹿港,中鋼,13,8,5
 元大鹿港,昇陽半導體,10,6,4
 元大鹿港,00885富邦越南,6,2,4
 元大鹿港,新光金,9,152,-143
 元大鹿港,華通,3,104,-101
 元大鹿港,00650L復華香港正2,1,100,-99
 元大鹿港,00753L中信中國50正2,2,100,-98
 元大鹿港,00679B元大美債20年,17,105,-88
 元大鹿港,鴻海,39,116,-77
 元大鹿港,泰金寶-DR,43,103,-60
 元大鹿港,00965元大航太防衛科技,4,60,-56
 元大鹿港,00923群益台ESG低碳50,4,57,-53
 元大鹿港,旺宏,2,54,-52
 元大鹿港,興能高,145,186,-41
 元大鹿港,神達,105,137,-32
 元大鹿港,宏遠證,0,31,-31
 元大鹿港,力積電,85,115,-30
 元大鹿港,台虹,2,32,-30
 元大鹿港,00934中信成長高股息,0,30,-30
 元大鹿港,00892富邦台灣半導體,0,25,-25
 元大鹿港,欣銓,4,28,-24
 元大鹿港,00940元大台灣價值高息,12,35,-23
 元大鹿港,元大台灣50,0,23,-23
 元大鹿港,中磊,0,22,-22
 元大鹿港,台特化,0,21,-21
 元大鹿港,晟銘電,8,29,-21
 元大鹿港,00673R期元大S＆P原油反1,18,37,-19
 元大鹿港,00905FT臺灣Smart,2,20,-18
 元大鹿港,彰銀,0,18,-18
 元大鹿港,華航,0,17,-17
 元大鹿港,光聯,0,17,-17
 元大鹿港,00881國泰台灣5G+,6,22,-16
 元大鹿港,新建,4,19,-15
 元大鹿港,日月光投控,2,15,-13
 元大鹿港,聯茂,1,14,-13
 元大鹿港,凱基金,0,13,-13
 元大鹿港,競國,0,13,-13
 元大鹿港,00951台新日本半導體,0,13,-13
 元大鹿港,邦泰,0,13,-13
 元大鹿港,新日興,9,21,-12
 元大鹿港,恆大,2,14,-12
 元大鹿港,富邦金,3,15,-12
 元大鹿港,志強-KY,1,12,-11
 元大鹿港,南亞,1,12,-11
 元大鹿港,ITH-KY,0,11,-11
 元大鹿港,矽統,0,11,-11
 元大鹿港,聚隆,0,11,-11
 元大鹿港,順德,1,12,-11
 元大鹿港,星宇航空,1,11,-10
 元大鹿港,00850元大臺灣ESG永續,0,10,-10
 元大鹿港,宏洲,0,10,-10
 元大鹿港,台塑化,4,14,-10
 元大鹿港,00631L元大台灣50正2,0,9,-9
統一台中  ,力積電,334,63,271
統一台中  ,神達,353,146,207
統一台中  ,元大高股息,106,1,105
統一台中  ,宏遠證,100,0,100
統一台中  ,00637L元大滬深300正2,86,0,86
統一台中  ,聯電,93,20,73
統一台中  ,00937B群益ESG投等債20,61,6,55
統一台中  ,00680L元大美債20正2,44,0,44
統一台中  ,迅得,49,5,44
統一台中  ,台灣大,41,0,41
統一台中  ,00878國泰永續高股息,43,4,39
統一台中  ,大魯閣,35,0,35
統一台中  ,新盛力,148,118,30
統一台中  ,國光生,30,1,29
統一台中  ,福邦證,30,1,29
統一台中  ,00632R元大台灣50反1,28,1,27
統一台中  ,皇昌,46,21,25
統一台中  ,立隆電,33,10,23
統一台中  ,00919群益台灣精選高息,26,5,21
統一台中  ,00945B凱基美國非投等債,20,0,20
統一台中  ,00688L國泰20年美債正2,19,0,19
統一台中  ,00915凱基優選高股息30,19,0,19
統一台中  ,泰山,18,0,18
統一台中  ,大成鋼,43,25,18
統一台中  ,技嘉,25,8,17
統一台中  ,鴻華先進-創,16,1,15
統一台中  ,緯創,44,30,14
統一台中  ,00679B元大美債20年,14,0,14
統一台中  ,能率,26,12,14
統一台中  ,00665L富邦�琤肭磪囓�2,14,0,14
統一台中  ,00918大華優利高填息30,18,5,13
統一台中  ,昇陽半導體,12,0,12
統一台中  ,南僑,12,0,12
統一台中  ,00909國泰數位支付服務,12,0,12
統一台中  ,立敦,25,14,11
統一台中  ,00795B中信美國公債20年,11,0,11
統一台中  ,富采,11,1,10
統一台中  ,百德,10,0,10
統一台中  ,00664R國泰臺灣加權反1,10,0,10
統一台中  ,遠百,10,0,10
統一台中  ,凱崴,10,0,10
統一台中  ,興富發,10,0,10
統一台中  ,立積,10,0,10
統一台中  ,00676R富邦臺灣加權反1,10,0,10
統一台中  ,王道銀行,10,0,10
統一台中  ,聚亨,10,0,10
統一台中  ,加捷生醫,10,0,10
統一台中  ,00712復華富時不動產,10,0,10
統一台中  ,廣運,12,4,8
統一台中  ,中石化,8,0,8
統一台中  ,台灣虎航,0,250,-250
統一台中  ,英濟,25,248,-223
統一台中  ,00896中信綠能及電動車,0,200,-200
統一台中  ,00891中信關鍵半導體,13,205,-192
統一台中  ,00673R期元大S＆P原油反1,0,150,-150
統一台中  ,雷虎,0,136,-136
統一台中  ,台泥,3,105,-102
統一台中  ,富邦金,0,89,-89
統一台中  ,00980B台新特選IG債10+,0,75,-75
統一台中  ,00929復華台灣科技優息,1,70,-69
統一台中  ,00951台新日本半導體,0,60,-60
統一台中  ,日月光投控,1,56,-55
統一台中  ,華南金,0,49,-49
統一台中  ,群創,2,42,-40
統一台中  ,宏達電,26,62,-36
統一台中  ,00939統一台灣高息動能,5,40,-35
統一台中  ,00692富邦公司治理,0,34,-34
統一台中  ,00640L富邦日本正2,0,30,-30
統一台中  ,華邦電,1,30,-29
統一台中  ,華星光,16,42,-26
統一台中  ,欣銓,9,34,-25
統一台中  ,國票金,0,25,-25
統一台中  ,友達,0,24,-24
統一台中  ,興能高,164,188,-24
統一台中  ,宏致,3,25,-22
統一台中  ,國泰金,2,24,-22
統一台中  ,連展投控,1,22,-21
統一台中  ,順達,13,34,-21
統一台中  ,鑽全,0,19,-19
統一台中  ,00954中信日本半導體,1,20,-19
統一台中  ,華航,1,19,-18
統一台中  ,台積電,3,20,-17
統一台中  ,康和證,0,17,-17
統一台中  ,鈺齊-KY,9,25,-16
統一台中  ,00893國泰智能電動車,0,15,-15
統一台中  ,00922國泰台灣領袖50,0,14,-14
統一台中  ,富威電力,0,13,-13
統一台中  ,泰鼎-KY,0,13,-13
統一台中  ,廣積,0,12,-12
統一台中  ,華城,0,12,-12
統一台中  ,僑威,5,16,-11
統一台中  ,光環,2,13,-11
統一台中  ,長榮航,17,28,-11
統一台中  ,力山,0,10,-10
統一台中  ,長榮,1,11,-10
統一台中  ,群聯,0,10,-10
統一台中  ,達方,0,10,-10
統一台中  ,正崴,0,10,-10
統一台中  ,聯光通,23,33,-10
統一台中  ,智崴,0,10,-10
合　　庫,00687B國泰20年美債,947,0,947
合　　庫,00646元大S＆P500,900,0,900
合　　庫,00632R元大台灣50反1,618,0,618
合　　庫,00680L元大美債20正2,262,0,262
合　　庫,緯創,281,25,256
合　　庫,00671R富邦NASDAQ反1,160,0,160
合　　庫,00637L元大滬深300正2,185,26,159
合　　庫,00971野村美國研發龍頭,142,0,142
合　　庫,聯電,161,20,141
合　　庫,00648R元大S＆P500反1,111,3,108
合　　庫,中鋼,66,5,61
合　　庫,興富發,61,3,58
合　　庫,00891中信關鍵半導體,55,0,55
合　　庫,00937B群益ESG投等債20,54,0,54
合　　庫,聚隆,53,0,53
合　　庫,台船,50,0,50
合　　庫,兆豐金,48,1,47
合　　庫,00712復華富時不動產,35,0,35
合　　庫,新麗,54,20,34
合　　庫,00706L期元大S＆P日圓正2,34,0,34
合　　庫,00919群益台灣精選高息,44,11,33
合　　庫,鴻海,56,24,32
合　　庫,00679B元大美債20年,156,125,31
合　　庫,英業達,34,3,31
合　　庫,台光電,32,2,30
合　　庫,神基,33,3,30
合　　庫,00702國泰標普低波高息,82,53,29
合　　庫,神達,183,155,28
合　　庫,味全,28,0,28
合　　庫,緯穎,29,2,27
合　　庫,裕隆,29,4,25
合　　庫,00676R富邦臺灣加權反1,24,0,24
合　　庫,朋億*,35,12,23
合　　庫,正新,22,0,22
合　　庫,新建,22,0,22
合　　庫,00953B群益優選非投等債,23,2,21
合　　庫,00918大華優利高填息30,21,0,21
合　　庫,00690兆豐藍籌30,20,0,20
合　　庫,00665L富邦�琤肭磪囓�2,25,5,20
合　　庫,汎銓,19,0,19
合　　庫,00757統一FANG+,27,8,19
合　　庫,006208富邦台50,26,8,18
合　　庫,堤維西,20,1,19
合　　庫,國精化,18,0,18
合　　庫,騰輝電子-KY,19,1,18
合　　庫,00923群益台ESG低碳50,17,1,16
合　　庫,聯成,16,0,16
合　　庫,00907永豐優息存股,15,0,15
合　　庫,富邦科技,15,1,14
合　　庫,力積電,38,24,14
合　　庫,華通,3,222,-219
合　　庫,宏達電,45,218,-173
合　　庫,00939統一台灣高息動能,0,152,-152
合　　庫,00940元大台灣價值高息,4,108,-104
合　　庫,玉山金,4,89,-85
合　　庫,國泰金,16,90,-74
合　　庫,2883B凱基金乙特,0,57,-57
合　　庫,華航,1,54,-53
合　　庫,00709富邦歐洲,1,53,-52
合　　庫,富邦金,5,55,-50
合　　庫,00927群益半導體收益,1,45,-44
合　　庫,宏捷科,0,40,-40
合　　庫,志強-KY,3,43,-40
合　　庫,00881國泰台灣5G+,2,41,-39
合　　庫,長虹,0,36,-36
合　　庫,中租-KY,26,60,-34
合　　庫,順達,5,39,-34
合　　庫,燿華,4,37,-33
合　　庫,超豐,0,32,-32
合　　庫,00980B台新特選IG債10+,0,31,-31
合　　庫,新光金,4,33,-29
合　　庫,中興電,2,29,-27
合　　庫,華南金,0,27,-27
合　　庫,昇達科,28,54,-26
合　　庫,凱基金,1,27,-26
合　　庫,00900富邦特選高股息30,15,41,-26
合　　庫,00909國泰數位支付服務,2,27,-25
合　　庫,和桐,8,32,-24
合　　庫,眾達-KY,33,53,-20
合　　庫,泰金寶-DR,49,69,-20
合　　庫,達邁,6,24,-18
合　　庫,長榮航,8,25,-17
合　　庫,00950B凱基A級公司債,0,17,-17
合　　庫,00946群益科技高息成長,5,22,-17
合　　庫,新日興,2,17,-15
合　　庫,00715L期街口布蘭特正2,0,15,-15
合　　庫,欣銓,17,31,-14
合　　庫,陽明,9,24,-15
合　　庫,00830國泰費城半導體,20,34,-14
合　　庫,華邦電,0,14,-14
合　　庫,久昌,2,16,-14
合　　庫,00929復華台灣科技優息,10,23,-13
合　　庫,亞光,23,36,-13
合　　庫,群聯,0,13,-13
合　　庫,揚博,1,14,-13
合　　庫,臺企銀,2,15,-13
合　　庫,台航,0,13,-13
合　　庫,宏致,4,16,-12
合　　庫,彰銀,0,12,-12
合　　庫,圓剛,0,12,-12
國票北高,長榮,530,30,500
國票北高,00664R國泰臺灣加權反1,170,0,170
國票北高,00637L元大滬深300正2,128,0,128
國票北高,聚和,126,0,126
國票北高,聯電,65,9,56
國票北高,新興,101,60,41
國票北高,新建,40,0,40
國票北高,00665L富邦�琤肭磪囓�2,34,0,34
國票北高,緯創,38,15,23
國票北高,華容,31,8,23
國票北高,英業達,23,3,20
國票北高,華新科,53,37,16
國票北高,百一,15,0,15
國票北高,台灣虎航,15,0,15
國票北高,圓剛,14,1,13
國票北高,亞光,21,9,12
國票北高,千興,25,14,11
國票北高,立敦,30,19,11
國票北高,00753L中信中國50正2,10,0,10
國票北高,00670L富邦NASDAQ正2,10,0,10
國票北高,大眾控,10,0,10
國票北高,茂林-KY,22,12,10
國票北高,瀚宇博,10,0,10
國票北高,天二科技,10,0,10
國票北高,百和興業-KY,10,0,10
國票北高,敦陽科,9,0,9
國票北高,西勝,13,4,9
國票北高,興能高,53,44,9
國票北高,泰金寶-DR,12,4,8
國票北高,陽明,56,49,7
國票北高,廣達,11,5,6
國票北高,聯鈞,8,2,6
國票北高,00882中信中國高股息,15,9,6
國票北高,富強鑫,29,23,6
國票北高,金麗-KY,26,20,6
國票北高,統一超,5,0,5
國票北高,00655L國泰中國A50正2,5,0,5
國票北高,中環,5,0,5
國票北高,昆盈,5,0,5
國票北高,光環,6,1,5
國票北高,連展投控,5,0,5
國票北高,澤米,5,0,5
國票北高,匯鑽科,5,0,5
國票北高,三發地產,5,0,5
國票北高,欣興,14,9,5
國票北高,00923群益台ESG低碳50,4,0,4
國票北高,00933B國泰10Y+金融債,4,0,4
國票北高,恆大,10,6,4
國票北高,旺宏,37,33,4
國票北高,彰銀,4,0,4
國票北高,台新金,5,300,-295
國票北高,凱基金,0,213,-213
國票北高,00673R期元大S＆P原油反1,0,200,-200
國票北高,友輝,5,105,-100
國票北高,南電,78,144,-66
國票北高,宏達電,45,109,-64
國票北高,高雄銀,0,50,-50
國票北高,朋億*,6,56,-50
國票北高,仁寶,0,32,-32
國票北高,正基,0,30,-30
國票北高,科妍,15,39,-24
國票北高,力積電,2,25,-23
國票北高,00924復華S＆P500成長,0,20,-20
國票北高,精金,0,20,-20
國票北高,大綜,0,20,-20
國票北高,僑威,5,22,-17
國票北高,佰鴻,14,30,-16
國票北高,00687B國泰20年美債,0,15,-15
國票北高,00877復華中國5G,0,15,-15
國票北高,遠百,0,15,-15
國票北高,群創,0,15,-15
國票北高,台塑,2,14,-12
國票北高,欣銓,6,17,-11
國票北高,南港,0,11,-11
國票北高,00941中信上游半導體,0,10,-10
國票北高,00927群益半導體收益,0,10,-10
國票北高,台化,0,10,-10
國票北高,新日興,0,9,-9
國票北高,00881國泰台灣5G+,2,11,-9
國票北高,華航,4,13,-9
國票北高,敦泰,38,47,-9
國票北高,宏致,0,9,-9
國票北高,中美實,0,9,-9
國票北高,金居,6,15,-9
國票北高,富邦金,0,8,-8
國票北高,神達,27,35,-8
國票北高,美琪瑪,28,36,-8
國票北高,南仁湖,0,8,-8
國票北高,全球傳動,1,9,-8
國票北高,00900富邦特選高股息30,0,8,-8
國票北高,日月光投控,10,17,-7
國票北高,00929復華台灣科技優息,0,7,-7
國票北高,00937B群益ESG投等債20,5,12,-7
國票北高,中鋼,8,15,-7
國票北高,友達,30,37,-7
國票北高,富采,21,28,-7
國票北高,臻鼎-KY,10,17,-7
國票北高,創惟,23,30,-7
國票北高,00922國泰台灣領袖50,2,8,-6
國票北高,長榮航,0,6,-6
 元大中山北路,聯電,547,23,524
 元大中山北路,富喬,238,152,86
 元大中山北路,00633L富邦上証正2,40,0,40
 元大中山北路,元大高股息,54,15,39
 元大中山北路,00858永豐美國500大,37,0,37
 元大中山北路,00676R富邦臺灣加權反1,30,0,30
 元大中山北路,911868同方友友-DR,30,0,30
 元大中山北路,00924復華S＆P500成長,28,0,28
 元大中山北路,00918大華優利高填息30,25,0,25
 元大中山北路,00933B國泰10Y+金融債,25,0,25
 元大中山北路,緯創,32,10,22
 元大中山北路,茂達,21,0,21
 元大中山北路,00665L富邦�琤肭磪囓�2,20,0,20
 元大中山北路,00953B群益優選非投等債,20,0,20
 元大中山北路,00753L中信中國50正2,18,0,18
 元大中山北路,00637L元大滬深300正2,30,12,18
 元大中山北路,台化,18,0,18
 元大中山北路,驊訊,28,10,18
 元大中山北路,得力,17,0,17
 元大中山北路,聯發科,42,27,15
 元大中山北路,全新,20,5,15
 元大中山北路,00885富邦越南,15,0,15
 元大中山北路,新建,15,0,15
 元大中山北路,大成鋼,13,0,13
 元大中山北路,00937B群益ESG投等債20,13,0,13
 元大中山北路,鴻華先進-創,13,0,13
 元大中山北路,海華,12,0,12
 元大中山北路,連展投控,14,2,12
 元大中山北路,長華*,12,0,12
 元大中山北路,台泥,11,0,11
 元大中山北路,00650L復華香港正2,10,0,10
 元大中山北路,00722B群益投資級電信債,10,0,10
 元大中山北路,00706L期元大S＆P日圓正2,10,0,10
 元大中山北路,00934中信成長高股息,10,0,10
 元大中山北路,00967B元大優息美債,10,0,10
 元大中山北路,仁寶,10,0,10
 元大中山北路,聯強,10,0,10
 元大中山北路,華邦電,10,0,10
 元大中山北路,00687B國泰20年美債,12,3,9
 元大中山北路,00655L國泰中國A50正2,9,0,9
 元大中山北路,富采,10,1,9
 元大中山北路,宏��,9,0,9
 元大中山北路,精成科,27,19,8
 元大中山北路,泰金寶-DR,9,1,8
 元大中山北路,大台北,8,0,8
 元大中山北路,精材,18,10,8
 元大中山北路,合庫金,7,0,7
 元大中山北路,00882中信中國高股息,7,0,7
 元大中山北路,00945B凱基美國非投等債,7,0,7
 元大中山北路,巨大,7,0,7
 元大中山北路,00965元大航太防衛科技,0,378,-378
 元大中山北路,正德,1,90,-89
 元大中山北路,00929復華台灣科技優息,0,79,-79
 元大中山北路,00887永豐中國科技50大,0,78,-78
 元大中山北路,00940元大台灣價值高息,21,95,-74
 元大中山北路,僑威,37,110,-73
 元大中山北路,神達,71,144,-73
 元大中山北路,欣銓,0,63,-63
 元大中山北路,群創,0,54,-54
 元大中山北路,中信金,0,52,-52
 元大中山北路,元大金,2,52,-50
 元大中山北路,00952凱基台灣AI50,0,46,-46
 元大中山北路,彰銀,0,45,-45
 元大中山北路,虹冠電,0,31,-31
 元大中山北路,新光金,1,30,-29
 元大中山北路,00946群益科技高息成長,0,28,-28
 元大中山北路,宏致,1,27,-26
 元大中山北路,元大台灣50,4,27,-23
 元大中山北路,興能高,248,271,-23
 元大中山北路,台灣虎航,3,26,-23
 元大中山北路,國泰金,0,21,-21
 元大中山北路,興勤,1,22,-21
 元大中山北路,宏達電,136,157,-21
 元大中山北路,00897富邦基因免疫生技,0,20,-20
 元大中山北路,百德,0,20,-20
 元大中山北路,力積電,53,68,-15
 元大中山北路,立��,11,25,-14
 元大中山北路,環宇-KY,93,107,-14
 元大中山北路,00919群益台灣精選高息,22,36,-14
 元大中山北路,前鼎,8,20,-12
 元大中山北路,中鋼,1,13,-12
 元大中山北路,台揚,1,13,-12
 元大中山北路,萬海,2,14,-12
 元大中山北路,新日興,93,105,-12
 元大中山北路,台灣高鐵,0,12,-12
 元大中山北路,00941中信上游半導體,0,11,-11
 元大中山北路,凱基金,0,11,-11
 元大中山北路,日月光投控,4,15,-11
 元大中山北路,南電,0,10,-10
 元大中山北路,寶成,0,10,-10
 元大中山北路,長榮航,1,10,-9
 元大中山北路,基泰,0,9,-9
 元大中山北路,華航,0,9,-9
 元大中山北路,大銀微系統,66,75,-9
 元大中山北路,興富發,0,8,-8
 元大中山北路,中砂,2,10,-8
 元大中山北路,新盛力,192,200,-8
 元大中山北路,00927群益半導體收益,0,8,-8
 元大中山北路,恆大,1,9,-8
 元大中山北路,台驊控股,0,8,-8
永豐三重,00753L中信中國50正2,530,10,520
永豐三重,彰銀,165,0,165
永豐三重,聯電,131,26,105
永豐三重,永豐金,58,3,55
永豐三重,00679B元大美債20年,52,1,51
永豐三重,台新金,51,7,44
永豐三重,泰金寶-DR,118,77,41
永豐三重,00882中信中國高股息,29,4,25
永豐三重,南電,24,0,24
永豐三重,台積電,30,10,20
永豐三重,台塑,21,1,20
永豐三重,波若威,70,50,20
永豐三重,00922國泰台灣領袖50,22,2,20
永豐三重,群創,34,15,19
永豐三重,00909國泰數位支付服務,18,0,18
永豐三重,華電網,15,0,15
永豐三重,TPK-KY,14,0,14
永豐三重,華星光,33,20,13
永豐三重,輔信,13,0,13
永豐三重,立敦,40,27,13
永豐三重,聯鈞,38,25,13
永豐三重,00632R元大台灣50反1,12,0,12
永豐三重,連展投控,57,45,12
永豐三重,巨有科技,12,0,12
永豐三重,英業達,11,0,11
永豐三重,興能高,101,90,11
永豐三重,00686R群益臺灣加權反1,10,0,10
永豐三重,00945B凱基美國非投等債,10,0,10
永豐三重,錸德,10,0,10
永豐三重,晶彩科,10,0,10
永豐三重,建國,10,0,10
永豐三重,00687B國泰20年美債,10,1,9
永豐三重,首利,9,0,9
永豐三重,陽明,8,1,7
永豐三重,00665L富邦�琤肭磪囓�2,12,5,7
永豐三重,富喬,13,6,7
永豐三重,友達,15,8,7
永豐三重,一詮,9,2,7
永豐三重,廣達,8,2,6
永豐三重,宏��,6,0,6
永豐三重,華航,10,4,6
永豐三重,00706L期元大S＆P日圓正2,5,0,5
永豐三重,華通,6,1,5
永豐三重,佳世達,6,1,5
永豐三重,毅嘉,6,1,5
永豐三重,宏齊,5,0,5
永豐三重,山林水,5,0,5
永豐三重,美食-KY,5,0,5
永豐三重,橘子,5,0,5
永豐三重,00858永豐美國500大,5,0,5
永豐三重,00878國泰永續高股息,45,149,-104
永豐三重,00637L元大滬深300正2,139,228,-89
永豐三重,00966B統一ESG投等債15,0,67,-67
永豐三重,新光金,0,62,-62
永豐三重,00919群益台灣精選高息,17,72,-55
永豐三重,宏達電,37,93,-56
永豐三重,00701國泰股利精選30,0,50,-50
永豐三重,力積電,13,60,-47
永豐三重,00680L元大美債20正2,0,40,-40
永豐三重,00941中信上游半導體,0,33,-33
永豐三重,西勝,0,33,-33
永豐三重,00673R期元大S＆P原油反1,50,82,-32
永豐三重,亞泰,11,40,-29
永豐三重,元大高股息,21,44,-23
永豐三重,國喬,0,23,-23
永豐三重,元大台灣50,0,22,-22
永豐三重,00910第一金太空衛星,2,23,-21
永豐三重,00905FT臺灣Smart,0,20,-20
永豐三重,中租-KY,0,19,-19
永豐三重,中纖,0,18,-18
永豐三重,鴻準,1,19,-18
永豐三重,00738U期元大道瓊白銀,0,17,-17
永豐三重,和椿,8,25,-17
永豐三重,漢翔,0,16,-16
永豐三重,大成鋼,6,21,-15
永豐三重,00929復華台灣科技優息,1,17,-16
永豐三重,00877復華中國5G,0,14,-14
永豐三重,00631L元大台灣50正2,0,13,-13
永豐三重,00935野村臺灣新科技50,1,13,-12
永豐三重,海光,0,12,-12
永豐三重,廣宇,0,12,-12
永豐三重,00937B群益ESG投等債20,28,40,-12
永豐三重,00951台新日本半導體,0,11,-11
永豐三重,華南金,0,11,-11
永豐三重,金麗科,0,10,-10
永豐三重,創惟,0,10,-10
永豐三重,006208富邦台50,3,13,-10
永豐三重,玉山金,4,12,-8
永豐三重,長榮航,1,9,-8
永豐三重,00635U期元大S＆P黃金,0,8,-8
永豐三重,00940元大台灣價值高息,3,11,-8
永豐三重,點序,1,9,-8
永豐三重,創威,0,8,-8
永豐三重,康全電訊,0,8,-8
永豐三重,00650L復華香港正2,2,10,-8
永豐三重,00685L群益臺灣加權正2,0,7,-7
永豐三重,00943兆豐電子高息等權,0,7,-7
永豐三重,光環,1,8,-7
永豐三重,瑞儀,0,7,-7
永豐三重,邦泰,0,7,-7
亞    東 ,00878國泰永續高股息,453,0,453
亞    東 ,第一金,252,2,250
亞    東 ,遠東銀,238,14,224
亞    東 ,00891中信關鍵半導體,200,0,200
亞    東 ,00881國泰台灣5G+,200,5,195
亞    東 ,兆豐金,183,0,183
亞    東 ,揚明光,181,1,180
亞    東 ,聯電,107,7,100
亞    東 ,01009T王道圓滿R1,100,0,100
亞    東 ,00830國泰費城半導體,95,0,95
亞    東 ,00919群益台灣精選高息,62,0,62
亞    東 ,德律,56,0,56
亞    東 ,富喬,57,4,53
亞    東 ,00719B元大美債1-3,53,0,53
亞    東 ,陽明,42,7,35
亞    東 ,精材,37,2,35
亞    東 ,中信金,33,4,29
亞    東 ,3036A文曄甲特,24,0,24
亞    東 ,新盛力,52,29,23
亞    東 ,群益證,22,0,22
亞    東 ,世禾,22,0,22
亞    東 ,百和,20,0,20
亞    東 ,00655L國泰中國A50正2,20,0,20
亞    東 ,群光,24,5,19
亞    東 ,00753L中信中國50正2,18,0,18
亞    東 ,元大高股息,21,4,17
亞    東 ,00665L富邦�琤肭磪囓�2,16,0,16
亞    東 ,英濟,18,2,16
亞    東 ,台積電,31,16,15
亞    東 ,00909國泰數位支付服務,33,18,15
亞    東 ,達邁,50,35,15
亞    東 ,00762元大全球AI,15,0,15
亞    東 ,中華電,16,1,15
亞    東 ,華通,15,0,15
亞    東 ,00757統一FANG+,16,3,13
亞    東 ,儒鴻,13,0,13
亞    東 ,元太,15,2,13
亞    東 ,聯詠,14,2,12
亞    東 ,宏��,24,12,12
亞    東 ,友達,32,21,11
亞    東 ,台灣大,11,0,11
亞    東 ,研華,13,2,11
亞    東 ,上銀,12,2,10
亞    東 ,永道-KY,10,0,10
亞    東 ,遠傳,10,0,10
亞    東 ,華邦電,23,13,10
亞    東 ,興能高,110,100,10
亞    東 ,緯穎,11,2,9
亞    東 ,東和鋼鐵,9,0,9
亞    東 ,台化,12,3,9
亞    東 ,00637L元大滬深300正2,11,928,-917
亞    東 ,永豐金,2,250,-248
亞    東 ,新日興,2,216,-214
亞    東 ,00673R期元大S＆P原油反1,0,180,-180
亞    東 ,遠百,31,106,-75
亞    東 ,新光金,0,61,-61
亞    東 ,欣銓,2,58,-56
亞    東 ,元大台灣50,0,55,-55
亞    東 ,00937B群益ESG投等債20,11,60,-49
亞    東 ,宏達電,16,57,-41
亞    東 ,康和證,0,38,-38
亞    東 ,友訊,0,37,-37
亞    東 ,國泰金,0,35,-35
亞    東 ,00635U期元大S＆P黃金,1,35,-34
亞    東 ,00943兆豐電子高息等權,0,30,-30
亞    東 ,華航,1,29,-28
亞    東 ,好樂迪,0,26,-26
亞    東 ,00631L元大台灣50正2,15,41,-26
亞    東 ,和椿,9,31,-22
亞    東 ,三商壽,0,20,-20
亞    東 ,華星光,16,36,-20
亞    東 ,00940元大台灣價值高息,0,18,-18
亞    東 ,金山電,2,20,-18
亞    東 ,冠軍,0,18,-18
亞    東 ,00929復華台灣科技優息,0,17,-17
亞    東 ,榮剛,0,17,-17
亞    東 ,連展投控,0,16,-16
亞    東 ,鴻海,28,44,-16
亞    東 ,臺企銀,0,15,-15
亞    東 ,精英,0,15,-15
亞    東 ,仁寶,0,15,-15
亞    東 ,長榮航,13,26,-13
亞    東 ,世紀鋼,0,12,-12
亞    東 ,承業醫,0,11,-11
亞    東 ,鉅祥,0,11,-11
亞    東 ,錸德,0,11,-11
亞    東 ,富邦金,12,23,-11
亞    東 ,點序,0,11,-11
亞    東 ,永豐餘,0,11,-11
亞    東 ,萬潤,1,12,-11
亞    東 ,中鋼,2,12,-10
亞    東 ,立��,1,11,-10
亞    東 ,柏承,0,10,-10
亞    東 ,遠東新,0,10,-10
亞    東 ,00926凱基全球菁英55,0,10,-10
亞    東 ,貿聯-KY,0,9,-9
亞    東 ,金像電,0,9,-9
亞    東 ,00645富邦日本,0,9,-9
亞    東 ,佳世達,2,11,-9
亞    東 ,大成鋼,43,52,-9
盈溢楠梓,凱美,41,1,40
盈溢楠梓,宏齊,6,0,6
盈溢楠梓,鴻海,5,0,5
盈溢楠梓,中鋼,4,0,4
盈溢楠梓,連展投控,3,0,3
盈溢楠梓,佳龍,3,0,3
盈溢楠梓,台星科,2,0,2
盈溢楠梓,亞光,2,0,2
盈溢楠梓,永豐金,2,0,2
盈溢楠梓,普安,2,0,2
盈溢楠梓,力成,2,0,2
盈溢楠梓,立隆電,1,0,1
盈溢楠梓,聯電,7,6,1
盈溢楠梓,大亞,1,0,1
盈溢楠梓,燦星旅,1,0,1
盈溢楠梓,慧洋-KY,1,0,1
盈溢楠梓,陽明,1,0,1
盈溢楠梓,欣興,1,0,1
盈溢楠梓,達邁,1,0,1
盈溢楠梓,新日興,1,0,1
盈溢楠梓,昇達科,1,0,1
盈溢楠梓,華容,1,0,1
盈溢楠梓,慧友,1,0,1
盈溢楠梓,高端疫苗,1,0,1
盈溢楠梓,台燿,0,0,0
盈溢楠梓,華航,0,81,-81
盈溢楠梓,台聚,0,50,-50
盈溢楠梓,富邦金,0,42,-42
盈溢楠梓,威剛,0,20,-20
盈溢楠梓,揚明光,0,10,-10
盈溢楠梓,上曜,0,10,-10
盈溢楠梓,台塑,0,5,-5
盈溢楠梓,台泥,0,5,-5
盈溢楠梓,精確,0,5,-5
盈溢楠梓,漢翔,0,5,-5
盈溢楠梓,英濟,0,5,-5
盈溢楠梓,神達,3,5,-2
盈溢楠梓,宏致,0,2,-2
盈溢楠梓,富強鑫,0,2,-2
盈溢楠梓,瑞智,0,1,-1
盈溢楠梓,欣銓,0,1,-1
盈溢楠梓,精材,0,1,-1
盈溢楠梓,虹冠電,0,1,-1
盈溢楠梓,宏達電,3,4,-1
盈溢楠梓,夏都,0,1,-1
盈溢楠梓,新光金,0,1,-1
盈溢楠梓,00893國泰智能電動車,0,1,-1
盈溢楠梓,堤維西,0,1,-1
盈溢楠梓,廣宇,0,1,-1
盈溢楠梓,中華電,0,1,-1
盈溢楠梓,南亞科,0,1,-1
盈溢楠梓,佳能,0,1,-1
盈溢楠梓,新盛力,0,1,-1
盈溢楠梓,泰詠,0,1,-1
盈溢楠梓,迅得,0,1,-1
盈溢楠梓,興能高,2,3,-1
盈溢楠梓,國邑*,0,1,-1
盈溢楠梓,富威電力,0,1,-1
盈溢楠梓,擎亞,0,1,-1
盈溢楠梓,台積電,0,0,0
華南朴子,00637L元大滬深300正2,73,0,73
華南朴子,力積電,96,48,48
華南朴子,00673R期元大S＆P原油反1,41,0,41
華南朴子,立敦,39,4,35
華南朴子,聯電,61,29,32
華南朴子,00951台新日本半導體,30,0,30
華南朴子,合庫金,34,10,24
華南朴子,泰金寶-DR,46,22,24
華南朴子,懷特,21,0,21
華南朴子,立��,26,10,16
華南朴子,00633L富邦上証正2,14,0,14
華南朴子,如興,13,0,13
華南朴子,波若威,22,10,12
華南朴子,00888永豐台灣ESG,11,0,11
華南朴子,友達,10,0,10
華南朴子,永豐金,10,0,10
華南朴子,00715L期街口布蘭特正2,10,0,10
華南朴子,00725B國泰投資級公司債,10,0,10
華南朴子,00852L國泰美國道瓊正2,10,0,10
華南朴子,00949復華日本龍頭,10,0,10
華南朴子,濱川,10,0,10
華南朴子,合勤控,10,0,10
華南朴子,群益證,10,0,10
華南朴子,00954中信日本半導體,10,0,10
華南朴子,南仁湖,9,0,9
華南朴子,金寶,13,5,8
華南朴子,三商電,8,0,8
華南朴子,榮剛,10,2,8
華南朴子,悅城,8,0,8
華南朴子,台虹,8,0,8
華南朴子,00830國泰費城半導體,7,0,7
華南朴子,宏��,11,4,7
華南朴子,興勤,7,0,7
華南朴子,亞航,10,3,7
華南朴子,金橋,7,0,7
華南朴子,天品,7,0,7
華南朴子,元大高股息,18,11,7
華南朴子,英濟,25,18,7
華南朴子,富邦金,8,1,7
華南朴子,00878國泰永續高股息,6,0,6
華南朴子,瑞軒,6,0,6
華南朴子,淘帝-KY,6,0,6
華南朴子,昇貿,7,1,6
華南朴子,全球傳動,12,6,6
華南朴子,宏齊,8,2,6
華南朴子,中信金,16,10,6
華南朴子,00915凱基優選高股息30,5,0,5
華南朴子,兆豐金,5,0,5
華南朴子,00632R元大台灣50反1,6,1,5
華南朴子,00664R國泰臺灣加權反1,5,0,5
華南朴子,00687B國泰20年美債,7,77,-70
華南朴子,群創,0,58,-58
華南朴子,神達,81,134,-53
華南朴子,宏達電,11,64,-53
華南朴子,友訊,3,41,-38
華南朴子,佳邦,0,32,-32
華南朴子,00937B群益ESG投等債20,21,53,-32
華南朴子,東元,0,28,-28
華南朴子,星宇航空,0,23,-23
華南朴子,佰鴻,0,20,-20
華南朴子,事欣科,1,19,-18
華南朴子,00929復華台灣科技優息,0,18,-18
華南朴子,健亞,0,15,-15
華南朴子,00943兆豐電子高息等權,0,14,-14
華南朴子,雷虎,1,15,-14
華南朴子,光洋科,0,13,-13
華南朴子,聯發國際,0,13,-13
華南朴子,良維,0,13,-13
華南朴子,網家,0,12,-12
華南朴子,00795B中信美國公債20年,0,11,-11
華南朴子,宏致,6,17,-11
華南朴子,00892富邦台灣半導體,0,10,-10
華南朴子,聚亨,0,10,-10
華南朴子,光罩,0,10,-10
華南朴子,新光金,5,15,-10
華南朴子,德晉,0,10,-10
華南朴子,牧德,0,10,-10
華南朴子,瑞智,0,10,-10
華南朴子,00933B國泰10Y+金融債,0,8,-8
華南朴子,長榮鋼,0,8,-8
華南朴子,統一證,0,8,-8
華南朴子,昇達科,3,10,-7
華南朴子,大亞,2,9,-7
華南朴子,揚博,0,7,-7
華南朴子,鴻準,0,6,-6
華南朴子,南茂,1,7,-6
華南朴子,大同,3,9,-6
華南朴子,加百裕,71,77,-6
華南朴子,恆大,0,6,-6
華南朴子,威盛,1,6,-5
華南朴子,吉茂,4,9,-5
華南朴子,富喬,23,28,-5
華南朴子,IKKA-KY,1,6,-5
華南朴子,佳世達,0,5,-5
華南朴子,仲琦,0,5,-5
華南朴子,健和興,0,5,-5
華南朴子,鳳凰,0,5,-5
華南朴子,仁寶,2,6,-4
華南朴子,日勝生,0,4,-4
華南朴子,僑威,1,5,-4
 元大龍潭,聯電,266,56,210
 元大龍潭,00919群益台灣精選高息,108,19,89
 元大龍潭,00664R國泰臺灣加權反1,90,10,80
 元大龍潭,00679B元大美債20年,89,15,74
 元大龍潭,00878國泰永續高股息,79,15,64
 元大龍潭,華邦電,64,15,49
 元大龍潭,00918大華優利高填息30,51,5,46
 元大龍潭,環宇-KY,84,39,45
 元大龍潭,永豐金,44,0,44
 元大龍潭,新光金,49,6,43
 元大龍潭,欣興,49,8,41
 元大龍潭,三商壽,40,0,40
 元大龍潭,00665L富邦�琤肭磪囓�2,358,320,38
 元大龍潭,緯創,49,18,31
 元大龍潭,偉全,52,21,31
 元大龍潭,元大高股息,35,5,30
 元大龍潭,020034元大IC設計N,29,0,29
 元大龍潭,00937B群益ESG投等債20,96,72,24
 元大龍潭,台塑,73,50,23
 元大龍潭,全球傳動,28,5,23
 元大龍潭,00632R元大台灣50反1,27,5,22
 元大龍潭,台揚,31,9,22
 元大龍潭,00959B大華投等美債15Y+,21,0,21
 元大龍潭,富喬,92,71,21
 元大龍潭,00933B國泰10Y+金融債,20,0,20
 元大龍潭,中纖,20,0,20
 元大龍潭,晟德,20,0,20
 元大龍潭,精成科,34,15,19
 元大龍潭,大成鋼,21,2,19
 元大龍潭,00960野村全球航運龍頭,19,0,19
 元大龍潭,玉山金,22,3,19
 元大龍潭,慧友,18,0,18
 元大龍潭,光鋐,23,5,18
 元大龍潭,聯穎,18,0,18
 元大龍潭,00858永豐美國500大,15,0,15
 元大龍潭,台新金,16,1,15
 元大龍潭,遠東銀,15,0,15
 元大龍潭,宏達電,128,114,14
 元大龍潭,AES-KY,17,3,14
 元大龍潭,廣達,18,4,14
 元大龍潭,榮運,14,1,13
 元大龍潭,有益,12,0,12
 元大龍潭,00633L富邦上証正2,12,0,12
 元大龍潭,大銀微系統,16,4,12
 元大龍潭,00931B統一美債20年,12,1,11
 元大龍潭,百和,11,0,11
 元大龍潭,年興,11,0,11
 元大龍潭,廣宇,22,11,11
 元大龍潭,00881國泰台灣5G+,14,3,11
 元大龍潭,亞光,15,4,11
 元大龍潭,00887永豐中國科技50大,10,420,-410
 元大龍潭,00961FT臺灣永續高息,0,150,-150
 元大龍潭,強茂,1,98,-97
 元大龍潭,00940元大台灣價值高息,22,109,-87
 元大龍潭,連展投控,37,123,-86
 元大龍潭,00929復華台灣科技優息,6,83,-77
 元大龍潭,00965元大航太防衛科技,10,86,-76
 元大龍潭,華星光,87,149,-62
 元大龍潭,泰金寶-DR,81,141,-60
 元大龍潭,00922國泰台灣領袖50,9,61,-52
 元大龍潭,華航,13,64,-51
 元大龍潭,華通,6,53,-47
 元大龍潭,友達,4,51,-47
 元大龍潭,力積電,86,126,-40
 元大龍潭,00753L中信中國50正2,77,117,-40
 元大龍潭,神達,174,212,-38
 元大龍潭,星宇航空,0,37,-37
 元大龍潭,大同,4,40,-36
 元大龍潭,006208富邦台50,3,38,-35
 元大龍潭,00947台新臺灣IC設計,0,29,-29
 元大龍潭,達邁,65,94,-29
 元大龍潭,00830國泰費城半導體,1,28,-27
 元大龍潭,矽統,6,30,-24
 元大龍潭,台積電,11,34,-23
 元大龍潭,創惟,6,28,-22
 元大龍潭,宏致,24,45,-21
 元大龍潭,00650L復華香港正2,23,43,-20
 元大龍潭,新華,0,20,-20
 元大龍潭,瑞軒,33,53,-20
 元大龍潭,聯鈞,47,65,-18
 元大龍潭,立敦,7,25,-18
 元大龍潭,00934中信成長高股息,0,17,-17
 元大龍潭,萬海,2,19,-17
 元大龍潭,鴻華先進-創,0,16,-16
 元大龍潭,凱美,9,24,-15
 元大龍潭,東元,2,17,-15
 元大龍潭,寶成,0,15,-15
 元大龍潭,00680L元大美債20正2,19,33,-14
 元大龍潭,00939統一台灣高息動能,0,13,-13
 元大龍潭,威盛,0,13,-13
 元大龍潭,亞翔,3,16,-13
 元大龍潭,欣銓,8,20,-12
 元大龍潭,元大台灣50,3,14,-11
 元大龍潭,00757統一FANG+,1,12,-11
 元大龍潭,台化,2,13,-11
 元大龍潭,順達,6,17,-11
 元大龍潭,台塑化,3,14,-11
 元大龍潭,群創,19,30,-11
 元大龍潭,德宏,0,11,-11
 元大龍潭,昆盈,9,20,-11
富邦岡山,力積電,108,14,94
富邦岡山,中鋼,92,3,89
富邦岡山,中工,65,0,65
富邦岡山,00924復華S＆P500成長,50,1,49
富邦岡山,新建,49,0,49
富邦岡山,00878國泰永續高股息,48,1,47
富邦岡山,聯強,40,0,40
富邦岡山,聯電,39,2,37
富邦岡山,00937B群益ESG投等債20,24,2,22
富邦岡山,宏��,20,0,20
富邦岡山,得力,20,1,19
富邦岡山,中信金,18,0,18
富邦岡山,元大高股息,18,0,18
富邦岡山,合庫金,12,0,12
富邦岡山,大宇資,12,0,12
富邦岡山,國統,12,0,12
富邦岡山,連展投控,14,2,12
富邦岡山,加百裕,16,5,11
富邦岡山,和椿,20,9,11
富邦岡山,淳紳,10,0,10
富邦岡山,00757統一FANG+,10,1,9
富邦岡山,圓剛,10,1,9
富邦岡山,00918大華優利高填息30,12,3,9
富邦岡山,緯創,6,0,6
富邦岡山,00882中信中國高股息,8,3,5
富邦岡山,00662富邦NASDAQ,5,0,5
富邦岡山,00633L富邦上証正2,5,0,5
富邦岡山,駿吉-KY,5,0,5
富邦岡山,鏵友益,5,0,5
富邦岡山,崧騰,5,0,5
富邦岡山,00915凱基優選高股息30,4,0,4
富邦岡山,華邦電,4,0,4
富邦岡山,華新,4,1,3
富邦岡山,00773B中信優先金融債,3,0,3
富邦岡山,南亞科,3,0,3
富邦岡山,昇陽半導體,6,3,3
富邦岡山,00948B中信優息投資級債,2,0,2
富邦岡山,00858永豐美國500大,2,0,2
富邦岡山,台中銀,2,0,2
富邦岡山,00922國泰台灣領袖50,2,0,2
富邦岡山,立��,9,7,2
富邦岡山,00733富邦臺灣中小,2,0,2
富邦岡山,廣達,5,3,2
富邦岡山,00650L復華香港正2,2,0,2
富邦岡山,00706L期元大S＆P日圓正2,2,0,2
富邦岡山,00950B凱基A級公司債,2,0,2
富邦岡山,00953B群益優選非投等債,2,0,2
富邦岡山,耿鼎,4,2,2
富邦岡山,台揚,2,0,2
富邦岡山,新美齊,2,0,2
富邦岡山,凱基金,0,121,-121
富邦岡山,泰金寶-DR,25,67,-42
富邦岡山,英業達,11,53,-42
富邦岡山,炎洲,0,40,-40
富邦岡山,00929復華台灣科技優息,1,37,-36
富邦岡山,擎亞,1,29,-28
富邦岡山,漢翔,0,21,-21
富邦岡山,日月光投控,6,27,-21
富邦岡山,冠軍,0,20,-20
富邦岡山,00892富邦台灣半導體,0,19,-19
富邦岡山,神達,172,186,-14
富邦岡山,00919群益台灣精選高息,3,17,-14
富邦岡山,聯嘉,0,13,-13
富邦岡山,00927群益半導體收益,0,13,-13
富邦岡山,00753L中信中國50正2,0,11,-11
富邦岡山,長榮,3,14,-11
富邦岡山,00951台新日本半導體,0,11,-11
富邦岡山,佰鴻,0,10,-10
富邦岡山,新光金,0,10,-10
富邦岡山,00712復華富時不動產,0,8,-8
富邦岡山,佳總,0,8,-8
富邦岡山,華南金,0,8,-8
富邦岡山,00923群益台ESG低碳50,0,7,-7
富邦岡山,宏遠,0,7,-7
富邦岡山,三商壽,3,10,-7
富邦岡山,萬潤,1,8,-7
富邦岡山,富邦金,0,7,-7
富邦岡山,奇鋐,2,8,-6
富邦岡山,中鴻,0,6,-6
富邦岡山,00637L元大滬深300正2,54,60,-6
富邦岡山,憶聲,0,6,-6
富邦岡山,國光生,2,8,-6
富邦岡山,萬泰科,0,6,-6
富邦岡山,科懋,0,6,-6
富邦岡山,聯策,0,6,-6
富邦岡山,00881國泰台灣5G+,0,6,-6
富邦岡山,00939統一台灣高息動能,0,6,-6
富邦岡山,00954中信日本半導體,0,5,-5
富邦岡山,00934中信成長高股息,0,5,-5
富邦岡山,矽格,1,6,-5
富邦岡山,康舒,0,5,-5
富邦岡山,鴻海,6,11,-5
富邦岡山,00830國泰費城半導體,0,4,-4
富邦岡山,00877復華中國5G,0,4,-4
富邦岡山,寶成,0,4,-4
富邦岡山,00944野村趨勢動能高息,0,4,-4
富邦岡山,台新金,0,3,-3
富邦岡山,00675L富邦臺灣加權正2,0,3,-3
富邦岡山,星宇航空,4,7,-3
富邦岡山,晟銘電,0,3,-3
美好台南,00919群益台灣精選高息,32,0,32
美好台南,00688L國泰20年美債正2,31,0,31
美好台南,00680L元大美債20正2,27,0,27
美好台南,永光,20,0,20
美好台南,聯電,20,0,20
美好台南,M31,10,0,10
美好台南,元大高股息,10,0,10
美好台南,星宇航空,10,0,10
美好台南,玉晶光,10,0,10
美好台南,00878國泰永續高股息,5,0,5
美好台南,精金,5,0,5
美好台南,凌巨,5,0,5
美好台南,百和興業-KY,5,0,5
美好台南,泰金寶-DR,10,5,5
美好台南,台肥,4,0,4
美好台南,00637L元大滬深300正2,4,0,4
美好台南,宏��,4,0,4
美好台南,富野,4,0,4
美好台南,台新金,5,1,4
美好台南,中美實,6,3,3
美好台南,00633L富邦上証正2,3,0,3
美好台南,00753L中信中國50正2,3,0,3
美好台南,富邦金,3,0,3
美好台南,辛耘,2,0,2
美好台南,00795B中信美國公債20年,2,0,2
美好台南,00779B凱基美債25+,2,0,2
美好台南,00650L復華香港正2,2,0,2
美好台南,00965元大航太防衛科技,2,0,2
美好台南,大亞,2,0,2
美好台南,南亞科,12,10,2
美好台南,文曄,2,0,2
美好台南,藥華藥,2,0,2
美好台南,台塑化,2,0,2
美好台南,統一,1,0,1
美好台南,00702國泰標普低波高息,1,0,1
美好台南,00696B富邦美債20年,1,0,1
美好台南,00632R元大台灣50反1,1,0,1
美好台南,00858永豐美國500大,1,0,1
美好台南,00951台新日本半導體,1,0,1
美好台南,台塑,1,0,1
美好台南,敬鵬,1,0,1
美好台南,凱美,3,2,1
美好台南,友達,2,1,1
美好台南,建通,8,7,1
美好台南,慧洋-KY,1,0,1
美好台南,英濟,1,0,1
美好台南,尼克森,1,0,1
美好台南,雙鴻,1,0,1
美好台南,晶彩科,1,0,1
美好台南,磐儀,1,0,1
美好台南,長榮航,0,100,-100
美好台南,彩晶,4,70,-66
美好台南,宏達電,34,99,-65
美好台南,弘凱,0,30,-30
美好台南,神達,6,35,-29
美好台南,力積電,4,28,-24
美好台南,偉詮電,0,20,-20
美好台南,台積電,2,17,-15
美好台南,鴻海,0,11,-11
美好台南,中鋼,0,10,-10
美好台南,明泰,0,10,-10
美好台南,崇越,0,9,-9
美好台南,晟田,0,7,-7
美好台南,杭特,0,6,-6
美好台南,長興,0,5,-5
美好台南,中鴻,0,5,-5
美好台南,00918大華優利高填息30,0,5,-5
美好台南,00950B凱基A級公司債,0,5,-5
美好台南,鴻準,0,5,-5
美好台南,今國光,0,5,-5
美好台南,長園科,0,5,-5
美好台南,00922國泰台灣領袖50,0,5,-5
美好台南,日月光投控,0,4,-4
美好台南,高端疫苗,0,4,-4
美好台南,台泥,0,4,-4
美好台南,聯強,0,3,-3
美好台南,佳世達,0,3,-3
美好台南,聯亞,0,3,-3
美好台南,精材,0,3,-3
美好台南,和椿,8,11,-3
美好台南,第一金,0,2,-2
美好台南,泰鼎-KY,0,2,-2
美好台南,精成科,2,4,-2
美好台南,00929復華台灣科技優息,0,2,-2
美好台南,00722B群益投資級電信債,0,2,-2
美好台南,中環,0,2,-2
美好台南,廣宇,0,2,-2
美好台南,佳能,1,3,-2
美好台南,盟立,0,2,-2
美好台南,順達,4,6,-2
美好台南,傳奇,0,2,-2
美好台南,中磊,0,2,-2
美好台南,均豪,0,2,-2
美好台南,創惟,1,3,-2
美好台南,臺龍,0,2,-2
美好台南,騰輝電子-KY,1,3,-2
美好台南,冠軍,0,1,-1
美好台南,雷科,0,1,-1
美好台南,006208富邦台50,0,1,-1
美好台南,波若威,14,15,-1
 元大嘉義,第一金,164,0,164
 元大嘉義,聯電,143,21,122
 元大嘉義,00953B群益優選非投等債,120,0,120
 元大嘉義,兆豐金,110,0,110
 元大嘉義,緯創,126,33,93
 元大嘉義,力積電,129,60,69
 元大嘉義,00753L中信中國50正2,62,0,62
 元大嘉義,元大高股息,67,7,60
 元大嘉義,00937B群益ESG投等債20,49,0,49
 元大嘉義,ITH-KY,44,0,44
 元大嘉義,精成科,51,14,37
 元大嘉義,00919群益台灣精選高息,31,1,30
 元大嘉義,00725B國泰投資級公司債,39,12,27
 元大嘉義,亞泥,25,0,25
 元大嘉義,濱川,25,1,24
 元大嘉義,華星光,53,29,24
 元大嘉義,藥華藥,28,5,23
 元大嘉義,00878國泰永續高股息,25,5,20
 元大嘉義,楠梓電,20,0,20
 元大嘉義,南茂,18,1,17
 元大嘉義,00945B凱基美國非投等債,20,3,17
 元大嘉義,保瑞,17,1,16
 元大嘉義,長榮鋼,16,0,16
 元大嘉義,00927群益半導體收益,15,0,15
 元大嘉義,00637L元大滬深300正2,97,84,13
 元大嘉義,泰金寶-DR,17,4,13
 元大嘉義,易發,12,0,12
 元大嘉義,上海商銀,11,0,11
 元大嘉義,00632R元大台灣50反1,11,0,11
 元大嘉義,和椿,65,54,11
 元大嘉義,中纖,10,0,10
 元大嘉義,神隆,10,0,10
 元大嘉義,遠傳,10,0,10
 元大嘉義,00639富邦深100,9,0,9
 元大嘉義,00915凱基優選高股息30,9,0,9
 元大嘉義,星宇航空,10,2,8
 元大嘉義,00713元大台灣高息低波,10,2,8
 元大嘉義,00933B國泰10Y+金融債,10,3,7
 元大嘉義,00679B元大美債20年,27,20,7
 元大嘉義,晶豪科,7,0,7
 元大嘉義,泰福-KY,7,0,7
 元大嘉義,寶碩,6,0,6
 元大嘉義,00858永豐美國500大,6,0,6
 元大嘉義,00928中信上櫃ESG30,5,0,5
 元大嘉義,福壽,5,0,5
 元大嘉義,皇普,7,2,5
 元大嘉義,智原,7,2,5
 元大嘉義,00752中信中國50,5,0,5
 元大嘉義,金寶,9,4,5
 元大嘉義,國光生,6,1,5
 元大嘉義,華南金,0,185,-185
 元大嘉義,凱基金,1,118,-117
 元大嘉義,00680L元大美債20正2,8,102,-94
 元大嘉義,彰銀,0,81,-81
 元大嘉義,00929復華台灣科技優息,1,71,-70
 元大嘉義,00965元大航太防衛科技,0,64,-64
 元大嘉義,華邦電,6,67,-61
 元大嘉義,神達,102,158,-56
 元大嘉義,00962台新AI優息動能,0,50,-50
 元大嘉義,00940元大台灣價值高息,3,48,-45
 元大嘉義,00665L富邦�琤肭磪囓�2,10,52,-42
 元大嘉義,00688L國泰20年美債正2,0,40,-40
 元大嘉義,台產,0,32,-32
 元大嘉義,長榮航,1,32,-31
 元大嘉義,友達,0,30,-30
 元大嘉義,恩德,0,30,-30
 元大嘉義,力麒,0,26,-26
 元大嘉義,宏致,0,25,-25
 元大嘉義,TPK-KY,0,23,-23
 元大嘉義,00926凱基全球菁英55,0,22,-22
 元大嘉義,台積電,9,30,-21
 元大嘉義,台光電,0,20,-20
 元大嘉義,頎邦,0,18,-18
 元大嘉義,006208富邦台50,7,24,-17
 元大嘉義,富邦金,0,16,-16
 元大嘉義,00891中信關鍵半導體,0,15,-15
 元大嘉義,雷科,0,15,-15
 元大嘉義,00885富邦越南,0,15,-15
 元大嘉義,00941中信上游半導體,0,14,-14
 元大嘉義,鴻海,9,23,-14
 元大嘉義,00922國泰台灣領袖50,1,14,-13
 元大嘉義,元大台灣50,2,14,-12
 元大嘉義,偉詮電,0,12,-12
 元大嘉義,德宏,0,12,-12
 元大嘉義,00631L元大台灣50正2,0,12,-12
 元大嘉義,奇鋐,20,31,-11
 元大嘉義,富喬,86,97,-11
 元大嘉義,中信金,1,12,-11
 元大嘉義,光寶科,10,21,-11
 元大嘉義,仁寶,0,11,-11
 元大嘉義,宏達電,55,66,-11
 元大嘉義,00969B元大零息超長美債,0,10,-10
 元大嘉義,凱崴,0,10,-10
 元大嘉義,台康生技,0,10,-10
 元大嘉義,安集,1,11,-10
 元大嘉義,00675L富邦臺灣加權正2,0,10,-10
 元大嘉義,志強-KY,0,10,-10
 元大嘉義,00918大華優利高填息30,10,20,-10
 元大嘉義,攸泰科技,0,9,-9
 元大嘉義,欣銓,9,17,-8
凱基三峽,聯電,120,1,119
凱基三峽,宏��,19,0,19
凱基三峽,立敦,29,10,19
凱基三峽,大成鋼,19,2,17
凱基三峽,亞光,20,3,17
凱基三峽,00900富邦特選高股息30,16,0,16
凱基三峽,富喬,21,5,16
凱基三峽,擎亞,18,2,16
凱基三峽,光洋科,16,1,15
凱基三峽,00915凱基優選高股息30,14,0,14
凱基三峽,英業達,20,7,13
凱基三峽,00878國泰永續高股息,20,9,11
凱基三峽,欣興,16,4,12
凱基三峽,台泥,12,1,11
凱基三峽,00937B群益ESG投等債20,11,0,11
凱基三峽,00680L元大美債20正2,10,0,10
凱基三峽,聯鈞,15,5,10
凱基三峽,00673R期元大S＆P原油反1,10,0,10
凱基三峽,三商壽,15,5,10
凱基三峽,憶聲,10,0,10
凱基三峽,國統,10,0,10
凱基三峽,能率,10,1,9
凱基三峽,達運光電,9,0,9
凱基三峽,凌華,8,0,8
凱基三峽,能率網通,8,0,8
凱基三峽,立隆電,10,3,7
凱基三峽,西勝,7,0,7
凱基三峽,亞泰,10,3,7
凱基三峽,中砂,7,1,6
凱基三峽,一詮,8,2,6
凱基三峽,揚明光,8,2,6
凱基三峽,全球傳動,11,5,6
凱基三峽,眾達-KY,11,5,6
凱基三峽,華新,7,1,6
凱基三峽,遠東新,6,0,6
凱基三峽,00650L復華香港正2,5,0,5
凱基三峽,00635U期元大S＆P黃金,5,0,5
凱基三峽,00938凱基優選30,5,0,5
凱基三峽,00950B凱基A級公司債,5,0,5
凱基三峽,新纖,5,0,5
凱基三峽,新鋼,5,0,5
凱基三峽,圓剛,9,4,5
凱基三峽,永豐金,5,0,5
凱基三峽,達邁,13,8,5
凱基三峽,驊訊,5,0,5
凱基三峽,兆豐金,5,0,5
凱基三峽,台聚,4,0,4
凱基三峽,光環,4,0,4
凱基三峽,英濟,5,1,4
凱基三峽,富采,11,7,4
凱基三峽,00715L期街口布蘭特正2,0,160,-160
凱基三峽,00887永豐中國科技50大,0,117,-117
凱基三峽,連展投控,20,96,-76
凱基三峽,00980B台新特選IG債10+,0,75,-75
凱基三峽,00929復華台灣科技優息,1,52,-51
凱基三峽,晶豪科,0,50,-50
凱基三峽,00665L富邦�琤肭磪囓�2,0,35,-35
凱基三峽,群創,7,42,-35
凱基三峽,00971野村美國研發龍頭,6,40,-34
凱基三峽,00637L元大滬深300正2,11,43,-32
凱基三峽,元大高股息,129,160,-31
凱基三峽,00655L國泰中國A50正2,8,36,-28
凱基三峽,泰金寶-DR,2,28,-26
凱基三峽,大同,0,24,-24
凱基三峽,玉山金,0,22,-22
凱基三峽,宏致,0,20,-20
凱基三峽,永捷,0,20,-20
凱基三峽,力積電,32,51,-19
凱基三峽,宏達電,18,34,-16
凱基三峽,長榮航,8,23,-15
凱基三峽,台達化,0,15,-15
凱基三峽,星通,0,15,-15
凱基三峽,建漢,0,15,-15
凱基三峽,華航,12,26,-14
凱基三峽,神達,19,33,-14
凱基三峽,三聯,0,12,-12
凱基三峽,第一金,0,11,-11
凱基三峽,創惟,2,13,-11
凱基三峽,00830國泰費城半導體,0,11,-11
凱基三峽,00688L國泰20年美債正2,0,10,-10
凱基三峽,00882中信中國高股息,4,14,-10
凱基三峽,00940元大台灣價值高息,0,10,-10
凱基三峽,亞聚,0,10,-10
凱基三峽,華通,1,11,-10
凱基三峽,安可,0,10,-10
凱基三峽,海華,0,10,-10
凱基三峽,台半,0,10,-10
凱基三峽,欣銓,3,12,-9
凱基三峽,00642U期元大S＆P石油,1,10,-9
凱基三峽,台玻,1,10,-9
凱基三峽,金寶,12,21,-9
凱基三峽,華邦電,11,19,-8
凱基三峽,錸德,0,8,-8
凱基三峽,美律,0,8,-8
凱基三峽,台特化,1,9,-8
凱基三峽,志聯,0,7,-7
凱基三峽,千興,0,7,-7
凱基三峽,GIS-KY,0,7,-7
凱基三峽,華宏,0,7,-7
凱基三峽,台光電,1,7,-6
 元大頭份,00945B凱基美國非投等債,105,2,103
 元大頭份,00937B群益ESG投等債20,78,2,76
 元大頭份,聯電,84,22,62
 元大頭份,元大高股息,53,0,53
 元大頭份,鴻海,36,4,32
 元大頭份,AES-KY,24,0,24
 元大頭份,00924復華S＆P500成長,24,2,22
 元大頭份,彰銀,20,1,19
 元大頭份,00858永豐美國500大,16,0,16
 元大頭份,00679B元大美債20年,18,3,15
 元大頭份,加百裕,21,6,15
 元大頭份,00688L國泰20年美債正2,14,0,14
 元大頭份,00895富邦未來車,14,0,14
 元大頭份,大成鋼,14,0,14
 元大頭份,旭軟,13,0,13
 元大頭份,00713元大台灣高息低波,12,0,12
 元大頭份,中美晶,11,0,11
 元大頭份,00950B凱基A級公司債,10,0,10
 元大頭份,00918大華優利高填息30,9,0,9
 元大頭份,00706L期元大S＆P日圓正2,13,4,9
 元大頭份,安集,10,1,9
 元大頭份,泰金寶-DR,35,27,8
 元大頭份,00953B群益優選非投等債,8,0,8
 元大頭份,力成,7,0,7
 元大頭份,國化,8,1,7
 元大頭份,00887永豐中國科技50大,17,10,7
 元大頭份,建達,13,6,7
 元大頭份,力新,7,0,7
 元大頭份,長華*,8,1,7
 元大頭份,00878國泰永續高股息,25,18,7
 元大頭份,00922國泰台灣領袖50,6,0,6
 元大頭份,台塑化,6,0,6
 元大頭份,圓剛,7,1,6
 元大頭份,華通,6,0,6
 元大頭份,元大台灣50,8,2,6
 元大頭份,英業達,5,0,5
 元大頭份,兆豐金,5,0,5
 元大頭份,太設,5,0,5
 元大頭份,00771元大US高息特別股,5,0,5
 元大頭份,奇偶,5,0,5
 元大頭份,00665L富邦�琤肭磪囓�2,5,0,5
 元大頭份,精誠,5,0,5
 元大頭份,台化,5,0,5
 元大頭份,保瑞,5,1,4
 元大頭份,台泥,4,0,4
 元大頭份,創意,6,2,4
 元大頭份,點序,4,0,4
 元大頭份,立隆電,29,25,4
 元大頭份,神達,101,97,4
 元大頭份,波若威,43,39,4
 元大頭份,慧洋-KY,17,500,-483
 元大頭份,00965元大航太防衛科技,0,115,-115
 元大頭份,00929復華台灣科技優息,0,105,-105
 元大頭份,立��,18,120,-102
 元大頭份,00919群益台灣精選高息,16,72,-56
 元大頭份,富喬,16,65,-49
 元大頭份,潤泰新,0,40,-40
 元大頭份,00680L元大美債20正2,5,42,-37
 元大頭份,佳能,25,61,-36
 元大頭份,力積電,50,85,-35
 元大頭份,太子,0,34,-34
 元大頭份,00946群益科技高息成長,1,31,-30
 元大頭份,國喬,0,30,-30
 元大頭份,00940元大台灣價值高息,3,33,-30
 元大頭份,國泰金,0,28,-28
 元大頭份,國建,0,27,-27
 元大頭份,新普,27,53,-26
 元大頭份,凱基金,0,20,-20
 元大頭份,華航,2,22,-20
 元大頭份,00640L富邦日本正2,0,19,-19
 元大頭份,宏達電,52,71,-19
 元大頭份,00712復華富時不動產,4,20,-16
 元大頭份,2888B新光金乙特,0,16,-16
 元大頭份,台塑,19,32,-13
 元大頭份,富采,2,15,-13
 元大頭份,友達,0,13,-13
 元大頭份,台玻,0,13,-13
 元大頭份,玉山金,3,16,-13
 元大頭份,仁寶,0,12,-12
 元大頭份,頎邦,0,11,-11
 元大頭份,亞航,0,11,-11
 元大頭份,00881國泰台灣5G+,2,13,-11
 元大頭份,精成科,2,12,-10
 元大頭份,長榮航太,0,10,-10
 元大頭份,欣銓,6,16,-10
 元大頭份,微矽電子-創,0,10,-10
 元大頭份,亞泥,0,10,-10
 元大頭份,愛之味,0,10,-10
 元大頭份,大華,0,10,-10
 元大頭份,和大,0,10,-10
 元大頭份,興能高,82,91,-9
 元大頭份,盛群,1,10,-9
 元大頭份,長榮航,10,19,-9
 元大頭份,鼎元,0,9,-9
 元大頭份,陽明,3,12,-9
 元大頭份,群創,3,12,-9
 元大頭份,00675L富邦臺灣加權正2,0,9,-9
 元大頭份,006208富邦台50,5,13,-8
 元大頭份,台聚,0,8,-8
 元大頭份,富邦金,1,9,-8
富邦內湖,富喬,366,76,290
富邦內湖,00662富邦NASDAQ,164,2,162
富邦內湖,聯電,129,21,108
富邦內湖,00919群益台灣精選高息,99,3,96
富邦內湖,00858永豐美國500大,69,3,66
富邦內湖,百和興業-KY,56,0,56
富邦內湖,高技,54,2,52
富邦內湖,元大高股息,99,54,45
富邦內湖,00720B元大投資級公司債,45,1,44
富邦內湖,寶成,42,0,42
富邦內湖,南亞科,41,0,41
富邦內湖,00753L中信中國50正2,55,15,40
富邦內湖,泰金寶-DR,41,2,39
富邦內湖,台塑,39,3,36
富邦內湖,00637L元大滬深300正2,39,4,35
富邦內湖,台玻,34,0,34
富邦內湖,00706L期元大S＆P日圓正2,30,0,30
富邦內湖,台灣虎航,46,17,29
富邦內湖,00878國泰永續高股息,86,60,26
富邦內湖,位速,26,0,26
富邦內湖,00937B群益ESG投等債20,77,51,26
富邦內湖,00770國泰北美科技,24,0,24
富邦內湖,保瑞,23,0,23
富邦內湖,華航,26,4,22
富邦內湖,00679B元大美債20年,39,18,21
富邦內湖,00918大華優利高填息30,21,1,20
富邦內湖,嘉泥,19,0,19
富邦內湖,006208富邦台50,78,60,18
富邦內湖,鴻海,30,14,16
富邦內湖,00633L富邦上証正2,48,32,16
富邦內湖,伯特光,18,2,16
富邦內湖,永豐金,16,0,16
富邦內湖,宏��,17,2,15
富邦內湖,訊達,15,0,15
富邦內湖,聯亞,16,1,15
富邦內湖,廣豐,14,0,14
富邦內湖,立隆電,34,20,14
富邦內湖,緯創,57,44,13
富邦內湖,興能高,89,76,13
富邦內湖,精金,12,0,12
富邦內湖,兆豐金,13,2,11
富邦內湖,台泥,11,0,11
富邦內湖,00757統一FANG+,13,2,11
富邦內湖,磐儀,10,0,10
富邦內湖,愛山林,10,0,10
富邦內湖,00725B國泰投資級公司債,10,0,10
富邦內湖,金寶,10,0,10
富邦內湖,聯合再生,10,0,10
富邦內湖,連展投控,10,0,10
富邦內湖,00892富邦台灣半導體,11,1,10
富邦內湖,00877復華中國5G,0,522,-522
富邦內湖,00929復華台灣科技優息,22,255,-233
富邦內湖,00933B國泰10Y+金融債,2,161,-159
富邦內湖,裕融,0,140,-140
富邦內湖,00940元大台灣價值高息,15,119,-104
富邦內湖,00965元大航太防衛科技,0,88,-88
富邦內湖,大同,6,53,-47
富邦內湖,力積電,25,68,-43
富邦內湖,00922國泰台灣領袖50,6,47,-41
富邦內湖,世紀鋼,1,41,-40
富邦內湖,006205富邦上証,0,40,-40
富邦內湖,元大台灣50,6,46,-40
富邦內湖,富邦金,5,43,-38
富邦內湖,00953B群益優選非投等債,12,50,-38
富邦內湖,新日興,7,42,-35
富邦內湖,國泰金,0,33,-33
富邦內湖,00905FT臺灣Smart,0,32,-32
富邦內湖,00665L富邦�琤肭磪囓�2,8,39,-31
富邦內湖,神達,46,76,-30
富邦內湖,00685L群益臺灣加權正2,0,28,-28
富邦內湖,榮剛,0,28,-28
富邦內湖,長榮航,0,28,-28
富邦內湖,新光金,3,30,-27
富邦內湖,00675L富邦臺灣加權正2,11,38,-27
富邦內湖,00980B台新特選IG債10+,0,26,-26
富邦內湖,達興材料,1,26,-25
富邦內湖,凱基金,1,25,-24
富邦內湖,中美實,0,23,-23
富邦內湖,佳世達,0,23,-23
富邦內湖,00713元大台灣高息低波,10,33,-23
富邦內湖,00946群益科技高息成長,0,22,-22
富邦內湖,00772B中信高評級公司債,0,22,-22
富邦內湖,00719B元大美債1-3,0,20,-20
富邦內湖,復盛應用,0,20,-20
富邦內湖,00881國泰台灣5G+,5,24,-19
富邦內湖,華新,0,19,-19
富邦內湖,亞帝歐,0,18,-18
富邦內湖,00715L期街口布蘭特正2,3,21,-18
富邦內湖,華邦電,5,22,-17
富邦內湖,TPK-KY,1,17,-16
富邦內湖,00631L元大台灣50正2,5,20,-15
富邦內湖,玉山金,2,16,-14
富邦內湖,廣達,9,23,-14
富邦內湖,00927群益半導體收益,0,14,-14
富邦內湖,日月光投控,3,16,-13
富邦內湖,00923群益台ESG低碳50,0,13,-13
富邦內湖,星宇航空,10,22,-12
富邦內湖,南亞,0,12,-12
富邦內湖,00934中信成長高股息,0,12,-12
富邦內湖,雄獅,6,17,-11
統一新竹  ,聯電,153,5,148
統一新竹  ,力積電,265,163,102
統一新竹  ,伍豐,71,0,71
統一新竹  ,00687B國泰20年美債,50,11,39
統一新竹  ,00950B凱基A級公司債,37,0,37
統一新竹  ,台聚,51,16,35
統一新竹  ,00960野村全球航運龍頭,30,0,30
統一新竹  ,00680L元大美債20正2,30,0,30
統一新竹  ,欣銓,36,7,29
統一新竹  ,遠東銀,28,0,28
統一新竹  ,00650L復華香港正2,30,2,28
統一新竹  ,玉晶光,32,6,26
統一新竹  ,台揚,24,1,23
統一新竹  ,00858永豐美國500大,22,0,22
統一新竹  ,新興,21,0,21
統一新竹  ,環球晶,20,0,20
統一新竹  ,中光電,20,0,20
統一新竹  ,技嘉,21,1,20
統一新竹  ,00719B元大美債1-3,20,0,20
統一新竹  ,00919群益台灣精選高息,25,5,20
統一新竹  ,士電,22,3,19
統一新竹  ,高鋒,17,0,17
統一新竹  ,聯亞,18,2,16
統一新竹  ,興能高,74,58,16
統一新竹  ,00878國泰永續高股息,14,1,13
統一新竹  ,時碩工業,11,0,11
統一新竹  ,綠界科技*,11,0,11
統一新竹  ,元大高股息,15,4,11
統一新竹  ,聯昌,10,0,10
統一新竹  ,00830國泰費城半導體,10,0,10
統一新竹  ,00693U期街口S＆P黃豆,10,0,10
統一新竹  ,00953B群益優選非投等債,10,0,10
統一新竹  ,00665L富邦�琤肭磪囓�2,10,0,10
統一新竹  ,艾笛森,10,0,10
統一新竹  ,宏��,10,1,9
統一新竹  ,昇陽半導體,10,1,9
統一新竹  ,欣興,12,3,9
統一新竹  ,矽格,10,1,9
統一新竹  ,00940元大台灣價值高息,10,1,9
統一新竹  ,致新,10,1,9
統一新竹  ,揚智,9,0,9
統一新竹  ,長榮,12,3,9
統一新竹  ,新盛力,84,76,8
統一新竹  ,台化,53,45,8
統一新竹  ,00881國泰台灣5G+,8,0,8
統一新竹  ,00633L富邦上証正2,7,0,7
統一新竹  ,統一,8,1,7
統一新竹  ,星宇航空,8,1,7
統一新竹  ,晟田,7,0,7
統一新竹  ,神基,10,3,7
統一新竹  ,凱基金,0,420,-420
統一新竹  ,仲琦,1,117,-116
統一新竹  ,00939統一台灣高息動能,0,72,-72
統一新竹  ,擎亞,23,94,-71
統一新竹  ,順達,8,76,-68
統一新竹  ,00941中信上游半導體,0,68,-68
統一新竹  ,長榮航,10,68,-58
統一新竹  ,中美實,0,50,-50
統一新竹  ,國泰金,1,50,-49
統一新竹  ,神達,29,77,-48
統一新竹  ,00980B台新特選IG債10+,0,40,-40
統一新竹  ,00965元大航太防衛科技,5,40,-35
統一新竹  ,茂矽,0,30,-30
統一新竹  ,00673R期元大S＆P原油反1,0,30,-30
統一新竹  ,00951台新日本半導體,0,28,-28
統一新竹  ,00637L元大滬深300正2,2,30,-28
統一新竹  ,00772B中信高評級公司債,0,25,-25
統一新竹  ,良維,0,25,-25
統一新竹  ,富世達,2,24,-22
統一新竹  ,裕民,1,23,-22
統一新竹  ,台新金,4,25,-21
統一新竹  ,00971野村美國研發龍頭,0,20,-20
統一新竹  ,立��,8,28,-20
統一新竹  ,旺宏,0,19,-19
統一新竹  ,光環,3,22,-19
統一新竹  ,00701國泰股利精選30,1,20,-19
統一新竹  ,00909國泰數位支付服務,3,22,-19
統一新竹  ,華邦電,0,18,-18
統一新竹  ,新光金,0,18,-18
統一新竹  ,聚鼎,0,16,-16
統一新竹  ,達邁,22,38,-16
統一新竹  ,00943兆豐電子高息等權,0,16,-16
統一新竹  ,亞翔,11,26,-15
統一新竹  ,朋億*,1,16,-15
統一新竹  ,聯光通,4,19,-15
統一新竹  ,00937B群益ESG投等債20,47,61,-14
統一新竹  ,00882中信中國高股息,4,18,-14
統一新竹  ,南亞科,1,15,-14
統一新竹  ,華南金,0,13,-13
統一新竹  ,天擎,0,13,-13
統一新竹  ,友訊,0,13,-13
統一新竹  ,華城,2,14,-12
統一新竹  ,廣宇,0,12,-12
統一新竹  ,華航,11,23,-12
統一新竹  ,台塑,6,16,-10
統一新竹  ,台玻,0,10,-10
統一新竹  ,建達,5,15,-10
統一新竹  ,00720B元大投資級公司債,0,10,-10
統一新竹  ,振發,0,10,-10
統一新竹  ,品安,0,10,-10
第一安和,00919群益台灣精選高息,153,21,132
第一安和,立敦,128,67,61
第一安和,聯電,39,3,36
第一安和,大成鋼,30,2,28
第一安和,jpp-KY,22,1,21
第一安和,00953B群益優選非投等債,22,2,20
第一安和,勤美,20,0,20
第一安和,00679B元大美債20年,19,0,19
第一安和,欣銓,35,16,19
第一安和,昇達科,34,15,19
第一安和,00882中信中國高股息,16,0,16
第一安和,00965元大航太防衛科技,15,0,15
第一安和,星宇航空,21,6,15
第一安和,迅得,17,2,15
第一安和,達邁,16,2,14
第一安和,00712復華富時不動產,13,0,13
第一安和,00633L富邦上証正2,15,3,12
第一安和,雙鴻,12,0,12
第一安和,00662富邦NASDAQ,11,0,11
第一安和,00933B國泰10Y+金融債,20,9,11
第一安和,寬魚國際,66,55,11
第一安和,00632R元大台灣50反1,10,0,10
第一安和,00948B中信優息投資級債,10,0,10
第一安和,台玻,10,0,10
第一安和,磐儀,10,0,10
第一安和,擎亞,10,0,10
第一安和,新光金,10,1,9
第一安和,00918大華優利高填息30,8,0,8
第一安和,00772B中信高評級公司債,8,0,8
第一安和,光鋐,8,0,8
第一安和,鴻海,11,4,7
第一安和,聯鈞,56,49,7
第一安和,00924復華S＆P500成長,6,0,6
第一安和,華紙,6,0,6
第一安和,神達,50,44,6
第一安和,00687B國泰20年美債,5,0,5
第一安和,00671R富邦NASDAQ反1,5,0,5
第一安和,00669R國泰美國道瓊反1,5,0,5
第一安和,00648R元大S＆P500反1,5,0,5
第一安和,耿鼎,5,0,5
第一安和,2881A富邦特,5,0,5
第一安和,采鈺,5,0,5
第一安和,安國,5,0,5
第一安和,山林水,5,0,5
第一安和,潤泰新,5,0,5
第一安和,006208富邦台50,7,2,5
第一安和,元大高股息,10,6,4
第一安和,英業達,4,0,4
第一安和,00752中信中國50,4,0,4
第一安和,大同,4,0,4
第一安和,北基,0,200,-200
第一安和,00915凱基優選高股息30,3,142,-139
第一安和,國泰金,1,53,-52
第一安和,廣宇,0,50,-50
第一安和,中租-KY,16,55,-39
第一安和,宏達電,31,64,-33
第一安和,御嵿,0,21,-21
第一安和,友達,0,20,-20
第一安和,正崴,0,20,-20
第一安和,力成,0,20,-20
第一安和,鴻準,0,18,-18
第一安和,建暐,0,17,-17
第一安和,華航,2,18,-16
第一安和,磐亞,0,15,-15
第一安和,宏��,6,20,-14
第一安和,台灣虎航,2,15,-13
第一安和,臺企銀,5,17,-12
第一安和,新日興,0,11,-11
第一安和,00631L元大台灣50正2,0,11,-11
第一安和,00673R期元大S＆P原油反1,0,10,-10
第一安和,濱川,0,10,-10
第一安和,三商電,0,10,-10
第一安和,國統,0,10,-10
第一安和,仁寶,0,10,-10
第一安和,華邦電,3,13,-10
第一安和,詮欣,0,9,-9
第一安和,亞翔,2,10,-8
第一安和,台積電,2,9,-7
第一安和,日月光投控,0,7,-7
第一安和,國光生,0,7,-7
第一安和,富邦金,0,6,-6
第一安和,00635U期元大S＆P黃金,0,6,-6
第一安和,旭軟,0,6,-6
第一安和,均豪,0,6,-6
第一安和,GIS-KY,0,6,-6
第一安和,91APP*-KY,0,6,-6
第一安和,陽明,0,6,-6
第一安和,亞光,11,16,-5
第一安和,00753L中信中國50正2,0,5,-5
第一安和,友訊,1,6,-5
第一安和,映泰,0,5,-5
第一安和,鼎元,0,5,-5
第一安和,三商,0,5,-5
第一安和,大量,3,8,-5
第一安和,亞帝歐,2,7,-5
第一安和,乙盛-KY,1,6,-5
第一安和,00929復華台灣科技優息,2,7,-5
第一安和,南亞,0,4,-4
第一安和,億泰,1,5,-4
第一安和,華經,4,8,-4
富邦斗六,00950B凱基A級公司債,100,3,97
富邦斗六,富采,92,0,92
富邦斗六,00919群益台灣精選高息,59,1,58
富邦斗六,00953B群益優選非投等債,86,30,56
富邦斗六,聯電,54,10,44
富邦斗六,00960野村全球航運龍頭,41,0,41
富邦斗六,元大高股息,32,6,26
富邦斗六,00937B群益ESG投等債20,21,0,21
富邦斗六,00680L元大美債20正2,20,0,20
富邦斗六,高端疫苗,20,1,19
富邦斗六,中租-KY,19,0,19
富邦斗六,宏��,17,0,17
富邦斗六,海華,16,0,16
富邦斗六,大成鋼,15,0,15
富邦斗六,緯創,21,7,14
富邦斗六,中鴻,14,1,13
富邦斗六,00918大華優利高填息30,16,5,11
富邦斗六,環宇-KY,72,61,11
富邦斗六,英業達,14,3,11
富邦斗六,力積電,23,13,10
富邦斗六,00662富邦NASDAQ,10,0,10
富邦斗六,00917中信特選金融,10,0,10
富邦斗六,上海商銀,10,0,10
富邦斗六,00878國泰永續高股息,22,13,9
富邦斗六,台新金,9,0,9
富邦斗六,大銀微系統,18,9,9
富邦斗六,00830國泰費城半導體,8,0,8
富邦斗六,富喬,10,3,7
富邦斗六,00943兆豐電子高息等權,10,3,7
富邦斗六,雷虎,10,3,7
富邦斗六,兆豐金,6,0,6
富邦斗六,陽明,7,1,6
富邦斗六,00632R元大台灣50反1,19,13,6
富邦斗六,00912中信臺灣智慧50,5,0,5
富邦斗六,00706L期元大S＆P日圓正2,15,10,5
富邦斗六,00679B元大美債20年,6,1,5
富邦斗六,華新,5,0,5
富邦斗六,建漢,5,0,5
富邦斗六,英濟,11,6,5
富邦斗六,彩晶,6,1,5
富邦斗六,乙盛-KY,5,0,5
富邦斗六,華星光,24,20,4
富邦斗六,鴻海,11,7,4
富邦斗六,00637L元大滬深300正2,6,2,4
富邦斗六,鴻華先進-創,4,0,4
富邦斗六,波若威,9,5,4
富邦斗六,健喬,4,0,4
富邦斗六,光鋐,5,1,4
富邦斗六,台燿,4,0,4
富邦斗六,興能高,39,35,4
富邦斗六,00688L國泰20年美債正2,31,100,-69
富邦斗六,00930永豐ESG低碳高息,0,60,-60
富邦斗六,00693U期街口S＆P黃豆,0,58,-58
富邦斗六,台聚,0,46,-46
富邦斗六,華航,0,37,-37
富邦斗六,00980B台新特選IG債10+,0,37,-37
富邦斗六,宏達電,33,65,-32
富邦斗六,00929復華台灣科技優息,1,25,-24
富邦斗六,神達,64,83,-19
富邦斗六,凱基金,1,19,-18
富邦斗六,玉山金,0,18,-18
富邦斗六,新光金,10,28,-18
富邦斗六,偉訓,0,18,-18
富邦斗六,迅得,7,25,-18
富邦斗六,亞航,10,27,-17
富邦斗六,漢平,0,15,-15
富邦斗六,眾達-KY,5,19,-14
富邦斗六,00922國泰台灣領袖50,0,14,-14
富邦斗六,僑威,30,43,-13
富邦斗六,鈺齊-KY,6,17,-11
富邦斗六,00887永豐中國科技50大,0,10,-10
富邦斗六,和大,0,10,-10
富邦斗六,華榮,0,10,-10
富邦斗六,艾笛森,0,10,-10
富邦斗六,00642U期元大S＆P石油,0,8,-8
富邦斗六,00958B永豐ESG銀行債15,0,8,-8
富邦斗六,國泰金,2,9,-7
富邦斗六,中鋼,3,10,-7
富邦斗六,欣銓,1,8,-7
富邦斗六,宏致,3,10,-7
富邦斗六,晟田,1,8,-7
富邦斗六,00852L國泰美國道瓊正2,0,6,-6
富邦斗六,大亞,0,6,-6
富邦斗六,雲豹能源,0,6,-6
富邦斗六,澤米,0,6,-6
富邦斗六,立隆電,7,13,-6
富邦斗六,00673R期元大S＆P原油反1,25,30,-5
富邦斗六,00949復華日本龍頭,0,5,-5
富邦斗六,長榮,1,6,-5
富邦斗六,漢翔,0,5,-5
富邦斗六,普誠,0,5,-5
富邦斗六,山林水,0,5,-5
富邦斗六,邦泰,0,5,-5
富邦斗六,廣達,1,6,-5
富邦斗六,富邦金,0,4,-4
富邦斗六,順達,13,17,-4
富邦斗六,統一,0,4,-4
富邦斗六,藍天,0,4,-4
富邦斗六,能率,0,4,-4
富邦斗六,飛捷,0,4,-4
美好市政,寶雅,1,0,1
美好市政,亞光,0,0,0
美好市政,00631L元大台灣50正2,0,0,0
美好市政,緯穎,0,0,0
美好市政,00675L富邦臺灣加權正2,0,2,-2
美好市政,00662富邦NASDAQ,0,2,-2
美好市政,聯光通,0,1,-1
 元富城中,神達,3524,196,3328
 元富城中,00637L元大滬深300正2,1590,60,1530
 元富城中,寶成,1200,0,1200
 元富城中,00665L富邦�琤肭磪囓�2,270,0,270
 元富城中,長榮航,122,8,114
 元富城中,泰金寶-DR,225,130,95
 元富城中,00632R元大台灣50反1,95,0,95
 元富城中,台灣高鐵,41,0,41
 元富城中,中華電,41,1,40
 元富城中,元大高股息,36,0,36
 元富城中,00968B元大優息投等債,31,0,31
 元富城中,金寶,47,20,27
 元富城中,聯電,53,26,27
 元富城中,欣興,24,2,22
 元富城中,00712復華富時不動產,21,0,21
 元富城中,上詮,20,0,20
 元富城中,邁達特,20,0,20
 元富城中,雷虎,24,4,20
 元富城中,京元電子,16,0,16
 元富城中,廣宇,13,0,13
 元富城中,擎亞,35,22,13
 元富城中,勤美,12,0,12
 元富城中,中鋼,12,0,12
 元富城中,00680L元大美債20正2,11,0,11
 元富城中,力成,10,0,10
 元富城中,00737國泰AI+Robo,10,0,10
 元富城中,和大,10,0,10
 元富城中,永冠-KY,20,10,10
 元富城中,五鼎,10,0,10
 元富城中,輔信,10,0,10
 元富城中,友達,10,0,10
 元富城中,日電貿,10,0,10
 元富城中,聯合再生,10,0,10
 元富城中,宏致,21,11,10
 元富城中,創威,11,1,10
 元富城中,大亞,10,1,9
 元富城中,建漢,9,0,9
 元富城中,00757統一FANG+,12,3,9
 元富城中,技嘉,8,0,8
 元富城中,興能高,83,75,8
 元富城中,神準,8,0,8
 元富城中,大銀微系統,8,1,7
 元富城中,玉晶光,7,0,7
 元富城中,富喬,25,18,7
 元富城中,浪凡,9,2,7
 元富城中,光聖,7,0,7
 元富城中,汎銓,7,0,7
 元富城中,台積電,30,23,7
 元富城中,科妍,10,4,6
 元富城中,南亞科,6,0,6
 元富城中,00980B台新特選IG債10+,1,630,-629
 元富城中,欣銓,22,444,-422
 元富城中,國泰金,10,230,-220
 元富城中,00971野村美國研發龍頭,0,150,-150
 元富城中,南亞,1,105,-104
 元富城中,華南金,0,101,-101
 元富城中,00882中信中國高股息,1,90,-89
 元富城中,聯上發,1,87,-86
 元富城中,00753L中信中國50正2,0,70,-70
 元富城中,台揚,2,65,-63
 元富城中,太普高,12,73,-61
 元富城中,00891中信關鍵半導體,1,33,-32
 元富城中,達邁,7,39,-32
 元富城中,元大台灣50,2,33,-31
 元富城中,環宇-KY,23,54,-31
 元富城中,岱宇,0,30,-30
 元富城中,連展投控,2,32,-30
 元富城中,宜特,0,30,-30
 元富城中,00905FT臺灣Smart,0,29,-29
 元富城中,詮欣,0,27,-27
 元富城中,乙盛-KY,0,26,-26
 元富城中,00895富邦未來車,0,25,-25
 元富城中,富采,0,21,-21
 元富城中,華邦電,0,20,-20
 元富城中,00887永豐中國科技50大,0,20,-20
 元富城中,耿鼎,0,20,-20
 元富城中,星宇航空,10,30,-20
 元富城中,海華,1,19,-18
 元富城中,康舒,0,17,-17
 元富城中,00929復華台灣科技優息,1,17,-16
 元富城中,順達,19,34,-15
 元富城中,00948B中信優息投資級債,0,15,-15
 元富城中,新興,0,14,-14
 元富城中,台微醫,0,14,-14
 元富城中,智邦,0,14,-14
 元富城中,緯創,22,36,-14
 元富城中,王品,0,13,-13
 元富城中,雅茗-KY,0,12,-12
 元富城中,榮剛,0,12,-12
 元富城中,力積電,4,16,-12
 元富城中,中信金,1,13,-12
 元富城中,00923群益台ESG低碳50,5,16,-11
 元富城中,全新,1,12,-11
 元富城中,波若威,14,25,-11
 元富城中,國際中橡,0,10,-10
 元富城中,凌群,0,10,-10
 元富城中,九豪,0,10,-10
 元富城中,至上,0,10,-10
 元富城中,00935野村臺灣新科技50,0,10,-10
 元富城中,凱基金,53,62,-9
富邦台南,00937B群益ESG投等債20,284,0,284
富邦台南,聯電,209,13,196
富邦台南,可成,145,1,144
富邦台南,00687B國泰20年美債,99,3,96
富邦台南,元大高股息,127,41,86
富邦台南,00919群益台灣精選高息,134,50,84
富邦台南,台新金,85,9,76
富邦台南,00882中信中國高股息,68,5,63
富邦台南,00953B群益優選非投等債,51,1,50
富邦台南,00637L元大滬深300正2,59,14,45
富邦台南,IET-KY,85,42,43
富邦台南,00945B凱基美國非投等債,40,0,40
富邦台南,大成鋼,51,12,39
富邦台南,00665L富邦�琤肭磪囓�2,43,5,38
富邦台南,00751B元大AAA至A公司債,29,0,29
富邦台南,岱稜,27,1,26
富邦台南,00673R期元大S＆P原油反1,33,8,25
富邦台南,00918大華優利高填息30,35,11,24
富邦台南,擎亞,40,16,24
富邦台南,宏達電,151,128,23
富邦台南,欣興,25,3,22
富邦台南,創惟,87,66,21
富邦台南,南茂,23,2,21
富邦台南,亞光,32,12,20
富邦台南,潤泰新,20,0,20
富邦台南,上詮,20,0,20
富邦台南,緯創,71,51,20
富邦台南,湧德,20,3,17
富邦台南,全新,22,6,16
富邦台南,00650L復華香港正2,19,4,15
富邦台南,和椿,57,42,15
富邦台南,遠傳,14,0,14
富邦台南,立��,18,4,14
富邦台南,中鋼,30,17,13
富邦台南,陽明,27,14,13
富邦台南,廣達,25,12,13
富邦台南,00713元大台灣高息低波,27,15,12
富邦台南,00830國泰費城半導體,15,4,11
富邦台南,00753L中信中國50正2,15,4,11
富邦台南,大眾控,12,1,11
富邦台南,汎銓,16,5,11
富邦台南,大亞,15,4,11
富邦台南,00679B元大美債20年,13,2,11
富邦台南,00878國泰永續高股息,56,46,10
富邦台南,云辰,33,23,10
富邦台南,00632R元大台灣50反1,11,1,10
富邦台南,鈺創,10,0,10
富邦台南,00655L國泰中國A50正2,10,0,10
富邦台南,安普新,10,0,10
富邦台南,立敦,45,35,10
富邦台南,彰銀,0,301,-301
富邦台南,00929復華台灣科技優息,7,265,-258
富邦台南,00940元大台灣價值高息,4,135,-131
富邦台南,力積電,73,176,-103
富邦台南,00960野村全球航運龍頭,3,105,-102
富邦台南,臺企銀,8,66,-58
富邦台南,華南金,1,55,-54
富邦台南,中石化,0,51,-51
富邦台南,連展投控,204,254,-50
富邦台南,00669R國泰美國道瓊反1,0,50,-50
富邦台南,00951台新日本半導體,0,50,-50
富邦台南,泰金寶-DR,40,87,-47
富邦台南,亞翔,2,40,-38
富邦台南,00931B統一美債20年,0,38,-38
富邦台南,聯穎,0,37,-37
富邦台南,長榮航,14,50,-36
富邦台南,波若威,118,151,-33
富邦台南,00944野村趨勢動能高息,0,33,-33
富邦台南,凌巨,3,35,-32
富邦台南,欣銓,105,137,-32
富邦台南,聯光通,38,69,-31
富邦台南,00676R富邦臺灣加權反1,0,29,-29
富邦台南,00946群益科技高息成長,0,29,-29
富邦台南,台塑,8,34,-26
富邦台南,彬台,1,27,-26
富邦台南,矽格,0,24,-24
富邦台南,雙鴻,1,24,-23
富邦台南,宏致,22,45,-23
富邦台南,富邦金,6,28,-22
富邦台南,新光金,15,37,-22
富邦台南,漢翔,0,22,-22
富邦台南,加百裕,39,61,-22
富邦台南,大同,5,27,-22
富邦台南,00965元大航太防衛科技,1,23,-22
富邦台南,燦星旅,0,22,-22
富邦台南,00948B中信優息投資級債,0,21,-21
富邦台南,神達,100,120,-20
富邦台南,零壹,1,21,-20
富邦台南,00950B凱基A級公司債,0,20,-20
富邦台南,千興,0,20,-20
富邦台南,興能高,156,176,-20
富邦台南,元大台灣50,8,27,-19
富邦台南,雷虎,5,24,-19
富邦台南,台積電,12,30,-18
富邦台南,廣宇,1,19,-18
富邦台南,凱基金,5,22,-17
富邦台南,富喬,13,30,-17
富邦台南,誠美材,1,17,-16
富邦台南,東洋,3,18,-15
富邦台南,炎洲,0,15,-15
富邦彰化,聯電,117,15,102
富邦彰化,中租-KY,85,2,83
富邦彰化,華邦電,76,0,76
富邦彰化,斐成,70,0,70
富邦彰化,友達,85,16,69
富邦彰化,臺企銀,61,3,58
富邦彰化,00937B群益ESG投等債20,56,8,48
富邦彰化,00673R期元大S＆P原油反1,42,0,42
富邦彰化,晟銘電,43,6,37
富邦彰化,00932兆豐永續高息等權,30,0,30
富邦彰化,00878國泰永續高股息,32,4,28
富邦彰化,百和,29,1,28
富邦彰化,00680L元大美債20正2,26,0,26
富邦彰化,中興電,22,1,21
富邦彰化,晟德,22,1,21
富邦彰化,台聚,20,0,20
富邦彰化,00671R富邦NASDAQ反1,20,0,20
富邦彰化,00715L期街口布蘭特正2,20,0,20
富邦彰化,00637L元大滬深300正2,21,2,19
富邦彰化,00858永豐美國500大,17,0,17
富邦彰化,普安,20,3,17
富邦彰化,精元,15,0,15
富邦彰化,冠西電,17,2,15
富邦彰化,金寶,33,19,14
富邦彰化,00632R元大台灣50反1,14,0,14
富邦彰化,台積電,19,5,14
富邦彰化,00960野村全球航運龍頭,11,0,11
富邦彰化,上曜,20,10,10
富邦彰化,佰鴻,10,0,10
富邦彰化,00633L富邦上証正2,40,30,10
富邦彰化,00935野村臺灣新科技50,10,0,10
富邦彰化,譜瑞-KY,10,0,10
富邦彰化,耀登,10,0,10
富邦彰化,新光金,15,6,9
富邦彰化,福懋油,10,1,9
富邦彰化,高林,9,0,9
富邦彰化,00919群益台灣精選高息,13,4,9
富邦彰化,遠東銀,10,1,9
富邦彰化,大成鋼,8,0,8
富邦彰化,元大高股息,18,10,8
富邦彰化,欣興,8,0,8
富邦彰化,英業達,17,11,6
富邦彰化,長華*,6,0,6
富邦彰化,厚生,5,0,5
富邦彰化,廣穎,5,0,5
富邦彰化,康和證,5,0,5
富邦彰化,亞聚,5,0,5
富邦彰化,擎亞,15,10,5
富邦彰化,太設,5,0,5
富邦彰化,波若威,33,28,5
富邦彰化,華航,10,252,-242
富邦彰化,威盛,0,212,-212
富邦彰化,00885富邦越南,0,107,-107
富邦彰化,台塑,2,98,-96
富邦彰化,00929復華台灣科技優息,1,87,-86
富邦彰化,群創,7,74,-67
富邦彰化,奇鋐,0,51,-51
富邦彰化,三商壽,26,73,-47
富邦彰化,宏達電,45,86,-41
富邦彰化,建暐,0,33,-33
富邦彰化,加捷生醫,0,32,-32
富邦彰化,松瑞藥,14,43,-29
富邦彰化,00712復華富時不動產,4,33,-29
富邦彰化,00980B台新特選IG債10+,0,25,-25
富邦彰化,大亞,0,24,-24
富邦彰化,00795B中信美國公債20年,0,20,-20
富邦彰化,華南金,0,20,-20
富邦彰化,濟生,0,17,-17
富邦彰化,日月光投控,1,18,-17
富邦彰化,00970B新光BBB投等債20,0,15,-15
富邦彰化,陽程,0,15,-15
富邦彰化,欣銓,4,18,-14
富邦彰化,凱基金,0,14,-14
富邦彰化,00951台新日本半導體,0,13,-13
富邦彰化,00692富邦公司治理,0,12,-12
富邦彰化,恆大,0,12,-12
富邦彰化,世紀,0,12,-12
富邦彰化,長榮航,4,15,-11
富邦彰化,華容,10,21,-11
富邦彰化,00891中信關鍵半導體,1,11,-10
富邦彰化,00922國泰台灣領袖50,1,11,-10
富邦彰化,誠美材,2,10,-8
富邦彰化,台特化,0,8,-8
富邦彰化,00911兆豐洲際半導體,0,8,-8
富邦彰化,鴻準,4,12,-8
富邦彰化,鈊象,0,8,-8
富邦彰化,00688L國泰20年美債正2,20,28,-8
富邦彰化,台灣虎航,0,7,-7
富邦彰化,00882中信中國高股息,3,10,-7
富邦彰化,正達,0,7,-7
富邦彰化,中鴻,0,7,-7
富邦彰化,德晉,5,12,-7
富邦彰化,台中銀,2,9,-7
富邦彰化,台達電,0,7,-7
富邦彰化,元大台灣50,0,6,-6
富邦彰化,00946群益科技高息成長,0,6,-6
富邦彰化,00893國泰智能電動車,0,6,-6
富邦彰化,榮剛,0,6,-6
富邦彰化,宏泰,3,9,-6
富邦彰化,華興,0,6,-6
 元大南京,台新金,300,0,300
 元大南京,群創,227,10,217
 元大南京,全新,147,0,147
 元大南京,聯電,185,41,144
 元大南京,中鴻,138,1,137
 元大南京,元大台灣50,194,67,127
 元大南京,大成鋼,76,2,74
 元大南京,泰鼎-KY,63,0,63
 元大南京,00637L元大滬深300正2,103,42,61
 元大南京,00725B國泰投資級公司債,50,0,50
 元大南京,00919群益台灣精選高息,44,4,40
 元大南京,緯創,48,16,32
 元大南京,00927群益半導體收益,32,0,32
 元大南京,00679B元大美債20年,31,0,31
 元大南京,台塑,35,4,31
 元大南京,富邦金,47,17,30
 元大南京,00632R元大台灣50反1,30,2,28
 元大南京,00968B元大優息投等債,28,0,28
 元大南京,富喬,44,19,25
 元大南京,環宇-KY,55,31,24
 元大南京,加百裕,72,49,23
 元大南京,中石化,21,0,21
 元大南京,昇陽半導體,21,0,21
 元大南京,00712復華富時不動產,20,0,20
 元大南京,00891中信關鍵半導體,20,1,19
 元大南京,耀勝,20,1,19
 元大南京,鈺邦,18,1,17
 元大南京,00878國泰永續高股息,28,11,17
 元大南京,華星光,59,43,16
 元大南京,陽明,15,1,14
 元大南京,立隆電,35,23,12
 元大南京,00751B元大AAA至A公司債,12,1,11
 元大南京,力成,11,0,11
 元大南京,西勝,11,0,11
 元大南京,元大高股息,18,8,10
 元大南京,南亞,10,0,10
 元大南京,00938凱基優選30,10,0,10
 元大南京,彩晶,10,0,10
 元大南京,弘凱,50,40,10
 元大南京,00918大華優利高填息30,10,0,10
 元大南京,迅得,15,6,9
 元大南京,波若威,21,12,9
 元大南京,緯穎,11,2,9
 元大南京,台揚,11,3,8
 元大南京,臺企銀,8,0,8
 元大南京,統一超,8,0,8
 元大南京,台虹,10,2,8
 元大南京,華新,23,15,8
 元大南京,精材,14,6,8
 元大南京,亞光,37,29,8
 元大南京,00937B群益ESG投等債20,27,501,-474
 元大南京,00965元大航太防衛科技,0,400,-400
 元大南京,00633L富邦上証正2,10,205,-195
 元大南京,神達,220,352,-132
 元大南京,00930永豐ESG低碳高息,2,100,-98
 元大南京,大同,5,78,-73
 元大南京,千興,0,72,-72
 元大南京,國泰金,2,59,-57
 元大南京,矽格,0,55,-55
 元大南京,友達,0,54,-54
 元大南京,台積電,21,74,-53
 元大南京,長榮航,3,53,-50
 元大南京,00945B凱基美國非投等債,0,50,-50
 元大南京,華航,1,43,-42
 元大南京,正基,2,42,-40
 元大南京,新盛力,67,107,-40
 元大南京,惠特,2,41,-39
 元大南京,00951台新日本半導體,0,32,-32
 元大南京,宏遠,0,30,-30
 元大南京,亞翔,14,44,-30
 元大南京,00738U期元大道瓊白銀,0,25,-25
 元大南京,欣銓,4,29,-25
 元大南京,長榮,22,47,-25
 元大南京,00715L期街口布蘭特正2,0,24,-24
 元大南京,晶技,0,23,-23
 元大南京,宏致,19,42,-23
 元大南京,00954中信日本半導體,0,22,-22
 元大南京,中磊,2,23,-21
 元大南京,凱基金,2,23,-21
 元大南京,一詮,2,21,-19
 元大南京,合騏,0,19,-19
 元大南京,華南金,7,26,-19
 元大南京,友訊,2,20,-18
 元大南京,易發,0,18,-18
 元大南京,達興材料,14,31,-17
 元大南京,宏達電,66,84,-18
 元大南京,00929復華台灣科技優息,2,19,-17
 元大南京,彰銀,0,16,-16
 元大南京,00661元大日經225,0,16,-16
 元大南京,00650L復華香港正2,0,15,-15
 元大南京,中鋼,8,23,-15
 元大南京,泓德能源,3,17,-14
 元大南京,台達電,1,15,-14
 元大南京,僑威,8,21,-13
 元大南京,00887永豐中國科技50大,0,13,-13
 元大南京,力積電,32,45,-13
 元大南京,聯合再生,0,12,-12
 元大南京,中信金,2,13,-11
 元大南京,日月光投控,6,17,-11
 元大南京,燿華,0,11,-11
台銀台中,元大高股息,240,4,236
台銀台中,聯電,275,50,225
台銀台中,00637L元大滬深300正2,307,95,212
台銀台中,台塑,88,14,74
台銀台中,第一金,61,1,60
台銀台中,00937B群益ESG投等債20,54,12,42
台銀台中,00953B群益優選非投等債,38,0,38
台銀台中,東洋,33,0,33
台銀台中,00918大華優利高填息30,37,7,30
台銀台中,00921兆豐龍頭等權重,30,0,30
台銀台中,華航,65,36,29
台銀台中,兆豐金,28,0,28
台銀台中,國統,34,6,28
台銀台中,立隆電,85,58,27
台銀台中,00679B元大美債20年,43,16,27
台銀台中,00882中信中國高股息,40,13,27
台銀台中,廣達,33,7,26
台銀台中,新興,25,0,25
台銀台中,南亞,41,17,24
台銀台中,00980B台新特選IG債10+,23,0,23
台銀台中,立敦,27,4,23
台銀台中,00757統一FANG+,39,17,22
台銀台中,聯強,20,0,20
台銀台中,00938凱基優選30,20,0,20
台銀台中,00688L國泰20年美債正2,20,0,20
台銀台中,富華新,22,2,20
台銀台中,00858永豐美國500大,20,1,19
台銀台中,聯鈞,99,81,18
台銀台中,00971野村美國研發龍頭,17,0,17
台銀台中,技嘉,20,3,17
台銀台中,00632R元大台灣50反1,18,2,16
台銀台中,台郡,15,0,15
台銀台中,00687B國泰20年美債,27,12,15
台銀台中,泰金寶-DR,89,75,14
台銀台中,00633L富邦上証正2,14,0,14
台銀台中,昇陽半導體,20,6,14
台銀台中,百和興業-KY,16,2,14
台銀台中,三商壽,34,21,13
台銀台中,華邦電,15,2,13
台銀台中,佳能,18,5,13
台銀台中,晟德,14,1,13
台銀台中,00910第一金太空衛星,26,13,13
台銀台中,00915凱基優選高股息30,15,3,12
台銀台中,宏��,14,2,12
台銀台中,聯光通,44,32,12
台銀台中,南電,12,0,12
台銀台中,00713元大台灣高息低波,12,0,12
台銀台中,良維,13,2,11
台銀台中,健亞,12,1,11
台銀台中,00955中信日本商社,11,0,11
台銀台中,00650L復華香港正2,0,120,-120
台銀台中,00929復華台灣科技優息,8,107,-99
台銀台中,台灣虎航,3,99,-96
台銀台中,群創,16,111,-95
台銀台中,友達,1,91,-90
台銀台中,神達,190,274,-84
台銀台中,欣銓,12,94,-82
台銀台中,凱基金,10,92,-82
台銀台中,英濟,21,96,-75
台銀台中,00830國泰費城半導體,7,79,-72
台銀台中,00940元大台灣價值高息,5,74,-69
台銀台中,006208富邦台50,15,71,-56
台銀台中,00946群益科技高息成長,0,52,-52
台銀台中,力積電,77,127,-50
台銀台中,華星光,88,135,-47
台銀台中,台積電,11,56,-45
台銀台中,新光金,8,52,-44
台銀台中,華南金,1,44,-43
台銀台中,長榮航,13,55,-42
台銀台中,仁寶,1,42,-41
台銀台中,00892富邦台灣半導體,2,35,-33
台銀台中,00887永豐中國科技50大,0,32,-32
台銀台中,為升,0,31,-31
台銀台中,新漢,4,34,-30
台銀台中,00712復華富時不動產,10,40,-30
台銀台中,鈺齊-KY,2,31,-29
台銀台中,亞翔,8,36,-28
台銀台中,大同,10,36,-26
台銀台中,00715L期街口布蘭特正2,0,26,-26
台銀台中,日月光投控,17,43,-26
台銀台中,盛餘,0,25,-25
台銀台中,遠東新,0,22,-22
台銀台中,友勁,0,22,-22
台銀台中,鴻海,16,37,-21
台銀台中,00881國泰台灣5G+,34,54,-20
台銀台中,錸德,0,20,-20
台銀台中,00720B元大投資級公司債,1,20,-19
台銀台中,00923群益台ESG低碳50,0,19,-19
台銀台中,英業達,17,36,-19
台銀台中,朋億*,5,24,-19
台銀台中,宏致,9,27,-18
台銀台中,玉山金,1,19,-18
台銀台中,順達,8,25,-17
台銀台中,邁達特,30,47,-17
台銀台中,富邦金,1,18,-17
台銀台中,長榮,2,18,-16
台銀台中,光環,1,17,-16
台銀台中,00665L富邦�琤肭磪囓�2,19,35,-16
台銀台中,台達電,1,17,-16
台銀台中,00933B國泰10Y+金融債,20,35,-15
國票天祥,精成科,202,10,192
國票天祥,聯電,85,9,76
國票天祥,00953B群益優選非投等債,72,0,72
國票天祥,00680L元大美債20正2,66,0,66
國票天祥,協易機,57,0,57
國票天祥,00948B中信優息投資級債,30,0,30
國票天祥,00676R富邦臺灣加權反1,20,0,20
國票天祥,00753L中信中國50正2,20,0,20
國票天祥,磐儀,19,0,19
國票天祥,霖宏,18,0,18
國票天祥,振樺電,14,0,14
國票天祥,弘凱,13,0,13
國票天祥,聯合再生,12,0,12
國票天祥,00923群益台ESG低碳50,12,0,12
國票天祥,泰金寶-DR,37,25,12
國票天祥,緯創,19,9,10
國票天祥,金寶,13,3,10
國票天祥,中華化,10,0,10
國票天祥,擎亞,14,4,10
國票天祥,所羅門,9,0,9
國票天祥,綠界科技*,12,3,9
國票天祥,百和興業-KY,10,1,9
國票天祥,星宇航空,10,1,9
國票天祥,精材,10,2,8
國票天祥,00858永豐美國500大,7,0,7
國票天祥,欣興,6,0,6
國票天祥,元太,6,0,6
國票天祥,彬台,5,0,5
國票天祥,00887永豐中國科技50大,5,0,5
國票天祥,三商壽,5,0,5
國票天祥,00632R元大台灣50反1,5,0,5
國票天祥,科妍,5,0,5
國票天祥,彰源,5,0,5
國票天祥,映泰,5,0,5
國票天祥,高雄銀,5,0,5
國票天祥,立敦,9,4,5
國票天祥,澤米,5,0,5
國票天祥,長華*,5,0,5
國票天祥,亞翔,8,3,5
國票天祥,00894中信小資高價30,5,0,5
國票天祥,耿鼎,5,1,4
國票天祥,兆豐金,4,0,4
國票天祥,00687B國泰20年美債,5,1,4
國票天祥,00686R群益臺灣加權反1,4,0,4
國票天祥,00637L元大滬深300正2,4,0,4
國票天祥,華新,5,1,4
國票天祥,大成鋼,7,3,4
國票天祥,眾達-KY,9,5,4
國票天祥,中光電,4,0,4
國票天祥,昇陽半導體,4,0,4
國票天祥,宏捷科,0,120,-120
國票天祥,波若威,18,118,-100
國票天祥,智邦,1,78,-77
國票天祥,力積電,17,67,-50
國票天祥,AES-KY,6,45,-39
國票天祥,日月光投控,2,22,-20
國票天祥,玉山金,1,20,-19
國票天祥,友達,2,20,-18
國票天祥,光寶科,0,17,-17
國票天祥,乙盛-KY,3,20,-17
國票天祥,神達,58,74,-16
國票天祥,台新金,0,14,-14
國票天祥,華航,1,15,-14
國票天祥,興能高,34,48,-14
國票天祥,昆盈,5,17,-12
國票天祥,宏致,1,13,-12
國票天祥,中鴻,0,11,-11
國票天祥,神基,0,11,-11
國票天祥,笙科,0,11,-11
國票天祥,廣宇,0,11,-11
國票天祥,裕隆,0,10,-10
國票天祥,宏旭-KY,0,10,-10
國票天祥,矽格,0,10,-10
國票天祥,00675L富邦臺灣加權正2,1,10,-9
國票天祥,仁寶,0,9,-9
國票天祥,大同,9,18,-9
國票天祥,環宇-KY,15,24,-9
國票天祥,00878國泰永續高股息,1,10,-9
國票天祥,00891中信關鍵半導體,0,8,-8
國票天祥,欣銓,8,16,-8
國票天祥,首利,0,7,-7
國票天祥,好德,0,7,-7
國票天祥,台積電,3,10,-7
國票天祥,國泰金,0,6,-6
國票天祥,00939統一台灣高息動能,0,6,-6
國票天祥,富邦金,0,6,-6
國票天祥,光鋐,0,6,-6
國票天祥,00954中信日本半導體,0,5,-5
國票天祥,華南金,0,5,-5
國票天祥,00933B國泰10Y+金融債,0,5,-5
國票天祥,美亞,0,5,-5
國票天祥,耀登,0,5,-5
國票天祥,太普高,0,5,-5
國票天祥,和碩,0,5,-5
國票天祥,競國,0,5,-5
國票天祥,聯光通,1,6,-5
國票天祥,00937B群益ESG投等債20,0,5,-5
國票天祥,00852L國泰美國道瓊正2,0,5,-5
國票天祥,榮剛,1,5,-4
國票天祥,006208富邦台50,2,6,-4
大昌桃園,00937B群益ESG投等債20,123,0,123
大昌桃園,聯電,59,30,29
大昌桃園,00632R元大台灣50反1,26,0,26
大昌桃園,新盛力,103,78,25
大昌桃園,00882中信中國高股息,23,0,23
大昌桃園,台揚,20,0,20
大昌桃園,00922國泰台灣領袖50,17,0,17
大昌桃園,00909國泰數位支付服務,14,0,14
大昌桃園,00910第一金太空衛星,16,2,14
大昌桃園,達邁,40,27,13
大昌桃園,台灣虎航,12,0,12
大昌桃園,欣興,21,10,11
大昌桃園,00637L元大滬深300正2,2506,2495,11
大昌桃園,00676R富邦臺灣加權反1,10,0,10
大昌桃園,群創,13,3,10
大昌桃園,興能高,88,79,9
大昌桃園,00858永豐美國500大,9,0,9
大昌桃園,00919群益台灣精選高息,15,7,8
大昌桃園,00688L國泰20年美債正2,10,2,8
大昌桃園,00725B國泰投資級公司債,8,1,7
大昌桃園,亞翔,17,10,7
大昌桃園,緯創,11,5,6
大昌桃園,元大台灣50,8,2,6
大昌桃園,恆大,7,1,6
大昌桃園,友訊,7,1,6
大昌桃園,鴻翊,6,0,6
大昌桃園,聯光通,10,4,6
大昌桃園,台化,5,1,4
大昌桃園,精材,5,1,4
大昌桃園,達運光電,7,3,4
大昌桃園,00687B國泰20年美債,4,0,4
大昌桃園,兆豐金,3,0,3
大昌桃園,00959B大華投等美債15Y+,5,2,3
大昌桃園,燦星旅,4,1,3
大昌桃園,順達,15,12,3
大昌桃園,新應材,3,0,3
大昌桃園,立敦,6,3,3
大昌桃園,正基,3,0,3
大昌桃園,立��,4,1,3
大昌桃園,00712復華富時不動產,2,0,2
大昌桃園,緯穎,7,5,2
大昌桃園,00795B中信美國公債20年,2,0,2
大昌桃園,00918大華優利高填息30,2,0,2
大昌桃園,00960野村全球航運龍頭,2,0,2
大昌桃園,台塑,13,11,2
大昌桃園,台亞,2,0,2
大昌桃園,遠東銀,2,0,2
大昌桃園,永豐金,2,0,2
大昌桃園,台灣大,2,0,2
大昌桃園,加百裕,2,0,2
大昌桃園,建準,0,182,-182
大昌桃園,光環,1,127,-126
大昌桃園,00738U期元大道瓊白銀,0,100,-100
大昌桃園,00929復華台灣科技優息,1,49,-48
大昌桃園,00852L國泰美國道瓊正2,0,36,-36
大昌桃園,力積電,27,59,-32
大昌桃園,精成科,30,60,-30
大昌桃園,大同,1,29,-28
大昌桃園,中鋼,6,31,-25
大昌桃園,泰金寶-DR,26,51,-25
大昌桃園,00640L富邦日本正2,0,22,-22
大昌桃園,欣銓,12,25,-13
大昌桃園,00680L元大美債20正2,17,30,-13
大昌桃園,三商壽,2,14,-12
大昌桃園,神達,15,27,-12
大昌桃園,宏達電,63,74,-11
大昌桃園,華航,3,14,-11
大昌桃園,00887永豐中國科技50大,0,10,-10
大昌桃園,00724B群益投資級金融債,0,10,-10
大昌桃園,矽統,0,10,-10
大昌桃園,慧洋-KY,0,10,-10
大昌桃園,振曜,0,10,-10
大昌桃園,頎邦,0,10,-10
大昌桃園,台積電,1,10,-9
大昌桃園,鴻海,3,12,-9
大昌桃園,西勝,0,9,-9
大昌桃園,全球傳動,0,9,-9
大昌桃園,國泰金,0,9,-9
大昌桃園,訊舟,0,8,-8
大昌桃園,連展投控,6,14,-8
大昌桃園,00945B凱基美國非投等債,11,18,-7
大昌桃園,宏致,3,10,-7
大昌桃園,華城,4,10,-6
大昌桃園,僑威,2,8,-6
大昌桃園,00940元大台灣價值高息,2,8,-6
大昌桃園,00953B群益優選非投等債,0,6,-6
大昌桃園,星宇航空,0,6,-6
大昌桃園,千如,0,6,-6
大昌桃園,00631L元大台灣50正2,2,7,-5
大昌桃園,00877復華中國5G,0,5,-5
大昌桃園,00857B永豐20年美公債,0,5,-5
大昌桃園,00679B元大美債20年,0,5,-5
大昌桃園,00715L期街口布蘭特正2,0,5,-5
大昌桃園,元大高股息,7,12,-5
大昌桃園,正新,0,5,-5
大昌桃園,智邦,5,10,-5
大昌桃園,友達,0,5,-5
大昌桃園,建通,0,5,-5
大昌桃園,立隆電,3,8,-5
大昌桃園,緯軟,0,5,-5
 元大六合,聯電,138,16,122
 元大六合,00632R元大台灣50反1,68,0,68
 元大六合,緯創,52,7,45
 元大六合,國泰金,62,19,43
 元大六合,ABC-KY,42,0,42
 元大六合,00882中信中國高股息,40,0,40
 元大六合,悅城,38,0,38
 元大六合,騰輝電子-KY,41,7,34
 元大六合,東台,38,5,33
 元大六合,00713元大台灣高息低波,30,0,30
 元大六合,榮運,25,0,25
 元大六合,00915凱基優選高股息30,22,0,22
 元大六合,00679B元大美債20年,27,5,22
 元大六合,京元電子,20,0,20
 元大六合,00919群益台灣精選高息,19,0,19
 元大六合,00637L元大滬深300正2,290,272,18
 元大六合,006208富邦台50,23,6,17
 元大六合,廣運,16,0,16
 元大六合,世德,16,0,16
 元大六合,鈦昇,16,0,16
 元大六合,亞光,21,6,15
 元大六合,欣興,17,2,15
 元大六合,神達,222,208,14
 元大六合,台塑,20,7,13
 元大六合,力積電,45,32,13
 元大六合,元翎,13,1,12
 元大六合,00633L富邦上証正2,17,5,12
 元大六合,加捷生醫,12,0,12
 元大六合,00937B群益ESG投等債20,17,5,12
 元大六合,連展投控,12,0,12
 元大六合,00959B大華投等美債15Y+,11,0,11
 元大六合,廣達,15,4,11
 元大六合,英業達,20,10,10
 元大六合,華航,50,40,10
 元大六合,00680L元大美債20正2,10,0,10
 元大六合,錸德,10,0,10
 元大六合,台玻,30,20,10
 元大六合,力達-KY,10,0,10
 元大六合,台船,10,0,10
 元大六合,陽明,23,13,10
 元大六合,中鋼,24,15,9
 元大六合,華新,13,4,9
 元大六合,金麗-KY,9,0,9
 元大六合,00725B國泰投資級公司債,9,0,9
 元大六合,鴻準,10,1,9
 元大六合,00753L中信中國50正2,8,0,8
 元大六合,永豐金,8,0,8
 元大六合,漢磊,7,0,7
 元大六合,00650L復華香港正2,7,0,7
 元大六合,合庫金,7,0,7
 元大六合,00953B群益優選非投等債,51,240,-189
 元大六合,00965元大航太防衛科技,2,128,-126
 元大六合,00675L富邦臺灣加權正2,5,92,-87
 元大六合,00858永豐美國500大,51,135,-84
 元大六合,新日興,3,68,-65
 元大六合,00929復華台灣科技優息,1,59,-58
 元大六合,華通,1,51,-50
 元大六合,00693U期街口S＆P黃豆,0,50,-50
 元大六合,宏達電,65,93,-28
 元大六合,興農,0,20,-20
 元大六合,凱基金,0,20,-20
 元大六合,00951台新日本半導體,5,24,-19
 元大六合,宏致,44,62,-18
 元大六合,台積電,8,26,-18
 元大六合,友威科,0,17,-17
 元大六合,雷虎,17,34,-17
 元大六合,華晶科,1,18,-17
 元大六合,長榮航,10,26,-16
 元大六合,台灣高鐵,0,16,-16
 元大六合,富邦金,1,16,-15
 元大六合,幸福,0,15,-15
 元大六合,00878國泰永續高股息,13,28,-15
 元大六合,全科,0,14,-14
 元大六合,風青,3,17,-14
 元大六合,00918大華優利高填息30,20,33,-13
 元大六合,00891中信關鍵半導體,0,13,-13
 元大六合,伊雲谷,1,14,-13
 元大六合,亞翔,2,15,-13
 元大六合,南亞,1,13,-12
 元大六合,00876元大全球5G,0,11,-11
 元大六合,敬鵬,2,13,-11
 元大六合,泰金寶-DR,18,29,-11
 元大六合,群創,3,14,-11
 元大六合,新纖,0,10,-10
 元大六合,凱美,2,12,-10
 元大六合,00941中信上游半導體,0,10,-10
 元大六合,00715L期街口布蘭特正2,0,10,-10
 元大六合,康和證,0,10,-10
 元大六合,台灣虎航,0,9,-9
 元大六合,艾姆勒,0,9,-9
 元大六合,華容,13,22,-9
 元大六合,乙盛-KY,0,9,-9
 元大六合,全訊,0,8,-8
 元大六合,訊連,0,8,-8
 元大六合,和大,5,13,-8
 元大六合,啟��,1,8,-7
 元大六合,士紙,0,7,-7
 元大六合,00887永豐中國科技50大,0,7,-7
 元大六合,和椿,5,12,-7
 元大六合,欣銓,5,11,-6
致和南京,00893國泰智能電動車,170,0,170
致和南京,千興,50,0,50
致和南京,聯電,22,5,17
致和南京,富喬,10,0,10
致和南京,富邦金,7,1,6
致和南京,兆豐金,5,0,5
致和南京,泓德能源,5,0,5
致和南京,00637L元大滬深300正2,6,2,4
致和南京,鴻海,3,0,3
致和南京,中石化,3,0,3
致和南京,堤維西,2,0,2
致和南京,00910第一金太空衛星,2,0,2
致和南京,裕民,2,0,2
致和南京,慧洋-KY,2,0,2
致和南京,欣興,3,1,2
致和南京,精材,2,0,2
致和南京,聯合再生,3,1,2
致和南京,中裕,2,0,2
致和南京,和椿,2,0,2
致和南京,京元電子,1,0,1
致和南京,元大高股息,1,0,1
致和南京,00965元大航太防衛科技,1,0,1
致和南京,技嘉,1,0,1
致和南京,佳能,1,0,1
致和南京,大同,1,0,1
致和南京,精英,1,0,1
致和南京,岱宇,1,0,1
致和南京,華立,1,0,1
致和南京,加百裕,10,9,1
致和南京,陽程,1,0,1
致和南京,晶彩科,1,0,1
致和南京,達邁,1,0,1
致和南京,海華,1,0,1
致和南京,連展投控,1,0,1
致和南京,全球傳動,1,0,1
致和南京,事欣科,1,0,1
致和南京,榮剛,1,0,1
致和南京,達興材料,1,0,1
致和南京,世界,1,0,1
致和南京,能率,1,0,1
致和南京,系微,1,0,1
致和南京,迅得,1,0,1
致和南京,創威,1,0,1
致和南京,蜜望實,1,0,1
致和南京,擎亞,1,0,1
致和南京,合騏,1,0,1
致和南京,上銀,1,1,0
致和南京,嘉聯益,1,0,1
致和南京,00919群益台灣精選高息,1,0,1
致和南京,超豐,0,0,0
致和南京,泰金寶-DR,0,66,-66
致和南京,台灣虎航,30,86,-56
致和南京,華新,0,42,-42
致和南京,欣銓,0,24,-24
致和南京,英業達,0,17,-17
致和南京,威盛,0,17,-17
致和南京,宏達電,1,17,-16
致和南京,良維,0,16,-16
致和南京,中信金,0,14,-14
致和南京,誠研,0,12,-12
致和南京,臺企銀,0,11,-11
致和南京,台達化,0,11,-11
致和南京,興勤,0,9,-9
致和南京,台新金,0,9,-9
致和南京,東鹼,0,8,-8
致和南京,矽統,0,6,-6
致和南京,鴻準,1,7,-6
致和南京,威強電,0,6,-6
致和南京,大亞,0,4,-4
致和南京,萬海,0,3,-3
致和南京,元大金,0,3,-3
致和南京,合庫金,0,3,-3
致和南京,力積電,0,3,-3
致和南京,健和興,1,3,-2
致和南京,聯發科,0,2,-2
致和南京,台揚,0,2,-2
致和南京,陽明,0,2,-2
致和南京,全新,0,2,-2
致和南京,國泰金,3,5,-2
致和南京,順達,1,3,-2
致和南京,尼克森,0,2,-2
致和南京,永崴投控,0,2,-2
致和南京,松翰,0,2,-2
致和南京,興能高,6,8,-2
致和南京,來頡,1,3,-2
致和南京,南電,0,2,-2
致和南京,長華*,0,2,-2
致和南京,菱光,0,2,-2
致和南京,智通*,0,2,-2
致和南京,日月光投控,2,3,-1
致和南京,長榮,0,1,-1
致和南京,承啟,0,1,-1
致和南京,燿華,2,3,-1
致和南京,合機,0,1,-1
致和南京,大成鋼,0,1,-1
致和南京,華榮,0,1,-1
致和南京,佳世達,0,1,-1
致和南京,台光電,0,1,-1
致和南京,藍天,0,1,-1
致和南京,凱基金,0,1,-1
 元大南屯,00953B群益優選非投等債,350,8,342
 元大南屯,00637L元大滬深300正2,214,1,213
 元大南屯,00665L富邦�琤肭磪囓�2,205,0,205
 元大南屯,00687B國泰20年美債,125,2,123
 元大南屯,00679B元大美債20年,106,6,100
 元大南屯,聯電,183,94,89
 元大南屯,00937B群益ESG投等債20,90,1,89
 元大南屯,00688L國泰20年美債正2,69,0,69
 元大南屯,00680L元大美債20正2,68,2,66
 元大南屯,00945B凱基美國非投等債,60,0,60
 元大南屯,宏達電,172,126,46
 元大南屯,00919群益台灣精選高息,83,47,36
 元大南屯,廣達,42,8,34
 元大南屯,緯軟,30,0,30
 元大南屯,緯創,32,5,27
 元大南屯,台灣高鐵,33,10,23
 元大南屯,昇達科,30,8,22
 元大南屯,00918大華優利高填息30,24,2,22
 元大南屯,京元電子,20,0,20
 元大南屯,00909國泰數位支付服務,24,4,20
 元大南屯,00895富邦未來車,18,0,18
 元大南屯,立隆電,43,25,18
 元大南屯,英業達,18,1,17
 元大南屯,華立,17,1,16
 元大南屯,宏觀,20,4,16
 元大南屯,百和興業-KY,16,0,16
 元大南屯,鴻海,51,35,16
 元大南屯,華星光,90,76,14
 元大南屯,00924復華S＆P500成長,15,1,14
 元大南屯,00692富邦公司治理,14,0,14
 元大南屯,三商壽,13,0,13
 元大南屯,亞光,19,7,12
 元大南屯,00882中信中國高股息,12,1,11
 元大南屯,00878國泰永續高股息,20,9,11
 元大南屯,志強-KY,10,0,10
 元大南屯,00932兆豐永續高息等權,20,10,10
 元大南屯,00915凱基優選高股息30,15,6,9
 元大南屯,聯發科,12,3,9
 元大南屯,00715L期街口布蘭特正2,10,1,9
 元大南屯,006208富邦台50,21,13,8
 元大南屯,浩鼎,8,0,8
 元大南屯,磐儀,8,0,8
 元大南屯,泰金寶-DR,191,183,8
 元大南屯,智通*,8,0,8
 元大南屯,00858永豐美國500大,28,21,7
 元大南屯,台塑,17,10,7
 元大南屯,新應材,7,0,7
 元大南屯,環宇-KY,44,37,7
 元大南屯,奈米醫材,10,3,7
 元大南屯,大銀微系統,11,4,7
 元大南屯,00965元大航太防衛科技,9,210,-201
 元大南屯,神達,156,289,-133
 元大南屯,00922國泰台灣領袖50,7,117,-110
 元大南屯,兆赫,0,100,-100
 元大南屯,00891中信關鍵半導體,1,100,-99
 元大南屯,00923群益台ESG低碳50,1,94,-93
 元大南屯,00929復華台灣科技優息,1,56,-55
 元大南屯,00902中信電池及儲能,0,40,-40
 元大南屯,華航,0,35,-35
 元大南屯,00927群益半導體收益,0,32,-32
 元大南屯,力積電,153,181,-28
 元大南屯,富邦金,3,30,-27
 元大南屯,華南金,0,26,-26
 元大南屯,元大台灣50,3,28,-25
 元大南屯,00926凱基全球菁英55,0,22,-22
 元大南屯,穎漢,1,22,-21
 元大南屯,宏致,7,28,-21
 元大南屯,00905FT臺灣Smart,5,25,-20
 元大南屯,達邁,86,105,-19
 元大南屯,順達,18,37,-19
 元大南屯,00713元大台灣高息低波,3,21,-18
 元大南屯,友達,0,18,-18
 元大南屯,興能高,140,156,-16
 元大南屯,台聚,0,15,-15
 元大南屯,達運,0,15,-15
 元大南屯,00673R期元大S＆P原油反1,0,15,-15
 元大南屯,鴻名,9,23,-14
 元大南屯,鴻準,4,17,-13
 元大南屯,00934中信成長高股息,1,14,-13
 元大南屯,台化,18,30,-12
 元大南屯,美吉吉-KY,0,12,-12
 元大南屯,長榮航,0,12,-12
 元大南屯,奇鋐,4,16,-12
 元大南屯,新光金,5,16,-11
 元大南屯,00881國泰台灣5G+,13,23,-10
 元大南屯,友訊,3,13,-10
 元大南屯,亞航,0,10,-10
 元大南屯,新纖,0,10,-10
 元大南屯,凱基金,5,15,-10
 元大南屯,興富發,0,10,-10
 元大南屯,匯鑽科,0,10,-10
 元大南屯,宏遠證,0,10,-10
 元大南屯,日月光投控,4,14,-10
 元大南屯,第一金,0,9,-9
 元大南屯,所羅門,1,10,-9
 元大南屯,冠軍,0,9,-9
 元大南屯,光聯,0,9,-9
 元大南屯,台泥,3,12,-9
 元大南屯,00751B元大AAA至A公司債,1,10,-9
 元大南屯,新盛力,34,43,-9
群益新莊,國泰金,300,6,294
群益新莊,聯電,254,97,157
群益新莊,緯創,111,8,103
群益新莊,00953B群益優選非投等債,103,0,103
群益新莊,00830國泰費城半導體,102,0,102
群益新莊,凱美,102,0,102
群益新莊,00715L期街口布蘭特正2,100,0,100
群益新莊,00882中信中國高股息,69,0,69
群益新莊,環泰,61,0,61
群益新莊,00753L中信中國50正2,57,0,57
群益新莊,00955中信日本商社,54,0,54
群益新莊,台積電,56,9,47
群益新莊,00665L富邦�琤肭磪囓�2,47,0,47
群益新莊,華豐,47,0,47
群益新莊,長榮航,52,8,44
群益新莊,00918大華優利高填息30,42,0,42
群益新莊,台泥,42,0,42
群益新莊,00679B元大美債20年,45,6,39
群益新莊,兆豐金,47,10,37
群益新莊,新纖,30,0,30
群益新莊,台玻,24,0,24
群益新莊,00706L期元大S＆P日圓正2,22,0,22
群益新莊,上海商銀,20,0,20
群益新莊,雷虎,20,1,19
群益新莊,00895富邦未來車,18,0,18
群益新莊,00919群益台灣精選高息,18,1,17
群益新莊,泰金寶-DR,20,3,17
群益新莊,新盛力,51,34,17
群益新莊,三商壽,15,0,15
群益新莊,盟立,17,2,15
群益新莊,友訊,53,39,14
群益新莊,泰山,13,0,13
群益新莊,高力,11,0,11
群益新莊,00795B中信美國公債20年,10,0,10
群益新莊,00713元大台灣高息低波,10,0,10
群益新莊,科妍,18,8,10
群益新莊,玉山金,10,0,10
群益新莊,訊舟,10,0,10
群益新莊,熱映,10,0,10
群益新莊,騰輝電子-KY,10,0,10
群益新莊,00636國泰中國A50,9,0,9
群益新莊,士電,10,1,9
群益新莊,寬宏藝術,10,1,9
群益新莊,00942B台新美A公司債20+,8,0,8
群益新莊,中石化,8,0,8
群益新莊,漢唐,8,1,7
群益新莊,燦星旅,7,0,7
群益新莊,力成,7,0,7
群益新莊,元大高股息,7,1,6
群益新莊,00664R國泰臺灣加權反1,6,0,6
群益新莊,00980B台新特選IG債10+,15,295,-280
群益新莊,00929復華台灣科技優息,0,157,-157
群益新莊,力積電,15,114,-99
群益新莊,凱基金,0,98,-98
群益新莊,00951台新日本半導體,0,91,-91
群益新莊,00948B中信優息投資級債,25,100,-75
群益新莊,00941中信上游半導體,1,73,-72
群益新莊,00637L元大滬深300正2,74,145,-71
群益新莊,00881國泰台灣5G+,0,40,-40
群益新莊,華新,2,37,-35
群益新莊,00937B群益ESG投等債20,11,40,-29
群益新莊,00738U期元大道瓊白銀,0,25,-25
群益新莊,宏致,4,23,-19
群益新莊,00631L元大台灣50正2,3,21,-18
群益新莊,宏達電,58,75,-17
群益新莊,00712復華富時不動產,0,16,-16
群益新莊,鴻海,17,30,-13
群益新莊,富喬,32,45,-13
群益新莊,寶成,0,13,-13
群益新莊,00633L富邦上証正2,4,16,-12
群益新莊,台塑,5,17,-12
群益新莊,精成科,5,17,-12
群益新莊,玉晶光,1,13,-12
群益新莊,006208富邦台50,0,10,-10
群益新莊,00692富邦公司治理,5,15,-10
群益新莊,南亞,4,14,-10
群益新莊,仁寶,0,10,-10
群益新莊,旺宏,0,10,-10
群益新莊,華邦電,0,10,-10
群益新莊,光群雷,0,10,-10
群益新莊,臺企銀,0,10,-10
群益新莊,榮剛,0,10,-10
群益新莊,元大台灣50,0,9,-9
群益新莊,波若威,121,130,-9
群益新莊,南電,2,11,-9
群益新莊,華航,2,11,-9
群益新莊,神達,55,63,-8
群益新莊,華星光,19,27,-8
群益新莊,陽明,5,13,-8
群益新莊,新日興,29,36,-7
群益新莊,奇鋐,3,10,-7
群益新莊,圓剛,5,12,-7
群益新莊,伊雲谷,0,7,-7
群益新莊,美吉吉-KY,0,7,-7
群益新莊,合庫金,0,7,-7
群益新莊,00971野村美國研發龍頭,0,6,-6
群益新莊,聯茂,0,6,-6
群益新莊,矽格,0,6,-6
群益新莊,鈺齊-KY,1,7,-6
群益新莊,大同,22,28,-6
國票內壢,聯電,37,6,31
國票內壢,金寶,33,4,29
國票內壢,緯創,28,8,20
國票內壢,群創,22,2,20
國票內壢,00924復華S＆P500成長,18,0,18
國票內壢,聯鈞,24,8,16
國票內壢,元大高股息,17,1,16
國票內壢,聯邦銀,15,0,15
國票內壢,富喬,20,7,13
國票內壢,慶騰,13,0,13
國票內壢,立敦,15,3,12
國票內壢,恆大,10,0,10
國票內壢,鴻海,12,3,9
國票內壢,廣達,10,1,9
國票內壢,建漢,9,0,9
國票內壢,中美實,9,0,9
國票內壢,00830國泰費城半導體,10,1,9
國票內壢,欣興,8,0,8
國票內壢,華通,8,0,8
國票內壢,00668國泰美國道瓊,6,0,6
國票內壢,連展投控,6,0,6
國票內壢,00953B群益優選非投等債,5,0,5
國票內壢,聯華,5,0,5
國票內壢,00631L元大台灣50正2,5,0,5
國票內壢,藍天,5,0,5
國票內壢,威盛,5,0,5
國票內壢,00919群益台灣精選高息,5,1,4
國票內壢,旺宏,4,0,4
國票內壢,00971野村美國研發龍頭,3,0,3
國票內壢,00720B元大投資級公司債,3,0,3
國票內壢,圓剛,11,8,3
國票內壢,兆豐金,5,2,3
國票內壢,位速,5,2,3
國票內壢,新盛力,55,52,3
國票內壢,有成精密,3,0,3
國票內壢,鑽石投資,3,0,3
國票內壢,泰金寶-DR,39,36,3
國票內壢,00675L富邦臺灣加權正2,4,1,3
國票內壢,晶彩科,3,1,2
國票內壢,昇達科,5,3,2
國票內壢,宏��,2,0,2
國票內壢,燿華,3,1,2
國票內壢,遠東銀,5,3,2
國票內壢,聯光通,2,0,2
國票內壢,頎邦,2,0,2
國票內壢,和椿,7,5,2
國票內壢,晶心科,2,0,2
國票內壢,台灣虎航,2,0,2
國票內壢,保銳,2,0,2
國票內壢,擎亞,28,26,2
國票內壢,00937B群益ESG投等債20,10,430,-420
國票內壢,00715L期街口布蘭特正2,0,58,-58
國票內壢,00929復華台灣科技優息,0,49,-49
國票內壢,00680L元大美債20正2,1,50,-49
國票內壢,神達,161,194,-33
國票內壢,波若威,3,29,-26
國票內壢,華航,0,25,-25
國票內壢,力鵬,0,17,-17
國票內壢,00637L元大滬深300正2,0,15,-15
國票內壢,宏致,0,13,-13
國票內壢,宏達電,29,40,-11
國票內壢,欣銓,4,15,-11
國票內壢,力積電,40,51,-11
國票內壢,00934中信成長高股息,0,10,-10
國票內壢,00949復華日本龍頭,0,10,-10
國票內壢,00655L國泰中國A50正2,0,10,-10
國票內壢,00923群益台ESG低碳50,0,10,-10
國票內壢,台亞,0,10,-10
國票內壢,台驊控股,0,10,-10
國票內壢,鈺德,0,10,-10
國票內壢,華星光,4,14,-10
國票內壢,台新金,1,11,-10
國票內壢,00918大華優利高填息30,1,10,-9
國票內壢,金像電,1,10,-9
國票內壢,奇鋐,1,10,-9
國票內壢,友訊,0,7,-7
國票內壢,安國,0,7,-7
國票內壢,陽明,3,10,-7
國票內壢,00922國泰台灣領袖50,0,6,-6
國票內壢,順達,11,17,-6
國票內壢,00947台新臺灣IC設計,0,5,-5
國票內壢,00941中信上游半導體,0,5,-5
國票內壢,台塑,5,10,-5
國票內壢,中鴻,0,5,-5
國票內壢,台揚,0,5,-5
國票內壢,長榮航,1,6,-5
國票內壢,精成科,0,5,-5
國票內壢,矽統,0,5,-5
國票內壢,友達,0,4,-4
國票內壢,仁寶,0,4,-4
國票內壢,昆盈,8,12,-4
國票內壢,東森,0,4,-4
國票內壢,臺企銀,0,4,-4
國票內壢,凱基金,0,4,-4
國票內壢,中信金,0,4,-4
國票內壢,中租-KY,1,5,-4
國票內壢,長科*,0,4,-4
國票內壢,朋億*,0,4,-4
國票內壢,新日興,1,4,-3
國票內壢,聚亨,0,3,-3
彰銀,第一金,303,9,294
彰銀,00637L元大滬深300正2,226,0,226
彰銀,聯電,199,29,170
彰銀,中華電,120,5,115
彰銀,台灣大,100,0,100
彰銀,00919群益台灣精選高息,64,0,64
彰銀,櫻花建,52,0,52
彰銀,統一超,36,0,36
彰銀,南港,36,1,35
彰銀,00940元大台灣價值高息,39,5,34
彰銀,王道銀行,30,0,30
彰銀,廣達,38,15,23
彰銀,力鵬,20,0,20
彰銀,00882中信中國高股息,16,0,16
彰銀,國泰金,14,0,14
彰銀,欣興,14,2,12
彰銀,晶技,12,0,12
彰銀,00881國泰台灣5G+,12,0,12
彰銀,國喬,11,0,11
彰銀,堤維西,10,0,10
彰銀,台灣高鐵,10,0,10
彰銀,中信金,10,0,10
彰銀,華盈,10,0,10
彰銀,雷笛克光學,10,0,10
彰銀,00895富邦未來車,10,0,10
彰銀,00878國泰永續高股息,12,3,9
彰銀,00642U期元大S＆P石油,10,1,9
彰銀,合機,9,0,9
彰銀,元大高股息,27,19,8
彰銀,高技,8,0,8
彰銀,振曜,7,0,7
彰銀,創威,9,2,7
彰銀,緯創,33,27,6
彰銀,台聚,6,0,6
彰銀,群光,8,2,6
彰銀,凡甲,6,0,6
彰銀,健亞,6,0,6
彰銀,00921兆豐龍頭等權重,5,0,5
彰銀,金像電,7,2,5
彰銀,菱生,5,0,5
彰銀,兆豐金,5,0,5
彰銀,群創,5,0,5
彰銀,聯合再生,5,0,5
彰銀,世坤,5,0,5
彰銀,事欣科,5,0,5
彰銀,弘凱,5,0,5
彰銀,泰金寶-DR,5,0,5
彰銀,00924復華S＆P500成長,4,0,4
彰銀,00646元大S＆P500,4,0,4
彰銀,00757統一FANG+,4,0,4
彰銀,玉山金,10,201,-191
彰銀,00915凱基優選高股息30,1,150,-149
彰銀,新光金,2,115,-113
彰銀,00948B中信優息投資級債,0,60,-60
彰銀,00830國泰費城半導體,0,29,-29
彰銀,昆盈,30,59,-29
彰銀,長榮航,2,31,-29
彰銀,富喬,3,31,-28
彰銀,力積電,8,35,-27
彰銀,聯發科,2,22,-20
彰銀,精剛,0,20,-20
彰銀,00929復華台灣科技優息,3,19,-16
彰銀,神達,22,38,-16
彰銀,新漢,0,15,-15
彰銀,凱基金,1,15,-14
彰銀,立隆電,2,15,-13
彰銀,宏致,8,21,-13
彰銀,南亞科,2,14,-12
彰銀,宏達電,62,74,-12
彰銀,華航,1,12,-11
彰銀,華南金,0,11,-11
彰銀,台中銀,0,11,-11
彰銀,台積電,1,12,-11
彰銀,新日興,4,14,-10
彰銀,00770國泰北美科技,0,10,-10
彰銀,00946群益科技高息成長,0,10,-10
彰銀,大成鋼,0,10,-10
彰銀,揚智,0,10,-10
彰銀,眾達-KY,4,12,-8
彰銀,元大台灣50,2,9,-7
彰銀,彰銀,20,27,-7
彰銀,華通,0,6,-6
彰銀,長盛,0,6,-6
彰銀,榮剛,0,6,-6
彰銀,00935野村臺灣新科技50,0,5,-5
彰銀,00941中信上游半導體,0,5,-5
彰銀,中石化,0,5,-5
彰銀,友訊,0,5,-5
彰銀,興富發,0,5,-5
彰銀,樺晟,0,5,-5
彰銀,順達,0,5,-5
彰銀,高鋒,0,5,-5
彰銀,新盛力,5,10,-5
彰銀,菱光,1,6,-5
彰銀,亞翔,4,9,-5
彰銀,立端,0,4,-4
彰銀,00631L元大台灣50正2,0,4,-4
彰銀,01010T京城樂富R1,0,4,-4
彰銀,華新,0,4,-4
彰銀,燿華,0,4,-4
 元大莒光,聯電,194,24,170
 元大莒光,00688L國泰20年美債正2,100,4,96
 元大莒光,國票金,83,0,83
 元大莒光,國產,67,0,67
 元大莒光,00706L期元大S＆P日圓正2,50,2,48
 元大莒光,00770國泰北美科技,34,0,34
 元大莒光,立敦,66,33,33
 元大莒光,台聚,31,0,31
 元大莒光,元大高股息,40,16,24
 元大莒光,恆大,24,2,22
 元大莒光,00882中信中國高股息,22,0,22
 元大莒光,00632R元大台灣50反1,22,0,22
 元大莒光,中工,21,0,21
 元大莒光,00937B群益ESG投等債20,21,0,21
 元大莒光,00852L國泰美國道瓊正2,20,0,20
 元大莒光,00877復華中國5G,20,0,20
 元大莒光,00715L期街口布蘭特正2,20,1,19
 元大莒光,00753L中信中國50正2,18,0,18
 元大莒光,緯創,26,11,15
 元大莒光,佰鴻,14,1,13
 元大莒光,00945B凱基美國非投等債,13,0,13
 元大莒光,00918大華優利高填息30,12,0,12
 元大莒光,新盛力,77,65,12
 元大莒光,富喬,29,19,10
 元大莒光,00959B大華投等美債15Y+,10,0,10
 元大莒光,00858永豐美國500大,8,0,8
 元大莒光,英業達,10,2,8
 元大莒光,00907永豐優息存股,14,6,8
 元大莒光,泰金寶-DR,35,27,8
 元大莒光,兆豐金,7,0,7
 元大莒光,聯亞,7,0,7
 元大莒光,統一,8,1,7
 元大莒光,澤米,7,1,6
 元大莒光,所羅門,6,0,6
 元大莒光,永豐金,6,0,6
 元大莒光,明基材,6,0,6
 元大莒光,大成鋼,11,5,6
 元大莒光,漢翔,10,5,5
 元大莒光,慧洋-KY,5,0,5
 元大莒光,英濟,13,8,5
 元大莒光,艾訊,6,1,5
 元大莒光,國泰金,10,5,5
 元大莒光,00953B群益優選非投等債,5,0,5
 元大莒光,亞光,6,1,5
 元大莒光,00713元大台灣高息低波,9,4,5
 元大莒光,00915凱基優選高股息30,9,5,4
 元大莒光,00927群益半導體收益,4,0,4
 元大莒光,立��,16,12,4
 元大莒光,鴻準,9,5,4
 元大莒光,新光金,14,10,4
 元大莒光,00665L富邦�琤肭磪囓�2,0,220,-220
 元大莒光,00940元大台灣價值高息,2,152,-150
 元大莒光,00662富邦NASDAQ,1,70,-69
 元大莒光,00965元大航太防衛科技,0,63,-63
 元大莒光,00631L元大台灣50正2,5,66,-61
 元大莒光,00941中信上游半導體,0,51,-51
 元大莒光,力積電,65,115,-50
 元大莒光,南茂,1,50,-49
 元大莒光,友訊,31,78,-47
 元大莒光,中鋼,8,47,-39
 元大莒光,日月光投控,8,46,-38
 元大莒光,圓剛,15,51,-36
 元大莒光,國碩,0,34,-34
 元大莒光,凱基金,2,32,-30
 元大莒光,00930永豐ESG低碳高息,0,27,-27
 元大莒光,00929復華台灣科技優息,8,34,-26
 元大莒光,00795B中信美國公債20年,0,25,-25
 元大莒光,00673R期元大S＆P原油反1,10,34,-24
 元大莒光,00905FT臺灣Smart,5,28,-23
 元大莒光,新建,0,23,-23
 元大莒光,00878國泰永續高股息,39,60,-21
 元大莒光,00725B國泰投資級公司債,0,20,-20
 元大莒光,金寶,2,21,-19
 元大莒光,00949復華日本龍頭,0,18,-18
 元大莒光,長榮航,25,43,-18
 元大莒光,00757統一FANG+,1,19,-18
 元大莒光,元大台灣50,2,19,-17
 元大莒光,立隆電,7,23,-16
 元大莒光,彰銀,1,17,-16
 元大莒光,友達,0,15,-15
 元大莒光,華南金,0,15,-15
 元大莒光,華航,0,15,-15
 元大莒光,微星,0,15,-15
 元大莒光,神達,99,114,-15
 元大莒光,欣銓,3,16,-13
 元大莒光,00720B元大投資級公司債,0,13,-13
 元大莒光,00917中信特選金融,0,11,-11
 元大莒光,00947台新臺灣IC設計,0,11,-11
 元大莒光,威盛,0,11,-11
 元大莒光,啟��,1,11,-10
 元大莒光,麗正,0,10,-10
 元大莒光,00885富邦越南,0,10,-10
 元大莒光,00892富邦台灣半導體,0,10,-10
 元大莒光,仁寶,0,10,-10
 元大莒光,亞翔,8,17,-9
 元大莒光,驊訊,4,12,-8
 元大莒光,華新,3,11,-8
 元大莒光,00936台新永續高息中小,1,9,-8
 元大莒光,玉山金,0,8,-8
 元大莒光,達邁,33,41,-8
第一嘉義,力積電,427,66,361
第一嘉義,聯電,192,61,131
第一嘉義,眾達-KY,142,12,130
第一嘉義,00688L國泰20年美債正2,37,0,37
第一嘉義,立敦,38,9,29
第一嘉義,宏達電,72,47,25
第一嘉義,00918大華優利高填息30,21,0,21
第一嘉義,00680L元大美債20正2,20,0,20
第一嘉義,宏泰,20,0,20
第一嘉義,橘子,20,0,20
第一嘉義,台化,27,8,19
第一嘉義,加百裕,28,10,18
第一嘉義,神達,60,43,17
第一嘉義,00637L元大滬深300正2,19,3,16
第一嘉義,寶碩,16,0,16
第一嘉義,光環,17,2,15
第一嘉義,聯詠,14,0,14
第一嘉義,達邁,53,39,14
第一嘉義,綠界科技*,14,0,14
第一嘉義,金寶,14,1,13
第一嘉義,遠東銀,13,0,13
第一嘉義,台塑,12,1,11
第一嘉義,00830國泰費城半導體,10,0,10
第一嘉義,輔信,10,0,10
第一嘉義,榮運,10,0,10
第一嘉義,永昕,10,0,10
第一嘉義,能率,10,0,10
第一嘉義,樺漢,10,0,10
第一嘉義,欣興,10,1,9
第一嘉義,00960野村全球航運龍頭,9,0,9
第一嘉義,群創,10,1,9
第一嘉義,LINEPAY,9,1,8
第一嘉義,富喬,17,9,8
第一嘉義,南紡,8,0,8
第一嘉義,大同,10,2,8
第一嘉義,創惟,11,3,8
第一嘉義,00633L富邦上証正2,7,0,7
第一嘉義,啟��,8,1,7
第一嘉義,鴻海,9,2,7
第一嘉義,玉晶光,6,0,6
第一嘉義,健鼎,6,0,6
第一嘉義,緯創,7,2,5
第一嘉義,00910第一金太空衛星,16,11,5
第一嘉義,廣達,5,0,5
第一嘉義,中光電,5,0,5
第一嘉義,鈊象,5,0,5
第一嘉義,00882中信中國高股息,5,0,5
第一嘉義,台新金,5,0,5
第一嘉義,順藥,4,0,4
第一嘉義,00715L期街口布蘭特正2,12,8,4
第一嘉義,新光金,0,482,-482
第一嘉義,00878國泰永續高股息,10,181,-171
第一嘉義,00919群益台灣精選高息,19,144,-125
第一嘉義,彰銀,0,100,-100
第一嘉義,英業達,3,74,-71
第一嘉義,皇昌,1,65,-64
第一嘉義,00940元大台灣價值高息,0,43,-43
第一嘉義,晶彩科,4,42,-38
第一嘉義,00852L國泰美國道瓊正2,0,32,-32
第一嘉義,華通,0,31,-31
第一嘉義,00679B元大美債20年,1,31,-30
第一嘉義,台塑化,20,50,-30
第一嘉義,凱基金,1,27,-26
第一嘉義,順達,35,59,-24
第一嘉義,亞光,1,21,-20
第一嘉義,00885富邦越南,0,20,-20
第一嘉義,楠梓電,0,20,-20
第一嘉義,農林,0,20,-20
第一嘉義,新麥,0,19,-19
第一嘉義,歐買尬,0,19,-19
第一嘉義,創威,50,68,-18
第一嘉義,00934中信成長高股息,0,17,-17
第一嘉義,美隆電,0,17,-17
第一嘉義,鼎元,0,15,-15
第一嘉義,如興,0,15,-15
第一嘉義,00881國泰台灣5G+,1,14,-13
第一嘉義,元大台灣50,1,14,-13
第一嘉義,00929復華台灣科技優息,0,13,-13
第一嘉義,堤維西,2,15,-13
第一嘉義,上銀,0,13,-13
第一嘉義,大銀微系統,12,25,-13
第一嘉義,奇鋐,0,12,-12
第一嘉義,00713元大台灣高息低波,6,18,-12
第一嘉義,南亞,0,11,-11
第一嘉義,三陽工業,0,11,-11
第一嘉義,高端疫苗,2,13,-11
第一嘉義,寶成,0,11,-11
第一嘉義,華晶科,1,12,-11
第一嘉義,富邦金,0,10,-10
第一嘉義,00923群益台ESG低碳50,0,10,-10
第一嘉義,冠軍,0,10,-10
第一嘉義,義隆,0,10,-10
第一嘉義,王品,0,10,-10
第一嘉義,樺晟,0,10,-10
第一嘉義,昇貿,0,10,-10
第一嘉義,彬台,0,10,-10
第一嘉義,富采,0,10,-10
第一嘉義,騰輝電子-KY,0,10,-10
第一嘉義,展�眥篕�,0,10,-10
第一嘉義,國泰金,0,10,-10
群益    ,00940元大台灣價值高息,10823,11,10812
群益    ,00965元大航太防衛科技,5205,210,4995
群益    ,00929復華台灣科技優息,3008,36,2972
群益    ,00680L元大美債20正2,2681,2,2679
群益    ,00980B台新特選IG債10+,4001,1499,2502
群益    ,00757統一FANG+,1782,54,1728
群益    ,00893國泰智能電動車,1358,63,1295
群益    ,00675L富邦臺灣加權正2,1300,9,1291
群益    ,00951台新日本半導體,1276,2,1274
群益    ,00642U期元大S＆P石油,1171,0,1171
群益    ,00941中信上游半導體,1541,393,1148
群益    ,聯電,2937,1845,1092
群益    ,00939統一台灣高息動能,1083,0,1083
群益    ,00905FT臺灣Smart,986,7,979
群益    ,00665L富邦�琤肭磪囓�2,2693,1816,877
群益    ,00715L期街口布蘭特正2,841,0,841
群益    ,00968B元大優息投等債,816,0,816
群益    ,00895富邦未來車,712,2,710
群益    ,愛山林,655,1,654
群益    ,00954中信日本半導體,596,0,596
群益    ,00938凱基優選30,556,0,556
群益    ,元大台灣50,543,4,539
群益    ,00671R富邦NASDAQ反1,530,0,530
群益    ,00639富邦深100,530,40,490
群益    ,金像電,643,166,477
群益    ,00909國泰數位支付服務,474,29,445
群益    ,00852L國泰美國道瓊正2,460,22,438
群益    ,00945B凱基美國非投等債,411,0,411
群益    ,00892富邦台灣半導體,400,0,400
群益    ,00927群益半導體收益,342,0,342
群益    ,00881國泰台灣5G+,341,5,336
群益    ,00959B大華投等美債15Y+,307,0,307
群益    ,00685L群益臺灣加權正2,300,6,294
群益    ,遠雄,263,5,258
群益    ,00924復華S＆P500成長,253,0,253
群益    ,00902中信電池及儲能,280,32,248
群益    ,亞翔,245,15,230
群益    ,00670L富邦NASDAQ正2,222,0,222
群益    ,00935野村臺灣新科技50,213,0,213
群益    ,智原,227,18,209
群益    ,環宇-KY,376,173,203
群益    ,00638R元大滬深300反1,200,0,200
群益    ,南電,217,20,197
群益    ,00936台新永續高息中小,201,5,196
群益    ,00952凱基台灣AI50,193,0,193
群益    ,新日興,282,95,187
群益    ,00859B群益0-1年美債,541,358,183
群益    ,00682U期元大美元指數,182,0,182
群益    ,00903富邦元宇宙,177,0,177
群益    ,創意,205,32,173
群益    ,00637L元大滬深300正2,114,11237,-11123
群益    ,00937B群益ESG投等債20,1043,5156,-4113
群益    ,00720B元大投資級公司債,0,3207,-3207
群益    ,00633L富邦上証正2,888,2897,-2009
群益    ,00650L復華香港正2,20,2005,-1985
群益    ,中信金,310,2039,-1729
群益    ,00942B台新美A公司債20+,181,1488,-1307
群益    ,00751B元大AAA至A公司債,0,1215,-1215
群益    ,00948B中信優息投資級債,0,1209,-1209
群益    ,00664R國泰臺灣加權反1,499,1525,-1026
群益    ,00934中信成長高股息,291,1286,-995
群益    ,台灣大,0,977,-977
群益    ,00919群益台灣精選高息,12,903,-891
群益    ,富邦金,1,837,-836
群益    ,00915凱基優選高股息30,2,814,-812
群益    ,00882中信中國高股息,1,805,-804
群益    ,長榮航,133,935,-802
群益    ,00830國泰費城半導體,539,1335,-796
群益    ,00953B群益優選非投等債,66,849,-783
群益    ,中華電,0,746,-746
群益    ,00864B中信美國公債0-1,651,1291,-640
群益    ,00795B中信美國公債20年,1,631,-630
群益    ,00713元大台灣高息低波,1,623,-622
群益    ,00632R元大台灣50反1,3,613,-610
群益    ,00722B群益投資級電信債,1419,2014,-595
群益    ,00933B國泰10Y+金融債,2,537,-535
群益    ,00719B元大美債1-3,0,514,-514
群益    ,00950B凱基A級公司債,4,484,-480
群益    ,00739元大MSCI A股,0,434,-434
群益    ,00772B中信高評級公司債,3,430,-427
群益    ,00648R元大S＆P500反1,0,424,-424
群益    ,00725B國泰投資級公司債,5,429,-424
群益    ,00773B中信優先金融債,0,407,-407
群益    ,00966B統一ESG投等債15,0,400,-400
群益    ,00679B元大美債20年,13,396,-383
群益    ,遠傳,1,292,-291
群益    ,00687B國泰20年美債,15,295,-280
群益    ,大成鋼,98,370,-272
群益    ,00662富邦NASDAQ,0,267,-267
群益    ,00753L中信中國50正2,37,254,-217
群益    ,00724B群益投資級金融債,2059,2272,-213
群益    ,006206元大上證50,0,206,-206
群益    ,00970B新光BBB投等債20,10,200,-190
群益    ,00878國泰永續高股息,120,290,-170
群益    ,緯穎,35,202,-167
群益    ,國泰金,5,170,-165
群益    ,智邦,30,189,-159
群益    ,力積電,177,327,-150
群益    ,華航,1,142,-141
群益    ,00963中信全球高股息,859,1000,-141
國票安和,大同,954,4,950
國票安和,神達,684,284,400
國票安和,慧洋-KY,300,0,300
國票安和,華邦電,301,7,294
國票安和,擎亞,241,49,192
國票安和,中興電,185,0,185
國票安和,精成科,212,47,165
國票安和,宏觀,155,0,155
國票安和,長榮航,161,17,144
國票安和,精材,129,0,129
國票安和,聯電,140,46,94
國票安和,高力,85,0,85
國票安和,順達,217,134,83
國票安和,亞翔,92,11,81
國票安和,系統電,80,0,80
國票安和,00637L元大滬深300正2,70,2,68
國票安和,環宇-KY,221,156,65
國票安和,佳世達,64,0,64
國票安和,宏致,104,42,62
國票安和,AES-KY,71,15,56
國票安和,廣達,60,9,51
國票安和,波若威,139,91,48
國票安和,潤隆,48,0,48
國票安和,創惟,75,32,43
國票安和,友訊,55,15,40
國票安和,世德,40,0,40
國票安和,宏達電,134,96,38
國票安和,英濟,46,8,38
國票安和,聯亞,36,0,36
國票安和,大成,36,0,36
國票安和,鉅祥,59,24,35
國票安和,鴻海,60,27,33
國票安和,國泰金,38,6,32
國票安和,明泰,30,0,30
國票安和,良維,37,8,29
國票安和,台達電,40,13,27
國票安和,亞光,86,60,26
國票安和,泰鼎-KY,70,48,22
國票安和,達興材料,33,11,22
國票安和,展達,20,0,20
國票安和,ITH-KY,20,0,20
國票安和,全漢,18,0,18
國票安和,00632R元大台灣50反1,17,0,17
國票安和,致茂,15,0,15
國票安和,jpp-KY,18,3,15
國票安和,奇鋐,22,7,15
國票安和,立敦,14,0,14
國票安和,中纖,14,0,14
國票安和,00918大華優利高填息30,15,2,13
國票安和,00679B元大美債20年,13,0,13
國票安和,力積電,114,981,-867
國票安和,聯鈞,19,313,-294
國票安和,岱宇,28,118,-90
國票安和,金像電,2,72,-70
國票安和,圓剛,12,80,-68
國票安和,欣銓,173,237,-64
國票安和,緯穎,6,66,-60
國票安和,所羅門,0,55,-55
國票安和,聯合再生,0,55,-55
國票安和,台灣虎航,1,54,-53
國票安和,久昌,51,103,-52
國票安和,新盛力,151,201,-50
國票安和,台玻,2,50,-48
國票安和,雷虎,9,56,-47
國票安和,全球傳動,1,47,-46
國票安和,00953B群益優選非投等債,0,45,-45
國票安和,00631L元大台灣50正2,1,44,-43
國票安和,迅得,23,63,-40
國票安和,振樺電,14,54,-40
國票安和,新美齊,0,36,-36
國票安和,00929復華台灣科技優息,0,35,-35
國票安和,中環,0,30,-30
國票安和,愛普*,0,30,-30
國票安和,宜特,0,29,-29
國票安和,中光電,21,47,-26
國票安和,華通,1,26,-25
國票安和,景碩,0,22,-22
國票安和,聯德控股-KY,0,22,-22
國票安和,台積電,9,30,-21
國票安和,上詮,0,20,-20
國票安和,柏承,0,20,-20
國票安和,大成鋼,3,22,-19
國票安和,新日興,208,225,-17
國票安和,聰泰,0,17,-17
國票安和,昇達科,8,24,-16
國票安和,00878國泰永續高股息,11,26,-15
國票安和,昇貿,5,20,-15
國票安和,中鋼,4,18,-14
國票安和,台康生技,0,13,-13
國票安和,臻鼎-KY,1,13,-12
國票安和,義隆,0,12,-12
國票安和,富鼎,0,11,-11
國票安和,台揚,0,11,-11
國票安和,健喬,0,10,-10
國票安和,京元電子,6,16,-10
國票安和,矽格,0,10,-10
國票安和,綠界科技*,2,12,-10
國票安和,虹冠電,0,9,-9
國票安和,富喬,222,231,-9
國票安和,艾訊,0,7,-7
 元富潮洲,聯電,70,7,63
 元富潮洲,濱川,55,4,51
 元富潮洲,00878國泰永續高股息,63,18,45
 元富潮洲,彰銀,30,4,26
 元富潮洲,00632R元大台灣50反1,22,0,22
 元富潮洲,00753L中信中國50正2,15,0,15
 元富潮洲,長榮航太,15,0,15
 元富潮洲,台新金,34,20,14
 元富潮洲,陽明,16,4,12
 元富潮洲,華邦電,12,0,12
 元富潮洲,緯創,23,11,12
 元富潮洲,英業達,16,5,11
 元富潮洲,永豐金,11,0,11
 元富潮洲,00795B中信美國公債20年,11,0,11
 元富潮洲,泰金寶-DR,25,14,11
 元富潮洲,神隆,10,0,10
 元富潮洲,彬台,11,1,10
 元富潮洲,合庫金,10,0,10
 元富潮洲,兆豐金,9,0,9
 元富潮洲,旺宏,9,0,9
 元富潮洲,00858永豐美國500大,8,0,8
 元富潮洲,中鋼,8,1,7
 元富潮洲,正達,7,0,7
 元富潮洲,台中銀,7,0,7
 元富潮洲,友訊,6,0,6
 元富潮洲,大學光,6,0,6
 元富潮洲,宏齊,6,0,6
 元富潮洲,臺企銀,5,0,5
 元富潮洲,昇陽半導體,5,0,5
 元富潮洲,00882中信中國高股息,5,0,5
 元富潮洲,00633L富邦上証正2,5,0,5
 元富潮洲,太普高,15,10,5
 元富潮洲,訊達,6,1,5
 元富潮洲,綠界科技*,7,2,5
 元富潮洲,萬國通,5,0,5
 元富潮洲,聯鈞,20,16,4
 元富潮洲,台塑,6,2,4
 元富潮洲,凱美,4,0,4
 元富潮洲,亞航,4,0,4
 元富潮洲,元晶,4,0,4
 元富潮洲,銳澤,4,0,4
 元富潮洲,大成鋼,7,3,4
 元富潮洲,00688L國泰20年美債正2,3,0,3
 元富潮洲,00685L群益臺灣加權正2,3,0,3
 元富潮洲,千興,3,0,3
 元富潮洲,為升,3,0,3
 元富潮洲,昆盈,6,3,3
 元富潮洲,金像電,3,0,3
 元富潮洲,全新,3,0,3
 元富潮洲,義隆,3,0,3
 元富潮洲,00980B台新特選IG債10+,0,156,-156
 元富潮洲,00929復華台灣科技優息,1,112,-111
 元富潮洲,00637L元大滬深300正2,6,104,-98
 元富潮洲,神達,73,138,-65
 元富潮洲,00877復華中國5G,0,50,-50
 元富潮洲,宏達電,31,74,-43
 元富潮洲,00970B新光BBB投等債20,0,40,-40
 元富潮洲,欣銓,2,34,-32
 元富潮洲,力積電,23,50,-27
 元富潮洲,宏致,5,29,-24
 元富潮洲,00900富邦特選高股息30,0,22,-22
 元富潮洲,00953B群益優選非投等債,0,21,-21
 元富潮洲,00687B國泰20年美債,0,18,-18
 元富潮洲,00939統一台灣高息動能,0,17,-17
 元富潮洲,00915凱基優選高股息30,0,17,-17
 元富潮洲,元大高股息,3,19,-16
 元富潮洲,華航,0,16,-16
 元富潮洲,龍德造船,2,18,-16
 元富潮洲,00922國泰台灣領袖50,0,15,-15
 元富潮洲,東元,0,15,-15
 元富潮洲,凱基金,2,15,-13
 元富潮洲,新盛力,27,40,-13
 元富潮洲,00954中信日本半導體,8,20,-12
 元富潮洲,00919群益台灣精選高息,1,13,-12
 元富潮洲,大同,0,10,-10
 元富潮洲,00946群益科技高息成長,0,10,-10
 元富潮洲,00941中信上游半導體,0,10,-10
 元富潮洲,三晃,0,10,-10
 元富潮洲,富邦金,2,11,-9
 元富潮洲,亞翔,2,11,-9
 元富潮洲,00940元大台灣價值高息,1,10,-9
 元富潮洲,長榮航,0,9,-9
 元富潮洲,興能高,29,38,-9
 元富潮洲,台達電,0,8,-8
 元富潮洲,00631L元大台灣50正2,0,8,-8
 元富潮洲,力鵬,0,8,-8
 元富潮洲,新光金,0,8,-8
 元富潮洲,連展投控,5,13,-8
 元富潮洲,合正,0,8,-8
 元富潮洲,良維,1,9,-8
 元富潮洲,00679B元大美債20年,7,15,-8
 元富潮洲,光環,0,7,-7
 元富潮洲,精英,0,7,-7
 元富潮洲,海華,3,10,-7
 元富潮洲,台積電,1,8,-7
 元富潮洲,奇鋐,0,6,-6
 元富潮洲,中鴻,1,7,-6
 元富潮洲,TPK-KY,0,6,-6
 元富潮洲,台康生技,0,6,-6
 元富潮洲,鴻海,5,11,-6
國票南港,00650L復華香港正2,320,70,250
國票南港,00953B群益優選非投等債,120,40,80
國票南港,00680L元大美債20正2,290,220,70
國票南港,宏達電,119,51,68
國票南港,聯電,74,19,55
國票南港,00931B統一美債20年,44,0,44
國票南港,元大台灣50,50,7,43
國票南港,上曜,40,0,40
國票南港,連展投控,20,4,16
國票南港,上銀,15,0,15
國票南港,飛捷,15,0,15
國票南港,00662富邦NASDAQ,14,0,14
國票南港,高端疫苗,14,0,14
國票南港,00919群益台灣精選高息,12,0,12
國票南港,台泥,12,0,12
國票南港,達邁,63,52,11
國票南港,00980B台新特選IG債10+,11,0,11
國票南港,新復興,10,0,10
國票南港,00962台新AI優息動能,10,0,10
國票南港,圓剛,35,25,10
國票南港,捷流閥業,8,0,8
國票南港,采鈺,10,2,8
國票南港,泰銘,8,0,8
國票南港,00633L富邦上証正2,7,0,7
國票南港,欣興,6,1,5
國票南港,元大高股息,6,1,5
國票南港,00948B中信優息投資級債,5,0,5
國票南港,國喬,5,0,5
國票南港,寒舍,5,0,5
國票南港,亞光,5,0,5
國票南港,大洋-KY,5,0,5
國票南港,詮欣,5,0,5
國票南港,鉅橡,5,0,5
國票南港,泰金寶-DR,7,2,5
國票南港,緯創,15,10,5
國票南港,00878國泰永續高股息,9,5,4
國票南港,00881國泰台灣5G+,4,0,4
國票南港,大銀微系統,8,4,4
國票南港,力積電,10,6,4
國票南港,海光,5,1,4
國票南港,至寶電,4,0,4
國票南港,科誠,4,0,4
國票南港,聯嘉,4,0,4
國票南港,互動,4,0,4
國票南港,欣雄,4,0,4
國票南港,玉晶光,3,0,3
國票南港,長榮,7,4,3
國票南港,00773B中信優先金融債,3,0,3
國票南港,三芳,3,0,3
國票南港,立隆電,10,7,3
國票南港,00882中信中國高股息,0,100,-100
國票南港,00937B群益ESG投等債20,0,70,-70
國票南港,00637L元大滬深300正2,1573,1642,-69
國票南港,00665L富邦�琤肭磪囓�2,0,50,-50
國票南港,尚凡*,2,50,-48
國票南港,富喬,31,78,-47
國票南港,英濟,71,112,-41
國票南港,00940元大台灣價值高息,0,33,-33
國票南港,元晶,0,25,-25
國票南港,富采,6,30,-24
國票南港,南港,0,23,-23
國票南港,凱基金,12,35,-23
國票南港,00922國泰台灣領袖50,0,21,-21
國票南港,崇越,0,21,-21
國票南港,台揚,0,19,-19
國票南港,新光金,0,16,-16
國票南港,台郡,3,19,-16
國票南港,愛普*,1,14,-13
國票南港,大同,0,13,-13
國票南港,00929復華台灣科技優息,7,20,-13
國票南港,00675L富邦臺灣加權正2,0,11,-11
國票南港,00712復華富時不動產,0,11,-11
國票南港,大亞,0,10,-10
國票南港,第一金,0,10,-10
國票南港,杭特,0,10,-10
國票南港,世禾,0,10,-10
國票南港,宏致,6,16,-10
國票南港,朋億*,3,13,-10
國票南港,系統電,0,10,-10
國票南港,00924復華S＆P500成長,1,10,-9
國票南港,中鋼,6,15,-9
國票南港,擎亞,10,18,-8
國票南港,神達,34,41,-7
國票南港,友達,3,10,-7
國票南港,泰藝,0,7,-7
國票南港,台燿,0,6,-6
國票南港,大成鋼,1,7,-6
國票南港,00772B中信高評級公司債,0,6,-6
國票南港,前鼎,5,10,-5
國票南港,00877復華中國5G,0,5,-5
國票南港,00671R富邦NASDAQ反1,0,5,-5
國票南港,00933B國泰10Y+金融債,0,5,-5
國票南港,00936台新永續高息中小,0,5,-5
國票南港,中環,0,5,-5
國票南港,友訊,1,6,-5
國票南港,冠德,0,5,-5
國票南港,陽明,6,11,-5
國票南港,南仁湖,0,5,-5
國票南港,廣運,0,5,-5
國票南港,明基材,0,5,-5
 元富城東,00680L元大美債20正2,6670,0,6670
 元富城東,欣銓,481,14,467
 元富城東,神達,619,241,378
 元富城東,群創,249,42,207
 元富城東,精成科,179,30,149
 元富城東,聯電,107,7,100
 元富城東,順達,123,26,97
 元富城東,富邦金,111,24,87
 元富城東,臺慶科,85,0,85
 元富城東,富喬,74,16,58
 元富城東,皇昌,57,2,55
 元富城東,00937B群益ESG投等債20,53,0,53
 元富城東,拓凱,47,0,47
 元富城東,新盛力,129,83,46
 元富城東,兆豐金,43,5,38
 元富城東,00650L復華香港正2,35,0,35
 元富城東,00633L富邦上証正2,55,20,35
 元富城東,華宏,31,0,31
 元富城東,泰金寶-DR,41,10,31
 元富城東,00637L元大滬深300正2,46,15,31
 元富城東,00923群益台ESG低碳50,35,5,30
 元富城東,榮剛,30,1,29
 元富城東,亞光,30,2,28
 元富城東,新日興,65,39,26
 元富城東,京元電子,27,2,25
 元富城東,亞翔,60,38,22
 元富城東,00952凱基台灣AI50,20,0,20
 元富城東,00950B凱基A級公司債,20,0,20
 元富城東,00931B統一美債20年,20,0,20
 元富城東,00905FT臺灣Smart,20,1,19
 元富城東,柏騰,19,0,19
 元富城東,茂綸,20,1,19
 元富城東,台中銀,19,0,19
 元富城東,00919群益台灣精選高息,52,34,18
 元富城東,慶騰,23,5,18
 元富城東,00679B元大美債20年,22,6,16
 元富城東,00830國泰費城半導體,20,4,16
 元富城東,第一保,16,0,16
 元富城東,陽明,27,12,15
 元富城東,00945B凱基美國非投等債,14,0,14
 元富城東,誠美材,13,0,13
 元富城東,三商壽,22,10,12
 元富城東,緯創,31,19,12
 元富城東,00687B國泰20年美債,11,0,11
 元富城東,正達,12,1,11
 元富城東,南亞科,11,0,11
 元富城東,中鋼,17,7,10
 元富城東,創惟,23,13,10
 元富城東,穩得,11,1,10
 元富城東,五福,10,0,10
 元富城東,00980B台新特選IG債10+,2,660,-658
 元富城東,昇達科,5,228,-223
 元富城東,友達,0,206,-206
 元富城東,00715L期街口布蘭特正2,0,150,-150
 元富城東,立端,0,147,-147
 元富城東,連展投控,10,148,-138
 元富城東,凱基金,0,116,-116
 元富城東,元大高股息,33,147,-114
 元富城東,00922國泰台灣領袖50,0,104,-104
 元富城東,僑威,5,106,-101
 元富城東,00671R富邦NASDAQ反1,0,100,-100
 元富城東,力積電,12,111,-99
 元富城東,新光金,29,116,-87
 元富城東,泰山,0,84,-84
 元富城東,華航,11,89,-78
 元富城東,啟��,1,77,-76
 元富城東,華邦電,0,73,-73
 元富城東,波若威,81,148,-67
 元富城東,宏達電,84,138,-54
 元富城東,台積電,13,65,-52
 元富城東,元大台灣50,0,46,-46
 元富城東,長榮航,0,42,-42
 元富城東,奇鋐,3,42,-39
 元富城東,00881國泰台灣5G+,0,39,-39
 元富城東,宏致,8,39,-31
 元富城東,東聯,0,30,-30
 元富城東,興能高,143,173,-30
 元富城東,點序,0,29,-29
 元富城東,大成鋼,1,30,-29
 元富城東,00665L富邦�琤肭磪囓�2,53,80,-27
 元富城東,00965元大航太防衛科技,0,24,-24
 元富城東,泰鼎-KY,2,26,-24
 元富城東,00929復華台灣科技優息,1,24,-23
 元富城東,大同,6,28,-22
 元富城東,友訊,7,28,-21
 元富城東,佳世達,0,20,-20
 元富城東,仁寶,0,20,-20
 元富城東,2883B凱基金乙特,0,20,-20
 元富城東,鴻準,3,22,-19
 元富城東,00701國泰股利精選30,3,22,-19
 元富城東,圓剛,2,21,-19
 元富城東,國泰金,2,21,-19
 元富城東,華南金,0,18,-18
 元富城東,雍智科技,6,24,-18
 元富城東,00654R富邦印度反1,0,16,-16
 元富城東,00673R期元大S＆P原油反1,2,18,-16
 元富城東,中信金,3,18,-15
 元富城東,00720B元大投資級公司債,1,16,-15
 元富城東,長榮,0,15,-15
 元富城東,00951台新日本半導體,0,14,-14
凱基五股,岳豐,161,48,113
凱基五股,聯電,130,27,103
凱基五股,錸德,91,0,91
凱基五股,楠梓電,80,0,80
凱基五股,名軒,71,1,70
凱基五股,亞昕,30,0,30
凱基五股,00664R國泰臺灣加權反1,25,0,25
凱基五股,00673R期元大S＆P原油反1,25,0,25
凱基五股,前鼎,24,1,23
凱基五股,大同,22,1,21
凱基五股,國票金,20,0,20
凱基五股,川寶,20,1,19
凱基五股,新盛力,55,37,18
凱基五股,彰銀,17,0,17
凱基五股,加百裕,33,19,14
凱基五股,00930永豐ESG低碳高息,13,0,13
凱基五股,直得,12,1,11
凱基五股,昇陽半導體,21,10,11
凱基五股,00938凱基優選30,10,0,10
凱基五股,晶技,10,0,10
凱基五股,緯創,18,8,10
凱基五股,威剛,10,0,10
凱基五股,中探針,10,0,10
凱基五股,大成鋼,10,0,10
凱基五股,凱基金,10,1,9
凱基五股,00713元大台灣高息低波,10,2,8
凱基五股,中鋼,8,0,8
凱基五股,華邦電,9,1,8
凱基五股,神達,43,35,8
凱基五股,綠界科技*,8,0,8
凱基五股,00878國泰永續高股息,13,5,8
凱基五股,00712復華富時不動產,7,0,7
凱基五股,華容,7,0,7
凱基五股,亞光,7,0,7
凱基五股,00632R元大台灣50反1,6,0,6
凱基五股,泰金寶-DR,53,47,6
凱基五股,欣興,27,22,5
凱基五股,00858永豐美國500大,5,0,5
凱基五股,00924復華S＆P500成長,5,0,5
凱基五股,榮星,5,0,5
凱基五股,建漢,5,0,5
凱基五股,能率,5,0,5
凱基五股,安集,5,0,5
凱基五股,信義,5,0,5
凱基五股,00919群益台灣精選高息,10,5,5
凱基五股,環科,4,0,4
凱基五股,沛波,4,0,4
凱基五股,高端疫苗,4,0,4
凱基五股,00881國泰台灣5G+,4,0,4
凱基五股,廣達,3,0,3
凱基五股,力積電,102,232,-130
凱基五股,00952凱基台灣AI50,0,100,-100
凱基五股,00830國泰費城半導體,2,58,-56
凱基五股,00948B中信優息投資級債,0,55,-55
凱基五股,長榮,2,52,-50
凱基五股,台玻,0,50,-50
凱基五股,合勤控,0,49,-49
凱基五股,00980B台新特選IG債10+,0,49,-49
凱基五股,00680L元大美債20正2,0,30,-30
凱基五股,臺企銀,1,30,-29
凱基五股,聯合再生,12,35,-23
凱基五股,華航,32,51,-19
凱基五股,宏致,6,25,-19
凱基五股,宏達電,8,22,-14
凱基五股,00679B元大美債20年,1,15,-14
凱基五股,聯光通,3,15,-12
凱基五股,大亞,1,13,-12
凱基五股,百和興業-KY,0,12,-12
凱基五股,光寶科,0,11,-11
凱基五股,00887永豐中國科技50大,0,10,-10
凱基五股,富喬,7,17,-10
凱基五股,華南金,0,10,-10
凱基五股,新日興,0,9,-9
凱基五股,台塑,6,14,-8
凱基五股,達邁,5,13,-8
凱基五股,00935野村臺灣新科技50,1,9,-8
凱基五股,昇達科,0,7,-7
凱基五股,撼訊,1,8,-7
凱基五股,台積電,0,7,-7
凱基五股,華星光,28,34,-6
凱基五股,威盛,0,6,-6
凱基五股,鴻海,2,7,-5
凱基五股,順達,13,18,-5
凱基五股,00937B群益ESG投等債20,0,5,-5
凱基五股,遠東新,0,5,-5
凱基五股,日月光投控,1,6,-5
凱基五股,創惟,0,5,-5
凱基五股,易發,0,5,-5
凱基五股,台通,0,5,-5
凱基五股,00941中信上游半導體,0,5,-5
凱基五股,頎邦,0,4,-4
凱基五股,昆盈,2,6,-4
凱基五股,盛達,0,4,-4
凱基五股,基亞,0,4,-4
凱基五股,欣銓,6,10,-4
凱基五股,TPK-KY,0,4,-4
凱基五股,聿新科,0,4,-4
凱基五股,環宇-KY,12,16,-4
凱基五股,九齊,0,4,-4
凱基五股,興能高,75,79,-4
統一竹南  ,富喬,52,4,48
統一竹南  ,能率,57,13,44
統一竹南  ,新華,33,0,33
統一竹南  ,聯電,31,6,25
統一竹南  ,00915凱基優選高股息30,13,0,13
統一竹南  ,00882中信中國高股息,10,0,10
統一竹南  ,00680L元大美債20正2,10,0,10
統一竹南  ,00948B中信優息投資級債,10,0,10
統一竹南  ,宏��,10,0,10
統一竹南  ,昇陽半導體,10,0,10
統一竹南  ,聯光通,12,3,9
統一竹南  ,中鴻,10,2,8
統一竹南  ,達邁,12,4,8
統一竹南  ,新盛力,34,26,8
統一竹南  ,台虹,7,0,7
統一竹南  ,00932兆豐永續高息等權,5,0,5
統一竹南  ,00926凱基全球菁英55,5,0,5
統一竹南  ,統一超,5,0,5
統一竹南  ,朋億*,5,0,5
統一竹南  ,廣達,6,2,4
統一竹南  ,威健,4,0,4
統一竹南  ,00637L元大滬深300正2,5,2,3
統一竹南  ,00858永豐美國500大,3,0,3
統一竹南  ,泰茂,3,0,3
統一竹南  ,統一證,6,3,3
統一竹南  ,神基,3,0,3
統一竹南  ,西勝,3,0,3
統一竹南  ,弘凱,3,0,3
統一竹南  ,GIS-KY,3,0,3
統一竹南  ,鴻海,5,2,3
統一竹南  ,00830國泰費城半導體,2,0,2
統一竹南  ,00938凱基優選30,2,0,2
統一竹南  ,00927群益半導體收益,2,0,2
統一竹南  ,00933B國泰10Y+金融債,2,0,2
統一竹南  ,00650L復華香港正2,2,0,2
統一竹南  ,00713元大台灣高息低波,2,0,2
統一竹南  ,00757統一FANG+,2,0,2
統一竹南  ,濱川,2,0,2
統一竹南  ,光罩,2,0,2
統一竹南  ,永豐金,2,0,2
統一竹南  ,今皓,2,0,2
統一竹南  ,建漢,3,1,2
統一竹南  ,眾達-KY,6,4,2
統一竹南  ,浪凡,2,0,2
統一竹南  ,晶心科,2,0,2
統一竹南  ,華景電,2,0,2
統一竹南  ,康霈*,2,0,2
統一竹南  ,中鼎,2,0,2
統一竹南  ,IKKA-KY,2,0,2
統一竹南  ,00731復華富時高息低波,2,0,2
統一竹南  ,華南金,0,50,-50
統一竹南  ,中環,0,45,-45
統一竹南  ,銘旺科,0,42,-42
統一竹南  ,愛山林,0,40,-40
統一竹南  ,台中銀,0,40,-40
統一竹南  ,00939統一台灣高息動能,0,23,-23
統一竹南  ,00936台新永續高息中小,0,23,-23
統一竹南  ,迅得,0,21,-21
統一竹南  ,00924復華S＆P500成長,0,15,-15
統一竹南  ,京元電子,0,15,-15
統一竹南  ,00922國泰台灣領袖50,0,14,-14
統一竹南  ,創惟,1,15,-14
統一竹南  ,元大高股息,2,15,-13
統一竹南  ,00692富邦公司治理,0,11,-11
統一竹南  ,立隆電,2,13,-11
統一竹南  ,00923群益台ESG低碳50,0,10,-10
統一竹南  ,力鵬,0,10,-10
統一竹南  ,第一金,0,10,-10
統一竹南  ,鈺齊-KY,0,10,-10
統一竹南  ,00965元大航太防衛科技,2,11,-9
統一竹南  ,力積電,4,13,-9
統一竹南  ,00878國泰永續高股息,1,10,-9
統一竹南  ,00919群益台灣精選高息,2,10,-8
統一竹南  ,00929復華台灣科技優息,0,7,-7
統一竹南  ,華航,2,8,-6
統一竹南  ,00675L富邦臺灣加權正2,0,5,-5
統一竹南  ,華經,0,5,-5
統一竹南  ,宏達電,25,30,-5
統一竹南  ,亞航,5,10,-5
統一竹南  ,敦泰,0,5,-5
統一竹南  ,神達,7,12,-5
統一竹南  ,今國光,0,5,-5
統一竹南  ,彰銀,0,4,-4
統一竹南  ,00885富邦越南,0,4,-4
統一竹南  ,耿鼎,1,5,-4
統一竹南  ,光寶科,0,4,-4
統一竹南  ,揚智,0,4,-4
統一竹南  ,能率網通,0,4,-4
統一竹南  ,擎亞,28,32,-4
統一竹南  ,00951台新日本半導體,0,3,-3
統一竹南  ,00911兆豐洲際半導體,0,3,-3
統一竹南  ,00898國泰基因免疫革命,0,3,-3
統一竹南  ,00897富邦基因免疫生技,0,3,-3
統一竹南  ,台達電,0,3,-3
統一竹南  ,國巨,0,3,-3
統一竹南  ,友達,1,4,-3
統一竹南  ,新鉅科,0,3,-3
統一竹南  ,正文,0,3,-3
統一竹南  ,前鼎,0,3,-3
統一竹南  ,元太,1,4,-3
康和台南,群創,58,6,52
康和台南,精英,61,11,50
康和台南,00665L富邦�琤肭磪囓�2,35,0,35
康和台南,聯電,37,5,32
康和台南,鴻海,31,4,27
康和台南,立端,23,0,23
康和台南,美亞,20,0,20
康和台南,兆利,21,1,20
康和台南,鳳凰,20,0,20
康和台南,台積電,21,4,17
康和台南,新盛力,22,7,15
康和台南,良維,21,8,13
康和台南,00891中信關鍵半導體,10,0,10
康和台南,緯創,9,0,9
康和台南,光洋科,10,1,9
康和台南,大立,9,0,9
康和台南,亞光,7,0,7
康和台南,2882B國泰金乙特,6,0,6
康和台南,達邁,14,8,6
康和台南,台玻,5,0,5
康和台南,00881國泰台灣5G+,5,0,5
康和台南,第一金,5,0,5
康和台南,00712復華富時不動產,5,0,5
康和台南,00910第一金太空衛星,5,0,5
康和台南,020033統一�琤肮黕篾,5,0,5
康和台南,聯發科,7,2,5
康和台南,皇翔,5,0,5
康和台南,五福,5,0,5
康和台南,立敦,21,16,5
康和台南,居易,5,0,5
康和台南,國產,5,0,5
康和台南,元大金,4,0,4
康和台南,00954中信日本半導體,4,0,4
康和台南,廣達,5,1,4
康和台南,國碩,4,0,4
康和台南,陽明,5,1,4
康和台南,聯光通,18,14,4
康和台南,00878國泰永續高股息,4,0,4
康和台南,昇陽半導體,3,0,3
康和台南,英業達,4,1,3
康和台南,大同,5,2,3
康和台南,正文,3,0,3
康和台南,富爾特,3,0,3
康和台南,頎邦,3,0,3
康和台南,宏齊,3,0,3
康和台南,長園科,3,0,3
康和台南,台新金,2,0,2
康和台南,00633L富邦上証正2,2,0,2
康和台南,00965元大航太防衛科技,2,0,2
康和台南,南紡,3,1,2
康和台南,國泰金,1,322,-321
康和台南,友威科,1,81,-80
康和台南,力積電,13,75,-62
康和台南,鄉林,0,54,-54
康和台南,第一保,0,40,-40
康和台南,00937B群益ESG投等債20,10,50,-40
康和台南,泰金寶-DR,0,34,-34
康和台南,華航,0,31,-31
康和台南,富喬,21,51,-30
康和台南,華南金,0,26,-26
康和台南,文曄,10,36,-26
康和台南,大成鋼,2,22,-20
康和台南,厚生,0,20,-20
康和台南,欣銓,0,18,-18
康和台南,艾訊,0,15,-15
康和台南,環宇-KY,9,23,-14
康和台南,神隆,0,12,-12
康和台南,加百裕,7,19,-12
康和台南,眾達-KY,6,17,-11
康和台南,友達,1,12,-11
康和台南,三芳,0,10,-10
康和台南,東鹼,0,10,-10
康和台南,鴻準,3,13,-10
康和台南,榮剛,0,10,-10
康和台南,佳必琪,0,10,-10
康和台南,富邦金,0,9,-9
康和台南,僑威,1,10,-9
康和台南,連展投控,7,16,-9
康和台南,00919群益台灣精選高息,2,11,-9
康和台南,中鋼,2,10,-8
康和台南,華榮,0,8,-8
康和台南,00939統一台灣高息動能,0,7,-7
康和台南,毛寶,1,8,-7
康和台南,豐藝,0,7,-7
康和台南,凱基金,0,7,-7
康和台南,亞航,1,7,-6
康和台南,憶聲,0,6,-6
康和台南,精成科,0,6,-6
康和台南,ABC-KY,0,6,-6
康和台南,00951台新日本半導體,0,5,-5
康和台南,00753L中信中國50正2,0,5,-5
康和台南,永崴投控,0,5,-5
康和台南,迅得,0,5,-5
康和台南,長華*,0,5,-5
康和台南,安集,0,5,-5
康和台南,藥華藥,0,5,-5
康和台南,玉山金,0,5,-5
康和台南,台達電,0,4,-4
康和台南,神達,19,23,-4
康和台南,00772B中信高評級公司債,0,4,-4
富邦二林,凱基金,1464,11,1453
富邦二林,泰金寶-DR,99,4,95
富邦二林,聯電,240,147,93
富邦二林,興能高,163,76,87
富邦二林,00673R期元大S＆P原油反1,102,30,72
富邦二林,00637L元大滬深300正2,64,2,62
富邦二林,力積電,111,52,59
富邦二林,00715L期街口布蘭特正2,60,15,45
富邦二林,華邦電,31,0,31
富邦二林,00937B群益ESG投等債20,28,0,28
富邦二林,緯創,27,1,26
富邦二林,菱光,26,0,26
富邦二林,00878國泰永續高股息,25,0,25
富邦二林,00887永豐中國科技50大,30,5,25
富邦二林,華晶科,28,3,25
富邦二林,連展投控,35,10,25
富邦二林,中纖,20,0,20
富邦二林,元大高股息,22,2,20
富邦二林,得力,20,0,20
富邦二林,瑞基,20,0,20
富邦二林,環宇-KY,23,3,20
富邦二林,中興電,24,5,19
富邦二林,新盛力,49,31,18
富邦二林,00919群益台灣精選高息,17,1,16
富邦二林,00680L元大美債20正2,15,0,15
富邦二林,智擎,15,0,15
富邦二林,眾達-KY,31,16,15
富邦二林,冠軍,14,1,13
富邦二林,富采,12,0,12
富邦二林,00918大華優利高填息30,11,0,11
富邦二林,海華,12,1,11
富邦二林,佰鴻,10,0,10
富邦二林,00725B國泰投資級公司債,10,0,10
富邦二林,台灣高鐵,10,0,10
富邦二林,陽程,10,0,10
富邦二林,中鼎,10,0,10
富邦二林,百和,10,0,10
富邦二林,春源,9,0,9
富邦二林,宏��,15,6,9
富邦二林,中工,9,0,9
富邦二林,亞光,23,14,9
富邦二林,立敦,9,0,9
富邦二林,廣達,8,0,8
富邦二林,亞泰,8,0,8
富邦二林,達興材料,7,0,7
富邦二林,榮成,7,1,6
富邦二林,英濟,12,6,6
富邦二林,亞矽,6,0,6
富邦二林,彩晶,6,0,6
富邦二林,迎廣,6,0,6
富邦二林,00665L富邦�琤肭磪囓�2,6,220,-214
富邦二林,00929復華台灣科技優息,0,156,-156
富邦二林,00671R富邦NASDAQ反1,0,71,-71
富邦二林,友達,3,59,-56
富邦二林,潤泰全,0,53,-53
富邦二林,神達,40,91,-51
富邦二林,欣銓,2,43,-41
富邦二林,宏達電,79,120,-41
富邦二林,00980B台新特選IG債10+,0,37,-37
富邦二林,00706L期元大S＆P日圓正2,2,30,-28
富邦二林,宏致,0,22,-22
富邦二林,精成科,2,24,-22
富邦二林,華泰,0,21,-21
富邦二林,大同,3,23,-20
富邦二林,玉山金,1,20,-19
富邦二林,00882中信中國高股息,3,21,-18
富邦二林,中石化,8,26,-18
富邦二林,00947台新臺灣IC設計,0,15,-15
富邦二林,一詮,0,15,-15
富邦二林,國泰金,0,15,-15
富邦二林,台新金,5,20,-15
富邦二林,00940元大台灣價值高息,0,14,-14
富邦二林,00911兆豐洲際半導體,0,13,-13
富邦二林,群創,2,15,-13
富邦二林,友訊,8,20,-12
富邦二林,00891中信關鍵半導體,0,12,-12
富邦二林,朋億*,0,12,-12
富邦二林,00830國泰費城半導體,0,12,-12
富邦二林,波若威,4,15,-11
富邦二林,華城,0,11,-11
富邦二林,台達電,4,14,-10
富邦二林,00922國泰台灣領袖50,0,10,-10
富邦二林,00926凱基全球菁英55,0,10,-10
富邦二林,華新,1,11,-10
富邦二林,台揚,0,10,-10
富邦二林,新興,33,43,-10
富邦二林,東元,0,9,-9
富邦二林,中鴻,0,9,-9
富邦二林,晟銘電,1,10,-9
富邦二林,日月光投控,3,12,-9
富邦二林,龍德造船,0,9,-9
富邦二林,立��,11,20,-9
富邦二林,台積電,1,10,-9
富邦二林,神基,0,8,-8
富邦二林,00675L富邦臺灣加權正2,0,8,-8
富邦二林,國建,0,8,-8
富邦二林,00881國泰台灣5G+,0,7,-7
富邦二林,00903富邦元宇宙,0,7,-7
富邦二林,00953B群益優選非投等債,3,10,-7
富邦二林,新光金,20,27,-7
 元大小港,聯電,348,28,320
 元大小港,擎亞,129,22,107
 元大小港,中鼎,60,0,60
 元大小港,中鋼,65,15,50
 元大小港,友訊,40,1,39
 元大小港,元大高股息,39,1,38
 元大小港,00937B群益ESG投等債20,24,0,24
 元大小港,中租-KY,19,0,19
 元大小港,台船,19,0,19
 元大小港,偉訓,24,5,19
 元大小港,00918大華優利高填息30,18,0,18
 元大小港,富喬,17,1,16
 元大小港,鴻海,34,19,15
 元大小港,宏齊,15,0,15
 元大小港,昇陽半導體,14,1,13
 元大小港,00637L元大滬深300正2,20,7,13
 元大小港,神達,220,208,12
 元大小港,00919群益台灣精選高息,36,24,12
 元大小港,大成鋼,13,2,11
 元大小港,台塑化,11,0,11
 元大小港,卓越,11,0,11
 元大小港,科風,10,0,10
 元大小港,東陽,11,1,10
 元大小港,中工,10,0,10
 元大小港,華容,11,1,10
 元大小港,00858永豐美國500大,10,0,10
 元大小港,聯光通,13,4,9
 元大小港,新盛力,88,79,9
 元大小港,汎銓,10,1,9
 元大小港,長榮航,28,20,8
 元大小港,台泥,8,0,8
 元大小港,00757統一FANG+,8,0,8
 元大小港,華榮,11,3,8
 元大小港,宏��,8,1,7
 元大小港,台塑,38,31,7
 元大小港,精成科,32,25,7
 元大小港,萬海,9,2,7
 元大小港,高端疫苗,9,2,7
 元大小港,00795B中信美國公債20年,7,0,7
 元大小港,立端,7,0,7
 元大小港,00882中信中國高股息,7,0,7
 元大小港,兆豐金,7,0,7
 元大小港,惠特,7,1,6
 元大小港,新建,7,1,6
 元大小港,和椿,35,29,6
 元大小港,濱川,11,5,6
 元大小港,英業達,15,9,6
 元大小港,00945B凱基美國非投等債,5,0,5
 元大小港,瑞鼎,5,0,5
 元大小港,三晃,5,0,5
 元大小港,泰金寶-DR,20,201,-181
 元大小港,00951台新日本半導體,0,131,-131
 元大小港,00922國泰台灣領袖50,0,64,-64
 元大小港,00953B群益優選非投等債,10,60,-50
 元大小港,南亞,4,53,-49
 元大小港,鴻準,3,45,-42
 元大小港,006208富邦台50,1,32,-31
 元大小港,凱基金,0,31,-31
 元大小港,00940元大台灣價值高息,2,32,-30
 元大小港,宏致,9,36,-27
 元大小港,00935野村臺灣新科技50,0,24,-24
 元大小港,旺宏,5,28,-23
 元大小港,00967B元大優息美債,0,21,-21
 元大小港,00929復華台灣科技優息,11,31,-20
 元大小港,光鋐,11,31,-20
 元大小港,00893國泰智能電動車,0,20,-20
 元大小港,華通,5,24,-19
 元大小港,00713元大台灣高息低波,0,19,-19
 元大小港,00939統一台灣高息動能,0,18,-18
 元大小港,緯創,40,57,-17
 元大小港,新光金,0,16,-16
 元大小港,群益期,0,16,-16
 元大小港,玉山金,0,16,-16
 元大小港,00965元大航太防衛科技,0,15,-15
 元大小港,群創,0,14,-14
 元大小港,廣達,9,22,-13
 元大小港,光寶科,0,13,-13
 元大小港,興能高,223,235,-12
 元大小港,台揚,3,15,-12
 元大小港,華星光,46,57,-11
 元大小港,00753L中信中國50正2,2,13,-11
 元大小港,鼎元,0,11,-11
 元大小港,中天,0,10,-10
 元大小港,00968B元大優息投等債,20,30,-10
 元大小港,系統電,1,11,-10
 元大小港,中美晶,0,10,-10
 元大小港,北基,0,10,-10
 元大小港,海華,18,28,-10
 元大小港,國泰金,0,9,-9
 元大小港,燿華,0,9,-9
 元大小港,00679B元大美債20年,15,24,-9
 元大小港,友達,10,18,-8
 元大小港,00642U期元大S＆P石油,0,8,-8
 元大小港,富邦金,1,8,-7
 元大小港,欣銓,2,9,-7
 元大小港,00905FT臺灣Smart,1,8,-7
 元大小港,伍豐,0,7,-7
 元大小港,胡連,0,7,-7
 元大小港,新興,0,7,-7
 元大小港,華南金,0,7,-7
統一土城  ,大成鋼,50,0,50
統一土城  ,00673R期元大S＆P原油反1,30,4,26
統一土城  ,富喬,27,4,23
統一土城  ,00919群益台灣精選高息,16,0,16
統一土城  ,宏達電,65,49,16
統一土城  ,00753L中信中國50正2,15,0,15
統一土城  ,昆盈,15,1,14
統一土城  ,00959B大華投等美債15Y+,10,0,10
統一土城  ,泰金寶-DR,30,20,10
統一土城  ,新應材,10,0,10
統一土城  ,中興電,10,1,9
統一土城  ,00751B元大AAA至A公司債,8,0,8
統一土城  ,群益證,8,0,8
統一土城  ,聯光通,24,17,7
統一土城  ,元大高股息,8,2,6
統一土城  ,皇昌,17,11,6
統一土城  ,濱川,6,0,6
統一土城  ,三商壽,6,0,6
統一土城  ,00878國泰永續高股息,5,0,5
統一土城  ,廣達,7,2,5
統一土城  ,00882中信中國高股息,5,0,5
統一土城  ,00637L元大滬深300正2,8,3,5
統一土城  ,永豐金,5,0,5
統一土城  ,台特化,6,1,5
統一土城  ,伊雲谷,5,0,5
統一土城  ,大世科,5,0,5
統一土城  ,鈺齊-KY,6,1,5
統一土城  ,00725B國泰投資級公司債,4,0,4
統一土城  ,光環,7,3,4
統一土城  ,聯合再生,4,0,4
統一土城  ,jpp-KY,4,0,4
統一土城  ,精成科,64,60,4
統一土城  ,佑華,4,0,4
統一土城  ,智邦,4,1,3
統一土城  ,統一證,3,0,3
統一土城  ,第一金,3,0,3
統一土城  ,加百裕,7,4,3
統一土城  ,達邁,14,11,3
統一土城  ,連展投控,12,9,3
統一土城  ,南亞科,3,1,2
統一土城  ,00670L富邦NASDAQ正2,2,0,2
統一土城  ,帆宣,2,0,2
統一土城  ,00713元大台灣高息低波,2,0,2
統一土城  ,聯成,2,0,2
統一土城  ,台化,2,0,2
統一土城  ,潤隆,2,0,2
統一土城  ,春源,2,0,2
統一土城  ,華邦電,2,0,2
統一土城  ,佳能,5,3,2
統一土城  ,超豐,2,0,2
統一土城  ,錸德,0,200,-200
統一土城  ,00887永豐中國科技50大,10,150,-140
統一土城  ,玉山金,1,48,-47
統一土城  ,力積電,10,56,-46
統一土城  ,00954中信日本半導體,0,36,-36
統一土城  ,00905FT臺灣Smart,0,31,-31
統一土城  ,00940元大台灣價值高息,0,28,-28
統一土城  ,00929復華台灣科技優息,0,22,-22
統一土城  ,保瑞,0,20,-20
統一土城  ,立積,1,20,-19
統一土城  ,聯電,425,443,-18
統一土城  ,光寶科,0,14,-14
統一土城  ,大同,4,17,-13
統一土城  ,羅昇,0,13,-13
統一土城  ,00937B群益ESG投等債20,7,20,-13
統一土城  ,凱基金,1,12,-11
統一土城  ,達興材料,1,12,-11
統一土城  ,00712復華富時不動產,0,10,-10
統一土城  ,00966B統一ESG投等債15,0,10,-10
統一土城  ,得力,0,10,-10
統一土城  ,光洋科,0,10,-10
統一土城  ,英業達,2,12,-10
統一土城  ,台中銀,0,10,-10
統一土城  ,萬旭,0,10,-10
統一土城  ,振曜,0,10,-10
統一土城  ,00687B國泰20年美債,3,13,-10
統一土城  ,00939統一台灣高息動能,0,9,-9
統一土城  ,力麗,0,9,-9
統一土城  ,萬潤,31,39,-8
統一土城  ,瑞軒,0,8,-8
統一土城  ,華晶科,0,8,-8
統一土城  ,建國,0,8,-8
統一土城  ,鴻海,3,11,-8
統一土城  ,欣銓,6,13,-7
統一土城  ,陽明,2,8,-6
統一土城  ,亞翔,3,9,-6
統一土城  ,華星光,21,26,-5
統一土城  ,00965元大航太防衛科技,0,5,-5
統一土城  ,國泰金,0,5,-5
統一土城  ,遠百,0,5,-5
統一土城  ,鈞興-KY,0,5,-5
統一土城  ,事欣科,0,5,-5
統一土城  ,和碩,0,5,-5
統一土城  ,006208富邦台50,2,7,-5
統一土城  ,台積電,3,7,-4
統一土城  ,宏洲,0,4,-4
統一土城  ,可成,0,4,-4
統一土城  ,星宇航空,0,4,-4
統一土城  ,華盈,0,4,-4
統一土城  ,00918大華優利高填息30,2,6,-4
永豐員林,聯電,103,10,93
永豐員林,00633L富邦上証正2,70,0,70
永豐員林,永豐金,56,0,56
永豐員林,新盛力,51,12,39
永豐員林,00891中信關鍵半導體,32,0,32
永豐員林,百和,31,0,31
永豐員林,長榮航,36,7,29
永豐員林,順達,39,15,24
永豐員林,百和興業-KY,16,0,16
永豐員林,昇達科,17,1,16
永豐員林,矽統,15,0,15
永豐員林,瑞耘,15,0,15
永豐員林,大地-KY,15,0,15
永豐員林,合一,14,0,14
永豐員林,力積電,38,26,12
永豐員林,00858永豐美國500大,11,0,11
永豐員林,00950B凱基A級公司債,10,0,10
永豐員林,聯華,10,0,10
永豐員林,中石化,10,0,10
永豐員林,00637L元大滬深300正2,19,10,9
永豐員林,00940元大台灣價值高息,14,5,9
永豐員林,00937B群益ESG投等債20,8,0,8
永豐員林,00650L復華香港正2,48,40,8
永豐員林,新纖,8,0,8
永豐員林,台耀,8,0,8
永豐員林,乙盛-KY,8,0,8
永豐員林,光聖,8,0,8
永豐員林,聯合再生,7,0,7
永豐員林,萬海,7,0,7
永豐員林,泰金寶-DR,8,1,7
永豐員林,00960野村全球航運龍頭,6,0,6
永豐員林,台汽電,6,0,6
永豐員林,00674R期元大S＆P黃金反1,6,0,6
永豐員林,00959B大華投等美債15Y+,6,0,6
永豐員林,金寶,39,33,6
永豐員林,友勁,6,0,6
永豐員林,中鼎,6,0,6
永豐員林,華邦電,23,18,5
永豐員林,系微,5,0,5
永豐員林,00688L國泰20年美債正2,5,0,5
永豐員林,00753L中信中國50正2,5,0,5
永豐員林,00725B國泰投資級公司債,5,0,5
永豐員林,達邁,12,7,5
永豐員林,寶緯,5,0,5
永豐員林,力智,6,1,5
永豐員林,緯創,9,5,4
永豐員林,00713元大台灣高息低波,4,0,4
永豐員林,00918大華優利高填息30,4,0,4
永豐員林,統一超,4,0,4
永豐員林,00947台新臺灣IC設計,4,0,4
永豐員林,00680L元大美債20正2,0,210,-210
永豐員林,華航,10,104,-94
永豐員林,00878國泰永續高股息,8,100,-92
永豐員林,00887永豐中國科技50大,4,91,-87
永豐員林,00929復華台灣科技優息,0,73,-73
永豐員林,力成,5,59,-54
永豐員林,皇翔,0,43,-43
永豐員林,00922國泰台灣領袖50,0,40,-40
永豐員林,正達,2,42,-40
永豐員林,擎亞,3,43,-40
永豐員林,00948B中信優息投資級債,1,35,-34
永豐員林,00958B永豐ESG銀行債15,0,31,-31
永豐員林,00712復華富時不動產,0,27,-27
永豐員林,王品,0,25,-25
永豐員林,大同,1,26,-25
永豐員林,事欣科,0,22,-22
永豐員林,神達,17,36,-19
永豐員林,00951台新日本半導體,1,20,-19
永豐員林,華星光,24,43,-19
永豐員林,00941中信上游半導體,0,17,-17
永豐員林,00915凱基優選高股息30,0,17,-17
永豐員林,日月光投控,1,17,-16
永豐員林,00965元大航太防衛科技,0,15,-15
永豐員林,鈺齊-KY,0,11,-11
永豐員林,聯光通,10,21,-11
永豐員林,合晶,0,11,-11
永豐員林,國喬,0,10,-10
永豐員林,南茂,0,10,-10
永豐員林,台積電,1,11,-10
永豐員林,啟��,0,10,-10
永豐員林,漢翔,0,9,-9
永豐員林,晶睿,0,8,-8
永豐員林,00881國泰台灣5G+,0,8,-8
永豐員林,00895富邦未來車,2,10,-8
永豐員林,華通,1,9,-8
永豐員林,長榮航太,0,8,-8
永豐員林,弘凱,0,8,-8
永豐員林,訊達,5,13,-8
永豐員林,興能高,18,26,-8
永豐員林,00919群益台灣精選高息,1,8,-7
永豐員林,006208富邦台50,3,10,-7
永豐員林,友訊,3,10,-7
永豐員林,富采,3,10,-7
永豐員林,高鋒,0,7,-7
永豐員林,富喬,12,19,-7
永豐員林,旺宏,4,11,-7
永豐員林,正隆,0,7,-7
永豐員林,長榮,1,7,-6
永豐員林,00905FT臺灣Smart,0,6,-6
永豐員林,凱基金,11,17,-6
聯邦嘉義,00637L元大滬深300正2,35,0,35
聯邦嘉義,911868同方友友-DR,15,0,15
聯邦嘉義,00918大華優利高填息30,14,0,14
聯邦嘉義,富喬,15,1,14
聯邦嘉義,聯電,14,2,12
聯邦嘉義,00919群益台灣精選高息,12,0,12
聯邦嘉義,中信金,11,0,11
聯邦嘉義,00948B中信優息投資級債,10,0,10
聯邦嘉義,00632R元大台灣50反1,10,0,10
聯邦嘉義,茂矽,7,0,7
聯邦嘉義,華紙,6,0,6
聯邦嘉義,00753L中信中國50正2,5,0,5
聯邦嘉義,金寶,5,0,5
聯邦嘉義,聯光通,5,0,5
聯邦嘉義,和椿,8,3,5
聯邦嘉義,00910第一金太空衛星,5,0,5
聯邦嘉義,遠百,4,0,4
聯邦嘉義,大成鋼,4,0,4
聯邦嘉義,中纖,3,0,3
聯邦嘉義,00633L富邦上証正2,3,0,3
聯邦嘉義,福懋油,3,0,3
聯邦嘉義,聯成,3,0,3
聯邦嘉義,英業達,4,1,3
聯邦嘉義,智原,3,0,3
聯邦嘉義,玉晶光,3,0,3
聯邦嘉義,大眾控,3,0,3
聯邦嘉義,00915凱基優選高股息30,2,0,2
聯邦嘉義,00752中信中國50,2,0,2
聯邦嘉義,00687B國泰20年美債,2,0,2
聯邦嘉義,兆豐金,2,0,2
聯邦嘉義,銘異,2,0,2
聯邦嘉義,達邁,3,1,2
聯邦嘉義,世坤,2,0,2
聯邦嘉義,IET-KY,2,0,2
聯邦嘉義,沛波,2,0,2
聯邦嘉義,立��,2,0,2
聯邦嘉義,00713元大台灣高息低波,2,0,2
聯邦嘉義,興能高,17,16,1
聯邦嘉義,創惟,1,0,1
聯邦嘉義,奇鋐,1,0,1
聯邦嘉義,00878國泰永續高股息,1,0,1
聯邦嘉義,台化,1,0,1
聯邦嘉義,中鋼,1,0,1
聯邦嘉義,合機,1,0,1
聯邦嘉義,00900富邦特選高股息30,1,0,1
聯邦嘉義,00881國泰台灣5G+,1,0,1
聯邦嘉義,00930永豐ESG低碳高息,1,0,1
聯邦嘉義,00927群益半導體收益,1,0,1
聯邦嘉義,00665L富邦�琤肭磪囓�2,1,0,1
聯邦嘉義,南港,1,0,1
聯邦嘉義,台新金,0,55,-55
聯邦嘉義,凱基金,0,26,-26
聯邦嘉義,官田鋼,0,20,-20
聯邦嘉義,00945B凱基美國非投等債,4,16,-12
聯邦嘉義,彰銀,0,10,-10
聯邦嘉義,泰金寶-DR,0,10,-10
聯邦嘉義,群創,0,9,-9
聯邦嘉義,宏達電,14,20,-6
聯邦嘉義,國碩,0,5,-5
聯邦嘉義,佰鴻,3,8,-5
聯邦嘉義,連展投控,0,5,-5
聯邦嘉義,聯邦銀,0,5,-5
聯邦嘉義,新光鋼,0,4,-4
聯邦嘉義,00692富邦公司治理,0,4,-4
聯邦嘉義,友達,0,4,-4
聯邦嘉義,萬企,0,4,-4
聯邦嘉義,神達,6,10,-4
聯邦嘉義,元晶,0,4,-4
聯邦嘉義,力積電,9,13,-4
聯邦嘉義,台積電,1,4,-3
聯邦嘉義,00940元大台灣價值高息,0,3,-3
聯邦嘉義,00638R元大滬深300反1,0,3,-3
聯邦嘉義,長榮航,0,3,-3
聯邦嘉義,華晶科,0,3,-3
聯邦嘉義,霖宏,2,5,-3
聯邦嘉義,元大台灣50,0,2,-2
聯邦嘉義,吉茂,0,2,-2
聯邦嘉義,中化生,0,2,-2
聯邦嘉義,00951台新日本半導體,0,2,-2
聯邦嘉義,仁寶,0,2,-2
聯邦嘉義,漢翔,0,2,-2
聯邦嘉義,國泰金,0,2,-2
聯邦嘉義,玉山金,0,2,-2
聯邦嘉義,僑威,1,3,-2
聯邦嘉義,景碩,5,7,-2
聯邦嘉義,順達,5,7,-2
聯邦嘉義,宏致,2,4,-2
聯邦嘉義,臻鼎-KY,0,2,-2
聯邦嘉義,中菲,0,2,-2
聯邦嘉義,居易,0,2,-2
聯邦嘉義,良維,2,4,-2
聯邦嘉義,澤米,0,2,-2
聯邦嘉義,台灣虎航,0,2,-2
聯邦嘉義,南電,0,2,-2
聯邦嘉義,鴻準,5,7,-2
聯邦嘉義,緯創,4,6,-2
聯邦嘉義,鴻海,0,2,-2
聯邦嘉義,006208富邦台50,0,1,-1
聯邦嘉義,台達電,0,1,-1
聯邦嘉義,亞翔,0,1,-1
凱基三多,00857B永豐20年美公債,100,0,100
凱基三多,華建,94,0,94
凱基三多,長榮航,32,4,28
凱基三多,華通,23,0,23
凱基三多,緯創,22,6,16
凱基三多,IKKA-KY,12,1,11
凱基三多,00673R期元大S＆P原油反1,10,0,10
凱基三多,00638R元大滬深300反1,10,0,10
凱基三多,00895富邦未來車,10,0,10
凱基三多,勝德,8,0,8
凱基三多,聯電,10,3,7
凱基三多,鴻海,9,2,7
凱基三多,能率,7,0,7
凱基三多,鈺齊-KY,20,13,7
凱基三多,00919群益台灣精選高息,9,3,6
凱基三多,新盛力,9,3,6
凱基三多,國統,6,0,6
凱基三多,00858永豐美國500大,6,0,6
凱基三多,聯鈞,13,7,6
凱基三多,00757統一FANG+,6,1,5
凱基三多,00881國泰台灣5G+,5,0,5
凱基三多,台塑,10,5,5
凱基三多,台化,6,1,5
凱基三多,慧洋-KY,5,0,5
凱基三多,長科*,5,0,5
凱基三多,元太,5,0,5
凱基三多,英業達,5,1,4
凱基三多,富喬,6,2,4
凱基三多,泰茂,4,0,4
凱基三多,微星,4,0,4
凱基三多,華新科,4,0,4
凱基三多,加百裕,4,0,4
凱基三多,環宇-KY,6,2,4
凱基三多,00655L國泰中國A50正2,3,0,3
凱基三多,精英,3,0,3
凱基三多,聯合再生,3,0,3
凱基三多,聯光通,4,1,3
凱基三多,中光電,5,2,3
凱基三多,富威電力,3,0,3
凱基三多,長華*,4,1,3
凱基三多,00918大華優利高填息30,2,0,2
凱基三多,大成鋼,3,1,2
凱基三多,台新金,2,0,2
凱基三多,昇陽半導體,2,0,2
凱基三多,中租-KY,2,0,2
凱基三多,00910第一金太空衛星,2,0,2
凱基三多,00680L元大美債20正2,2,0,2
凱基三多,00915凱基優選高股息30,4,2,2
凱基三多,南僑,2,0,2
凱基三多,彰源,2,0,2
凱基三多,00980B台新特選IG債10+,30,132,-102
凱基三多,建大,0,47,-47
凱基三多,力積電,4,48,-44
凱基三多,元大高股息,17,52,-35
凱基三多,00637L元大滬深300正2,0,22,-22
凱基三多,新光金,0,20,-20
凱基三多,台積電,4,23,-19
凱基三多,宏達電,16,32,-16
凱基三多,和潤企業,0,13,-13
凱基三多,國泰金,0,11,-11
凱基三多,00971野村美國研發龍頭,0,10,-10
凱基三多,00934中信成長高股息,0,10,-10
凱基三多,中石化,0,10,-10
凱基三多,華新,0,10,-10
凱基三多,麗清,0,10,-10
凱基三多,玖鼎電力,0,10,-10
凱基三多,00690兆豐藍籌30,0,8,-8
凱基三多,三商壽,0,8,-8
凱基三多,00631L元大台灣50正2,0,5,-5
凱基三多,華星光,31,36,-5
凱基三多,00720B元大投資級公司債,0,5,-5
凱基三多,00887永豐中國科技50大,0,5,-5
凱基三多,國喬,0,5,-5
凱基三多,三陽工業,0,5,-5
凱基三多,華南金,0,5,-5
凱基三多,宏致,1,6,-5
凱基三多,海華,1,6,-5
凱基三多,金橋,0,5,-5
凱基三多,立敦,1,6,-5
凱基三多,泰金寶-DR,0,5,-5
凱基三多,禾伸堂,0,5,-5
凱基三多,泰谷,0,5,-5
凱基三多,大亞,0,5,-5
凱基三多,006208富邦台50,0,5,-5
凱基三多,00940元大台灣價值高息,0,4,-4
凱基三多,佳格,0,4,-4
凱基三多,建漢,0,4,-4
凱基三多,虹冠電,0,4,-4
凱基三多,瀚宇博,0,4,-4
凱基三多,日月光投控,0,3,-3
凱基三多,00947台新臺灣IC設計,0,3,-3
凱基三多,00929復華台灣科技優息,0,3,-3
凱基三多,漢唐,0,3,-3
凱基三多,愛山林,0,3,-3
凱基三多,雲品,0,3,-3
凱基三多,凱基金,0,3,-3
凱基三多,中信金,0,3,-3
凱基三多,前鼎,1,4,-3
凱基三多,錼創科技-KY創,0,3,-3
凱基三多,大成,0,3,-3
 元大苑裡,王道銀行,201,0,201
 元大苑裡,聯電,77,5,72
 元大苑裡,00948B中信優息投資級債,61,0,61
 元大苑裡,耿鼎,60,0,60
 元大苑裡,中再保,30,0,30
 元大苑裡,00878國泰永續高股息,47,18,29
 元大苑裡,中鋼,39,9,30
 元大苑裡,00637L元大滬深300正2,28,1,27
 元大苑裡,00935野村臺灣新科技50,28,1,27
 元大苑裡,00753L中信中國50正2,20,0,20
 元大苑裡,00919群益台灣精選高息,19,3,16
 元大苑裡,達邁,29,15,14
 元大苑裡,00915凱基優選高股息30,13,0,13
 元大苑裡,00937B群益ESG投等債20,13,0,13
 元大苑裡,南亞科,13,1,12
 元大苑裡,合機,13,2,11
 元大苑裡,聯上發,11,0,11
 元大苑裡,立敦,37,26,11
 元大苑裡,亞光,13,3,10
 元大苑裡,00891中信關鍵半導體,10,0,10
 元大苑裡,00642U期元大S＆P石油,10,0,10
 元大苑裡,00664R國泰臺灣加權反1,10,0,10
 元大苑裡,台塑,12,2,10
 元大苑裡,雷虎,12,2,10
 元大苑裡,元大高股息,10,1,9
 元大苑裡,南亞,17,9,8
 元大苑裡,欣興,9,2,7
 元大苑裡,00679B元大美債20年,6,0,6
 元大苑裡,威致,6,0,6
 元大苑裡,圓剛,7,1,6
 元大苑裡,立��,9,3,6
 元大苑裡,00881國泰台灣5G+,7,2,5
 元大苑裡,事欣科,5,0,5
 元大苑裡,力麗,5,0,5
 元大苑裡,力鵬,5,0,5
 元大苑裡,台揚,5,0,5
 元大苑裡,皇昌,16,11,5
 元大苑裡,勝德,5,0,5
 元大苑裡,長虹,5,0,5
 元大苑裡,欣技,5,0,5
 元大苑裡,富威電力,5,0,5
 元大苑裡,00918大華優利高填息30,4,0,4
 元大苑裡,00632R元大台灣50反1,4,0,4
 元大苑裡,00680L元大美債20正2,4,0,4
 元大苑裡,順德,4,0,4
 元大苑裡,宏��,4,0,4
 元大苑裡,緯創,21,17,4
 元大苑裡,聯鈞,39,35,4
 元大苑裡,啟��,4,0,4
 元大苑裡,昇陽半導體,5,1,4
 元大苑裡,聯合再生,11,200,-189
 元大苑裡,00965元大航太防衛科技,0,94,-94
 元大苑裡,00940元大台灣價值高息,0,64,-64
 元大苑裡,00951台新日本半導體,0,42,-42
 元大苑裡,神達,48,87,-39
 元大苑裡,陽明,7,42,-35
 元大苑裡,00887永豐中國科技50大,0,35,-35
 元大苑裡,00971野村美國研發龍頭,0,33,-33
 元大苑裡,華榮,0,30,-30
 元大苑裡,凱基金,0,30,-30
 元大苑裡,嘉威,0,30,-30
 元大苑裡,00922國泰台灣領袖50,3,23,-20
 元大苑裡,炎洲,0,20,-20
 元大苑裡,00900富邦特選高股息30,1,20,-19
 元大苑裡,昇達科,5,24,-19
 元大苑裡,00877復華中國5G,0,16,-16
 元大苑裡,錸德,0,16,-16
 元大苑裡,澤米,0,15,-15
 元大苑裡,憶聲,0,15,-15
 元大苑裡,富喬,15,29,-14
 元大苑裡,台積電,1,15,-14
 元大苑裡,鴻準,14,27,-13
 元大苑裡,立隆電,4,17,-13
 元大苑裡,中磊,0,12,-12
 元大苑裡,友輝,0,11,-11
 元大苑裡,新光金,0,11,-11
 元大苑裡,聯光通,6,16,-10
 元大苑裡,00929復華台灣科技優息,1,11,-10
 元大苑裡,岱宇,0,10,-10
 元大苑裡,和椿,24,34,-10
 元大苑裡,鈞寶,0,8,-8
 元大苑裡,瑞築,0,8,-8
 元大苑裡,富邦金,4,12,-8
 元大苑裡,亞翔,7,14,-7
 元大苑裡,00901永豐智能車供應鏈,0,7,-7
 元大苑裡,國喬,0,7,-7
 元大苑裡,IKKA-KY,0,7,-7
 元大苑裡,友訊,5,12,-7
 元大苑裡,欣銓,15,22,-7
 元大苑裡,鴻海,6,13,-7
 元大苑裡,廣達,1,8,-7
 元大苑裡,華晶科,2,8,-6
 元大苑裡,喬山,0,6,-6
 元大苑裡,宏致,7,13,-6
 元大苑裡,環宇-KY,8,14,-6
 元大苑裡,威盛,1,6,-5
 元大苑裡,一詮,1,6,-5
 元大苑裡,華南金,0,5,-5
 元大苑裡,建達,3,8,-5
 元大苑裡,金麗-KY,0,5,-5
富邦嘉義,力積電,410,225,185
富邦嘉義,聯電,248,75,173
富邦嘉義,00959B大華投等美債15Y+,156,0,156
富邦嘉義,神達,316,207,109
富邦嘉義,00751B元大AAA至A公司債,122,13,109
富邦嘉義,00891中信關鍵半導體,94,17,77
富邦嘉義,00878國泰永續高股息,81,14,67
富邦嘉義,00671R富邦NASDAQ反1,65,0,65
富邦嘉義,00937B群益ESG投等債20,70,9,61
富邦嘉義,昇達科,79,18,61
富邦嘉義,立敦,111,59,52
富邦嘉義,00637L元大滬深300正2,81,34,47
富邦嘉義,皇昌,90,43,47
富邦嘉義,亞航,51,4,47
富邦嘉義,億泰,60,15,45
富邦嘉義,元大高股息,83,41,42
富邦嘉義,00632R元大台灣50反1,49,12,37
富邦嘉義,泰金寶-DR,52,15,37
富邦嘉義,00919群益台灣精選高息,98,63,35
富邦嘉義,00864B中信美國公債0-1,34,0,34
富邦嘉義,00655L國泰中國A50正2,33,0,33
富邦嘉義,台揚,38,6,32
富邦嘉義,聯合再生,29,0,29
富邦嘉義,00909國泰數位支付服務,30,2,28
富邦嘉義,驊訊,27,0,27
富邦嘉義,新光金,123,101,22
富邦嘉義,華新,25,4,21
富邦嘉義,臺企銀,21,0,21
富邦嘉義,中光電,34,14,20
富邦嘉義,龍邦,20,0,20
富邦嘉義,00882中信中國高股息,35,15,20
富邦嘉義,彬台,40,20,20
富邦嘉義,緯創,51,31,20
富邦嘉義,00918大華優利高填息30,31,12,19
富邦嘉義,台塑化,20,2,18
富邦嘉義,興能高,566,548,18
富邦嘉義,中鋼,25,8,17
富邦嘉義,00858永豐美國500大,17,0,17
富邦嘉義,連展投控,35,18,17
富邦嘉義,00953B群益優選非投等債,23,6,17
富邦嘉義,台泥,25,9,16
富邦嘉義,旺宏,19,4,15
富邦嘉義,強生,15,0,15
富邦嘉義,高鋒,17,3,14
富邦嘉義,華晶科,14,1,13
富邦嘉義,大成鋼,21,8,13
富邦嘉義,00753L中信中國50正2,12,0,12
富邦嘉義,永豐金,12,0,12
富邦嘉義,00706L期元大S＆P日圓正2,27,15,12
富邦嘉義,台玻,11,0,11
富邦嘉義,00948B中信優息投資級債,7,865,-858
富邦嘉義,三商壽,156,431,-275
富邦嘉義,群創,111,380,-269
富邦嘉義,台塑,17,256,-239
富邦嘉義,00929復華台灣科技優息,0,207,-207
富邦嘉義,00665L富邦�琤肭磪囓�2,0,196,-196
富邦嘉義,00679B元大美債20年,4,131,-127
富邦嘉義,精成科,10,126,-116
富邦嘉義,00954中信日本半導體,0,78,-78
富邦嘉義,00633L富邦上証正2,8,80,-72
富邦嘉義,海華,5,69,-64
富邦嘉義,00881國泰台灣5G+,12,76,-64
富邦嘉義,00650L復華香港正2,5,68,-63
富邦嘉義,凱基金,10,72,-62
富邦嘉義,中鴻,0,61,-61
富邦嘉義,00680L元大美債20正2,0,60,-60
富邦嘉義,友達,10,69,-59
富邦嘉義,00905FT臺灣Smart,4,62,-58
富邦嘉義,鴻海,528,585,-57
富邦嘉義,中工,0,55,-55
富邦嘉義,陽明,8,61,-53
富邦嘉義,00892富邦台灣半導體,0,51,-51
富邦嘉義,大立光,2,53,-51
富邦嘉義,富邦金,7,51,-44
富邦嘉義,和椿,115,152,-37
富邦嘉義,00715L期街口布蘭特正2,0,36,-36
富邦嘉義,宏致,68,100,-32
富邦嘉義,第一保,0,30,-30
富邦嘉義,006208富邦台50,3,31,-28
富邦嘉義,富喬,14,40,-26
富邦嘉義,中信金,2,27,-25
富邦嘉義,維熹,5,30,-25
富邦嘉義,長榮航,3,27,-24
富邦嘉義,寒舍,0,23,-23
富邦嘉義,華航,0,22,-22
富邦嘉義,中環,0,21,-21
富邦嘉義,00922國泰台灣領袖50,13,34,-21
富邦嘉義,憶聲,0,20,-20
富邦嘉義,巧新,0,20,-20
富邦嘉義,南亞,1,21,-20
富邦嘉義,星宇航空,2,21,-19
富邦嘉義,00932兆豐永續高息等權,0,18,-18
富邦嘉義,00900富邦特選高股息30,0,18,-18
富邦嘉義,00930永豐ESG低碳高息,0,17,-17
富邦嘉義,台嘉碩,3,20,-17
富邦嘉義,宏達電,127,142,-15
富邦嘉義,00965元大航太防衛科技,0,15,-15
富邦嘉義,環宇-KY,364,378,-14
富邦嘉義,冠德,1,15,-14
富邦嘉義,台積電,13,26,-13
 元大鳳中,00687B國泰20年美債,155,4,151
 元大鳳中,聯電,162,19,143
 元大鳳中,00720B元大投資級公司債,100,0,100
 元大鳳中,00937B群益ESG投等債20,76,2,74
 元大鳳中,00918大華優利高填息30,53,7,46
 元大鳳中,元大高股息,55,22,33
 元大鳳中,00795B中信美國公債20年,30,0,30
 元大鳳中,中石化,20,0,20
 元大鳳中,中鋼,25,6,19
 元大鳳中,凱基金,31,15,16
 元大鳳中,立敦,79,64,15
 元大鳳中,兆豐金,17,2,15
 元大鳳中,前鼎,25,15,10
 元大鳳中,山林水,10,0,10
 元大鳳中,美德醫療-DR,10,0,10
 元大鳳中,欣興,15,6,9
 元大鳳中,佳能,36,27,9
 元大鳳中,00945B凱基美國非投等債,8,0,8
 元大鳳中,00637L元大滬深300正2,10,2,8
 元大鳳中,台泥,8,0,8
 元大鳳中,廣達,10,3,7
 元大鳳中,00960野村全球航運龍頭,7,0,7
 元大鳳中,00712復華富時不動產,7,0,7
 元大鳳中,系統電,8,1,7
 元大鳳中,京元電子,7,1,6
 元大鳳中,亞信,6,0,6
 元大鳳中,立��,9,3,6
 元大鳳中,台玻,6,0,6
 元大鳳中,鴻華先進-創,6,0,6
 元大鳳中,昇陽半導體,10,5,5
 元大鳳中,00632R元大台灣50反1,20,15,5
 元大鳳中,00882中信中國高股息,5,0,5
 元大鳳中,慧洋-KY,5,0,5
 元大鳳中,湧德,5,0,5
 元大鳳中,昆盈,6,1,5
 元大鳳中,台郡,5,0,5
 元大鳳中,農林,5,0,5
 元大鳳中,東隆興,5,0,5
 元大鳳中,台灣大,5,0,5
 元大鳳中,熱映,6,1,5
 元大鳳中,旺宏,4,0,4
 元大鳳中,00933B國泰10Y+金融債,4,0,4
 元大鳳中,彬台,6,2,4
 元大鳳中,合庫金,4,0,4
 元大鳳中,金山電,7,3,4
 元大鳳中,00725B國泰投資級公司債,4,0,4
 元大鳳中,宇智,4,0,4
 元大鳳中,加百裕,19,15,4
 元大鳳中,和椿,28,24,4
 元大鳳中,00915凱基優選高股息30,5,2,3
 元大鳳中,00965元大航太防衛科技,20,274,-254
 元大鳳中,00940元大台灣價值高息,3,65,-62
 元大鳳中,00951台新日本半導體,0,52,-52
 元大鳳中,三商壽,0,50,-50
 元大鳳中,00675L富邦臺灣加權正2,3,50,-47
 元大鳳中,力積電,57,103,-46
 元大鳳中,00850元大臺灣ESG永續,0,43,-43
 元大鳳中,中信金,0,39,-39
 元大鳳中,00929復華台灣科技優息,7,40,-33
 元大鳳中,波若威,95,127,-32
 元大鳳中,廣明,1,23,-22
 元大鳳中,00680L元大美債20正2,0,21,-21
 元大鳳中,中鴻,0,20,-20
 元大鳳中,00878國泰永續高股息,16,36,-20
 元大鳳中,燿華,0,19,-19
 元大鳳中,00887永豐中國科技50大,0,17,-17
 元大鳳中,宏致,6,23,-17
 元大鳳中,富邦金,6,23,-17
 元大鳳中,00830國泰費城半導體,0,16,-16
 元大鳳中,00923群益台ESG低碳50,0,16,-16
 元大鳳中,玉山金,1,17,-16
 元大鳳中,00701國泰股利精選30,0,15,-15
 元大鳳中,台揚,5,20,-15
 元大鳳中,宏達電,333,348,-15
 元大鳳中,事欣科,2,16,-14
 元大鳳中,日月光投控,4,18,-14
 元大鳳中,00924復華S＆P500成長,0,13,-13
 元大鳳中,元大台灣50,0,11,-11
 元大鳳中,台積電,4,15,-11
 元大鳳中,新光金,0,11,-11
 元大鳳中,00885富邦越南,0,11,-11
 元大鳳中,日電貿,0,11,-11
 元大鳳中,00757統一FANG+,0,11,-11
 元大鳳中,立德,0,10,-10
 元大鳳中,泰金寶-DR,12,22,-10
 元大鳳中,穩懋,0,10,-10
 元大鳳中,橋椿,0,10,-10
 元大鳳中,台富,0,10,-10
 元大鳳中,長榮航太,9,19,-10
 元大鳳中,國化,0,10,-10
 元大鳳中,00927群益半導體收益,6,16,-10
 元大鳳中,00679B元大美債20年,10,20,-10
 元大鳳中,瑞軒,0,9,-9
 元大鳳中,友訊,1,10,-9
 元大鳳中,達邁,11,19,-8
 元大鳳中,00640L富邦日本正2,0,8,-8
 元大鳳中,00635U期元大S＆P黃金,0,8,-8
 元大鳳中,長榮航,1,9,-8
 元大鳳中,00631L元大台灣50正2,0,7,-7
 元大鳳中,國泰金,0,7,-7
大    展,富喬,442,3,439
大    展,00945B凱基美國非投等債,200,0,200
大    展,00637L元大滬深300正2,123,21,102
大    展,元大台灣50,103,4,99
大    展,00882中信中國高股息,80,0,80
大    展,精成科,52,0,52
大    展,晟銘電,40,2,38
大    展,中信金,138,103,35
大    展,神達,67,43,24
大    展,技嘉,23,0,23
大    展,緯創,25,3,22
大    展,泰山,20,0,20
大    展,環宇-KY,59,40,19
大    展,聯電,35,18,17
大    展,立敦,42,26,16
大    展,奇鋐,17,3,14
大    展,群益證,14,0,14
大    展,振曜,10,0,10
大    展,00915凱基優選高股息30,10,0,10
大    展,00703台新MSCI中國,10,0,10
大    展,00665L富邦�琤肭磪囓�2,20,10,10
大    展,00633L富邦上証正2,14,4,10
大    展,堤維西,10,0,10
大    展,美律,10,0,10
大    展,友輝,10,0,10
大    展,華星光,32,22,10
大    展,尚凡*,10,0,10
大    展,矽格,10,0,10
大    展,洋基工程,10,0,10
大    展,00632R元大台灣50反1,7,0,7
大    展,全球傳動,7,0,7
大    展,日電貿,8,2,6
大    展,欣興,13,7,6
大    展,波若威,14,8,6
大    展,玉晶光,6,0,6
大    展,達興材料,7,1,6
大    展,力成,6,0,6
大    展,啟��,6,0,6
大    展,力積電,23,17,6
大    展,得力,5,0,5
大    展,立��,5,0,5
大    展,00878國泰永續高股息,5,0,5
大    展,00719B元大美債1-3,5,0,5
大    展,泰茂,5,0,5
大    展,為升,5,0,5
大    展,統一證,5,0,5
大    展,永豐金,5,0,5
大    展,建漢,13,8,5
大    展,驊訊,5,0,5
大    展,訊芯-KY,5,0,5
大    展,00687B國泰20年美債,0,301,-301
大    展,00679B元大美債20年,38,200,-162
大    展,名軒,0,71,-71
大    展,台化,0,50,-50
大    展,欣銓,6,56,-50
大    展,立隆電,1,50,-49
大    展,玉山金,0,41,-41
大    展,新盛力,9,44,-35
大    展,長榮,0,32,-32
大    展,鈺齊-KY,2,32,-30
大    展,大同,0,27,-27
大    展,精材,0,25,-25
大    展,華南金,0,23,-23
大    展,國泰金,0,22,-22
大    展,南茂,0,21,-21
大    展,光洋科,0,20,-20
大    展,士開,0,20,-20
大    展,廣宇,4,21,-17
大    展,第一保,0,15,-15
大    展,科誠,0,15,-15
大    展,久元,1,15,-14
大    展,00929復華台灣科技優息,0,13,-13
大    展,神基,0,12,-12
大    展,00670L富邦NASDAQ正2,0,12,-12
大    展,雷虎,0,12,-12
大    展,京元電子,1,11,-10
大    展,全新,2,12,-10
大    展,聰泰,0,10,-10
大    展,彩晶,0,10,-10
大    展,元太,0,10,-10
大    展,新光金,2,11,-9
大    展,艾訊,1,10,-9
大    展,高技,0,9,-9
大    展,萬潤,1,10,-9
大    展,南亞,2,11,-9
大    展,燿華,0,8,-8
大    展,宏達電,8,15,-7
大    展,廣達,6,13,-7
大    展,新應材,0,7,-7
大    展,承啟,0,6,-6
大    展,日勝生,0,6,-6
大    展,群創,0,6,-6
大    展,柏騰,0,6,-6
大    展,宏齊,0,6,-6
大    展,正崴,0,5,-5
大    展,富邦金,5,10,-5
大    展,達邁,62,67,-5
大    展,精誠,1,6,-5
大    展,北基,0,5,-5
大    展,泰金寶-DR,5,10,-5
凱基土城,00937B群益ESG投等債20,101,0,101
凱基土城,聯電,103,10,93
凱基土城,兆豐金,92,10,82
凱基土城,00924復華S＆P500成長,25,0,25
凱基土城,台玻,23,0,23
凱基土城,英業達,24,4,20
凱基土城,橘子,19,0,19
凱基土城,長榮,20,2,18
凱基土城,00953B群益優選非投等債,17,0,17
凱基土城,00915凱基優選高股息30,13,0,13
凱基土城,金寶,16,3,13
凱基土城,00637L元大滬深300正2,11,0,11
凱基土城,興能高,34,23,11
凱基土城,臺企銀,11,0,11
凱基土城,00926凱基全球菁英55,10,0,10
凱基土城,00753L中信中國50正2,10,0,10
凱基土城,東陽,10,0,10
凱基土城,光環,12,2,10
凱基土城,台新藥,9,0,9
凱基土城,台塑,11,3,8
凱基土城,廣宇,7,0,7
凱基土城,達邁,8,1,7
凱基土城,00770國泰北美科技,6,0,6
凱基土城,00633L富邦上証正2,8,2,6
凱基土城,聯光通,6,0,6
凱基土城,00940元大台灣價值高息,11,6,5
凱基土城,00638R元大滬深300反1,5,0,5
凱基土城,所羅門,5,0,5
凱基土城,光群雷,5,0,5
凱基土城,冠德,5,0,5
凱基土城,聯鈞,24,19,5
凱基土城,00713元大台灣高息低波,6,2,4
凱基土城,00706L期元大S＆P日圓正2,4,0,4
凱基土城,大成鋼,7,3,4
凱基土城,正德,4,0,4
凱基土城,日電貿,4,0,4
凱基土城,神達,30,26,4
凱基土城,宜鼎,4,0,4
凱基土城,萬潤,4,0,4
凱基土城,南茂,31,27,4
凱基土城,台泥,5,2,3
凱基土城,聯合再生,3,0,3
凱基土城,欣興,7,4,3
凱基土城,玉晶光,3,0,3
凱基土城,00927群益半導體收益,3,0,3
凱基土城,00922國泰台灣領袖50,3,0,3
凱基土城,訊舟,3,0,3
凱基土城,彬台,3,0,3
凱基土城,群創,3,0,3
凱基土城,海華,9,6,3
凱基土城,合騏,134,214,-80
凱基土城,00929復華台灣科技優息,0,69,-69
凱基土城,陽程,21,54,-33
凱基土城,大眾控,0,30,-30
凱基土城,台灣虎航,1,25,-24
凱基土城,00980B台新特選IG債10+,0,24,-24
凱基土城,00664R國泰臺灣加權反1,0,20,-20
凱基土城,裕隆,0,20,-20
凱基土城,星宇航空,0,20,-20
凱基土城,華南金,0,20,-20
凱基土城,元大高股息,9,29,-20
凱基土城,00971野村美國研發龍頭,1,19,-18
凱基土城,僑威,42,55,-13
凱基土城,緯創,24,36,-12
凱基土城,00951台新日本半導體,0,10,-10
凱基土城,南港,0,10,-10
凱基土城,長榮鋼,0,10,-10
凱基土城,凱基金,0,10,-10
凱基土城,菱光,2,12,-10
凱基土城,006208富邦台50,2,11,-9
凱基土城,新日興,0,9,-9
凱基土城,台積電,1,9,-8
凱基土城,力積電,17,25,-8
凱基土城,00918大華優利高填息30,14,21,-7
凱基土城,和大,0,7,-7
凱基土城,立隆電,13,20,-7
凱基土城,欣銓,6,13,-7
凱基土城,宏致,7,14,-7
凱基土城,百徽,3,9,-6
凱基土城,鴻海,3,8,-5
凱基土城,00712復華富時不動產,0,5,-5
凱基土城,遠東新,0,5,-5
凱基土城,泰茂,0,5,-5
凱基土城,大同,1,6,-5
凱基土城,南亞科,0,5,-5
凱基土城,華航,1,6,-5
凱基土城,晶心科,0,5,-5
凱基土城,宏觀,0,5,-5
凱基土城,00878國泰永續高股息,6,10,-4
凱基土城,富邦金,0,4,-4
凱基土城,眾達-KY,9,13,-4
凱基土城,華城,0,4,-4
凱基土城,全漢,0,4,-4
凱基土城,樺漢,0,4,-4
凱基土城,伊雲谷,2,6,-4
凱基土城,泰金寶-DR,1,5,-4
凱基土城,長榮航,0,4,-4
凱基土城,亞翔,0,4,-4
凱基土城,永豐金,0,3,-3
凱基土城,仁寶,0,3,-3
凱基豐中,聯電,119,6,113
凱基豐中,00679B元大美債20年,205,102,103
凱基豐中,台玻,64,1,63
凱基豐中,00665L富邦�琤肭磪囓�2,140,80,60
凱基豐中,欣銓,51,6,45
凱基豐中,00637L元大滬深300正2,43,0,43
凱基豐中,興能高,97,56,41
凱基豐中,合庫金,36,0,36
凱基豐中,彰銀,42,11,31
凱基豐中,00688L國泰20年美債正2,30,0,30
凱基豐中,迅得,32,4,28
凱基豐中,00919群益台灣精選高息,32,7,25
凱基豐中,新盛力,38,18,20
凱基豐中,新纖,20,0,20
凱基豐中,南亞科,19,0,19
凱基豐中,台泥,17,0,17
凱基豐中,臺企銀,19,2,17
凱基豐中,廣達,19,6,13
凱基豐中,00937B群益ESG投等債20,15,1,14
凱基豐中,亞翔,12,0,12
凱基豐中,台中銀,12,0,12
凱基豐中,00918大華優利高填息30,12,0,12
凱基豐中,興富發,11,0,11
凱基豐中,00924復華S＆P500成長,10,0,10
凱基豐中,00878國泰永續高股息,13,3,10
凱基豐中,泰山,10,0,10
凱基豐中,耿鼎,10,0,10
凱基豐中,通泰,10,0,10
凱基豐中,擎亞,15,5,10
凱基豐中,鴻海,19,10,9
凱基豐中,新興,13,5,8
凱基豐中,亞光,9,1,8
凱基豐中,精材,8,0,8
凱基豐中,連展投控,10,2,8
凱基豐中,晟德,8,0,8
凱基豐中,健亞,8,0,8
凱基豐中,力成,8,0,8
凱基豐中,00757統一FANG+,7,0,7
凱基豐中,台燿,7,0,7
凱基豐中,長華*,7,0,7
凱基豐中,藍天,7,0,7
凱基豐中,緯創,8,2,6
凱基豐中,欣興,7,1,6
凱基豐中,台灣大,6,0,6
凱基豐中,TPK-KY,6,0,6
凱基豐中,新應材,5,0,5
凱基豐中,達邁,7,2,5
凱基豐中,志信,5,0,5
凱基豐中,訊芯-KY,14,9,5
凱基豐中,泰金寶-DR,6,1,5
凱基豐中,00980B台新特選IG債10+,0,123,-123
凱基豐中,力積電,25,108,-83
凱基豐中,凱基金,0,82,-82
凱基豐中,長榮航,9,80,-71
凱基豐中,00929復華台灣科技優息,0,68,-68
凱基豐中,00712復華富時不動產,0,60,-60
凱基豐中,00909國泰數位支付服務,1,50,-49
凱基豐中,日月光投控,1,48,-47
凱基豐中,00940元大台灣價值高息,2,40,-38
凱基豐中,00971野村美國研發龍頭,0,36,-36
凱基豐中,00687B國泰20年美債,1,32,-31
凱基豐中,致伸,0,30,-30
凱基豐中,華南金,0,26,-26
凱基豐中,采鈺,1,26,-25
凱基豐中,台化,0,21,-21
凱基豐中,00938凱基優選30,0,20,-20
凱基豐中,華航,2,22,-20
凱基豐中,台新金,3,23,-20
凱基豐中,00932兆豐永續高息等權,0,20,-20
凱基豐中,彩晶,0,16,-16
凱基豐中,華星光,3,18,-15
凱基豐中,00954中信日本半導體,0,15,-15
凱基豐中,永崴投控,0,15,-15
凱基豐中,佳能,2,17,-15
凱基豐中,健和興,1,15,-14
凱基豐中,006208富邦台50,0,12,-12
凱基豐中,00673R期元大S＆P原油反1,0,12,-12
凱基豐中,群創,4,16,-12
凱基豐中,台汽電,2,14,-12
凱基豐中,台積電,2,14,-12
凱基豐中,南亞,5,16,-11
凱基豐中,00935野村臺灣新科技50,1,12,-11
凱基豐中,宏達電,24,35,-11
凱基豐中,南電,0,10,-10
凱基豐中,00708L期元大S＆P黃金正2,0,10,-10
凱基豐中,00680L元大美債20正2,0,10,-10
凱基豐中,00965元大航太防衛科技,0,10,-10
凱基豐中,冠西電,0,10,-10
凱基豐中,冠德,0,10,-10
凱基豐中,台耀,0,10,-10
凱基豐中,亞通,0,10,-10
凱基豐中,來頡,1,11,-10
凱基豐中,漢翔,2,11,-9
凱基豐中,00946群益科技高息成長,0,8,-8
凱基豐中,00881國泰台灣5G+,0,8,-8
凱基豐中,00922國泰台灣領袖50,3,11,-8
凱基豐中,立��,23,31,-8
凱基豐中,00923群益台ESG低碳50,0,7,-7
凱基豐中,富喬,8,15,-7
凱基豐中,龍巖,0,7,-7
大昌樹林,聯電,384,29,355
大昌樹林,00945B凱基美國非投等債,180,0,180
大昌樹林,00953B群益優選非投等債,140,0,140
大昌樹林,00795B中信美國公債20年,80,0,80
大昌樹林,力麗,80,0,80
大昌樹林,泰金寶-DR,165,104,61
大昌樹林,00753L中信中國50正2,55,0,55
大昌樹林,00720B元大投資級公司債,54,0,54
大昌樹林,00647L元大S＆P500正2,33,0,33
大昌樹林,力積電,63,41,22
大昌樹林,廣運,20,0,20
大昌樹林,中鋼,23,3,20
大昌樹林,元大高股息,21,1,20
大昌樹林,00688L國泰20年美債正2,25,6,19
大昌樹林,精金,18,0,18
大昌樹林,華容,18,0,18
大昌樹林,00919群益台灣精選高息,18,0,18
大昌樹林,00665L富邦�琤肭磪囓�2,35,19,16
大昌樹林,英業達,16,1,15
大昌樹林,中石化,14,0,14
大昌樹林,連展投控,28,14,14
大昌樹林,興能高,157,144,13
大昌樹林,新盛力,115,102,13
大昌樹林,海華,13,0,13
大昌樹林,新光金,15,2,13
大昌樹林,00633L富邦上証正2,2018,2005,13
大昌樹林,定穎投控,12,0,12
大昌樹林,永豐餘,11,0,11
大昌樹林,廣達,11,1,10
大昌樹林,統一證,10,0,10
大昌樹林,00637L元大滬深300正2,10,0,10
大昌樹林,00965元大航太防衛科技,10,0,10
大昌樹林,富野,10,0,10
大昌樹林,新漢,16,6,10
大昌樹林,00960野村全球航運龍頭,10,0,10
大昌樹林,00891中信關鍵半導體,10,0,10
大昌樹林,00632R元大台灣50反1,24,15,9
大昌樹林,上銀,11,2,9
大昌樹林,輔信,10,1,9
大昌樹林,冠軍,10,1,9
大昌樹林,00918大華優利高填息30,8,0,8
大昌樹林,健喬,8,0,8
大昌樹林,00950B凱基A級公司債,8,0,8
大昌樹林,昇達科,11,3,8
大昌樹林,臺企銀,10,2,8
大昌樹林,00878國泰永續高股息,17,10,7
大昌樹林,華邦電,29,22,7
大昌樹林,欣興,43,36,7
大昌樹林,台新金,10,3,7
大昌樹林,興富發,7,0,7
大昌樹林,00687B國泰20年美債,24,231,-207
大昌樹林,正文,0,66,-66
大昌樹林,宏致,19,78,-59
大昌樹林,岱稜,2,47,-45
大昌樹林,00929復華台灣科技優息,0,41,-41
大昌樹林,00937B群益ESG投等債20,102,141,-39
大昌樹林,00675L富邦臺灣加權正2,1,40,-39
大昌樹林,鈺德,0,32,-32
大昌樹林,雃博,0,32,-32
大昌樹林,富喬,4,29,-25
大昌樹林,南茂,2,27,-25
大昌樹林,台半,0,25,-25
大昌樹林,彰銀,0,21,-21
大昌樹林,擎亞,8,28,-20
大昌樹林,聯昌,0,20,-20
大昌樹林,欣銓,5,23,-18
大昌樹林,00940元大台灣價值高息,1,18,-17
大昌樹林,加百裕,5,22,-17
大昌樹林,彬台,10,26,-16
大昌樹林,櫻花建,6,22,-16
大昌樹林,達邁,26,42,-16
大昌樹林,驊訊,7,23,-16
大昌樹林,亞翔,15,30,-15
大昌樹林,旺宏,0,15,-15
大昌樹林,長榮航,6,19,-13
大昌樹林,致伸,0,13,-13
大昌樹林,00881國泰台灣5G+,0,13,-13
大昌樹林,00679B元大美債20年,21,33,-12
大昌樹林,頎邦,0,12,-12
大昌樹林,長榮,2,14,-12
大昌樹林,凱基金,2,14,-12
大昌樹林,佳能,0,11,-11
大昌樹林,00887永豐中國科技50大,0,11,-11
大昌樹林,日月光投控,2,12,-10
大昌樹林,漢科,0,10,-10
大昌樹林,精成科,8,18,-10
大昌樹林,久昌,0,10,-10
大昌樹林,卜蜂,0,10,-10
大昌樹林,競國,0,10,-10
大昌樹林,宣德,0,10,-10
大昌樹林,威盛,2,11,-9
大昌樹林,聰泰,3,12,-9
大昌樹林,冠德,0,9,-9
大昌樹林,華航,3,11,-8
大昌樹林,神達,71,79,-8
大昌樹林,南亞科,4,12,-8
大昌樹林,00951台新日本半導體,0,8,-8
大昌樹林,群創,5,13,-8
大昌樹林,正崴,1,9,-8
大昌樹林,鴻準,0,8,-8
玉山大里,聯電,199,42,157
玉山大里,玉山金,108,22,86
玉山大里,00919群益台灣精選高息,79,19,60
玉山大里,元大高股息,58,6,52
玉山大里,皇田,33,0,33
玉山大里,00918大華優利高填息30,23,0,23
玉山大里,凌巨,20,0,20
玉山大里,欣興,25,5,20
玉山大里,神達,70,53,17
玉山大里,00830國泰費城半導體,22,7,15
玉山大里,精成科,25,10,15
玉山大里,00632R元大台灣50反1,14,0,14
玉山大里,00673R期元大S＆P原油反1,118,104,14
玉山大里,合庫金,12,0,12
玉山大里,00637L元大滬深300正2,12,0,12
玉山大里,橘子,12,0,12
玉山大里,緯創,31,19,12
玉山大里,00858永豐美國500大,11,0,11
玉山大里,健喬,11,0,11
玉山大里,聯華,11,0,11
玉山大里,00917中信特選金融,11,1,10
玉山大里,永豐金,10,0,10
玉山大里,00687B國泰20年美債,16,6,10
玉山大里,精確,10,0,10
玉山大里,正隆,10,0,10
玉山大里,00669R國泰美國道瓊反1,10,0,10
玉山大里,信立,16,6,10
玉山大里,00642U期元大S＆P石油,10,0,10
玉山大里,環宇-KY,68,58,10
玉山大里,合一,10,0,10
玉山大里,和椿,25,16,9
玉山大里,華通,12,3,9
玉山大里,興能高,95,86,9
玉山大里,永昕,20,12,8
玉山大里,裕日車,7,0,7
玉山大里,陽明,26,19,7
玉山大里,華邦電,7,0,7
玉山大里,青松健康,7,0,7
玉山大里,昇達科,18,11,7
玉山大里,加百裕,14,7,7
玉山大里,00706L期元大S＆P日圓正2,7,0,7
玉山大里,00882中信中國高股息,7,1,6
玉山大里,高端疫苗,6,0,6
玉山大里,聯合再生,6,0,6
玉山大里,輔信,6,0,6
玉山大里,00948B中信優息投資級債,6,0,6
玉山大里,新興,6,0,6
玉山大里,00751B元大AAA至A公司債,10,4,6
玉山大里,第一金,6,0,6
玉山大里,鴻準,33,28,5
玉山大里,國泰金,0,122,-122
玉山大里,佳世達,0,101,-101
玉山大里,00688L國泰20年美債正2,2,100,-98
玉山大里,台榮,0,95,-95
玉山大里,00715L期街口布蘭特正2,16,100,-84
玉山大里,鈺齊-KY,0,66,-66
玉山大里,00929復華台灣科技優息,101,165,-64
玉山大里,金寶,2,63,-61
玉山大里,力積電,28,88,-60
玉山大里,新光金,0,59,-59
玉山大里,00893國泰智能電動車,3,61,-58
玉山大里,宏達電,118,174,-56
玉山大里,富邦金,0,55,-55
玉山大里,00753L中信中國50正2,22,76,-54
玉山大里,00680L元大美債20正2,14,66,-52
玉山大里,凱基金,2,53,-51
玉山大里,台塑,9,54,-45
玉山大里,朋億*,2,37,-35
玉山大里,英業達,8,41,-33
玉山大里,欣銓,18,49,-31
玉山大里,亞光,19,49,-30
玉山大里,台郡,0,28,-28
玉山大里,00650L復華香港正2,1,28,-27
玉山大里,濱川,7,33,-26
玉山大里,明泰,0,24,-24
玉山大里,00712復華富時不動產,2,25,-23
玉山大里,來頡,0,20,-20
玉山大里,台新金,1,20,-19
玉山大里,鴻海,22,40,-18
玉山大里,立隆電,16,33,-17
玉山大里,中鴻,1,18,-17
玉山大里,泰金寶-DR,84,101,-17
玉山大里,00878國泰永續高股息,59,75,-16
玉山大里,IET-KY,2,17,-15
玉山大里,三福化,0,14,-14
玉山大里,華新,2,15,-13
玉山大里,松瑞藥,0,13,-13
玉山大里,聯光通,11,24,-13
玉山大里,力山,0,12,-12
玉山大里,00915凱基優選高股息30,4,15,-11
玉山大里,佶優,0,11,-11
玉山大里,00933B國泰10Y+金融債,0,11,-11
玉山大里,南電,1,12,-11
玉山大里,潤隆,0,11,-11
玉山大里,光寶科,0,10,-10
玉山大里,長榮航,0,11,-11
玉山大里,00671R富邦NASDAQ反1,0,10,-10
玉山大里,能率,0,10,-10
玉山大里,00934中信成長高股息,1,10,-9
玉山大里,00940元大台灣價值高息,4,13,-9
富邦三峽,00858永豐美國500大,101,0,101
富邦三峽,力積電,103,20,83
富邦三峽,聯電,57,3,54
富邦三峽,夆典,50,0,50
富邦三峽,00719B元大美債1-3,30,0,30
富邦三峽,00937B群益ESG投等債20,24,2,22
富邦三峽,00905FT臺灣Smart,20,0,20
富邦三峽,鴻準,21,2,19
富邦三峽,泰金寶-DR,19,0,19
富邦三峽,鴻海,19,2,17
富邦三峽,00953B群益優選非投等債,12,0,12
富邦三峽,00940元大台灣價值高息,11,0,11
富邦三峽,金寶,13,2,11
富邦三峽,華星光,20,9,11
富邦三峽,00918大華優利高填息30,10,0,10
富邦三峽,00680L元大美債20正2,12,2,10
富邦三峽,台橡,10,0,10
富邦三峽,矽統,10,0,10
富邦三峽,00712復華富時不動產,10,1,9
富邦三峽,大洋,9,0,9
富邦三峽,鴻翊,9,0,9
富邦三峽,神達,49,40,9
富邦三峽,欣興,8,0,8
富邦三峽,00915凱基優選高股息30,8,0,8
富邦三峽,00919群益台灣精選高息,8,0,8
富邦三峽,群創,7,0,7
富邦三峽,連展投控,11,4,7
富邦三峽,00882中信中國高股息,6,0,6
富邦三峽,00637L元大滬深300正2,47,41,6
富邦三峽,艾訊,6,0,6
富邦三峽,大成鋼,9,4,5
富邦三峽,禾瑞亞,5,0,5
富邦三峽,桂盟,5,0,5
富邦三峽,立敦,9,4,5
富邦三峽,華宏,5,0,5
富邦三峽,00933B國泰10Y+金融債,4,0,4
富邦三峽,00935野村臺灣新科技50,5,1,4
富邦三峽,華邦電,4,0,4
富邦三峽,毅嘉,5,1,4
富邦三峽,東台,4,0,4
富邦三峽,友勁,4,0,4
富邦三峽,台灣虎航,24,20,4
富邦三峽,欣銓,5,1,4
富邦三峽,新應材,3,0,3
富邦三峽,吉茂,3,0,3
富邦三峽,全新,4,1,3
富邦三峽,立隆電,3,0,3
富邦三峽,皇昌,3,0,3
富邦三峽,中櫃,3,0,3
富邦三峽,環宇-KY,7,4,3
富邦三峽,00896中信綠能及電動車,0,120,-120
富邦三峽,00980B台新特選IG債10+,20,59,-39
富邦三峽,凱基金,0,39,-39
富邦三峽,英濟,2,36,-34
富邦三峽,00850元大臺灣ESG永續,0,33,-33
富邦三峽,新光金,0,32,-32
富邦三峽,興能高,114,143,-29
富邦三峽,00725B國泰投資級公司債,0,28,-28
富邦三峽,00887永豐中國科技50大,0,27,-27
富邦三峽,00950B凱基A級公司債,0,24,-24
富邦三峽,00952凱基台灣AI50,0,20,-20
富邦三峽,台星科,2,21,-19
富邦三峽,綠界科技*,2,21,-19
富邦三峽,聯光通,1,16,-15
富邦三峽,日揚,0,15,-15
富邦三峽,緯創,10,25,-15
富邦三峽,00929復華台灣科技優息,1,15,-14
富邦三峽,陽明,4,16,-12
富邦三峽,宏致,2,13,-11
富邦三峽,新日興,1,11,-10
富邦三峽,台榮,0,10,-10
富邦三峽,全球傳動,0,10,-10
富邦三峽,迅得,1,10,-9
富邦三峽,燿華,0,9,-9
富邦三峽,宏達電,11,20,-9
富邦三峽,泰山,0,8,-8
富邦三峽,台玻,0,8,-8
富邦三峽,00960野村全球航運龍頭,0,7,-7
富邦三峽,台塑,0,7,-7
富邦三峽,臺企銀,0,7,-7
富邦三峽,和碩,0,7,-7
富邦三峽,力鵬,0,6,-6
富邦三峽,邁達特,4,10,-6
富邦三峽,友達,0,6,-6
富邦三峽,嘉聯益,0,5,-5
富邦三峽,00939統一台灣高息動能,0,5,-5
富邦三峽,00970B新光BBB投等債20,0,5,-5
富邦三峽,鼎元,0,5,-5
富邦三峽,良維,0,5,-5
富邦三峽,長科*,0,5,-5
富邦三峽,順達,3,8,-5
富邦三峽,00923群益台ESG低碳50,0,4,-4
富邦三峽,中石化,0,4,-4
富邦三峽,中砂,0,4,-4
富邦三峽,川寶,0,4,-4
富邦三峽,廣宇,0,4,-4
富邦三峽,南亞科,20,24,-4
富邦三峽,華航,1,5,-4
富邦三峽,特力,0,4,-4
富邦三峽,光環,6,10,-4
 中信三重      ,00864B中信美國公債0-1,865,0,865
 中信三重      ,00671R富邦NASDAQ反1,110,0,110
 中信三重      ,元大高股息,100,3,97
 中信三重      ,00878國泰永續高股息,109,16,93
 中信三重      ,00919群益台灣精選高息,95,3,92
 中信三重      ,00950B凱基A級公司債,67,0,67
 中信三重      ,00953B群益優選非投等債,66,0,66
 中信三重      ,廣宇,62,0,62
 中信三重      ,00687B國泰20年美債,38,0,38
 中信三重      ,緯創,37,5,32
 中信三重      ,00655L國泰中國A50正2,30,0,30
 中信三重      ,德晉,29,0,29
 中信三重      ,聯電,58,30,28
 中信三重      ,安集,25,1,24
 中信三重      ,00937B群益ESG投等債20,26,2,24
 中信三重      ,東浦,22,0,22
 中信三重      ,宏達電,61,44,17
 中信三重      ,台化,22,5,17
 中信三重      ,00858永豐美國500大,16,0,16
 中信三重      ,為升,15,0,15
 中信三重      ,群創,70,55,15
 中信三重      ,00881國泰台灣5G+,14,0,14
 中信三重      ,00633L富邦上証正2,14,0,14
 中信三重      ,康那香,14,0,14
 中信三重      ,欣興,14,1,13
 中信三重      ,00637L元大滬深300正2,33,20,13
 中信三重      ,00757統一FANG+,13,0,13
 中信三重      ,精材,13,2,11
 中信三重      ,00664R國泰臺灣加權反1,10,0,10
 中信三重      ,技嘉,10,0,10
 中信三重      ,亞光,13,3,10
 中信三重      ,宏��,9,0,9
 中信三重      ,綠界科技*,9,0,9
 中信三重      ,廣達,15,6,9
 中信三重      ,00882中信中國高股息,10,2,8
 中信三重      ,大同,13,5,8
 中信三重      ,愛山林,9,1,8
 中信三重      ,金寶,9,2,7
 中信三重      ,光環,7,0,7
 中信三重      ,誠研,7,0,7
 中信三重      ,元太,8,1,7
 中信三重      ,南茂,10,3,7
 中信三重      ,金像電,18,11,7
 中信三重      ,鴻海,13,6,7
 中信三重      ,中信金,9,3,6
 中信三重      ,中興電,7,1,6
 中信三重      ,00719B元大美債1-3,6,0,6
 中信三重      ,00928中信上櫃ESG30,6,0,6
 中信三重      ,台灣高鐵,6,0,6
 中信三重      ,揚智,6,0,6
 中信三重      ,凱基金,1,362,-361
 中信三重      ,華紙,50,376,-326
 中信三重      ,鴻準,5,114,-109
 中信三重      ,新光金,0,105,-105
 中信三重      ,00980B台新特選IG債10+,0,87,-87
 中信三重      ,泰金寶-DR,65,151,-86
 中信三重      ,慧洋-KY,2,67,-65
 中信三重      ,00929復華台灣科技優息,1,61,-60
 中信三重      ,華夏,0,50,-50
 中信三重      ,光寶科,0,47,-47
 中信三重      ,00922國泰台灣領袖50,0,44,-44
 中信三重      ,友達,1,44,-43
 中信三重      ,台塑,5,46,-41
 中信三重      ,長興,0,38,-38
 中信三重      ,神達,134,172,-38
 中信三重      ,00946群益科技高息成長,0,30,-30
 中信三重      ,00712復華富時不動產,0,27,-27
 中信三重      ,新日興,6,33,-27
 中信三重      ,00631L元大台灣50正2,3,29,-26
 中信三重      ,英濟,26,50,-24
 中信三重      ,興能高,70,93,-23
 中信三重      ,00632R元大台灣50反1,152,174,-22
 中信三重      ,來頡,1,23,-22
 中信三重      ,華城,9,30,-21
 中信三重      ,00725B國泰投資級公司債,0,20,-20
 中信三重      ,華孚,0,20,-20
 中信三重      ,00971野村美國研發龍頭,5,23,-18
 中信三重      ,星雲,1,17,-16
 中信三重      ,櫻花建,0,15,-15
 中信三重      ,亞翔,6,21,-15
 中信三重      ,合庫金,5,20,-15
 中信三重      ,台聚,0,14,-14
 中信三重      ,東森,0,14,-14
 中信三重      ,精確,0,14,-14
 中信三重      ,00673R期元大S＆P原油反1,8,20,-12
 中信三重      ,麗正,0,10,-10
 中信三重      ,00939統一台灣高息動能,0,10,-10
 中信三重      ,大洋,0,10,-10
 中信三重      ,國巨,0,10,-10
 中信三重      ,巨庭,0,9,-9
 中信三重      ,展宇,2,11,-9
 中信三重      ,00940元大台灣價值高息,4,13,-9
 中信三重      ,00675L富邦臺灣加權正2,3,11,-8
 中信三重      ,波若威,24,32,-8
 中信三重      ,聯亞,0,8,-8
 中信三重      ,連展投控,3,11,-8
 中信三重      ,00923群益台ESG低碳50,0,8,-8
 中信三重      ,00952凱基台灣AI50,0,7,-7
 中信三重      ,亞力,0,7,-7
 中信三重      ,彬台,0,7,-7
凱基林口,聿新科,308,0,308
凱基林口,00919群益台灣精選高息,71,10,61
凱基林口,長華*,50,1,49
凱基林口,聯電,51,4,47
凱基林口,00637L元大滬深300正2,40,0,40
凱基林口,力積電,53,18,35
凱基林口,元大高股息,35,1,34
凱基林口,00632R元大台灣50反1,26,0,26
凱基林口,00937B群益ESG投等債20,56,32,24
凱基林口,00679B元大美債20年,20,0,20
凱基林口,00940元大台灣價值高息,20,3,17
凱基林口,00882中信中國高股息,17,2,15
凱基林口,00757統一FANG+,16,0,16
凱基林口,00671R富邦NASDAQ反1,15,0,15
凱基林口,00687B國泰20年美債,12,0,12
凱基林口,立隆電,18,6,12
凱基林口,國泰金,11,0,11
凱基林口,00731復華富時高息低波,10,0,10
凱基林口,00725B國泰投資級公司債,10,0,10
凱基林口,00945B凱基美國非投等債,10,0,10
凱基林口,濱川,10,0,10
凱基林口,原相,10,0,10
凱基林口,尚立,10,0,10
凱基林口,瑞智,10,0,10
凱基林口,中美實,10,0,10
凱基林口,新唐,10,0,10
凱基林口,上曜,10,1,9
凱基林口,永崴投控,10,2,8
凱基林口,台塑,7,0,7
凱基林口,宏��,8,1,7
凱基林口,來億-KY,6,0,6
凱基林口,欣興,16,10,6
凱基林口,遠東新,6,0,6
凱基林口,普安,5,0,5
凱基林口,00665L富邦�琤肭磪囓�2,5,0,5
凱基林口,00680L元大美債20正2,15,10,5
凱基林口,00858永豐美國500大,5,0,5
凱基林口,00753L中信中國50正2,5,0,5
凱基林口,00967B元大優息美債,5,0,5
凱基林口,錸德,5,0,5
凱基林口,藍天,5,0,5
凱基林口,圓剛,5,0,5
凱基林口,前鼎,5,0,5
凱基林口,宏齊,5,0,5
凱基林口,迅得,6,1,5
凱基林口,00878國泰永續高股息,5,0,5
凱基林口,精材,6,2,4
凱基林口,華通,4,0,4
凱基林口,友訊,4,0,4
凱基林口,宏達電,37,33,4
凱基林口,神達,28,116,-88
凱基林口,00948B中信優息投資級債,0,73,-73
凱基林口,00980B台新特選IG債10+,0,50,-50
凱基林口,00936台新永續高息中小,0,40,-40
凱基林口,00929復華台灣科技優息,0,34,-34
凱基林口,00701國泰股利精選30,0,30,-30
凱基林口,00931B統一美債20年,0,30,-30
凱基林口,00933B國泰10Y+金融債,1,28,-27
凱基林口,00918大華優利高填息30,1,25,-24
凱基林口,群創,0,23,-23
凱基林口,亞翔,4,25,-21
凱基林口,英業達,1,20,-19
凱基林口,00952凱基台灣AI50,0,18,-18
凱基林口,群電,0,18,-18
凱基林口,00892富邦台灣半導體,0,17,-17
凱基林口,永豐金,2,18,-16
凱基林口,連展投控,10,26,-16
凱基林口,凱基金,0,15,-15
凱基林口,00738U期元大道瓊白銀,0,15,-15
凱基林口,00922國泰台灣領袖50,9,23,-14
凱基林口,鈊象,0,14,-14
凱基林口,大同,1,14,-13
凱基林口,凱美,4,17,-13
凱基林口,中信金,0,12,-12
凱基林口,鴻海,5,17,-12
凱基林口,台達電,0,12,-12
凱基林口,東和鋼鐵,0,11,-11
凱基林口,佳世達,0,11,-11
凱基林口,中華電,0,11,-11
凱基林口,興能高,98,108,-10
凱基林口,華新,0,10,-10
凱基林口,00706L期元大S＆P日圓正2,0,10,-10
凱基林口,00932兆豐永續高息等權,0,10,-10
凱基林口,三商壽,0,10,-10
凱基林口,盛達,0,10,-10
凱基林口,友輝,0,10,-10
凱基林口,德昌,0,10,-10
凱基林口,日月光投控,3,12,-9
凱基林口,創泓科技,0,9,-9
凱基林口,欣銓,29,37,-8
凱基林口,00927群益半導體收益,2,10,-8
凱基林口,宏致,3,11,-8
凱基林口,世紀鋼,0,8,-8
凱基林口,00971野村美國研發龍頭,4,11,-7
凱基林口,微星,0,7,-7
凱基林口,系統電,0,7,-7
凱基林口,波若威,113,120,-7
凱基林口,福懋油,0,6,-6
凱基林口,今國光,0,6,-6
凱基林口,網家,0,6,-6
 企銀三民,長榮,50,0,50
 企銀三民,00937B群益ESG投等債20,40,0,40
 企銀三民,00830國泰費城半導體,10,0,10
 企銀三民,康聯訊,8,0,8
 企銀三民,聯電,7,0,7
 企銀三民,台塑,4,0,4
 企銀三民,鴻海,5,1,4
 企銀三民,興能高,4,0,4
 企銀三民,兆豐金,3,0,3
 企銀三民,英業達,3,0,3
 企銀三民,台化,2,0,2
 企銀三民,大立光,2,0,2
 企銀三民,昇達科,2,0,2
 企銀三民,家登,2,0,2
 企銀三民,三商電,1,0,1
 企銀三民,廣達,2,1,1
 企銀三民,陽明,1,0,1
 企銀三民,直得,1,0,1
 企銀三民,裕隆,1,0,1
 企銀三民,統一,1,0,1
 企銀三民,00770國泰北美科技,1,0,1
 企銀三民,英濟,3,2,1
 企銀三民,雙鴻,2,1,1
 企銀三民,新日興,2,1,1
 企銀三民,晶睿,1,0,1
 企銀三民,華星光,6,5,1
 企銀三民,世界,1,0,1
 企銀三民,台灣虎航,1,0,1
 企銀三民,新漢,1,0,1
 企銀三民,磐亞,1,0,1
 企銀三民,2891B中信金乙特,0,0,0
 企銀三民,泰鼎-KY,0,0,0
 企銀三民,00715L期街口布蘭特正2,0,0,0
 企銀三民,00915凱基優選高股息30,0,0,0
 企銀三民,康霈*,0,0,0
 企銀三民,緯穎,0,0,0
 企銀三民,福懋,0,0,0
 企銀三民,尚凡*,0,0,0
 企銀三民,祥碩,0,0,0
 企銀三民,玉晶光,0,0,0
 企銀三民,00980B台新特選IG債10+,0,200,-200
 企銀三民,元太,0,20,-20
 企銀三民,華南金,0,10,-10
 企銀三民,00930永豐ESG低碳高息,0,10,-10
 企銀三民,奇鋐,2,12,-10
 企銀三民,信立,0,10,-10
 企銀三民,元大高股息,0,8,-8
 企銀三民,力積電,5,12,-7
 企銀三民,00673R期元大S＆P原油反1,0,6,-6
 企銀三民,神達,11,17,-6
 企銀三民,連展投控,0,6,-6
 企銀三民,安集,0,6,-6
 企銀三民,元大台灣50,0,5,-5
 企銀三民,00878國泰永續高股息,0,5,-5
 企銀三民,00918大華優利高填息30,0,5,-5
 企銀三民,台揚,0,5,-5
 企銀三民,新光金,0,5,-5
 企銀三民,湧德,0,5,-5
 企銀三民,泰金寶-DR,0,5,-5
 企銀三民,台積電,0,4,-4
 企銀三民,00919群益台灣精選高息,0,4,-4
 企銀三民,僑威,3,7,-4
 企銀三民,光洋科,0,3,-3
 企銀三民,順達,1,4,-3
 企銀三民,智邦,1,3,-2
 企銀三民,00929復華台灣科技優息,0,2,-2
 企銀三民,00656R國泰中國A50反1,0,2,-2
 企銀三民,00706L期元大S＆P日圓正2,0,2,-2
 企銀三民,聯鈞,3,5,-2
 企銀三民,中美晶,0,2,-2
 企銀三民,萬潤,7,9,-2
 企銀三民,中興電,0,1,-1
 企銀三民,聚亨,0,1,-1
 企銀三民,中鋼,0,1,-1
 企銀三民,富喬,6,7,-1
 企銀三民,00735國泰臺韓科技,0,1,-1
 企銀三民,中櫃,0,1,-1
 企銀三民,宏達電,1,2,-1
 企銀三民,立隆電,3,4,-1
 企銀三民,旺宏,0,1,-1
 企銀三民,精材,0,1,-1
 企銀三民,環宇-KY,0,1,-1
 企銀三民,jpp-KY,0,1,-1
 企銀三民,精成科,0,1,-1
 企銀三民,騰輝電子-KY,1,2,-1
 企銀三民,伊雲谷,0,1,-1
 企銀三民,台通,26,27,-1
 企銀三民,雷虎,0,1,-1
 企銀三民,博智,0,1,-1
 企銀三民,佳能,4,5,-1
 元富宜蘭,聯電,150,25,125
 元富宜蘭,00673R期元大S＆P原油反1,70,10,60
 元富宜蘭,00924復華S＆P500成長,42,0,42
 元富宜蘭,00919群益台灣精選高息,41,3,38
 元富宜蘭,友達,23,1,22
 元富宜蘭,元大高股息,20,0,20
 元富宜蘭,高鋒,18,0,18
 元富宜蘭,新盛力,35,18,17
 元富宜蘭,華邦電,16,0,16
 元富宜蘭,華新,16,1,15
 元富宜蘭,承業醫,15,0,15
 元富宜蘭,欣興,14,0,14
 元富宜蘭,聯光通,20,6,14
 元富宜蘭,環宇-KY,68,55,13
 元富宜蘭,新建,19,7,12
 元富宜蘭,建漢,12,0,12
 元富宜蘭,00918大華優利高填息30,12,0,12
 元富宜蘭,陽明,17,6,11
 元富宜蘭,長榮航,20,10,10
 元富宜蘭,偉訓,12,2,10
 元富宜蘭,AES-KY,10,0,10
 元富宜蘭,00881國泰台灣5G+,8,0,8
 元富宜蘭,全球傳動,8,0,8
 元富宜蘭,兆豐金,7,0,7
 元富宜蘭,緯創,10,3,7
 元富宜蘭,欣銓,16,9,7
 元富宜蘭,聯發科,7,0,7
 元富宜蘭,聯鈞,15,9,6
 元富宜蘭,00915凱基優選高股息30,6,0,6
 元富宜蘭,佳能,7,1,6
 元富宜蘭,00878國泰永續高股息,18,12,6
 元富宜蘭,創惟,30,25,5
 元富宜蘭,元大台灣50,5,0,5
 元富宜蘭,00965元大航太防衛科技,5,0,5
 元富宜蘭,橘子,5,0,5
 元富宜蘭,瑞耘,5,0,5
 元富宜蘭,宏捷科,5,0,5
 元富宜蘭,金居,5,0,5
 元富宜蘭,00679B元大美債20年,5,0,5
 元富宜蘭,群創,7,2,5
 元富宜蘭,00713元大台灣高息低波,4,0,4
 元富宜蘭,亞光,19,15,4
 元富宜蘭,00632R元大台灣50反1,4,0,4
 元富宜蘭,台塑,6,2,4
 元富宜蘭,中興電,5,1,4
 元富宜蘭,東鹼,5,1,4
 元富宜蘭,科妍,5,1,4
 元富宜蘭,英業達,11,7,4
 元富宜蘭,愛山林,4,0,4
 元富宜蘭,澤米,10,6,4
 元富宜蘭,00980B台新特選IG債10+,0,961,-961
 元富宜蘭,00665L富邦�琤肭磪囓�2,360,512,-152
 元富宜蘭,立隆電,3,113,-110
 元富宜蘭,00935野村臺灣新科技50,0,74,-74
 元富宜蘭,00959B大華投等美債15Y+,0,70,-70
 元富宜蘭,立敦,0,66,-66
 元富宜蘭,順達,4,60,-56
 元富宜蘭,中石化,2,58,-56
 元富宜蘭,00953B群益優選非投等債,2,50,-48
 元富宜蘭,宏達電,32,78,-46
 元富宜蘭,00929復華台灣科技優息,1,32,-31
 元富宜蘭,神達,124,154,-30
 元富宜蘭,00970B新光BBB投等債20,0,30,-30
 元富宜蘭,連展投控,3,32,-29
 元富宜蘭,00937B群益ESG投等債20,29,55,-26
 元富宜蘭,華南金,0,25,-25
 元富宜蘭,新應材,1,22,-21
 元富宜蘭,全友,12,33,-21
 元富宜蘭,00715L期街口布蘭特正2,0,20,-20
 元富宜蘭,冠軍,0,20,-20
 元富宜蘭,英利-KY,0,20,-20
 元富宜蘭,中信金,0,20,-20
 元富宜蘭,佰鴻,0,17,-17
 元富宜蘭,南茂,0,16,-16
 元富宜蘭,00905FT臺灣Smart,5,21,-16
 元富宜蘭,力積電,25,40,-15
 元富宜蘭,富邦金,0,15,-15
 元富宜蘭,新光金,2,15,-13
 元富宜蘭,GIS-KY,0,11,-11
 元富宜蘭,吉茂,0,10,-10
 元富宜蘭,燦星旅,0,10,-10
 元富宜蘭,居易,1,11,-10
 元富宜蘭,虎門科技,0,10,-10
 元富宜蘭,00680L元大美債20正2,1,10,-9
 元富宜蘭,萬海,4,13,-9
 元富宜蘭,00903富邦元宇宙,0,9,-9
 元富宜蘭,亞翔,3,11,-8
 元富宜蘭,富喬,3,11,-8
 元富宜蘭,穩懋,0,8,-8
 元富宜蘭,惠特,0,8,-8
 元富宜蘭,00944野村趨勢動能高息,0,7,-7
 元富宜蘭,佳和,0,7,-7
 元富宜蘭,聯穎,0,7,-7
 元富宜蘭,00922國泰台灣領袖50,4,10,-6
 元富宜蘭,台新金,0,6,-6
 元富宜蘭,00891中信關鍵半導體,0,6,-6
 元富宜蘭,台聚,3,9,-6
 元富宜蘭,東元,0,6,-6
 元富宜蘭,精材,7,13,-6
 元富宜蘭,華東,0,6,-6
 元大北投,元大高股息,340,8,332
 元大北投,00664R國泰臺灣加權反1,250,0,250
 元大北投,00637L元大滬深300正2,137,0,137
 元大北投,聯電,140,18,122
 元大北投,上詮,116,0,116
 元大北投,00937B群益ESG投等債20,62,9,53
 元大北投,00953B群益優選非投等債,43,0,43
 元大北投,亞光,41,10,31
 元大北投,波若威,47,19,28
 元大北投,00878國泰永續高股息,34,6,28
 元大北投,00633L富邦上証正2,25,0,25
 元大北投,興能高,198,173,25
 元大北投,00922國泰台灣領袖50,45,24,21
 元大北投,00687B國泰20年美債,21,0,21
 元大北投,00919群益台灣精選高息,39,18,21
 元大北投,00924復華S＆P500成長,20,0,20
 元大北投,大成鋼,23,3,20
 元大北投,奇鋐,28,9,19
 元大北投,彰銀,40,22,18
 元大北投,英業達,34,17,17
 元大北投,永豐金,17,0,17
 元大北投,00632R元大台灣50反1,16,0,16
 元大北投,00882中信中國高股息,16,0,16
 元大北投,邑錡,15,0,15
 元大北投,愛山林,18,3,15
 元大北投,00635U期元大S＆P黃金,15,0,15
 元大北投,宏��,15,2,13
 元大北投,00918大華優利高填息30,17,5,12
 元大北投,圓剛,25,13,12
 元大北投,IKKA-KY,11,0,11
 元大北投,台星科,10,0,10
 元大北投,偉訓,13,3,10
 元大北投,威宏-KY,10,0,10
 元大北投,亞泰,15,5,10
 元大北投,力成,10,1,9
 元大北投,00770國泰北美科技,9,0,9
 元大北投,雙鴻,11,2,9
 元大北投,欣銓,19,10,9
 元大北投,宏齊,11,2,9
 元大北投,星宇航空,11,2,9
 元大北投,GIS-KY,11,2,9
 元大北投,友達,29,20,9
 元大北投,錸德,10,1,9
 元大北投,精成科,17,9,8
 元大北投,聯合再生,8,0,8
 元大北投,大宇資,8,0,8
 元大北投,力新,8,0,8
 元大北投,00858永豐美國500大,7,0,7
 元大北投,光洋科,9,2,7
 元大北投,矽格,7,0,7
 元大北投,00965元大航太防衛科技,1,417,-416
 元大北投,新光金,0,268,-268
 元大北投,力積電,29,293,-264
 元大北投,00665L富邦�琤肭磪囓�2,0,240,-240
 元大北投,00952凱基台灣AI50,0,200,-200
 元大北投,00753L中信中國50正2,51,150,-99
 元大北投,00706L期元大S＆P日圓正2,2,100,-98
 元大北投,00971野村美國研發龍頭,3,83,-80
 元大北投,集盛,0,80,-80
 元大北投,立敦,13,89,-76
 元大北投,00929復華台灣科技優息,0,62,-62
 元大北投,富邦金,1,56,-55
 元大北投,堤維西,6,60,-54
 元大北投,大同,21,73,-52
 元大北投,泰金寶-DR,1,50,-49
 元大北投,仁寶,0,47,-47
 元大北投,富采,3,49,-46
 元大北投,00940元大台灣價值高息,0,41,-41
 元大北投,華票,0,40,-40
 元大北投,聯傑,0,39,-39
 元大北投,鴻海,13,42,-29
 元大北投,訊芯-KY,6,34,-28
 元大北投,00680L元大美債20正2,4,28,-24
 元大北投,凱基金,8,31,-23
 元大北投,00905FT臺灣Smart,0,22,-22
 元大北投,00692富邦公司治理,1,21,-20
 元大北投,00915凱基優選高股息30,2,22,-20
 元大北投,亞翔,7,25,-18
 元大北投,大亞,0,18,-18
 元大北投,台積電,3,19,-16
 元大北投,神達,93,109,-16
 元大北投,00712復華富時不動產,1,16,-15
 元大北投,佳世達,0,14,-14
 元大北投,台灣高鐵,0,14,-14
 元大北投,台塑,2,16,-14
 元大北投,立隆電,36,49,-13
 元大北投,00951台新日本半導體,0,13,-13
 元大北投,能率,1,14,-13
 元大北投,玉山金,13,26,-13
 元大北投,和椿,16,28,-12
 元大北投,技嘉,0,12,-12
 元大北投,台特化,5,16,-11
 元大北投,00909國泰數位支付服務,10,21,-11
 元大北投,廣宇,0,11,-11
 元大北投,京元電子,1,12,-11
 元大北投,陽明,10,21,-11
 元大北投,宏達電,98,109,-11
 元大北投,精材,0,11,-11
 元大北投,00935野村臺灣新科技50,1,11,-10
 元大北投,台達電,3,13,-10
永興水湳,錸德,75,0,75
永興水湳,00665L富邦�琤肭磪囓�2,190,150,40
永興水湳,聯電,37,3,34
永興水湳,和椿,25,2,23
永興水湳,00673R期元大S＆P原油反1,20,0,20
永興水湳,連展投控,15,0,15
永興水湳,鴻華先進-創,10,0,10
永興水湳,00927群益半導體收益,10,0,10
永興水湳,00679B元大美債20年,10,0,10
永興水湳,00633L富邦上証正2,10,0,10
永興水湳,新復興,10,0,10
永興水湳,緯創,10,1,9
永興水湳,陽明,8,2,6
永興水湳,00632R元大台灣50反1,5,0,5
永興水湳,恆大,5,0,5
永興水湳,耿鼎,5,0,5
永興水湳,濱川,5,0,5
永興水湳,兆赫,5,0,5
永興水湳,威健,5,0,5
永興水湳,華義,5,0,5
永興水湳,協易機,5,0,5
永興水湳,合晶,5,0,5
永興水湳,永光,4,0,4
永興水湳,達邁,7,3,4
永興水湳,銳澤,4,0,4
永興水湳,中鋼,7,4,3
永興水湳,台化,3,0,3
永興水湳,國碩,3,0,3
永興水湳,星通,5,2,3
永興水湳,中光電,3,0,3
永興水湳,能率,3,0,3
永興水湳,群益證,3,0,3
永興水湳,驊訊,3,0,3
永興水湳,台塑化,3,0,3
永興水湳,力智,3,0,3
永興水湳,康霈*,3,0,3
永興水湳,雷虎,5,2,3
永興水湳,昇陽半導體,2,0,2
永興水湳,中石化,2,0,2
永興水湳,00905FT臺灣Smart,2,0,2
永興水湳,00919群益台灣精選高息,2,0,2
永興水湳,00918大華優利高填息30,2,0,2
永興水湳,宏��,2,0,2
永興水湳,大同,3,1,2
永興水湳,佳能,2,0,2
永興水湳,廣達,3,1,2
永興水湳,京元電子,2,0,2
永興水湳,智原,2,0,2
永興水湳,揚智,2,0,2
永興水湳,加百裕,7,5,2
永興水湳,台中銀,0,108,-108
永興水湳,友達,0,70,-70
永興水湳,新光金,0,51,-51
永興水湳,宏致,0,31,-31
永興水湳,00965元大航太防衛科技,0,25,-25
永興水湳,力積電,5,29,-24
永興水湳,長榮航,1,22,-21
永興水湳,00940元大台灣價值高息,0,18,-18
永興水湳,富邦金,0,17,-17
永興水湳,友訊,0,16,-16
永興水湳,宏達電,11,23,-12
永興水湳,00930永豐ESG低碳高息,0,11,-11
永興水湳,南亞,0,10,-10
永興水湳,旺宏,0,10,-10
永興水湳,長榮,10,20,-10
永興水湳,台半,0,10,-10
永興水湳,瑞儀,0,10,-10
永興水湳,飛捷,0,10,-10
永興水湳,神達,22,31,-9
永興水湳,台積電,0,8,-8
永興水湳,台達電,0,6,-6
永興水湳,台塑,5,11,-6
永興水湳,光寶科,0,6,-6
永興水湳,華航,0,6,-6
永興水湳,奇鋐,2,8,-6
永興水湳,波若威,3,9,-6
永興水湳,展達,0,6,-6
永興水湳,鈞寶,0,6,-6
永興水湳,興能高,12,18,-6
永興水湳,彰源,0,5,-5
永興水湳,元大台灣50,0,5,-5
永興水湳,廣宇,0,5,-5
永興水湳,凱基金,0,5,-5
永興水湳,欣銓,0,5,-5
永興水湳,艾笛森,0,5,-5
永興水湳,群創,50,55,-5
永興水湳,00725B國泰投資級公司債,0,4,-4
永興水湳,華通,0,4,-4
永興水湳,昆盈,0,4,-4
永興水湳,元大高股息,6,9,-3
永興水湳,00878國泰永續高股息,0,3,-3
永興水湳,堤維西,0,3,-3
永興水湳,台泥,0,3,-3
永興水湳,楠梓電,0,3,-3
永興水湳,英業達,4,7,-3
永興水湳,凱美,0,3,-3
永興水湳,互盛電,0,3,-3
永興水湳,超豐,0,3,-3
永興水湳,華南金,0,3,-3
永興水湳,順達,2,5,-3
福邦,00926凱基全球菁英55,45,0,45
福邦,中砂,24,0,24
福邦,三商壽,20,0,20
福邦,聰泰,17,0,17
福邦,奇鋐,16,1,15
福邦,00971野村美國研發龍頭,15,0,15
福邦,良得電,12,0,12
福邦,京元電子,11,0,11
福邦,順達,10,0,10
福邦,合一,10,0,10
福邦,能率,10,0,10
福邦,雷虎,10,0,10
福邦,00633L富邦上証正2,8,3,5
福邦,貿聯-KY,5,0,5
福邦,IET-KY,9,4,5
福邦,立端,5,0,5
福邦,緯創,5,1,4
福邦,神達,42,38,4
福邦,欣興,3,0,3
福邦,00673R期元大S＆P原油反1,3,0,3
福邦,麗清,3,0,3
福邦,創惟,5,2,3
福邦,威鋒電子,3,0,3
福邦,00693U期街口S＆P黃豆,2,0,2
福邦,聯電,5,3,2
福邦,南亞,2,0,2
福邦,富采,2,0,2
福邦,中美晶,2,0,2
福邦,精成科,7,5,2
福邦,立��,2,0,2
福邦,僑威,2,1,1
福邦,立隆電,2,1,1
福邦,長榮航太,1,0,1
福邦,英業達,1,0,1
福邦,00637L元大滬深300正2,1,0,1
福邦,00918大華優利高填息30,1,0,1
福邦,新盛力,40,39,1
福邦,華星光,15,14,1
福邦,力成,1,0,1
福邦,保瑞,1,0,1
福邦,采鈺,1,0,1
福邦,億豐,1,0,1
福邦,元大台灣50,0,0,0
福邦,精元,0,0,0
福邦,金寶,0,20,-20
福邦,日月光投控,0,18,-18
福邦,富威電力,0,16,-16
福邦,00949復華日本龍頭,0,13,-13
福邦,鴻華先進-創,0,10,-10
福邦,圓剛,0,10,-10
福邦,毛寶,0,10,-10
福邦,金山電,0,6,-6
福邦,立積,0,5,-5
福邦,台郡,0,5,-5
福邦,長華*,0,5,-5
福邦,零壹,2,6,-4
福邦,00631L元大台灣50正2,0,4,-4
福邦,新應材,0,4,-4
福邦,宏達電,11,14,-3
福邦,台積電,3,6,-3
福邦,富喬,1,4,-3
福邦,泰金寶-DR,0,3,-3
福邦,陽明,0,2,-2
福邦,美食-KY,0,2,-2
福邦,00939統一台灣高息動能,0,2,-2
福邦,00935野村臺灣新科技50,0,2,-2
福邦,嘉澤,0,2,-2
福邦,兆利,0,2,-2
福邦,聯光通,9,11,-2
福邦,和椿,2,4,-2
福邦,康舒,0,2,-2
福邦,光聖,0,2,-2
福邦,00878國泰永續高股息,0,2,-2
福邦,華城,2,3,-1
福邦,00909國泰數位支付服務,0,1,-1
福邦,美時,0,1,-1
福邦,台達電,0,1,-1
福邦,00970B新光BBB投等債20,0,1,-1
福邦,金像電,0,1,-1
福邦,華新科,0,1,-1
福邦,晟銘電,0,1,-1
福邦,玉山金,0,1,-1
福邦,華航,0,1,-1
福邦,弘憶股,0,1,-1
福邦,昇達科,1,2,-1
福邦,宏致,3,4,-1
福邦,漢磊,1,2,-1
福邦,中租-KY,0,1,-1
福邦,福邦證,0,1,-1
福邦,聯茂,0,1,-1
福邦,點序,0,1,-1
福邦,愛普*,3,4,-1
福邦,興能高,13,14,-1
福邦,台汽電,0,1,-1
 元富新竹,00637L元大滬深300正2,211,2,209
 元富新竹,雷科,50,0,50
 元富新竹,長榮航,51,10,41
 元富新竹,力積電,41,4,37
 元富新竹,宏達電,55,23,32
 元富新竹,00953B群益優選非投等債,30,0,30
 元富新竹,00687B國泰20年美債,31,1,30
 元富新竹,環宇-KY,42,13,29
 元富新竹,志豐,26,0,26
 元富新竹,聯電,26,2,24
 元富新竹,雷虎,21,0,21
 元富新竹,精成科,20,0,20
 元富新竹,00937B群益ESG投等債20,25,5,20
 元富新竹,巧新,20,0,20
 元富新竹,佳能,30,10,20
 元富新竹,矽格,20,0,20
 元富新竹,00971野村美國研發龍頭,16,0,16
 元富新竹,倚天酷��-創,16,0,16
 元富新竹,00715L期街口布蘭特正2,15,0,15
 元富新竹,神達,101,87,14
 元富新竹,富喬,16,3,13
 元富新竹,00927群益半導體收益,12,0,12
 元富新竹,00878國泰永續高股息,11,0,11
 元富新竹,台虹,14,3,11
 元富新竹,技嘉,10,0,10
 元富新竹,00752中信中國50,10,0,10
 元富新竹,國喬,10,0,10
 元富新竹,全漢,10,0,10
 元富新竹,達邁,19,9,10
 元富新竹,華夏,11,2,9
 元富新竹,正基,8,0,8
 元富新竹,00924復華S＆P500成長,7,0,7
 元富新竹,湧德,7,0,7
 元富新竹,00650L復華香港正2,6,0,6
 元富新竹,濱川,6,0,6
 元富新竹,合機,6,0,6
 元富新竹,00940元大台灣價值高息,10,5,5
 元富新竹,00753L中信中國50正2,5,0,5
 元富新竹,00922國泰台灣領袖50,5,0,5
 元富新竹,00751B元大AAA至A公司債,5,0,5
 元富新竹,00665L富邦�琤肭磪囓�2,5,0,5
 元富新竹,京元電子,6,1,5
 元富新竹,晟銘電,5,0,5
 元富新竹,東洋,5,0,5
 元富新竹,00679B元大美債20年,5,0,5
 元富新竹,臺企銀,5,1,4
 元富新竹,00692富邦公司治理,4,0,4
 元富新竹,亞光,7,3,4
 元富新竹,英業達,8,4,4
 元富新竹,僑威,9,5,4
 元富新竹,友訊,1,201,-200
 元富新竹,華新,0,196,-196
 元富新竹,台聚,0,87,-87
 元富新竹,全友,0,50,-50
 元富新竹,錸德,0,50,-50
 元富新竹,大成鋼,5,55,-50
 元富新竹,台積電,3,47,-44
 元富新竹,元晶,0,40,-40
 元富新竹,00929復華台灣科技優息,2,34,-32
 元富新竹,光環,0,30,-30
 元富新竹,環球晶,0,30,-30
 元富新竹,波若威,9,37,-28
 元富新竹,00830國泰費城半導體,4,29,-25
 元富新竹,鈺齊-KY,1,21,-20
 元富新竹,昆盈,0,17,-17
 元富新竹,長榮,0,16,-16
 元富新竹,新光金,3,18,-15
 元富新竹,燿華,0,13,-13
 元富新竹,00947台新臺灣IC設計,0,11,-11
 元富新竹,神基,3,14,-11
 元富新竹,00725B國泰投資級公司債,0,10,-10
 元富新竹,凌群,0,10,-10
 元富新竹,來頡,0,10,-10
 元富新竹,伍豐,0,10,-10
 元富新竹,華航,3,12,-9
 元富新竹,研華,0,9,-9
 元富新竹,圓剛,1,10,-9
 元富新竹,台灣虎航,0,8,-8
 元富新竹,00853B統一美債10年Aa-,0,8,-8
 元富新竹,00941中信上游半導體,0,7,-7
 元富新竹,資通,0,7,-7
 元富新竹,中信金,0,7,-7
 元富新竹,泰金寶-DR,3,10,-7
 元富新竹,奇鋐,0,7,-7
 元富新竹,鴻海,25,31,-6
 元富新竹,台灣高鐵,0,6,-6
 元富新竹,聚亨,0,6,-6
 元富新竹,興勤,0,6,-6
 元富新竹,飛宏,1,7,-6
 元富新竹,臻鼎-KY,0,6,-6
 元富新竹,興能高,34,40,-6
 元富新竹,廣達,11,17,-6
 元富新竹,華南金,0,6,-6
 元富新竹,元大台灣50,1,7,-6
 元富新竹,聯成,0,5,-5
 元富新竹,光寶科,0,5,-5
 元富新竹,輔信,0,5,-5
 元富新竹,第一店,0,5,-5
 元富新竹,華立,0,5,-5
 元富新竹,昇達科,1,6,-5
台新建北,和椿,180,23,157
台新建北,聯電,171,40,131
台新建北,南亞科,122,3,119
台新建北,00878國泰永續高股息,109,18,91
台新建北,00637L元大滬深300正2,92,10,82
台新建北,00940元大台灣價值高息,126,59,67
台新建北,昇達科,77,19,58
台新建北,00679B元大美債20年,57,2,55
台新建北,00680L元大美債20正2,51,0,51
台新建北,00919群益台灣精選高息,58,9,49
台新建北,皇昌,55,11,44
台新建北,華星光,215,185,30
台新建北,永豐金,30,0,30
台新建北,基泰,30,0,30
台新建北,台富,27,0,27
台新建北,元大高股息,42,18,24
台新建北,金雨,21,0,21
台新建北,泰金寶-DR,64,43,21
台新建北,聯昌,20,0,20
台新建北,虹冠電,22,2,20
台新建北,新盛力,164,144,20
台新建北,AES-KY,26,6,20
台新建北,台新金,25,6,19
台新建北,邁達特,41,23,18
台新建北,00937B群益ESG投等債20,59,43,16
台新建北,聰泰,23,7,16
台新建北,寒舍,17,1,16
台新建北,保瑞,19,3,16
台新建北,00915凱基優選高股息30,15,0,15
台新建北,融程電,15,0,15
台新建北,采鈺,20,6,14
台新建北,00830國泰費城半導體,14,0,14
台新建北,緯創,26,12,14
台新建北,騰輝電子-KY,17,4,13
台新建北,上詮,13,0,13
台新建北,欣興,13,0,13
台新建北,彬台,12,1,11
台新建北,展達,11,0,11
台新建北,鼎元,11,0,11
台新建北,00757統一FANG+,12,1,11
台新建北,興能高,449,438,11
台新建北,台新藥,10,0,10
台新建北,耿鼎,10,0,10
台新建北,新華,10,0,10
台新建北,00918大華優利高填息30,15,5,10
台新建北,遠東銀,10,0,10
台新建北,立��,14,5,9
台新建北,康那香,9,0,9
台新建北,兆豐金,10,1,9
台新建北,宏��,8,0,8
台新建北,彰銀,0,5001,-5001
台新建北,00980B台新特選IG債10+,0,736,-736
台新建北,00762元大全球AI,0,173,-173
台新建北,環宇-KY,178,343,-165
台新建北,神達,279,394,-115
台新建北,00929復華台灣科技優息,1,108,-107
台新建北,宏達電,66,148,-82
台新建北,00965元大航太防衛科技,5,75,-70
台新建北,00688L國泰20年美債正2,0,50,-50
台新建北,富喬,31,76,-45
台新建北,友達,20,60,-40
台新建北,大車隊,0,40,-40
台新建北,廣達,5,44,-39
台新建北,亞翔,14,47,-33
台新建北,華航,2,34,-32
台新建北,凱基金,10,40,-30
台新建北,達邁,39,69,-30
台新建北,00887永豐中國科技50大,14,40,-26
台新建北,00951台新日本半導體,0,26,-26
台新建北,宏致,23,49,-26
台新建北,驊訊,5,30,-25
台新建北,熱映,4,28,-24
台新建北,鴻準,1,25,-24
台新建北,富邦金,0,24,-24
台新建北,00642U期元大S＆P石油,0,23,-23
台新建北,台肥,0,23,-23
台新建北,00631L元大台灣50正2,1,24,-23
台新建北,00648R元大S＆P500反1,0,22,-22
台新建北,00640L富邦日本正2,0,22,-22
台新建北,中信金,2,23,-21
台新建北,景碩,0,21,-21
台新建北,中纖,0,20,-20
台新建北,00942B台新美A公司債20+,2,20,-18
台新建北,006208富邦台50,8,26,-18
台新建北,森崴能源,0,17,-17
台新建北,阜爾運通,0,16,-16
台新建北,東元,0,15,-15
台新建北,世芯-KY,2,17,-15
台新建北,00946群益科技高息成長,0,15,-15
台新建北,華碩,0,15,-15
台新建北,00922國泰台灣領袖50,4,19,-15
台新建北,嘉聯益,13,27,-14
台新建北,訊達,1,15,-14
台新建北,科妍,0,14,-14
台新建北,鴻海,28,41,-13
台新建北,精材,4,17,-13
台新建北,正達,1,14,-13
台新建北,金居,0,12,-12
台新建北,00881國泰台灣5G+,0,11,-11
台新建北,00941中信上游半導體,0,11,-11
永豐永康,聯電,139,13,126
永豐永康,00637L元大滬深300正2,78,8,70
永豐永康,00937B群益ESG投等債20,67,5,62
永豐永康,00950B凱基A級公司債,54,0,54
永豐永康,00650L復華香港正2,50,2,48
永豐永康,00922國泰台灣領袖50,45,2,43
永豐永康,鴻海,52,15,37
永豐永康,00919群益台灣精選高息,33,0,33
永豐永康,和椿,105,76,29
永豐永康,群創,30,3,27
永豐永康,三商壽,53,26,27
永豐永康,00687B國泰20年美債,28,2,26
永豐永康,聯光通,126,102,24
永豐永康,波若威,68,46,22
永豐永康,欣興,27,5,22
永豐永康,廣達,26,5,21
永豐永康,00673R期元大S＆P原油反1,18,0,18
永豐永康,立隆電,68,50,18
永豐永康,眾達-KY,100,82,18
永豐永康,00881國泰台灣5G+,20,3,17
永豐永康,濱川,32,15,17
永豐永康,宏達電,175,158,17
永豐永康,皇龍,16,0,16
永豐永康,泰金寶-DR,53,37,16
永豐永康,台灣大,83,68,15
永豐永康,00858永豐美國500大,17,3,14
永豐永康,00830國泰費城半導體,20,7,13
永豐永康,富喬,25,12,13
永豐永康,華邦電,15,3,12
永豐永康,精剛,11,0,11
永豐永康,金麗-KY,10,0,10
永豐永康,勤美,10,0,10
永豐永康,威盛,17,7,10
永豐永康,伊雲谷,10,0,10
永豐永康,西勝,10,0,10
永豐永康,華新,10,1,9
永豐永康,名軒,10,1,9
永豐永康,精成科,23,14,9
永豐永康,佳能,15,7,8
永豐永康,光寶科,21,13,8
永豐永康,僑威,12,5,7
永豐永康,達邁,71,64,7
永豐永康,ABC-KY,7,0,7
永豐永康,00971野村美國研發龍頭,11,4,7
永豐永康,至上,8,1,7
永豐永康,群益證,7,0,7
永豐永康,中華,12,5,7
永豐永康,茂綸,15,8,7
永豐永康,全球傳動,8,1,7
永豐永康,00918大華優利高填息30,6,0,6
永豐永康,00712復華富時不動產,1,75,-74
永豐永康,亞翔,11,77,-66
永豐永康,00882中信中國高股息,6,55,-49
永豐永康,力積電,138,184,-46
永豐永康,00929復華台灣科技優息,1,47,-46
永豐永康,京城銀,10,51,-41
永豐永康,00753L中信中國50正2,0,38,-38
永豐永康,金寶,0,37,-37
永豐永康,富邦金,0,32,-32
永豐永康,台化,0,31,-31
永豐永康,大同,33,62,-29
永豐永康,日揚,0,24,-24
永豐永康,00665L富邦�琤肭磪囓�2,0,23,-23
永豐永康,00915凱基優選高股息30,6,29,-23
永豐永康,00878國泰永續高股息,26,48,-22
永豐永康,00679B元大美債20年,3,25,-22
永豐永康,創惟,9,26,-17
永豐永康,瑞軒,0,16,-16
永豐永康,00948B中信優息投資級債,5,21,-16
永豐永康,00965元大航太防衛科技,0,15,-15
永豐永康,006208富邦台50,12,27,-15
永豐永康,新日興,20,34,-14
永豐永康,00757統一FANG+,1,14,-13
永豐永康,興能高,490,503,-13
永豐永康,00940元大台灣價值高息,0,12,-12
永豐永康,00952凱基台灣AI50,0,12,-12
永豐永康,00631L元大台灣50正2,6,18,-12
永豐永康,元太,1,13,-12
永豐永康,啟��,0,11,-11
永豐永康,晟銘電,3,14,-11
永豐永康,宏致,33,44,-11
永豐永康,順達,28,39,-11
永豐永康,00670L富邦NASDAQ正2,0,11,-11
永豐永康,南亞科,41,51,-10
永豐永康,世紀,2,12,-10
永豐永康,華紙,0,10,-10
永豐永康,00911兆豐洲際半導體,0,10,-10
永豐永康,00946群益科技高息成長,0,10,-10
永豐永康,台榮,0,10,-10
永豐永康,神達,115,125,-10
永豐永康,環宇-KY,56,65,-9
永豐永康,00648R元大S＆P500反1,0,9,-9
永豐永康,00877復華中國5G,0,9,-9
永豐永康,00671R富邦NASDAQ反1,0,9,-9
永豐永康,緯創,37,46,-9
永豐永康,中鋼,1,10,-9
永豐永康,00891中信關鍵半導體,0,9,-9
永豐永康,00675L富邦臺灣加權正2,3,11,-8
永豐永康,欣銓,23,31,-8
永豐永康,榮剛,0,8,-8
群益東大,00937B群益ESG投等債20,140,5,135
群益東大,欣興,109,8,101
群益東大,00687B國泰20年美債,73,13,60
群益東大,大成鋼,62,4,58
群益東大,00706L期元大S＆P日圓正2,50,0,50
群益東大,元大台灣50,53,6,47
群益東大,00637L元大滬深300正2,42,0,42
群益東大,迅得,44,9,35
群益東大,泰金寶-DR,43,9,34
群益東大,聯電,58,26,32
群益東大,緯創,34,2,32
群益東大,00953B群益優選非投等債,30,0,30
群益東大,新建,28,0,28
群益東大,十銓,22,0,22
群益東大,元大高股息,21,1,20
群益東大,台達化,20,0,20
群益東大,奇鋐,31,12,19
群益東大,00665L富邦�琤肭磪囓�2,24,6,18
群益東大,亞光,21,3,18
群益東大,00882中信中國高股息,16,0,16
群益東大,晟銘電,16,1,15
群益東大,精成科,20,7,13
群益東大,力積電,52,40,12
群益東大,00864B中信美國公債0-1,12,0,12
群益東大,華泰,12,0,12
群益東大,00909國泰數位支付服務,12,0,12
群益東大,雙鴻,18,7,11
群益東大,中美晶,10,0,10
群益東大,合機,10,0,10
群益東大,00650L復華香港正2,10,0,10
群益東大,點序,10,0,10
群益東大,中鼎,10,0,10
群益東大,永豐金,9,0,9
群益東大,00633L富邦上証正2,9,0,9
群益東大,台表科,9,0,9
群益東大,00858永豐美國500大,11,3,8
群益東大,英濟,22,14,8
群益東大,00679B元大美債20年,7,0,7
群益東大,聯鈞,49,42,7
群益東大,彰銀,8,1,7
群益東大,星宇航空,7,0,7
群益東大,慧洋-KY,7,0,7
群益東大,昇陽半導體,7,0,7
群益東大,堤維西,6,0,6
群益東大,00907永豐優息存股,6,0,6
群益東大,台嘉碩,6,0,6
群益東大,00926凱基全球菁英55,8,2,6
群益東大,勤美,6,0,6
群益東大,金像電,6,0,6
群益東大,00923群益台ESG低碳50,6,0,6
群益東大,00940元大台灣價值高息,2,225,-223
群益東大,00675L富邦臺灣加權正2,0,150,-150
群益東大,00980B台新特選IG債10+,0,125,-125
群益東大,00966B統一ESG投等債15,0,110,-110
群益東大,三商壽,0,85,-85
群益東大,新日興,16,77,-61
群益東大,晟德,1,52,-51
群益東大,00631L元大台灣50正2,1,50,-49
群益東大,長榮航,7,55,-48
群益東大,僑威,24,66,-42
群益東大,聯穎,0,40,-40
群益東大,恩德,0,31,-31
群益東大,友訊,0,30,-30
群益東大,00673R期元大S＆P原油反1,3,30,-27
群益東大,00720B元大投資級公司債,0,25,-25
群益東大,00941中信上游半導體,0,24,-24
群益東大,華航,0,24,-24
群益東大,連展投控,10,32,-22
群益東大,眾達-KY,18,40,-22
群益東大,和椿,17,38,-21
群益東大,揚智,4,24,-20
群益東大,00719B元大美債1-3,0,20,-20
群益東大,00951台新日本半導體,0,20,-20
群益東大,00651R復華香港反1,0,20,-20
群益東大,神達,127,147,-20
群益東大,矽格,1,20,-19
群益東大,海華,1,20,-19
群益東大,欣銓,10,29,-19
群益東大,凱基金,0,18,-18
群益東大,陽明,3,19,-16
群益東大,馬光-KY,1,16,-15
群益東大,006208富邦台50,1,13,-12
群益東大,富邦金,0,12,-12
群益東大,松瑞藥,0,12,-12
群益東大,敬鵬,0,12,-12
群益東大,00936台新永續高息中小,0,12,-12
群益東大,南茂,11,23,-12
群益東大,台塑,4,15,-11
群益東大,富喬,42,53,-11
群益東大,臺企銀,0,10,-10
群益東大,聯發,0,10,-10
群益東大,晶豪科,0,10,-10
群益東大,健和興,0,10,-10
群益東大,敦泰,0,10,-10
群益東大,GIS-KY,0,10,-10
群益東大,百和,10,20,-10
群益東大,一詮,0,9,-9
群益東大,健亞,0,9,-9
群益東大,聿新科,0,9,-9
群益東大,長科*,2,11,-9
富邦南京,00937B群益ESG投等債20,2616,35,2581
富邦南京,00942B台新美A公司債20+,2000,0,2000
富邦南京,聯電,317,22,295
富邦南京,IET-KY,160,11,149
富邦南京,金寶,133,15,118
富邦南京,00637L元大滬深300正2,137,30,107
富邦南京,南亞科,102,1,101
富邦南京,00632R元大台灣50反1,97,0,97
富邦南京,新興,72,1,71
富邦南京,亞力,56,0,56
富邦南京,元大高股息,59,16,43
富邦南京,新光金,90,49,41
富邦南京,志強-KY,41,1,40
富邦南京,新應材,40,3,37
富邦南京,順達,79,42,37
富邦南京,00907永豐優息存股,36,0,36
富邦南京,00933B國泰10Y+金融債,35,0,35
富邦南京,00642U期元大S＆P石油,30,0,30
富邦南京,00918大華優利高填息30,34,5,29
富邦南京,夆典,28,0,28
富邦南京,冠德,27,1,26
富邦南京,台灣虎航,46,22,24
富邦南京,久昌,24,0,24
富邦南京,統領,23,0,23
富邦南京,00924復華S＆P500成長,23,0,23
富邦南京,承業醫,25,2,23
富邦南京,00909國泰數位支付服務,30,7,23
富邦南京,欣興,28,6,22
富邦南京,立萬利,22,0,22
富邦南京,達邁,49,27,22
富邦南京,兆利,20,0,20
富邦南京,遠百,20,0,20
富邦南京,緯創,36,16,20
富邦南京,00968B元大優息投等債,20,1,19
富邦南京,華安,19,0,19
富邦南京,合一,19,0,19
富邦南京,00852L國泰美國道瓊正2,18,0,18
富邦南京,大同,28,10,18
富邦南京,永道-KY,19,1,18
富邦南京,玉山金,18,1,17
富邦南京,亞泰,26,9,17
富邦南京,00919群益台灣精選高息,61,45,16
富邦南京,00915凱基優選高股息30,20,5,15
富邦南京,彩晶,15,0,15
富邦南京,00712復華富時不動產,15,0,15
富邦南京,精成科,44,29,15
富邦南京,皇昌,17,2,15
富邦南京,IKKA-KY,25,11,14
富邦南京,恆大,21,8,13
富邦南京,立敦,83,70,13
富邦南京,00953B群益優選非投等債,1,2482,-2481
富邦南京,00664R國泰臺灣加權反1,2,1035,-1033
富邦南京,00922國泰台灣領袖50,121,629,-508
富邦南京,00929復華台灣科技優息,0,212,-212
富邦南京,00965元大航太防衛科技,1,199,-198
富邦南京,長榮航,1,120,-119
富邦南京,華航,0,110,-110
富邦南京,宏達電,40,114,-74
富邦南京,鴻海,20,87,-67
富邦南京,聯光通,28,86,-58
富邦南京,00720B元大投資級公司債,7,65,-58
富邦南京,凱基金,1,49,-48
富邦南京,佰鴻,0,45,-45
富邦南京,台達電,1,42,-41
富邦南京,神達,246,285,-39
富邦南京,新日興,126,165,-39
富邦南京,萬海,1,36,-35
富邦南京,南茂,5,40,-35
富邦南京,建錩,0,34,-34
富邦南京,僑威,3,37,-34
富邦南京,台揚,0,33,-33
富邦南京,益登,0,29,-29
富邦南京,鴻準,4,32,-28
富邦南京,菱光,9,37,-28
富邦南京,長榮,5,31,-26
富邦南京,亞諾法,0,25,-25
富邦南京,磐儀,6,31,-25
富邦南京,環宇-KY,42,67,-25
富邦南京,富喬,36,60,-24
富邦南京,創惟,6,29,-23
富邦南京,ITH-KY,5,27,-22
富邦南京,奇鋐,31,53,-22
富邦南京,00941中信上游半導體,0,21,-21
富邦南京,00940元大台灣價值高息,0,21,-21
富邦南京,00679B元大美債20年,6,27,-21
富邦南京,群創,20,40,-20
富邦南京,官田鋼,0,20,-20
富邦南京,00980B台新特選IG債10+,0,20,-20
富邦南京,笙科,0,20,-20
富邦南京,尚凡*,0,20,-20
富邦南京,國光生,0,19,-19
富邦南京,陽明,13,31,-18
富邦南京,三顧,2,20,-18
富邦南京,九豪,2,20,-18
富邦南京,日月光投控,7,24,-17
富邦南京,富邦金,5,22,-17
富邦南京,泰金寶-DR,63,79,-16
富邦南京,沛爾生醫-創,0,16,-16
富邦南京,海悅,0,16,-16
富邦南京,上銀,3,19,-16
台新三民,聯電,248,20,228
台新三民,00959B大華投等美債15Y+,205,0,205
台新三民,00706L期元大S＆P日圓正2,96,0,96
台新三民,00664R國泰臺灣加權反1,82,0,82
台新三民,00918大華優利高填息30,91,30,61
台新三民,00962台新AI優息動能,60,0,60
台新三民,00722B群益投資級電信債,52,0,52
台新三民,東泥,45,0,45
台新三民,金麗-KY,40,0,40
台新三民,00919群益台灣精選高息,40,6,34
台新三民,彰銀,33,1,32
台新三民,精剛,30,0,30
台新三民,英業達,41,12,29
台新三民,海光,28,0,28
台新三民,連展投控,28,3,25
台新三民,00637L元大滬深300正2,24,2,22
台新三民,元大高股息,28,8,20
台新三民,愛之味,20,0,20
台新三民,旺宏,23,4,19
台新三民,欣興,45,27,18
台新三民,立��,24,7,17
台新三民,台橡,18,1,17
台新三民,00713元大台灣高息低波,16,0,16
台新三民,威致,16,0,16
台新三民,五福,16,0,16
台新三民,合庫金,16,1,15
台新三民,新建,21,7,14
台新三民,00679B元大美債20年,13,2,11
台新三民,達邁,33,22,11
台新三民,兆豐金,11,0,11
台新三民,智原,14,3,11
台新三民,00688L國泰20年美債正2,11,0,11
台新三民,力麒,10,0,10
台新三民,藍天,10,0,10
台新三民,華榮,10,0,10
台新三民,台通,10,0,10
台新三民,春源,10,0,10
台新三民,恩德,10,0,10
台新三民,偉訓,14,5,9
台新三民,00639富邦深100,9,0,9
台新三民,00687B國泰20年美債,18,10,8
台新三民,華通,17,9,8
台新三民,新盛力,73,65,8
台新三民,大成鋼,7,0,7
台新三民,濱川,9,2,7
台新三民,00917中信特選金融,7,0,7
台新三民,聯上發,7,0,7
台新三民,南仁湖,7,0,7
台新三民,慧洋-KY,8,1,7
台新三民,昇陽半導體,12,5,7
台新三民,中華電,9,189,-180
台新三民,00980B台新特選IG債10+,1,175,-174
台新三民,00951台新日本半導體,0,120,-120
台新三民,欣銓,20,105,-85
台新三民,凱基金,3,80,-77
台新三民,康舒,0,75,-75
台新三民,力積電,19,91,-72
台新三民,華新,1,72,-71
台新三民,新光金,0,53,-53
台新三民,00633L富邦上証正2,0,47,-47
台新三民,00900富邦特選高股息30,0,47,-47
台新三民,良維,0,46,-46
台新三民,00940元大台灣價值高息,0,45,-45
台新三民,友達,0,42,-42
台新三民,博磊,0,35,-35
台新三民,台揚,1,33,-32
台新三民,玉山金,0,29,-29
台新三民,00929復華台灣科技優息,0,25,-25
台新三民,友訊,14,39,-25
台新三民,神達,64,86,-22
台新三民,日月光投控,17,38,-21
台新三民,00922國泰台灣領袖50,10,31,-21
台新三民,華容,0,20,-20
台新三民,富強鑫,0,20,-20
台新三民,00953B群益優選非投等債,0,20,-20
台新三民,長榮航,0,19,-19
台新三民,光罩,1,19,-18
台新三民,00965元大航太防衛科技,2,19,-17
台新三民,富邦金,4,20,-16
台新三民,北基,0,16,-16
台新三民,華邦電,4,19,-15
台新三民,國泰金,1,15,-14
台新三民,陽明,12,26,-14
台新三民,圓剛,4,18,-14
台新三民,大同,1,14,-13
台新三民,聯光通,6,19,-13
台新三民,裕融,0,12,-12
台新三民,00948B中信優息投資級債,1,13,-12
台新三民,亞翔,11,22,-11
台新三民,長榮,4,15,-11
台新三民,能率,2,13,-11
台新三民,山林水,2,13,-11
台新三民,遠東銀,0,11,-11
台新三民,華城,3,13,-10
台新三民,鈺德,0,10,-10
台新三民,華電網,0,10,-10
台新三民,00680L元大美債20正2,20,30,-10
台新三民,晟德,0,10,-10
台新三民,大聯大,0,10,-10
台新三民,光寶科,3,13,-10
富邦竹北,00971野村美國研發龍頭,369,0,369
富邦竹北,00905FT臺灣Smart,206,16,190
富邦竹北,00637L元大滬深300正2,167,32,135
富邦竹北,聯電,152,33,119
富邦竹北,00858永豐美國500大,65,0,65
富邦竹北,00922國泰台灣領袖50,71,8,63
富邦竹北,寶成,50,0,50
富邦竹北,00891中信關鍵半導體,51,6,45
富邦竹北,佳世達,50,6,44
富邦竹北,00945B凱基美國非投等債,39,0,39
富邦竹北,00725B國泰投資級公司債,38,0,38
富邦竹北,00878國泰永續高股息,58,22,36
富邦竹北,00910第一金太空衛星,31,1,30
富邦竹北,騰輝電子-KY,30,4,26
富邦竹北,00923群益台ESG低碳50,50,25,25
富邦竹北,00664R國泰臺灣加權反1,25,0,25
富邦竹北,玉山金,25,5,20
富邦竹北,立隆電,36,17,19
富邦竹北,00948B中信優息投資級債,17,0,17
富邦竹北,堤維西,18,1,17
富邦竹北,緯創,28,11,17
富邦竹北,京元電子,24,10,14
富邦竹北,揚智,16,2,14
富邦竹北,00918大華優利高填息30,13,0,13
富邦竹北,欣興,50,37,13
富邦竹北,力積電,55,42,13
富邦竹北,00960野村全球航運龍頭,12,0,12
富邦竹北,采鈺,33,21,12
富邦竹北,橘子,12,0,12
富邦竹北,00753L中信中國50正2,12,1,11
富邦竹北,慧洋-KY,11,0,11
富邦竹北,00830國泰費城半導體,24,13,11
富邦竹北,ITH-KY,17,7,10
富邦竹北,富喬,30,20,10
富邦竹北,00688L國泰20年美債正2,10,0,10
富邦竹北,訊達,10,0,10
富邦竹北,00712復華富時不動產,11,1,10
富邦竹北,永新-KY,10,0,10
富邦竹北,大魯閣,10,1,9
富邦竹北,00673R期元大S＆P原油反1,9,0,9
富邦竹北,中華,9,0,9
富邦竹北,陞達科技,8,0,8
富邦竹北,迅得,32,24,8
富邦竹北,昇陽半導體,9,2,7
富邦竹北,00912中信臺灣智慧50,7,0,7
富邦竹北,雷虎,12,5,7
富邦竹北,連展投控,8,1,7
富邦竹北,神基,11,4,7
富邦竹北,矽格,11,5,6
富邦竹北,所羅門,6,0,6
富邦竹北,00680L元大美債20正2,20,1018,-998
富邦竹北,華南金,0,409,-409
富邦竹北,00639富邦深100,0,348,-348
富邦竹北,00929復華台灣科技優息,3,272,-269
富邦竹北,00941中信上游半導體,6,149,-143
富邦竹北,可成,0,130,-130
富邦竹北,康舒,0,121,-121
富邦竹北,00980B台新特選IG債10+,11,121,-110
富邦竹北,00881國泰台灣5G+,7,100,-93
富邦竹北,00770國泰北美科技,4,88,-84
富邦竹北,群創,10,76,-66
富邦竹北,00919群益台灣精選高息,43,91,-48
富邦竹北,00687B國泰20年美債,105,150,-45
富邦竹北,千興,1,46,-45
富邦竹北,00937B群益ESG投等債20,40,78,-38
富邦竹北,遠東銀,3,40,-37
富邦竹北,中華電,1,33,-32
富邦竹北,康全電訊,0,31,-31
富邦竹北,神達,83,114,-31
富邦竹北,00715L期街口布蘭特正2,1,30,-29
富邦竹北,欣銓,18,44,-26
富邦竹北,台積電,17,42,-25
富邦竹北,00950B凱基A級公司債,5,30,-25
富邦竹北,台揚,1,25,-24
富邦竹北,00940元大台灣價值高息,7,31,-24
富邦竹北,三晃,0,23,-23
富邦竹北,元大高股息,28,51,-23
富邦竹北,00968B元大優息投等債,0,20,-20
富邦竹北,00631L元大台灣50正2,7,26,-19
富邦竹北,達邁,40,59,-19
富邦竹北,世界,0,18,-18
富邦竹北,朋億*,7,25,-18
富邦竹北,00655L國泰中國A50正2,3,20,-17
富邦竹北,日月光投控,2,19,-17
富邦竹北,00692富邦公司治理,0,16,-16
富邦竹北,00965元大航太防衛科技,0,15,-15
富邦竹北,第一保,0,15,-15
富邦竹北,00947台新臺灣IC設計,0,15,-15
富邦竹北,仁寶,0,15,-15
富邦竹北,00954中信日本半導體,2,17,-15
富邦竹北,定穎投控,5,20,-15
富邦竹北,00679B元大美債20年,18,33,-15
富邦竹北,00670L富邦NASDAQ正2,2,16,-14
富邦竹北,00895富邦未來車,0,15,-15
富邦竹北,聯德控股-KY,1,14,-13
富邦竹北,頎邦,0,13,-13
富邦竹北,新光金,3,16,-13
富邦竹北,興能高,99,111,-12
富邦竹北,擎邦,0,12,-12
富邦竹北,加百裕,21,33,-12
合庫基隆,聯電,92,9,83
合庫基隆,宏達電,107,32,75
合庫基隆,00706L期元大S＆P日圓正2,48,0,48
合庫基隆,亞光,32,1,31
合庫基隆,新建,30,0,30
合庫基隆,2883B凱基金乙特,30,0,30
合庫基隆,00688L國泰20年美債正2,20,0,20
合庫基隆,00650L復華香港正2,20,0,20
合庫基隆,鴻海,30,13,17
合庫基隆,00655L國泰中國A50正2,15,0,15
合庫基隆,海光,15,0,15
合庫基隆,00637L元大滬深300正2,11,0,11
合庫基隆,00753L中信中國50正2,10,0,10
合庫基隆,立隆電,16,6,10
合庫基隆,高僑,10,0,10
合庫基隆,元大高股息,18,9,9
合庫基隆,00830國泰費城半導體,10,1,9
合庫基隆,00770國泰北美科技,10,1,9
合庫基隆,大成鋼,9,0,9
合庫基隆,緯創,21,12,9
合庫基隆,華電網,9,0,9
合庫基隆,力積電,21,13,8
合庫基隆,00919群益台灣精選高息,9,1,8
合庫基隆,00719B元大美債1-3,8,0,8
合庫基隆,華晶科,8,0,8
合庫基隆,瑞鼎,8,0,8
合庫基隆,00713元大台灣高息低波,7,0,7
合庫基隆,兆豐金,7,0,7
合庫基隆,盛達,7,0,7
合庫基隆,台塑,13,7,6
合庫基隆,00926凱基全球菁英55,6,0,6
合庫基隆,台揚,5,0,5
合庫基隆,00878國泰永續高股息,5,0,5
合庫基隆,00858永豐美國500大,5,0,5
合庫基隆,00693U期街口S＆P黃豆,5,0,5
合庫基隆,國產,5,0,5
合庫基隆,富野,5,0,5
合庫基隆,合一,5,0,5
合庫基隆,新盛力,20,15,5
合庫基隆,合庫金,5,0,5
合庫基隆,和椿,11,6,5
合庫基隆,緯穎,9,5,4
合庫基隆,技嘉,4,0,4
合庫基隆,陽明,6,2,4
合庫基隆,晶彩科,4,0,4
合庫基隆,興能高,54,50,4
合庫基隆,00933B國泰10Y+金融債,3,0,3
合庫基隆,台泥,3,0,3
合庫基隆,致新,3,0,3
合庫基隆,矽創,2,0,2
合庫基隆,00929復華台灣科技優息,0,78,-78
合庫基隆,欣銓,3,63,-60
合庫基隆,超豐,0,43,-43
合庫基隆,名軒,0,30,-30
合庫基隆,原相,0,26,-26
合庫基隆,泰金寶-DR,15,40,-25
合庫基隆,神達,14,38,-24
合庫基隆,00882中信中國高股息,1,20,-19
合庫基隆,廣宇,2,17,-15
合庫基隆,威盛,0,14,-14
合庫基隆,中信金,0,13,-13
合庫基隆,00877復華中國5G,0,13,-13
合庫基隆,00954中信日本半導體,0,13,-13
合庫基隆,雲豹能源,0,12,-12
合庫基隆,全球傳動,0,11,-11
合庫基隆,00905FT臺灣Smart,0,10,-10
合庫基隆,00980B台新特選IG債10+,0,10,-10
合庫基隆,華泰,0,10,-10
合庫基隆,錸德,0,10,-10
合庫基隆,鴻準,3,13,-10
合庫基隆,憶聲,0,10,-10
合庫基隆,達邁,13,23,-10
合庫基隆,華東,0,10,-10
合庫基隆,美德醫療-DR,0,10,-10
合庫基隆,00909國泰數位支付服務,0,9,-9
合庫基隆,新光金,0,9,-9
合庫基隆,創惟,4,12,-8
合庫基隆,臺企銀,0,8,-8
合庫基隆,中興電,1,8,-7
合庫基隆,華航,1,8,-7
合庫基隆,神基,0,7,-7
合庫基隆,00940元大台灣價值高息,0,6,-6
合庫基隆,台積電,2,8,-6
合庫基隆,台達電,0,5,-5
合庫基隆,奇鋐,0,5,-5
合庫基隆,台聚,0,5,-5
合庫基隆,錩新,0,5,-5
合庫基隆,晟銘電,0,5,-5
合庫基隆,佰鴻,0,5,-5
合庫基隆,建漢,0,5,-5
合庫基隆,英濟,0,5,-5
合庫基隆,光聯,0,5,-5
合庫基隆,00918大華優利高填息30,2,6,-4
合庫基隆,1522A堤維西甲特,0,4,-4
合庫基隆,美時,0,4,-4
合庫基隆,富喬,1,5,-4
合庫基隆,友訊,0,4,-4
合庫基隆,廣達,0,4,-4
合庫基隆,00679B元大美債20年,2,6,-4
合庫基隆,亞翔,2,6,-4
台新松江,順達,146,25,121
台新松江,00637L元大滬深300正2,190,86,104
台新松江,興能高,89,20,69
台新松江,00706L期元大S＆P日圓正2,65,0,65
台新松江,鴻海,64,7,57
台新松江,長榮航,262,206,56
台新松江,00937B群益ESG投等債20,46,0,46
台新松江,00664R國泰臺灣加權反1,40,0,40
台新松江,英濟,76,39,37
台新松江,大銀微系統,44,13,31
台新松江,00686R群益臺灣加權反1,30,0,30
台新松江,台揚,30,2,28
台新松江,精材,28,2,26
台新松江,00878國泰永續高股息,29,4,25
台新松江,00680L元大美債20正2,22,0,22
台新松江,00882中信中國高股息,21,0,21
台新松江,三一東林,20,0,20
台新松江,00665L富邦�琤肭磪囓�2,169,149,20
台新松江,00919群益台灣精選高息,20,0,20
台新松江,00675L富邦臺灣加權正2,24,9,15
台新松江,00948B中信優息投資級債,15,0,15
台新松江,久昌,15,0,15
台新松江,聯電,35,22,13
台新松江,亞泰,36,23,13
台新松江,宏達電,95,82,13
台新松江,元大高股息,11,0,11
台新松江,中鴻,26,15,11
台新松江,中鋼,10,0,10
台新松江,00655L國泰中國A50正2,10,0,10
台新松江,智伸科,10,0,10
台新松江,昇貿,10,0,10
台新松江,00676R富邦臺灣加權反1,10,0,10
台新松江,緯創,36,27,9
台新松江,全新,11,2,9
台新松江,宏致,64,55,9
台新松江,00662富邦NASDAQ,8,0,8
台新松江,點序,14,6,8
台新松江,毛寶,8,0,8
台新松江,凱美,35,28,7
台新松江,00795B中信美國公債20年,7,0,7
台新松江,擎亞,132,125,7
台新松江,明安,7,0,7
台新松江,台塑化,10,3,7
台新松江,00858永豐美國500大,6,0,6
台新松江,官田鋼,6,0,6
台新松江,廣明,8,2,6
台新松江,00674R期元大S＆P黃金反1,6,0,6
台新松江,富威電力,6,0,6
台新松江,志強-KY,15,9,6
台新松江,華通,7,2,5
台新松江,00980B台新特選IG債10+,1,781,-780
台新松江,協易機,0,153,-153
台新松江,圓剛,0,107,-107
台新松江,南亞,0,80,-80
台新松江,兆勁,5,85,-80
台新松江,00953B群益優選非投等債,0,50,-50
台新松江,宏齊,100,140,-40
台新松江,欣銓,10,43,-33
台新松江,神達,23,54,-31
台新松江,國泰金,0,22,-22
台新松江,鴻準,0,21,-21
台新松江,仁寶,0,20,-20
台新松江,東浦,0,20,-20
台新松江,星通,5,23,-18
台新松江,00673R期元大S＆P原油反1,0,18,-18
台新松江,菱光,0,16,-16
台新松江,立��,8,23,-15
台新松江,00946群益科技高息成長,0,15,-15
台新松江,宜特,0,15,-15
台新松江,元大金,0,15,-15
台新松江,威健,0,15,-15
台新松江,凱基金,0,14,-14
台新松江,仲琦,1,14,-13
台新松江,華邦電,6,19,-13
台新松江,鈺齊-KY,3,16,-13
台新松江,三商壽,3,15,-12
台新松江,華航,0,12,-12
台新松江,達邁,1,13,-12
台新松江,00646元大S＆P500,0,11,-11
台新松江,矽格,1,12,-11
台新松江,巨大,2,13,-11
台新松江,零壹,5,15,-10
台新松江,冠西電,15,25,-10
台新松江,三晃,0,10,-10
台新松江,中石化,0,10,-10
台新松江,大量,1,11,-10
台新松江,智易,0,10,-10
台新松江,力成,15,25,-10
台新松江,中工,0,10,-10
台新松江,漢科,0,10,-10
台新松江,新光金,0,10,-10
台新松江,中興電,8,17,-9
台新松江,00922國泰台灣領袖50,3,11,-8
台新松江,金山電,1,9,-8
台新松江,環球晶,0,8,-8
台新松江,佳和,0,8,-8
台新松江,友達,0,7,-7
台新松江,ITH-KY,0,7,-7
台新松江,新日興,20,27,-7
台新松江,00631L元大台灣50正2,1,8,-7
第一台南,聯電,203,20,183
第一台南,中鋼,142,6,136
第一台南,鴻海,371,291,80
第一台南,日月光投控,86,10,76
第一台南,00937B群益ESG投等債20,62,2,60
第一台南,台玻,62,3,59
第一台南,宏達電,175,118,57
第一台南,緯創,48,4,44
第一台南,神達,102,61,41
第一台南,亞光,32,9,23
第一台南,英濟,26,3,23
第一台南,瑞軒,21,0,21
第一台南,皇昌,28,7,21
第一台南,訊達,21,0,21
第一台南,00918大華優利高填息30,18,0,18
第一台南,永豐金,18,0,18
第一台南,華星光,50,34,16
第一台南,00931B統一美債20年,26,10,16
第一台南,00882中信中國高股息,16,0,16
第一台南,元大高股息,62,48,14
第一台南,臺企銀,15,1,14
第一台南,廣運,22,8,14
第一台南,欣興,17,4,13
第一台南,00687B國泰20年美債,13,1,12
第一台南,新盛力,66,55,11
第一台南,00713元大台灣高息低波,11,0,11
第一台南,環科,11,0,11
第一台南,宏��,12,1,11
第一台南,藥華藥,13,3,10
第一台南,陽明,28,18,10
第一台南,世界,13,3,10
第一台南,臺鹽,10,0,10
第一台南,夆典,10,0,10
第一台南,富強鑫,10,0,10
第一台南,富喬,33,23,10
第一台南,立端,10,1,9
第一台南,立敦,11,3,8
第一台南,宏齊,10,3,7
第一台南,欣陸,7,0,7
第一台南,合庫金,7,0,7
第一台南,久元,7,0,7
第一台南,連展投控,16,9,7
第一台南,雲豹能源,8,1,7
第一台南,昇陽半導體,9,2,7
第一台南,英業達,20,14,6
第一台南,驊訊,8,2,6
第一台南,00930永豐ESG低碳高息,6,0,6
第一台南,光頡,6,0,6
第一台南,00963中信全球高股息,6,0,6
第一台南,耀登,6,0,6
第一台南,00946群益科技高息成長,0,263,-263
第一台南,00753L中信中國50正2,33,272,-239
第一台南,00881國泰台灣5G+,3,221,-218
第一台南,欣銓,3,103,-100
第一台南,00940元大台灣價值高息,6,78,-72
第一台南,凱基金,10,76,-66
第一台南,大成鋼,6,67,-61
第一台南,堤維西,3,59,-56
第一台南,00679B元大美債20年,9,59,-50
第一台南,00929復華台灣科技優息,8,59,-51
第一台南,彰銀,0,50,-50
第一台南,00887永豐中國科技50大,0,46,-46
第一台南,友達,1,40,-39
第一台南,宏致,10,46,-36
第一台南,00878國泰永續高股息,21,56,-35
第一台南,00715L期街口布蘭特正2,0,35,-35
第一台南,00953B群益優選非投等債,0,30,-30
第一台南,聯光通,4,34,-30
第一台南,統一實,0,30,-30
第一台南,台塑,44,73,-29
第一台南,千興,4,32,-28
第一台南,泰金寶-DR,24,51,-27
第一台南,00910第一金太空衛星,24,51,-27
第一台南,廣宇,0,23,-23
第一台南,00951台新日本半導體,1,23,-22
第一台南,00757統一FANG+,8,29,-21
第一台南,華航,6,27,-21
第一台南,台積電,17,37,-20
第一台南,大井泵浦,0,20,-20
第一台南,00952凱基台灣AI50,1,20,-19
第一台南,華南金,1,19,-18
第一台南,全球傳動,1,19,-18
第一台南,00919群益台灣精選高息,70,86,-16
第一台南,00891中信關鍵半導體,0,16,-16
第一台南,興能高,50,66,-16
第一台南,南亞科,1,16,-15
第一台南,00852L國泰美國道瓊正2,0,15,-15
第一台南,元大台灣50,2,17,-15
第一台南,長榮,3,17,-14
第一台南,創惟,8,22,-14
第一台南,中信金,2,15,-13
第一台南,長榮航,1,14,-13
第一台南,順達,6,19,-13
第一台南,光洋科,2,14,-12
第一台南,迅得,15,27,-12
第一台南,南亞,0,12,-12
第一台南,中石化,0,12,-12
第一台南,台特化,2,14,-12
第一台南,2883B凱基金乙特,0,12,-12
第一台南,金雨,0,11,-11
大和國泰,日月光投控,672,0,672
大和國泰,神基,650,0,650
大和國泰,矽格,469,0,469
大和國泰,京元電子,243,0,243
大和國泰,儒鴻,100,0,100
大和國泰,和碩,100,0,100
大和國泰,鼎基,94,0,94
大和國泰,昇達科,80,0,80
大和國泰,智邦,72,0,72
大和國泰,華城,63,0,63
大和國泰,金像電,60,0,60
大和國泰,緯穎,42,1,41
大和國泰,創意,25,0,25
大和國泰,精材,25,0,25
大和國泰,旺宏,12,0,12
大和國泰,瑞昱,10,0,10
大和國泰,嘉澤,7,0,7
大和國泰,創見,4,0,4
大和國泰,台灣精銳,3,0,3
大和國泰,智原,1,0,1
大和國泰,達發,1,0,1
大和國泰,欣興,0,119,-119
大和國泰,鴻海,0,118,-118
大和國泰,台積電,0,106,-106
大和國泰,東元,0,20,-20
大和國泰,茂達,0,20,-20
大和國泰,雙鴻,0,20,-20
大和國泰,鈺齊-KY,0,16,-16
大和國泰,世芯-KY,0,12,-12
大和國泰,聯發科,144,155,-11
大和國泰,大立光,0,6,-6
大和國泰,元太,0,6,-6
大和國泰,寶雅,0,3,-3
群益士林,00929復華台灣科技優息,200,10,190
群益士林,00688L國泰20年美債正2,100,0,100
群益士林,聯電,113,18,95
群益士林,宏達電,286,195,91
群益士林,00927群益半導體收益,52,0,52
群益士林,00891中信關鍵半導體,50,1,49
群益士林,00637L元大滬深300正2,40,0,40
群益士林,合晶,33,2,31
群益士林,00713元大台灣高息低波,30,0,30
群益士林,力積電,49,21,28
群益士林,緯創,53,26,27
群益士林,中信金,27,6,21
群益士林,彩富,16,0,16
群益士林,00937B群益ESG投等債20,15,1,14
群益士林,達興材料,11,1,10
群益士林,合庫金,10,0,10
群益士林,朋億*,10,0,10
群益士林,00950B凱基A級公司債,10,0,10
群益士林,海華,13,3,10
群益士林,大成鋼,11,1,10
群益士林,00795B中信美國公債20年,10,0,10
群益士林,輔信,10,0,10
群益士林,00953B群益優選非投等債,10,0,10
群益士林,蜜望實,9,0,9
群益士林,00881國泰台灣5G+,9,0,9
群益士林,00919群益台灣精選高息,9,0,9
群益士林,00878國泰永續高股息,12,4,8
群益士林,英業達,10,2,8
群益士林,迅得,16,8,8
群益士林,能率,8,0,8
群益士林,金寶,10,2,8
群益士林,力成,7,0,7
群益士林,聯鈞,39,32,7
群益士林,亞航,6,0,6
群益士林,新漢,12,6,6
群益士林,亞光,8,2,6
群益士林,華星光,64,58,6
群益士林,元大台灣50,7,1,6
群益士林,廣達,6,1,5
群益士林,聯合再生,10,5,5
群益士林,聯光通,34,29,5
群益士林,華廣,5,0,5
群益士林,憶聲,5,0,5
群益士林,宏齊,5,0,5
群益士林,昇陽半導體,5,0,5
群益士林,亞翔,19,15,4
群益士林,嘉彰,4,0,4
群益士林,榮剛,4,0,4
群益士林,立端,4,0,4
群益士林,陽明,6,2,4
群益士林,00980B台新特選IG債10+,30,330,-300
群益士林,00959B大華投等美債15Y+,0,194,-194
群益士林,立��,20,73,-53
群益士林,00966B統一ESG投等債15,0,40,-40
群益士林,國泰金,0,38,-38
群益士林,華邦電,0,33,-33
群益士林,00946群益科技高息成長,0,27,-27
群益士林,富邦金,0,23,-23
群益士林,神達,65,85,-20
群益士林,華南金,0,20,-20
群益士林,興能高,115,133,-18
群益士林,聯華,0,18,-18
群益士林,弘裕,0,16,-16
群益士林,友達,0,15,-15
群益士林,富喬,5,19,-14
群益士林,友訊,17,31,-14
群益士林,台泥,0,14,-14
群益士林,鴻準,7,20,-13
群益士林,國光生,0,13,-13
群益士林,00940元大台灣價值高息,0,12,-12
群益士林,南茂,4,16,-12
群益士林,連展投控,6,18,-12
群益士林,台新金,0,11,-11
群益士林,環宇-KY,53,64,-11
群益士林,佳能,2,13,-11
群益士林,群創,0,11,-11
群益士林,日月光投控,0,10,-10
群益士林,欣銓,9,19,-10
群益士林,力特,0,10,-10
群益士林,玉山金,0,10,-10
群益士林,三商,0,10,-10
群益士林,星宇航空,1,11,-10
群益士林,嘉泥,0,10,-10
群益士林,龍邦,0,10,-10
群益士林,擎亞,19,29,-10
群益士林,和大,1,11,-10
群益士林,泰金寶-DR,5,14,-9
群益士林,達邁,26,35,-9
群益士林,南亞科,1,10,-9
群益士林,新光金,5,14,-9
群益士林,00764B群益25年美債,0,8,-8
群益士林,台耀,0,8,-8
群益士林,jpp-KY,0,8,-8
群益士林,台積電,6,14,-8
群益士林,長榮航,4,11,-7
群益士林,凱基金,0,7,-7
群益士林,台特化,0,6,-6
群益士林,僑威,7,13,-6
群益士林,亞泰,1,7,-6
群益士林,威盛,2,8,-6
凱基    ,00980B台新特選IG債10+,11038,51,10987
凱基    ,力積電,9007,7,9000
凱基    ,南亞,914,0,914
凱基    ,00915凱基優選高股息30,916,5,911
凱基    ,00947台新臺灣IC設計,616,0,616
凱基    ,00953B群益優選非投等債,605,0,605
凱基    ,欣興,464,1,463
凱基    ,宏全,445,1,444
凱基    ,眾達-KY,426,0,426
凱基    ,神達,447,38,409
凱基    ,元大高股息,416,50,366
凱基    ,00656R國泰中國A50反1,364,0,364
凱基    ,00679B元大美債20年,457,100,357
凱基    ,00713元大台灣高息低波,348,0,348
凱基    ,創意,390,55,335
凱基    ,00712復華富時不動產,321,0,321
凱基    ,00662富邦NASDAQ,332,27,305
凱基    ,國喬,300,0,300
凱基    ,信邦,300,1,299
凱基    ,台達電,267,2,265
凱基    ,00955中信日本商社,262,0,262
凱基    ,恆大,260,0,260
凱基    ,00650L復華香港正2,246,0,246
凱基    ,00700富邦�琤肭磪�,275,48,227
凱基    ,新光金,216,10,206
凱基    ,欣銓,265,64,201
凱基    ,00770國泰北美科技,202,22,180
凱基    ,00651R復華香港反1,179,0,179
凱基    ,迅得,179,3,176
凱基    ,00933B國泰10Y+金融債,173,0,173
凱基    ,鴻海,151,0,151
凱基    ,擎亞,150,0,150
凱基    ,00964中信亞太高股息,147,0,147
凱基    ,00635U期元大S＆P黃金,191,49,142
凱基    ,00768B復華20年美債,185,50,135
凱基    ,華城,133,0,133
凱基    ,00673R期元大S＆P原油反1,127,0,127
凱基    ,永豐金,112,0,112
凱基    ,00669R國泰美國道瓊反1,111,0,111
凱基    ,順達,132,31,101
凱基    ,00751B元大AAA至A公司債,101,0,101
凱基    ,00950B凱基A級公司債,101,1,100
凱基    ,岱宇,100,0,100
凱基    ,00963中信全球高股息,100,0,100
凱基    ,長榮航,140,42,98
凱基    ,亞翔,97,0,97
凱基    ,精成科,95,4,91
凱基    ,台灣虎航,93,6,87
凱基    ,鈺齊-KY,93,13,80
凱基    ,00687B國泰20年美債,1342,1263,79
凱基    ,00680L元大美債20正2,0,2184,-2184
凱基    ,00882中信中國高股息,2,2000,-1998
凱基    ,00965元大航太防衛科技,155,2050,-1895
凱基    ,00948B中信優息投資級債,251,2087,-1836
凱基    ,00959B大華投等美債15Y+,1,1600,-1599
凱基    ,00966B統一ESG投等債15,0,1461,-1461
凱基    ,中鋼,0,1310,-1310
凱基    ,00968B元大優息投等債,0,1214,-1214
凱基    ,聯電,559,1753,-1194
凱基    ,慧洋-KY,0,1078,-1078
凱基    ,00937B群益ESG投等債20,16,1000,-984
凱基    ,00688L國泰20年美債正2,0,755,-755
凱基    ,精材,5,635,-630
凱基    ,遠傳,0,588,-588
凱基    ,00757統一FANG+,614,1169,-555
凱基    ,00637L元大滬深300正2,8790,9335,-545
凱基    ,定穎投控,0,540,-540
凱基    ,宏��,0,504,-504
凱基    ,00878國泰永續高股息,45,494,-449
凱基    ,緯創,2,444,-442
凱基    ,全新,0,405,-405
凱基    ,國際中橡,0,360,-360
凱基    ,00665L富邦�琤肭磪囓�2,468,808,-340
凱基    ,00941中信上游半導體,16,349,-333
凱基    ,00720B元大投資級公司債,2,300,-298
凱基    ,00940元大台灣價值高息,7,300,-293
凱基    ,啟��,38,322,-284
凱基    ,晟銘電,0,273,-273
凱基    ,00970B新光BBB投等債20,10,271,-261
凱基    ,00969B元大零息超長美債,0,250,-250
凱基    ,乙盛-KY,0,230,-230
凱基    ,00753L中信中國50正2,20,250,-230
凱基    ,00636國泰中國A50,1,221,-220
凱基    ,洋華,0,210,-210
凱基    ,00779B凱基美債25+,371,580,-209
凱基    ,聖暉*,1,200,-199
凱基    ,玉山金,2,200,-198
凱基    ,00960野村全球航運龍頭,0,196,-196
凱基    ,00646元大S＆P500,67,258,-191
凱基    ,006206元大上證50,0,189,-189
凱基    ,長榮航太,0,185,-185
凱基    ,00737國泰AI+Robo,0,175,-175
凱基    ,00910第一金太空衛星,17,190,-173
凱基    ,茂林-KY,0,160,-160
凱基    ,居易,0,148,-148
凱基    ,大量,0,141,-141
凱基    ,頎邦,0,120,-120
凱基    ,材料-KY,0,118,-118
凱基    ,通嘉,0,116,-116
凱基    ,00738U期元大道瓊白銀,0,110,-110
永豐鳳山,聯電,88,6,82
永豐鳳山,廣達,45,3,42
永豐鳳山,神達,92,60,32
永豐鳳山,00830國泰費城半導體,28,0,28
永豐鳳山,聯鈞,92,69,23
永豐鳳山,南茂,39,18,21
永豐鳳山,順達,47,26,21
永豐鳳山,00878國泰永續高股息,22,2,20
永豐鳳山,力積電,56,41,15
永豐鳳山,上詮,15,0,15
永豐鳳山,00959B大華投等美債15Y+,20,7,13
永豐鳳山,00770國泰北美科技,12,0,12
永豐鳳山,第一金,11,0,11
永豐鳳山,彰銀,10,0,10
永豐鳳山,00918大華優利高填息30,10,0,10
永豐鳳山,永豐金,10,0,10
永豐鳳山,00932兆豐永續高息等權,10,0,10
永豐鳳山,久正,10,0,10
永豐鳳山,中鋼,21,11,10
永豐鳳山,00757統一FANG+,10,1,9
永豐鳳山,寶緯,9,0,9
永豐鳳山,友訊,13,4,9
永豐鳳山,惠特,11,2,9
永豐鳳山,廣宇,12,3,9
永豐鳳山,00858永豐美國500大,10,2,8
永豐鳳山,00633L富邦上証正2,8,0,8
永豐鳳山,亞光,12,4,8
永豐鳳山,陽明,14,6,8
永豐鳳山,兆豐金,8,0,8
永豐鳳山,欣興,10,3,7
永豐鳳山,訊達,12,5,7
永豐鳳山,中光電,8,1,7
永豐鳳山,鴻海,16,10,6
永豐鳳山,慧洋-KY,6,0,6
永豐鳳山,盟立,7,1,6
永豐鳳山,前鼎,10,4,6
永豐鳳山,新光鋼,6,0,6
永豐鳳山,00665L富邦�琤肭磪囓�2,17,11,6
永豐鳳山,00706L期元大S＆P日圓正2,5,0,5
永豐鳳山,00676R富邦臺灣加權反1,5,0,5
永豐鳳山,精成科,9,4,5
永豐鳳山,威盛,8,3,5
永豐鳳山,中電,6,1,5
永豐鳳山,精材,6,2,4
永豐鳳山,保瑞,5,1,4
永豐鳳山,聯光通,13,9,4
永豐鳳山,亞泰,4,0,4
永豐鳳山,統一證,4,0,4
永豐鳳山,大銀微系統,6,2,4
永豐鳳山,宏��,5,1,4
永豐鳳山,三商壽,2,253,-251
永豐鳳山,00971野村美國研發龍頭,2,168,-166
永豐鳳山,00885富邦越南,0,81,-81
永豐鳳山,00687B國泰20年美債,36,100,-64
永豐鳳山,國泰金,1,54,-53
永豐鳳山,遠東銀,0,50,-50
永豐鳳山,中石化,6,51,-45
永豐鳳山,00937B群益ESG投等債20,20,60,-40
永豐鳳山,凱基金,0,34,-34
永豐鳳山,緯創,23,53,-30
永豐鳳山,00940元大台灣價值高息,0,26,-26
永豐鳳山,聯發科,0,23,-23
永豐鳳山,技嘉,0,23,-23
永豐鳳山,00688L國泰20年美債正2,0,21,-21
永豐鳳山,友達,0,21,-21
永豐鳳山,瑞軒,0,20,-20
永豐鳳山,亞翔,5,23,-18
永豐鳳山,宏達電,96,111,-15
永豐鳳山,台積電,5,20,-15
永豐鳳山,泰金寶-DR,15,30,-15
永豐鳳山,鈺齊-KY,0,15,-15
永豐鳳山,00662富邦NASDAQ,0,15,-15
永豐鳳山,00909國泰數位支付服務,0,15,-15
永豐鳳山,群創,1,14,-13
永豐鳳山,00923群益台ESG低碳50,0,13,-13
永豐鳳山,華邦電,10,23,-13
永豐鳳山,長榮航,6,17,-11
永豐鳳山,中鴻,1,12,-11
永豐鳳山,柏承,0,10,-10
永豐鳳山,菱光,4,14,-10
永豐鳳山,和碩,0,10,-10
永豐鳳山,元大高股息,3,12,-9
永豐鳳山,欣銓,24,33,-9
永豐鳳山,宏致,6,15,-9
永豐鳳山,立��,11,20,-9
永豐鳳山,堤維西,5,14,-9
永豐鳳山,玉山金,6,14,-8
永豐鳳山,雷虎,4,12,-8
永豐鳳山,創見,2,10,-8
永豐鳳山,00632R元大台灣50反1,0,8,-8
永豐鳳山,日月光投控,5,12,-7
永豐鳳山,00939統一台灣高息動能,0,7,-7
永豐鳳山,00936台新永續高息中小,0,7,-7
永豐鳳山,00675L富邦臺灣加權正2,1,8,-7
永豐鳳山,富邦金,0,7,-7
永豐鳳山,南亞,0,6,-6
永豐鳳山,系微,1,7,-6
永豐鳳山,00725B國泰投資級公司債,0,6,-6
永豐鳳山,00650L復華香港正2,4,10,-6
永豐鳳山,正達,0,6,-6
 企銀埔墘 ,聯電,38,0,38
 企銀埔墘 ,力積電,27,2,25
 企銀埔墘 ,元大高股息,16,0,16
 企銀埔墘 ,益得,11,0,11
 企銀埔墘 ,00950B凱基A級公司債,10,0,10
 企銀埔墘 ,慧洋-KY,9,0,9
 企銀埔墘 ,00940元大台灣價值高息,8,0,8
 企銀埔墘 ,00939統一台灣高息動能,8,0,8
 企銀埔墘 ,欣興,8,0,8
 企銀埔墘 ,精成科,8,0,8
 企銀埔墘 ,朋億*,7,0,7
 企銀埔墘 ,亞聚,5,0,5
 企銀埔墘 ,00731復華富時高息低波,5,0,5
 企銀埔墘 ,皇普,5,0,5
 企銀埔墘 ,山富,5,0,5
 企銀埔墘 ,望隼,5,0,5
 企銀埔墘 ,敦泰,3,0,3
 企銀埔墘 ,精聯,3,0,3
 企銀埔墘 ,慧友,3,0,3
 企銀埔墘 ,台塑化,3,0,3
 企銀埔墘 ,興能高,7,4,3
 企銀埔墘 ,00713元大台灣高息低波,3,0,3
 企銀埔墘 ,臺企銀,3,0,3
 企銀埔墘 ,鈊象,2,0,2
 企銀埔墘 ,廣達,2,0,2
 企銀埔墘 ,IKKA-KY,2,0,2
 企銀埔墘 ,華星光,18,16,2
 企銀埔墘 ,立敦,2,0,2
 企銀埔墘 ,泰金寶-DR,2,0,2
 企銀埔墘 ,台積電,3,1,2
 企銀埔墘 ,00770國泰北美科技,1,0,1
 企銀埔墘 ,緯穎,1,0,1
 企銀埔墘 ,玉晶光,1,0,1
 企銀埔墘 ,宏��,1,0,1
 企銀埔墘 ,00639富邦深100,1,0,1
 企銀埔墘 ,00701國泰股利精選30,1,0,1
 企銀埔墘 ,00687B國泰20年美債,1,0,1
 企銀埔墘 ,00676R富邦臺灣加權反1,1,0,1
 企銀埔墘 ,006208富邦台50,1,0,1
 企銀埔墘 ,00655L國泰中國A50正2,1,0,1
 企銀埔墘 ,00858永豐美國500大,1,0,1
 企銀埔墘 ,勝悅-KY,1,0,1
 企銀埔墘 ,台聚,1,0,1
 企銀埔墘 ,台塑,1,0,1
 企銀埔墘 ,金寶,1,0,1
 企銀埔墘 ,正隆,1,0,1
 企銀埔墘 ,光罩,1,0,1
 企銀埔墘 ,英業達,1,0,1
 企銀埔墘 ,所羅門,1,0,1
 企銀埔墘 ,華航,1,0,1
 企銀埔墘 ,日月光投控,0,200,-200
 企銀埔墘 ,00922國泰台灣領袖50,0,42,-42
 企銀埔墘 ,中信金,0,21,-21
 企銀埔墘 ,宏致,0,20,-20
 企銀埔墘 ,點序,0,20,-20
 企銀埔墘 ,群創,0,17,-17
 企銀埔墘 ,00933B國泰10Y+金融債,0,10,-10
 企銀埔墘 ,亞翔,0,8,-8
 企銀埔墘 ,鈺齊-KY,0,8,-8
 企銀埔墘 ,寶成,0,8,-8
 企銀埔墘 ,台灣虎航,0,6,-6
 企銀埔墘 ,亞泰,0,5,-5
 企銀埔墘 ,福華,0,5,-5
 企銀埔墘 ,鴻海,0,5,-5
 企銀埔墘 ,玉山金,0,5,-5
 企銀埔墘 ,迅得,6,10,-4
 企銀埔墘 ,洋基工程,0,4,-4
 企銀埔墘 ,00919群益台灣精選高息,7,10,-3
 企銀埔墘 ,華城,1,4,-3
 企銀埔墘 ,英利-KY,0,3,-3
 企銀埔墘 ,三商電,1,4,-3
 企銀埔墘 ,憶聲,0,3,-3
 企銀埔墘 ,欣銓,10,13,-3
 企銀埔墘 ,和碩,1,4,-3
 企銀埔墘 ,共信-KY,0,2,-2
 企銀埔墘 ,00631L元大台灣50正2,0,2,-2
 企銀埔墘 ,廣宇,0,2,-2
 企銀埔墘 ,友訊,0,2,-2
 企銀埔墘 ,台光電,2,4,-2
 企銀埔墘 ,全新,0,2,-2
 企銀埔墘 ,國泰金,0,2,-2
 企銀埔墘 ,泰碩,0,2,-2
 企銀埔墘 ,台灣精銳,1,3,-2
 企銀埔墘 ,立積,0,2,-2
 企銀埔墘 ,能率,0,2,-2
 企銀埔墘 ,安格,0,2,-2
 企銀埔墘 ,奇鋐,1,3,-2
 企銀埔墘 ,凱基金,0,1,-1
 企銀埔墘 ,光寶科,1,2,-1
 企銀埔墘 ,大亞,0,1,-1
 企銀埔墘 ,00924復華S＆P500成長,0,1,-1
 企銀埔墘 ,00881國泰台灣5G+,0,1,-1
 企銀埔墘 ,技嘉,0,1,-1
 企銀埔墘 ,正崴,0,1,-1
 企銀埔墘 ,強茂,0,1,-1
 企銀埔墘 ,新興,0,1,-1
 企銀埔墘 ,陽明,0,1,-1
 企銀埔墘 ,新光金,0,1,-1
 企銀埔墘 ,波若威,5,6,-1
 企銀埔墘 ,光環,0,1,-1
 企銀岡山 ,00795B中信美國公債20年,300,0,300
 企銀岡山 ,玉山金,280,0,280
 企銀岡山 ,合庫金,91,0,91
 企銀岡山 ,中鋼,61,0,61
 企銀岡山 ,台新金,45,0,45
 企銀岡山 ,聯電,44,0,44
 企銀岡山 ,00878國泰永續高股息,35,1,34
 企銀岡山 ,兆豐金,26,0,26
 企銀岡山 ,汎銓,20,1,19
 企銀岡山 ,永豐金,17,0,17
 企銀岡山 ,晟銘電,15,0,15
 企銀岡山 ,00951台新日本半導體,10,0,10
 企銀岡山 ,連展投控,10,1,9
 企銀岡山 ,力積電,11,2,9
 企銀岡山 ,達邁,9,1,8
 企銀岡山 ,00637L元大滬深300正2,6,0,6
 企銀岡山 ,金寶,6,0,6
 企銀岡山 ,東陽,5,0,5
 企銀岡山 ,00688L國泰20年美債正2,5,0,5
 企銀岡山 ,00679B元大美債20年,5,0,5
 企銀岡山 ,00671R富邦NASDAQ反1,5,0,5
 企銀岡山 ,中環,5,0,5
 企銀岡山 ,高鋒,5,0,5
 企銀岡山 ,00764B群益25年美債,4,0,4
 企銀岡山 ,海光,3,0,3
 企銀岡山 ,星宇航空,5,2,3
 企銀岡山 ,宏捷科,3,0,3
 企銀岡山 ,006208富邦台50,3,0,3
 企銀岡山 ,宏達電,6,4,2
 企銀岡山 ,名軒,4,2,2
 企銀岡山 ,鑽全,2,0,2
 企銀岡山 ,00858永豐美國500大,2,0,2
 企銀岡山 ,00655L國泰中國A50正2,2,0,2
 企銀岡山 ,00653L富邦印度正2,2,0,2
 企銀岡山 ,00904新光臺灣半導體30,2,0,2
 企銀岡山 ,00932兆豐永續高息等權,2,0,2
 企銀岡山 ,新鋼,2,0,2
 企銀岡山 ,普安,2,0,2
 企銀岡山 ,尚立,2,0,2
 企銀岡山 ,玉晶光,2,0,2
 企銀岡山 ,中光電,2,0,2
 企銀岡山 ,保瑞,4,2,2
 企銀岡山 ,環球晶,2,0,2
 企銀岡山 ,商億-KY,2,0,2
 企銀岡山 ,大成鋼,1,0,1
 企銀岡山 ,欣興,1,0,1
 企銀岡山 ,緯穎,1,0,1
 企銀岡山 ,台泥,1,0,1
 企銀岡山 ,00918大華優利高填息30,1,0,1
 企銀岡山 ,00632R元大台灣50反1,1,0,1
 企銀岡山 ,元大高股息,3,670,-667
 企銀岡山 ,00725B國泰投資級公司債,0,400,-400
 企銀岡山 ,00720B元大投資級公司債,0,400,-400
 企銀岡山 ,華南金,0,100,-100
 企銀岡山 ,台化,0,79,-79
 企銀岡山 ,南亞,0,78,-78
 企銀岡山 ,台塑,0,78,-78
 企銀岡山 ,台塑化,0,78,-78
 企銀岡山 ,元大台灣50,0,21,-21
 企銀岡山 ,00954中信日本半導體,30,50,-20
 企銀岡山 ,富邦金,0,15,-15
 企銀岡山 ,00929復華台灣科技優息,1,11,-10
 企銀岡山 ,00882中信中國高股息,0,10,-10
 企銀岡山 ,精英,0,10,-10
 企銀岡山 ,中信金,0,10,-10
 企銀岡山 ,00887永豐中國科技50大,0,8,-8
 企銀岡山 ,鴻海,4,12,-8
 企銀岡山 ,凱基金,0,7,-7
 企銀岡山 ,00934中信成長高股息,0,6,-6
 企銀岡山 ,華航,0,6,-6
 企銀岡山 ,奇鋐,0,6,-6
 企銀岡山 ,00940元大台灣價值高息,0,5,-5
 企銀岡山 ,瀚宇博,0,5,-5
 企銀岡山 ,久昌,0,5,-5
 企銀岡山 ,銳澤,0,5,-5
 企銀岡山 ,新漢,0,5,-5
 企銀岡山 ,台積電,2,6,-4
 企銀岡山 ,亞力,0,4,-4
 企銀岡山 ,穩懋,0,4,-4
 企銀岡山 ,東元,0,3,-3
 企銀岡山 ,華新,0,3,-3
 企銀岡山 ,00909國泰數位支付服務,0,3,-3
 企銀岡山 ,寶成,0,3,-3
 企銀岡山 ,順達,4,7,-3
 企銀岡山 ,00891中信關鍵半導體,0,2,-2
 企銀岡山 ,大亞,0,2,-2
 企銀岡山 ,鴻準,2,4,-2
 企銀岡山 ,昆盈,1,3,-2
 企銀岡山 ,南亞科,0,2,-2
 企銀岡山 ,世芯-KY,0,2,-2
 企銀岡山 ,亞翔,1,3,-2
 企銀岡山 ,綠界科技*,1,3,-2
 企銀岡山 ,大世科,0,2,-2
 企銀岡山 ,南茂,1,3,-2
 企銀岡山 ,華邦電,1,2,-1
 企銀岡山 ,萬海,0,1,-1
 企銀岡山 ,南電,0,1,-1
 企銀岡山 ,日月光投控,0,1,-1
 企銀岡山 ,勝一,0,1,-1
 企銀岡山 ,葡萄王,0,1,-1
 元富三重,福懋,151,0,151
 元富三重,聯合再生,88,0,88
 元富三重,長榮航,87,21,66
 元富三重,波若威,105,46,59
 元富三重,00918大華優利高填息30,52,0,52
 元富三重,百和興業-KY,50,0,50
 元富三重,聯電,69,21,48
 元富三重,00637L元大滬深300正2,50,20,30
 元富三重,台泥,16,0,16
 元富三重,鴻準,14,2,12
 元富三重,聯光通,11,0,11
 元富三重,鼎元,11,0,11
 元富三重,世紀鋼,11,0,11
 元富三重,群光,10,0,10
 元富三重,宏盛,10,0,10
 元富三重,陽明,9,1,8
 元富三重,晟銘電,15,7,8
 元富三重,亞光,9,1,8
 元富三重,元翎,8,0,8
 元富三重,彬台,10,3,7
 元富三重,立敦,9,3,6
 元富三重,海華,7,1,6
 元富三重,萬泰科,7,1,6
 元富三重,00722B群益投資級電信債,5,0,5
 元富三重,上曜,5,0,5
 元富三重,旺宏,5,0,5
 元富三重,聯強,5,0,5
 元富三重,宏��,5,0,5
 元富三重,新興,7,2,5
 元富三重,及成,5,0,5
 元富三重,立��,5,0,5
 元富三重,緯創,15,11,4
 元富三重,00905FT臺灣Smart,4,0,4
 元富三重,00887永豐中國科技50大,5,1,4
 元富三重,汎德永業,4,0,4
 元富三重,亞航,5,1,4
 元富三重,文曄,4,0,4
 元富三重,幃翔,4,0,4
 元富三重,力成,5,1,4
 元富三重,台灣虎航,6,2,4
 元富三重,欣興,5,2,3
 元富三重,00757統一FANG+,3,0,3
 元富三重,00690兆豐藍籌30,3,0,3
 元富三重,東聯,3,0,3
 元富三重,上銀,3,0,3
 元富三重,華通,8,5,3
 元富三重,佳能,3,0,3
 元富三重,信立,3,0,3
 元富三重,榮剛,3,0,3
 元富三重,擎邦,3,0,3
 元富三重,00980B台新特選IG債10+,2,1300,-1298
 元富三重,三商壽,0,132,-132
 元富三重,新光金,1,129,-128
 元富三重,00878國泰永續高股息,19,100,-81
 元富三重,國泰金,0,68,-68
 元富三重,00919群益台灣精選高息,13,80,-67
 元富三重,創惟,1,66,-65
 元富三重,00951台新日本半導體,0,55,-55
 元富三重,00936台新永續高息中小,0,54,-54
 元富三重,力積電,13,63,-50
 元富三重,台中銀,0,40,-40
 元富三重,神達,49,85,-36
 元富三重,中光電,28,61,-33
 元富三重,欣銓,5,37,-32
 元富三重,聯鈞,28,54,-26
 元富三重,國統,0,22,-22
 元富三重,00940元大台灣價值高息,0,20,-20
 元富三重,00970B新光BBB投等債20,0,20,-20
 元富三重,光寶科,0,20,-20
 元富三重,911868同方友友-DR,0,20,-20
 元富三重,彩晶,0,19,-19
 元富三重,凱基金,0,17,-17
 元富三重,英業達,0,16,-16
 元富三重,中信金,0,15,-15
 元富三重,騰輝電子-KY,1,16,-15
 元富三重,至上,0,15,-15
 元富三重,富邦金,0,13,-13
 元富三重,菱生,0,12,-12
 元富三重,連展投控,13,25,-12
 元富三重,光鋐,0,12,-12
 元富三重,輔信,0,11,-11
 元富三重,興能高,59,70,-11
 元富三重,00930永豐ESG低碳高息,0,10,-10
 元富三重,岱稜,0,10,-10
 元富三重,泰金寶-DR,60,70,-10
 元富三重,名軒,1,11,-10
 元富三重,00631L元大台灣50正2,1,10,-9
 元富三重,順達,1,10,-9
 元富三重,鴻海,8,17,-9
 元富三重,華星光,56,64,-8
 元富三重,宏致,0,8,-8
 元富三重,安瑞-KY,0,8,-8
 元富三重,泰鼎-KY,1,9,-8
 元富三重,00679B元大美債20年,3,10,-7
 元富三重,華新,1,8,-7
 元富三重,采鈺,0,7,-7
 元富三重,00713元大台灣高息低波,1,8,-7
 元富三重,友達,1,7,-6
 元富三重,00934中信成長高股息,0,6,-6
 元富三重,堤維西,0,6,-6
台中銀豐原,聯電,113,9,104
台中銀豐原,英業達,74,4,70
台中銀豐原,00878國泰永續高股息,60,3,57
台中銀豐原,00673R期元大S＆P原油反1,70,15,55
台中銀豐原,旺宏,45,1,44
台中銀豐原,00950B凱基A級公司債,40,0,40
台中銀豐原,00637L元大滬深300正2,41,8,33
台中銀豐原,憶聲,25,0,25
台中銀豐原,中環,23,0,23
台中銀豐原,緯創,38,16,22
台中銀豐原,元大高股息,22,1,21
台中銀豐原,00632R元大台灣50反1,35,15,20
台中銀豐原,00900富邦特選高股息30,21,1,20
台中銀豐原,福壽,20,0,20
台中銀豐原,台化,22,2,20
台中銀豐原,永捷,20,0,20
台中銀豐原,京元電子,23,3,20
台中銀豐原,昇陽半導體,18,0,18
台中銀豐原,00633L富邦上証正2,28,10,18
台中銀豐原,立��,28,12,16
台中銀豐原,東哥遊艇,15,0,15
台中銀豐原,連展投控,14,0,14
台中銀豐原,00953B群益優選非投等債,23,10,13
台中銀豐原,00830國泰費城半導體,12,1,11
台中銀豐原,驊訊,15,4,11
台中銀豐原,大成鋼,10,0,10
台中銀豐原,00679B元大美債20年,10,0,10
台中銀豐原,00753L中信中國50正2,10,0,10
台中銀豐原,00944野村趨勢動能高息,10,0,10
台中銀豐原,臺企銀,10,0,10
台中銀豐原,聯鈞,33,23,10
台中銀豐原,光聖,10,0,10
台中銀豐原,綠界科技*,10,1,9
台中銀豐原,中櫃,8,0,8
台中銀豐原,亞光,12,4,8
台中銀豐原,聯光通,43,35,8
台中銀豐原,鴻海,24,16,8
台中銀豐原,台泥,9,2,7
台中銀豐原,宏達電,30,23,7
台中銀豐原,三商壽,7,0,7
台中銀豐原,ITH-KY,7,0,7
台中銀豐原,眾達-KY,20,13,7
台中銀豐原,00945B凱基美國非投等債,7,1,6
台中銀豐原,中鴻,23,17,6
台中銀豐原,金寶,6,0,6
台中銀豐原,百和興業-KY,6,0,6
台中銀豐原,亞力,6,1,5
台中銀豐原,欣興,5,0,5
台中銀豐原,00971野村美國研發龍頭,5,0,5
台中銀豐原,得力,5,0,5
台中銀豐原,00929復華台灣科技優息,0,224,-224
台中銀豐原,凌巨,3,192,-189
台中銀豐原,精材,14,184,-170
台中銀豐原,友訊,4,150,-146
台中銀豐原,力積電,25,138,-113
台中銀豐原,中工,0,100,-100
台中銀豐原,康和證,0,100,-100
台中銀豐原,00688L國泰20年美債正2,30,120,-90
台中銀豐原,華南金,0,79,-79
台中銀豐原,00664R國泰臺灣加權反1,0,60,-60
台中銀豐原,00937B群益ESG投等債20,10,70,-60
台中銀豐原,新光金,20,69,-49
台中銀豐原,00933B國泰10Y+金融債,0,40,-40
台中銀豐原,神達,29,66,-37
台中銀豐原,凱基金,0,33,-33
台中銀豐原,中光電,0,30,-30
台中銀豐原,長榮,0,29,-29
台中銀豐原,華新,0,25,-25
台中銀豐原,新日興,2,27,-25
台中銀豐原,00715L期街口布蘭特正2,0,23,-23
台中銀豐原,00947台新臺灣IC設計,0,22,-22
台中銀豐原,泰金寶-DR,15,36,-21
台中銀豐原,威盛,0,20,-20
台中銀豐原,00877復華中國5G,0,20,-20
台中銀豐原,富野,0,19,-19
台中銀豐原,鈊象,3,21,-18
台中銀豐原,00647L元大S＆P500正2,0,17,-17
台中銀豐原,00708L期元大S＆P黃金正2,0,16,-16
台中銀豐原,日月光投控,2,17,-15
台中銀豐原,宏致,3,17,-14
台中銀豐原,00891中信關鍵半導體,0,13,-13
台中銀豐原,順達,10,23,-13
台中銀豐原,台積電,3,15,-12
台中銀豐原,淘帝-KY,0,12,-12
台中銀豐原,友達,0,11,-11
台中銀豐原,大同,0,11,-11
台中銀豐原,光環,2,13,-11
台中銀豐原,00940元大台灣價值高息,0,10,-10
台中銀豐原,國喬,0,10,-10
台中銀豐原,長榮鋼,0,10,-10
台中銀豐原,欣銓,5,15,-10
台中銀豐原,台半,0,10,-10
台中銀豐原,迅得,2,12,-10
台中銀豐原,惠特,0,10,-10
台中銀豐原,00885富邦越南,0,9,-9
台中銀豐原,晟銘電,2,11,-9
台中銀豐原,仁寶,0,8,-8
台中銀豐原,晶豪科,0,8,-8
台中銀豐原,彬台,0,8,-8
台中銀豐原,IKKA-KY,2,9,-7
群益竹南,力積電,1554,24,1530
群益竹南,00753L中信中國50正2,435,0,435
群益竹南,台化,149,4,145
群益竹南,00922國泰台灣領袖50,55,3,52
群益竹南,00688L國泰20年美債正2,50,0,50
群益竹南,00950B凱基A級公司債,50,0,50
群益竹南,統一實,50,0,50
群益竹南,00953B群益優選非投等債,44,0,44
群益竹南,燿華,34,1,33
群益竹南,聯電,37,4,33
群益竹南,眾達-KY,44,13,31
群益竹南,聿新科,30,0,30
群益竹南,00927群益半導體收益,35,8,27
群益竹南,00937B群益ESG投等債20,26,3,23
群益竹南,三商壽,20,2,18
群益竹南,金寶,31,14,17
群益竹南,恆大,20,3,17
群益竹南,英業達,26,11,15
群益竹南,鴻海,28,14,14
群益竹南,昇陽半導體,18,5,13
群益竹南,00679B元大美債20年,12,0,12
群益竹南,飛宏,12,0,12
群益竹南,勝悅-KY,11,0,11
群益竹南,加百裕,13,3,10
群益竹南,00680L元大美債20正2,10,0,10
群益竹南,京城銀,10,0,10
群益竹南,力特,10,0,10
群益竹南,威剛,10,0,10
群益竹南,和碩,10,0,10
群益竹南,00910第一金太空衛星,9,0,9
群益竹南,澤米,8,0,8
群益竹南,00918大華優利高填息30,7,0,7
群益竹南,聯華,7,0,7
群益竹南,佰鴻,7,0,7
群益竹南,00687B國泰20年美債,9,3,6
群益竹南,00713元大台灣高息低波,6,0,6
群益竹南,長榮,14,9,5
群益竹南,00740B富邦全球投等債,5,0,5
群益竹南,00772B中信高評級公司債,5,0,5
群益竹南,台船,5,0,5
群益竹南,英濟,5,0,5
群益竹南,全球傳動,5,0,5
群益竹南,合庫金,10,5,5
群益竹南,宏齊,5,0,5
群益竹南,訊芯-KY,6,1,5
群益竹南,惠特,16,11,5
群益竹南,緯創,11,6,5
群益竹南,士電,4,0,4
群益竹南,營邦,5,1,4
群益竹南,三晃,4,0,4
群益竹南,00887永豐中國科技50大,0,417,-417
群益竹南,群創,3,170,-167
群益竹南,國泰金,2,76,-74
群益竹南,00940元大台灣價值高息,2,55,-53
群益竹南,台塑,0,50,-50
群益竹南,順達,7,53,-46
群益竹南,玉山金,0,40,-40
群益竹南,陽明,7,35,-28
群益竹南,神達,14,41,-27
群益竹南,00980B台新特選IG債10+,40,66,-26
群益竹南,華南金,0,26,-26
群益竹南,00900富邦特選高股息30,0,20,-20
群益竹南,西勝,0,20,-20
群益竹南,聯光通,11,31,-20
群益竹南,光寶科,0,19,-19
群益竹南,展宇,0,18,-18
群益竹南,亞泰,0,18,-18
群益竹南,台新金,1,19,-18
群益竹南,臺企銀,0,18,-18
群益竹南,矽格,0,17,-17
群益竹南,富邦金,0,15,-15
群益竹南,華邦電,2,16,-14
群益竹南,萬海,5,19,-14
群益竹南,欣銓,14,27,-13
群益竹南,凱基金,0,12,-12
群益竹南,興能高,27,39,-12
群益竹南,新光金,0,11,-11
群益竹南,瑞智,0,11,-11
群益竹南,雷科,0,11,-11
群益竹南,南亞科,2,12,-10
群益竹南,00830國泰費城半導體,0,10,-10
群益竹南,第一銅,0,10,-10
群益竹南,全友,0,10,-10
群益竹南,精英,0,10,-10
群益竹南,漢翔,0,10,-10
群益竹南,豪勉,0,10,-10
群益竹南,00885富邦越南,0,9,-9
群益竹南,長榮航,4,13,-9
群益竹南,皇昌,5,13,-8
群益竹南,新盛力,34,42,-8
群益竹南,00926凱基全球菁英55,4,10,-6
群益竹南,00893國泰智能電動車,0,6,-6
群益竹南,三芳,1,7,-6
群益竹南,名軒,0,6,-6
群益竹南,輔信,0,6,-6
群益竹南,遠東銀,0,6,-6
群益竹南,台積電,1,7,-6
群益竹南,00970B新光BBB投等債20,0,5,-5
群益竹南,致伸,0,5,-5
群益竹南,橘子,0,5,-5
國票桃園,新光金,100,0,100
國票桃園,力積電,81,11,70
國票桃園,00633L富邦上証正2,60,0,60
國票桃園,聯電,46,3,43
國票桃園,玉晶光,42,0,42
國票桃園,恩德,25,0,25
國票桃園,宏遠證,23,1,22
國票桃園,東浦,20,0,20
國票桃園,成霖,20,0,20
國票桃園,台光電,22,4,18
國票桃園,亞光,17,2,15
國票桃園,立��,13,0,13
國票桃園,宏��,11,0,11
國票桃園,緯創,13,3,10
國票桃園,00687B國泰20年美債,10,0,10
國票桃園,00637L元大滬深300正2,10,0,10
國票桃園,為升,10,0,10
國票桃園,中鋼,9,0,9
國票桃園,00937B群益ESG投等債20,10,3,7
國票桃園,新盛力,62,55,7
國票桃園,00878國泰永續高股息,6,0,6
國票桃園,中信金,56,50,6
國票桃園,泰碩,6,0,6
國票桃園,萬海,5,0,5
國票桃園,00885富邦越南,5,0,5
國票桃園,富野,5,0,5
國票桃園,正達,5,0,5
國票桃園,波若威,9,4,5
國票桃園,亞泰,5,0,5
國票桃園,彩晶,5,0,5
國票桃園,振曜,5,0,5
國票桃園,光麗-KY,5,0,5
國票桃園,建德工業,5,0,5
國票桃園,00922國泰台灣領袖50,4,0,4
國票桃園,南亞,3,0,3
國票桃園,00713元大台灣高息低波,3,0,3
國票桃園,大亞,3,0,3
國票桃園,台揚,3,0,3
國票桃園,精英,3,0,3
國票桃園,台航,3,0,3
國票桃園,位速,3,0,3
國票桃園,信立,3,0,3
國票桃園,旺矽,6,3,3
國票桃園,長榮,3,0,3
國票桃園,宇隆,2,0,2
國票桃園,00632R元大台灣50反1,2,0,2
國票桃園,00753L中信中國50正2,2,0,2
國票桃園,00892富邦台灣半導體,2,0,2
國票桃園,00924復華S＆P500成長,2,0,2
國票桃園,00919群益台灣精選高息,2,0,2
國票桃園,宏達電,19,126,-107
國票桃園,泰金寶-DR,17,51,-34
國票桃園,達邁,21,51,-30
國票桃園,元大高股息,2,27,-25
國票桃園,00941中信上游半導體,0,20,-20
國票桃園,全漢,0,20,-20
國票桃園,宏致,5,25,-20
國票桃園,光聖,0,20,-20
國票桃園,貿聯-KY,4,24,-20
國票桃園,陽明,5,22,-17
國票桃園,嘉裕,0,15,-15
國票桃園,富邦科技,0,14,-14
國票桃園,00940元大台灣價值高息,0,13,-13
國票桃園,明泰,0,12,-12
國票桃園,006208富邦台50,0,12,-12
國票桃園,富邦金,1,12,-11
國票桃園,中化生,0,11,-11
國票桃園,長科*,0,10,-10
國票桃園,華航,0,9,-9
國票桃園,興能高,13,22,-9
國票桃園,00715L期街口布蘭特正2,2,10,-8
國票桃園,美食-KY,0,8,-8
國票桃園,中磊,0,8,-8
國票桃園,00673R期元大S＆P原油反1,0,7,-7
國票桃園,廣宇,0,7,-7
國票桃園,神達,9,16,-7
國票桃園,兆勁,0,7,-7
國票桃園,全新,0,6,-6
國票桃園,台星科,0,6,-6
國票桃園,群創,0,6,-6
國票桃園,乙盛-KY,0,6,-6
國票桃園,精成科,2,8,-6
國票桃園,驊訊,0,6,-6
國票桃園,亞航,0,5,-5
國票桃園,中再保,0,5,-5
國票桃園,日月光投控,1,6,-5
國票桃園,慧友,0,5,-5
國票桃園,同欣電,0,5,-5
國票桃園,新漢,0,5,-5
國票桃園,國泰金,0,4,-4
國票桃園,和碩,0,4,-4
國票桃園,00909國泰數位支付服務,0,3,-3
國票桃園,00954中信日本半導體,0,3,-3
國票桃園,中鴻,0,3,-3
國票桃園,華邦電,0,3,-3
國票桃園,偉詮電,0,3,-3
國票桃園,欣銓,2,5,-3
國票桃園,雙鴻,2,5,-3
國票桃園,智伸科,0,3,-3
國票桃園,振發,0,3,-3
凱基苗栗,00912中信臺灣智慧50,50,0,50
凱基苗栗,00673R期元大S＆P原油反1,21,0,21
凱基苗栗,威盛,21,0,21
凱基苗栗,00686R群益臺灣加權反1,20,0,20
凱基苗栗,00953B群益優選非投等債,20,0,20
凱基苗栗,三商壽,20,0,20
凱基苗栗,富喬,30,11,19
凱基苗栗,鴻海,35,16,19
凱基苗栗,00937B群益ESG投等債20,17,0,17
凱基苗栗,00633L富邦上証正2,15,0,15
凱基苗栗,廣達,13,0,13
凱基苗栗,00919群益台灣精選高息,15,4,11
凱基苗栗,永豐金,11,0,11
凱基苗栗,00770國泰北美科技,10,0,10
凱基苗栗,00693U期街口S＆P黃豆,10,0,10
凱基苗栗,00948B中信優息投資級債,10,0,10
凱基苗栗,榮成,10,0,10
凱基苗栗,友訊,10,0,10
凱基苗栗,環宇-KY,21,11,10
凱基苗栗,聯華,9,0,9
凱基苗栗,00918大華優利高填息30,9,0,9
凱基苗栗,達邁,11,2,9
凱基苗栗,力積電,15,8,7
凱基苗栗,英業達,7,0,7
凱基苗栗,圓剛,7,0,7
凱基苗栗,00632R元大台灣50反1,6,0,6
凱基苗栗,駿吉-KY,6,0,6
凱基苗栗,偉訓,6,0,6
凱基苗栗,昇貿,6,0,6
凱基苗栗,緯創,14,9,5
凱基苗栗,元大高股息,13,8,5
凱基苗栗,00679B元大美債20年,5,0,5
凱基苗栗,大成鋼,5,0,5
凱基苗栗,云辰,5,0,5
凱基苗栗,00878國泰永續高股息,4,0,4
凱基苗栗,00916國泰全球品牌50,4,0,4
凱基苗栗,台耀,4,0,4
凱基苗栗,達運光電,4,0,4
凱基苗栗,堤維西,5,1,4
凱基苗栗,陽明,9,6,3
凱基苗栗,台積電,3,0,3
凱基苗栗,佳能,3,0,3
凱基苗栗,正崴,3,0,3
凱基苗栗,泰鼎-KY,3,0,3
凱基苗栗,中光電,3,0,3
凱基苗栗,神盾,3,0,3
凱基苗栗,汎銓,3,0,3
凱基苗栗,金山電,3,0,3
凱基苗栗,上銀,2,0,2
凱基苗栗,00922國泰台灣領袖50,2,0,2
凱基苗栗,凱基金,0,166,-166
凱基苗栗,00980B台新特選IG債10+,0,68,-68
凱基苗栗,00929復華台灣科技優息,0,42,-42
凱基苗栗,泰金寶-DR,0,40,-40
凱基苗栗,00968B元大優息投等債,0,30,-30
凱基苗栗,00970B新光BBB投等債20,0,25,-25
凱基苗栗,00715L期街口布蘭特正2,0,20,-20
凱基苗栗,00751B元大AAA至A公司債,0,20,-20
凱基苗栗,神達,3,21,-18
凱基苗栗,群創,0,15,-15
凱基苗栗,漢翔,0,12,-12
凱基苗栗,富邦金,0,12,-12
凱基苗栗,台新金,2,14,-12
凱基苗栗,茂迪,0,12,-12
凱基苗栗,00757統一FANG+,0,11,-11
凱基苗栗,00725B國泰投資級公司債,0,10,-10
凱基苗栗,一詮,0,10,-10
凱基苗栗,光洋科,0,10,-10
凱基苗栗,僑威,4,13,-9
凱基苗栗,日月光投控,0,8,-8
凱基苗栗,新日興,1,9,-8
凱基苗栗,錸德,0,7,-7
凱基苗栗,國光生,0,7,-7
凱基苗栗,連展投控,0,7,-7
凱基苗栗,華城,8,14,-6
凱基苗栗,華航,20,26,-6
凱基苗栗,彰銀,0,6,-6
凱基苗栗,亞翔,0,6,-6
凱基苗栗,光環,1,6,-5
凱基苗栗,友達,0,5,-5
凱基苗栗,艾訊,0,5,-5
凱基苗栗,友威科,0,5,-5
凱基苗栗,聯茂,0,5,-5
凱基苗栗,緯穎,1,6,-5
凱基苗栗,聯電,29,33,-4
凱基苗栗,宏達電,26,30,-4
凱基苗栗,00915凱基優選高股息30,0,4,-4
凱基苗栗,00972野村日本動能高息,1,5,-4
凱基苗栗,新光金,0,4,-4
凱基苗栗,欣銓,2,6,-4
凱基苗栗,悅城,0,4,-4
凱基苗栗,原相,0,4,-4
凱基苗栗,00753L中信中國50正2,0,3,-3
凱基苗栗,00965元大航太防衛科技,0,3,-3
凱基苗栗,昆盈,0,3,-3
凱基苗栗,美食-KY,0,3,-3
凱基苗栗,興能高,22,25,-3
凱基苗栗,006208富邦台50,0,3,-3
凱基苗栗,美律,0,2,-2
凱基苗栗,中華,0,2,-2
 元大前金,00687B國泰20年美債,330,16,314
 元大前金,00637L元大滬深300正2,266,0,266
 元大前金,00632R元大台灣50反1,201,3,198
 元大前金,聯電,175,9,166
 元大前金,00650L復華香港正2,150,0,150
 元大前金,凱基金,150,23,127
 元大前金,緯創,126,7,119
 元大前金,00882中信中國高股息,121,14,107
 元大前金,鴻海,99,23,76
 元大前金,國碩,68,0,68
 元大前金,斐成,60,0,60
 元大前金,00676R富邦臺灣加權反1,55,0,55
 元大前金,元大高股息,62,9,53
 元大前金,欣興,45,0,45
 元大前金,00919群益台灣精選高息,70,25,45
 元大前金,新華,41,0,41
 元大前金,第一金,38,0,38
 元大前金,如興,35,0,35
 元大前金,台玻,30,0,30
 元大前金,大銀微系統,33,6,27
 元大前金,00878國泰永續高股息,28,2,26
 元大前金,正隆,26,0,26
 元大前金,所羅門,26,3,23
 元大前金,全新,22,0,22
 元大前金,00664R國泰臺灣加權反1,30,8,22
 元大前金,00959B大華投等美債15Y+,21,0,21
 元大前金,星宇航空,21,1,20
 元大前金,00969B元大零息超長美債,20,0,20
 元大前金,中鴻,25,6,19
 元大前金,00909國泰數位支付服務,22,4,18
 元大前金,冠好,22,4,18
 元大前金,力積電,68,51,17
 元大前金,華新,27,10,17
 元大前金,鳳凰,16,1,15
 元大前金,新盛力,81,67,14
 元大前金,00715L期街口布蘭特正2,13,1,12
 元大前金,華邦電,12,0,12
 元大前金,006205富邦上証,12,0,12
 元大前金,統一,12,0,12
 元大前金,和椿,36,25,11
 元大前金,中光電,12,1,11
 元大前金,圓剛,19,9,10
 元大前金,00673R期元大S＆P原油反1,60,50,10
 元大前金,堤維西,12,2,10
 元大前金,晶彩科,10,0,10
 元大前金,五福,15,5,10
 元大前金,佳能,15,6,9
 元大前金,玉晶光,9,0,9
 元大前金,蜜望實,12,3,9
 元大前金,英業達,12,3,9
 元大前金,00688L國泰20年美債正2,6,500,-494
 元大前金,00680L元大美債20正2,10,300,-290
 元大前金,00885富邦越南,2,230,-228
 元大前金,千興,0,195,-195
 元大前金,00965元大航太防衛科技,0,142,-142
 元大前金,00963中信全球高股息,0,138,-138
 元大前金,神達,91,174,-83
 元大前金,三商電,0,75,-75
 元大前金,新光金,0,73,-73
 元大前金,友達,0,73,-73
 元大前金,富喬,21,74,-53
 元大前金,00929復華台灣科技優息,0,51,-51
 元大前金,至上,1,42,-41
 元大前金,宏致,6,40,-34
 元大前金,00905FT臺灣Smart,0,34,-34
 元大前金,華南金,3,33,-30
 元大前金,日月光投控,1,30,-29
 元大前金,永豐餘,0,29,-29
 元大前金,聯德控股-KY,2,31,-29
 元大前金,國泰金,2,30,-28
 元大前金,中鋼,61,86,-25
 元大前金,興能高,89,114,-25
 元大前金,擎亞,7,31,-24
 元大前金,普安,0,23,-23
 元大前金,立隆電,5,27,-22
 元大前金,國精化,0,22,-22
 元大前金,立��,15,35,-20
 元大前金,00887永豐中國科技50大,0,20,-20
 元大前金,順德,1,20,-19
 元大前金,台揚,0,18,-18
 元大前金,東元,2,20,-18
 元大前金,宏達電,89,107,-18
 元大前金,00940元大台灣價值高息,3,21,-18
 元大前金,台積電,7,24,-17
 元大前金,00921兆豐龍頭等權重,0,17,-17
 元大前金,順達,8,25,-17
 元大前金,中石化,0,17,-17
 元大前金,健喬,0,16,-16
 元大前金,欣銓,4,20,-16
 元大前金,威健,0,15,-15
 元大前金,奇鋐,5,19,-14
 元大前金,樂事綠能,1,15,-14
 元大前金,立積,3,17,-14
 元大前金,台化,28,42,-14
 元大前金,大同,0,14,-14
 元大前金,新建,0,13,-13
 元大前金,聯合再生,1,12,-11
 元大前金,旺宏,0,11,-11
 元大前金,00852L國泰美國道瓊正2,1,11,-10
 元大前金,00946群益科技高息成長,0,10,-10
彰銀台中,興能高,225,26,199
彰銀台中,聯電,95,16,79
彰銀台中,00937B群益ESG投等債20,48,2,46
彰銀台中,中租-KY,41,0,41
彰銀台中,華城,36,7,29
彰銀台中,久昌,28,3,25
彰銀台中,華南金,32,8,24
彰銀台中,廣達,27,6,21
彰銀台中,00919群益台灣精選高息,33,12,21
彰銀台中,英濟,29,10,19
彰銀台中,映興,18,0,18
彰銀台中,元大高股息,19,1,18
彰銀台中,長華*,17,0,17
彰銀台中,00878國泰永續高股息,16,0,16
彰銀台中,台泥,66,50,16
彰銀台中,亞昕,15,0,15
彰銀台中,中信金,15,2,13
彰銀台中,大成鋼,18,7,11
彰銀台中,台揚,13,2,11
彰銀台中,中美晶,11,0,11
彰銀台中,合機,10,0,10
彰銀台中,宏齊,10,0,10
彰銀台中,新天地,10,0,10
彰銀台中,00830國泰費城半導體,15,5,10
彰銀台中,兆豐金,9,0,9
彰銀台中,華新,9,0,9
彰銀台中,富喬,15,6,9
彰銀台中,凱美,11,2,9
彰銀台中,陽明,30,22,8
彰銀台中,聯成,6,0,6
彰銀台中,00909國泰數位支付服務,10,5,5
彰銀台中,00753L中信中國50正2,5,0,5
彰銀台中,環泥,5,0,5
彰銀台中,日電貿,11,6,5
彰銀台中,定穎投控,7,2,5
彰銀台中,國光生,5,0,5
彰銀台中,蜜望實,5,0,5
彰銀台中,擎亞,12,7,5
彰銀台中,菱光,6,1,5
彰銀台中,金益鼎,5,0,5
彰銀台中,穎漢,6,1,5
彰銀台中,00701國泰股利精選30,4,0,4
彰銀台中,00895富邦未來車,4,0,4
彰銀台中,海光,4,0,4
彰銀台中,華航,4,0,4
彰銀台中,亞光,6,2,4
彰銀台中,欣興,5,1,4
彰銀台中,台特化,4,0,4
彰銀台中,旺矽,9,5,4
彰銀台中,順藥,5,1,4
彰銀台中,00631L元大台灣50正2,0,410,-410
彰銀台中,佳能,3,218,-215
彰銀台中,緯創,13,137,-124
彰銀台中,友達,3,118,-115
彰銀台中,全球傳動,0,60,-60
彰銀台中,力積電,12,69,-57
彰銀台中,00929復華台灣科技優息,0,56,-56
彰銀台中,00951台新日本半導體,0,52,-52
彰銀台中,金寶,7,48,-41
彰銀台中,00923群益台ESG低碳50,0,31,-31
彰銀台中,彰銀,0,25,-25
彰銀台中,凱基金,0,22,-22
彰銀台中,亞翔,0,21,-21
彰銀台中,00953B群益優選非投等債,0,19,-19
彰銀台中,欣銓,2,21,-19
彰銀台中,元太,0,19,-19
彰銀台中,炎洲,0,18,-18
彰銀台中,宏達電,13,28,-15
彰銀台中,台積電,7,21,-14
彰銀台中,00637L元大滬深300正2,0,13,-13
彰銀台中,中鋼,1,13,-12
彰銀台中,群創,2,14,-12
彰銀台中,建暐,0,11,-11
彰銀台中,誠美材,0,10,-10
彰銀台中,潤泰新,0,10,-10
彰銀台中,鴻準,1,11,-10
彰銀台中,00945B凱基美國非投等債,0,9,-9
彰銀台中,燦星旅,0,9,-9
彰銀台中,新復興,0,8,-8
彰銀台中,神達,9,17,-8
彰銀台中,台達電,0,7,-7
彰銀台中,濱川,0,7,-7
彰銀台中,文曄,0,7,-7
彰銀台中,中華電,0,6,-6
彰銀台中,銘旺科,0,6,-6
彰銀台中,眾達-KY,5,11,-6
彰銀台中,玉山金,4,9,-5
彰銀台中,順達,6,11,-5
彰銀台中,00632R元大台灣50反1,10,15,-5
彰銀台中,瑞軒,0,5,-5
彰銀台中,長榮航,0,5,-5
彰銀台中,新光金,10,15,-5
彰銀台中,瑞鼎,0,5,-5
彰銀台中,邁達特,0,5,-5
彰銀台中,立端,1,6,-5
彰銀台中,長榮航太,0,5,-5
彰銀台中,00731復華富時高息低波,0,4,-4
彰銀台中,台玻,2,6,-4
彰銀台中,華邦電,6,10,-4
彰銀台中,矽格,0,4,-4
永豐南京,00953B群益優選非投等債,370,0,370
永豐南京,00664R國泰臺灣加權反1,122,0,122
永豐南京,遠百,88,7,81
永豐南京,聯電,82,5,77
永豐南京,神達,117,44,73
永豐南京,宏齊,93,34,59
永豐南京,力積電,64,6,58
永豐南京,達運,58,0,58
永豐南京,聯光通,90,36,54
永豐南京,台肥,52,0,52
永豐南京,連展投控,50,2,48
永豐南京,緯創,62,28,34
永豐南京,欣興,43,10,33
永豐南京,00919群益台灣精選高息,34,2,32
永豐南京,新盛力,46,15,31
永豐南京,00937B群益ESG投等債20,31,0,31
永豐南京,00676R富邦臺灣加權反1,30,0,30
永豐南京,立敦,53,25,28
永豐南京,宏致,50,27,23
永豐南京,彬台,22,0,22
永豐南京,LINEPAY,21,1,20
永豐南京,00686R群益臺灣加權反1,20,0,20
永豐南京,易通展,19,0,19
永豐南京,元大高股息,18,0,18
永豐南京,00637L元大滬深300正2,167,150,17
永豐南京,00881國泰台灣5G+,12,0,12
永豐南京,聯鈞,338,326,12
永豐南京,波若威,457,446,11
永豐南京,00722B群益投資級電信債,10,0,10
永豐南京,美德醫療-DR,10,0,10
永豐南京,遠雄港,10,0,10
永豐南京,00924復華S＆P500成長,10,0,10
永豐南京,00669R國泰美國道瓊反1,10,0,10
永豐南京,精金,10,0,10
永豐南京,金山電,10,0,10
永豐南京,00960野村全球航運龍頭,11,2,9
永豐南京,台灣虎航,17,8,9
永豐南京,00632R元大台灣50反1,8,0,8
永豐南京,鉅祥,8,0,8
永豐南京,00915凱基優選高股息30,7,0,7
永豐南京,00650L復華香港正2,7,0,7
永豐南京,00878國泰永續高股息,7,0,7
永豐南京,00858永豐美國500大,6,0,6
永豐南京,合一,6,0,6
永豐南京,00688L國泰20年美債正2,6,0,6
永豐南京,雲品,25,19,6
永豐南京,泰鼎-KY,14,8,6
永豐南京,00882中信中國高股息,6,0,6
永豐南京,匯僑設計,6,0,6
永豐南京,致伸,6,1,5
永豐南京,00950B凱基A級公司債,11,300,-289
永豐南京,00959B大華投等美債15Y+,12,250,-238
永豐南京,華星光,51,229,-178
永豐南京,立德,0,141,-141
永豐南京,乙盛-KY,4,125,-121
永豐南京,日月光投控,4,57,-53
永豐南京,光鼎,0,53,-53
永豐南京,新日興,45,93,-48
永豐南京,006208富邦台50,1,47,-46
永豐南京,宏達電,26,67,-41
永豐南京,玉山金,2,43,-41
永豐南京,台達電,51,87,-36
永豐南京,國泰金,12,48,-36
永豐南京,海華,8,40,-32
永豐南京,高技,12,43,-31
永豐南京,台端,0,27,-27
永豐南京,長榮航,25,51,-26
永豐南京,00885富邦越南,0,25,-25
永豐南京,眾達-KY,241,266,-25
永豐南京,00909國泰數位支付服務,0,25,-25
永豐南京,00965元大航太防衛科技,0,23,-23
永豐南京,00929復華台灣科技優息,0,23,-23
永豐南京,南亞科,0,20,-20
永豐南京,三商壽,0,19,-19
永豐南京,00940元大台灣價值高息,0,18,-18
永豐南京,友達,81,98,-17
永豐南京,合庫金,0,16,-16
永豐南京,台燿,15,30,-15
永豐南京,00712復華富時不動產,0,15,-15
永豐南京,智邦,56,70,-14
永豐南京,中信金,3,17,-14
永豐南京,富邦金,0,14,-14
永豐南京,00923群益台ESG低碳50,0,13,-13
永豐南京,仁寶,0,13,-13
永豐南京,順達,17,29,-12
永豐南京,全球傳動,6,18,-12
永豐南京,世禾,118,130,-12
永豐南京,五鼎,0,12,-12
永豐南京,00713元大台灣高息低波,5,17,-12
永豐南京,堤維西,62,73,-11
永豐南京,大同,15,26,-11
永豐南京,迅得,3,14,-11
永豐南京,得力,79,89,-10
永豐南京,錼創科技-KY創,0,10,-10
永豐南京,來頡,8,18,-10
永豐南京,彩晶,1,11,-10
永豐南京,彰銀,0,10,-10
永豐南京,美隆電,0,10,-10
永豐南京,元大台灣50,1,11,-10
永豐南京,00951台新日本半導體,0,9,-9
富邦中壢,聯電,436,19,417
富邦中壢,00680L元大美債20正2,402,21,381
富邦中壢,00633L富邦上証正2,147,0,147
富邦中壢,00637L元大滬深300正2,150,11,139
富邦中壢,英濟,222,131,91
富邦中壢,元大高股息,113,30,83
富邦中壢,東台,72,0,72
富邦中壢,00953B群益優選非投等債,75,5,70
富邦中壢,力積電,110,42,68
富邦中壢,00679B元大美債20年,95,28,67
富邦中壢,00937B群益ESG投等債20,128,63,65
富邦中壢,弘凱,46,0,46
富邦中壢,00753L中信中國50正2,155,110,45
富邦中壢,00858永豐美國500大,41,0,41
富邦中壢,00687B國泰20年美債,43,2,41
富邦中壢,00915凱基優選高股息30,47,7,40
富邦中壢,大成鋼,41,6,35
富邦中壢,00795B中信美國公債20年,35,0,35
富邦中壢,00900富邦特選高股息30,35,0,35
富邦中壢,聯合再生,51,17,34
富邦中壢,欣興,40,7,33
富邦中壢,00924復華S＆P500成長,36,4,32
富邦中壢,中工,31,0,31
富邦中壢,新美齊,30,0,30
富邦中壢,聯策,32,2,30
富邦中壢,00665L富邦�琤肭磪囓�2,50,21,29
富邦中壢,波若威,98,72,26
富邦中壢,達邁,98,72,26
富邦中壢,中鴻,35,10,25
富邦中壢,宏齊,25,0,25
富邦中壢,加百裕,117,92,25
富邦中壢,聯鈞,83,58,25
富邦中壢,00632R元大台灣50反1,25,1,24
富邦中壢,耿鼎,28,4,24
富邦中壢,冠西電,26,4,22
富邦中壢,英業達,31,9,22
富邦中壢,台通,20,0,20
富邦中壢,00960野村全球航運龍頭,19,0,19
富邦中壢,力成,19,0,19
富邦中壢,00941中信上游半導體,41,24,17
富邦中壢,00669R國泰美國道瓊反1,17,0,17
富邦中壢,富喬,86,71,15
富邦中壢,柏承,15,0,15
富邦中壢,00909國泰數位支付服務,17,2,15
富邦中壢,台塑,19,5,14
富邦中壢,台泥,22,9,13
富邦中壢,合世,12,0,12
富邦中壢,00959B大華投等美債15Y+,12,0,12
富邦中壢,氣立,12,0,12
富邦中壢,台化,15,3,12
富邦中壢,00929復華台灣科技優息,1,336,-335
富邦中壢,00948B中信優息投資級債,1,240,-239
富邦中壢,新光金,11,210,-199
富邦中壢,神達,131,326,-195
富邦中壢,00965元大航太防衛科技,1,149,-148
富邦中壢,00706L期元大S＆P日圓正2,30,173,-143
富邦中壢,凱基金,16,138,-122
富邦中壢,泰金寶-DR,126,242,-116
富邦中壢,中信金,7,119,-112
富邦中壢,達運,0,92,-92
富邦中壢,台揚,14,100,-86
富邦中壢,00922國泰台灣領袖50,3,88,-85
富邦中壢,宏致,26,103,-77
富邦中壢,彰銀,0,73,-73
富邦中壢,00935野村臺灣新科技50,1,71,-70
富邦中壢,三商壽,10,70,-60
富邦中壢,遠百,3,60,-57
富邦中壢,00921兆豐龍頭等權重,0,50,-50
富邦中壢,群創,6,53,-47
富邦中壢,中再保,5,50,-45
富邦中壢,00939統一台灣高息動能,0,45,-45
富邦中壢,鴻海,43,86,-43
富邦中壢,興能高,173,211,-38
富邦中壢,華南金,0,37,-37
富邦中壢,長榮航,30,67,-37
富邦中壢,元大台灣50,2,37,-35
富邦中壢,聯邦銀,0,35,-35
富邦中壢,00877復華中國5G,0,34,-34
富邦中壢,006208富邦台50,33,66,-33
富邦中壢,台達電,1,34,-33
富邦中壢,大同,8,39,-31
富邦中壢,日月光投控,10,41,-31
富邦中壢,寶成,1,31,-30
富邦中壢,00696B富邦美債20年,0,30,-30
富邦中壢,萬泰科,32,61,-29
富邦中壢,00940元大台灣價值高息,45,74,-29
富邦中壢,精材,15,43,-28
富邦中壢,冠德,2,30,-28
富邦中壢,台新金,33,60,-27
富邦中壢,群益證,4,30,-26
富邦中壢,00712復華富時不動產,5,29,-24
富邦中壢,00910第一金太空衛星,1,25,-24
富邦中壢,富邦金,3,26,-23
富邦中壢,00692富邦公司治理,1,24,-23
富邦中壢,迅得,20,43,-23
富邦中壢,佳能,33,56,-23
富邦中壢,00918大華優利高填息30,41,63,-22
富邦中壢,誠美材,0,22,-22
富邦中壢,00905FT臺灣Smart,1,23,-22
富邦中壢,宏達電,160,182,-22
 元大佳里,友達,500,10,490
 元大佳里,聯電,188,104,84
 元大佳里,00753L中信中國50正2,50,0,50
 元大佳里,元大高股息,42,3,39
 元大佳里,00637L元大滬深300正2,31,0,31
 元大佳里,00971野村美國研發龍頭,27,0,27
 元大佳里,00882中信中國高股息,23,0,23
 元大佳里,00673R期元大S＆P原油反1,22,2,20
 元大佳里,00937B群益ESG投等債20,29,10,19
 元大佳里,新興,20,2,18
 元大佳里,安集,18,0,18
 元大佳里,金寶,18,1,17
 元大佳里,臺企銀,19,5,14
 元大佳里,連展投控,16,2,14
 元大佳里,擎亞,14,0,14
 元大佳里,中信金,20,7,13
 元大佳里,中鋼,14,1,13
 元大佳里,昇陽半導體,20,7,13
 元大佳里,四維航,14,1,13
 元大佳里,普安,13,0,13
 元大佳里,大成鋼,16,4,12
 元大佳里,玉晶光,11,0,11
 元大佳里,00918大華優利高填息30,13,3,10
 元大佳里,00915凱基優選高股息30,10,0,10
 元大佳里,佳世達,20,10,10
 元大佳里,台苯,10,0,10
 元大佳里,映泰,10,0,10
 元大佳里,健亞,10,0,10
 元大佳里,協易機,9,0,9
 元大佳里,春源,10,1,9
 元大佳里,正崴,11,3,8
 元大佳里,全達,8,0,8
 元大佳里,堤維西,9,1,8
 元大佳里,晶睿,8,0,8
 元大佳里,緯創,18,11,7
 元大佳里,聯光通,24,17,7
 元大佳里,新建,8,1,7
 元大佳里,00858永豐美國500大,7,0,7
 元大佳里,欣興,9,3,6
 元大佳里,立隆電,19,13,6
 元大佳里,大亞,7,1,6
 元大佳里,永豐餘,6,0,6
 元大佳里,兆豐金,5,0,5
 元大佳里,前鼎,12,7,5
 元大佳里,汎銓,7,2,5
 元大佳里,中光電,5,0,5
 元大佳里,科妍,5,0,5
 元大佳里,友訊,19,14,5
 元大佳里,宏遠,5,0,5
 元大佳里,陽明,10,5,5
 元大佳里,群創,46,525,-479
 元大佳里,00965元大航太防衛科技,0,218,-218
 元大佳里,新光金,10,215,-205
 元大佳里,彰銀,0,165,-165
 元大佳里,華航,5,126,-121
 元大佳里,00633L富邦上証正2,2,83,-81
 元大佳里,00946群益科技高息成長,0,51,-51
 元大佳里,凱基金,10,54,-44
 元大佳里,力積電,38,78,-40
 元大佳里,愛之味,0,35,-35
 元大佳里,泰金寶-DR,37,70,-33
 元大佳里,中環,0,31,-31
 元大佳里,00940元大台灣價值高息,2,33,-31
 元大佳里,中華電,1,31,-30
 元大佳里,新美齊,0,25,-25
 元大佳里,台積電,4,26,-22
 元大佳里,00650L復華香港正2,1,20,-19
 元大佳里,00929復華台灣科技優息,6,24,-18
 元大佳里,錸德,0,18,-18
 元大佳里,漢翔,0,17,-17
 元大佳里,00632R元大台灣50反1,0,16,-16
 元大佳里,鴻準,4,19,-15
 元大佳里,元山,0,15,-15
 元大佳里,超豐,0,15,-15
 元大佳里,00688L國泰20年美債正2,0,15,-15
 元大佳里,00948B中信優息投資級債,0,14,-14
 元大佳里,鴻海,20,34,-14
 元大佳里,川寶,0,13,-13
 元大佳里,欣銓,2,15,-13
 元大佳里,00938凱基優選30,0,13,-13
 元大佳里,00852L國泰美國道瓊正2,0,12,-12
 元大佳里,00679B元大美債20年,4,16,-12
 元大佳里,元大台灣50,0,11,-11
 元大佳里,中美晶,0,10,-10
 元大佳里,遠東新,0,10,-10
 元大佳里,正文,0,10,-10
 元大佳里,松翰,0,10,-10
 元大佳里,GIS-KY,0,10,-10
 元大佳里,元太,0,10,-10
 元大佳里,新盛力,113,123,-10
 元大佳里,光寶科,1,10,-9
 元大佳里,威致,1,10,-9
 元大佳里,00646元大S＆P500,0,9,-9
 元大佳里,太景*-KY,0,9,-9
 元大佳里,興能高,90,99,-9
 元大佳里,永豐金,21,30,-9
 元大佳里,日月光投控,0,8,-8
 元大佳里,華榮,2,10,-8
 元大佳里,00696B富邦美債20年,0,8,-8
 元大佳里,00687B國泰20年美債,3,11,-8
康和內湖,00706L期元大S＆P日圓正2,2100,0,2100
康和內湖,聯電,253,103,150
康和內湖,聯光通,62,6,56
康和內湖,00665L富邦�琤肭磪囓�2,45,0,45
康和內湖,緯創,43,5,38
康和內湖,00632R元大台灣50反1,30,0,30
康和內湖,00919群益台灣精選高息,25,0,25
康和內湖,00637L元大滬深300正2,76,51,25
康和內湖,新光金,31,7,24
康和內湖,台泥,21,0,21
康和內湖,兆豐金,19,0,19
康和內湖,華冠,19,0,19
康和內湖,00959B大華投等美債15Y+,18,0,18
康和內湖,神達,153,135,18
康和內湖,友達,15,1,14
康和內湖,佳能,26,13,13
康和內湖,萬泰科,13,0,13
康和內湖,00937B群益ESG投等債20,12,0,12
康和內湖,泰金寶-DR,12,0,12
康和內湖,00915凱基優選高股息30,11,0,11
康和內湖,合庫金,10,0,10
康和內湖,燁輝,10,0,10
康和內湖,建大,10,0,10
康和內湖,佳世達,10,0,10
康和內湖,洋華,10,0,10
康和內湖,立敦,55,45,10
康和內湖,長榮,9,0,9
康和內湖,00882中信中國高股息,8,0,8
康和內湖,00687B國泰20年美債,8,1,7
康和內湖,榮成,7,0,7
康和內湖,鴻海,13,6,7
康和內湖,欣興,13,7,6
康和內湖,光洋科,7,1,6
康和內湖,晟德,6,0,6
康和內湖,訊達,6,0,6
康和內湖,華晶科,6,0,6
康和內湖,堤維西,45,40,5
康和內湖,星通,5,0,5
康和內湖,連展投控,7,2,5
康和內湖,惠特,6,1,5
康和內湖,金益鼎,5,0,5
康和內湖,精材,35,30,5
康和內湖,長榮航,5,1,4
康和內湖,漢翔,4,0,4
康和內湖,詮欣,4,0,4
康和內湖,力成,4,0,4
康和內湖,宇智,4,0,4
康和內湖,晶技,4,0,4
康和內湖,群創,10,6,4
康和內湖,大成鋼,84,81,3
康和內湖,00640L富邦日本正2,0,236,-236
康和內湖,國泰金,1,55,-54
康和內湖,聯陽,0,50,-50
康和內湖,英業達,80,121,-41
康和內湖,00881國泰台灣5G+,1,37,-36
康和內湖,宏致,20,45,-25
康和內湖,富邦金,0,21,-21
康和內湖,00965元大航太防衛科技,0,20,-20
康和內湖,上曜,0,20,-20
康和內湖,台產,0,20,-20
康和內湖,陽明,2,21,-19
康和內湖,達邁,39,57,-18
康和內湖,宏達電,48,63,-15
康和內湖,00692富邦公司治理,0,15,-15
康和內湖,台化,0,15,-15
康和內湖,創惟,5,20,-15
康和內湖,台積電,4,19,-15
康和內湖,裕隆,0,13,-13
康和內湖,凱基金,0,13,-13
康和內湖,華邦電,2,14,-12
康和內湖,擎亞,21,33,-12
康和內湖,南亞,1,11,-10
康和內湖,元大台灣50,0,10,-10
康和內湖,聯合再生,0,10,-10
康和內湖,佳和,0,10,-10
康和內湖,錸德,0,10,-10
康和內湖,凌陽,0,10,-10
康和內湖,一詮,1,11,-10
康和內湖,王道銀行,0,10,-10
康和內湖,欣銓,20,30,-10
康和內湖,彬台,1,11,-10
康和內湖,佶優,0,10,-10
康和內湖,貿聯-KY,1,10,-9
康和內湖,新盛力,98,107,-9
康和內湖,騰輝電子-KY,2,11,-9
康和內湖,中興電,1,10,-9
康和內湖,廣達,2,10,-8
康和內湖,新日興,1,9,-8
康和內湖,網家,0,8,-8
康和內湖,眾達-KY,26,33,-7
康和內湖,奇鋐,1,8,-7
康和內湖,信義,0,6,-6
康和內湖,中華,0,6,-6
康和內湖,華通,0,6,-6
康和內湖,景碩,10,16,-6
康和內湖,磐儀,0,6,-6
康和內湖,興能高,75,81,-6
康和內湖,神基,0,5,-5
康和內湖,新纖,0,5,-5
康和內湖,名軒,0,5,-5
永豐新竹,00719B元大美債1-3,837,0,837
永豐新竹,00694B富邦美債1-3,100,0,100
永豐新竹,00679B元大美債20年,115,17,98
永豐新竹,聯電,85,10,75
永豐新竹,華航,83,17,66
永豐新竹,00637L元大滬深300正2,64,0,64
永豐新竹,00940元大台灣價值高息,60,5,55
永豐新竹,00937B群益ESG投等債20,118,65,53
永豐新竹,00687B國泰20年美債,57,5,52
永豐新竹,錦明,43,0,43
永豐新竹,00924復華S＆P500成長,39,0,39
永豐新竹,南亞科,37,1,36
永豐新竹,00885富邦越南,30,0,30
永豐新竹,00980B台新特選IG債10+,30,0,30
永豐新竹,元大高股息,81,51,30
永豐新竹,元大台灣50,34,7,27
永豐新竹,00918大華優利高填息30,24,1,23
永豐新竹,泰金寶-DR,23,0,23
永豐新竹,富喬,73,53,20
永豐新竹,鈺太,19,0,19
永豐新竹,錸德,18,0,18
永豐新竹,聰泰,17,0,17
永豐新竹,00664R國泰臺灣加權反1,15,0,15
永豐新竹,啟��,17,2,15
永豐新竹,連展投控,14,1,13
永豐新竹,00909國泰數位支付服務,15,3,12
永豐新竹,力成,12,0,12
永豐新竹,00770國泰北美科技,12,0,12
永豐新竹,柏承,12,0,12
永豐新竹,緯創,26,14,12
永豐新竹,環宇-KY,43,32,11
永豐新竹,萬泰科,11,0,11
永豐新竹,立隆電,14,3,11
永豐新竹,長華*,10,0,10
永豐新竹,加百裕,23,13,10
永豐新竹,00852L國泰美國道瓊正2,11,1,10
永豐新竹,00720B元大投資級公司債,11,1,10
永豐新竹,廣達,13,3,10
永豐新竹,中磊,11,2,9
永豐新竹,驊訊,9,0,9
永豐新竹,豐藝,9,0,9
永豐新竹,健椿,9,0,9
永豐新竹,達邁,13,4,9
永豐新竹,00646元大S＆P500,8,0,8
永豐新竹,00858永豐美國500大,8,0,8
永豐新竹,00953B群益優選非投等債,10,2,8
永豐新竹,友達,10,2,8
永豐新竹,凱美,44,37,7
永豐新竹,欣興,13,6,7
永豐新竹,遠百,7,0,7
永豐新竹,00878國泰永續高股息,17,290,-273
永豐新竹,00971野村美國研發龍頭,0,198,-198
永豐新竹,00680L元大美債20正2,41,191,-150
永豐新竹,聯發,0,142,-142
永豐新竹,長榮航,1,117,-116
永豐新竹,00929復華台灣科技優息,1,108,-107
永豐新竹,台灣虎航,1,77,-76
永豐新竹,00676R富邦臺灣加權反1,0,75,-75
永豐新竹,華南金,0,65,-65
永豐新竹,00946群益科技高息成長,0,64,-64
永豐新竹,00830國泰費城半導體,1,42,-41
永豐新竹,中鋼,2,29,-27
永豐新竹,力積電,10,36,-26
永豐新竹,波若威,18,43,-25
永豐新竹,00717富邦美國特別股,0,25,-25
永豐新竹,陽明,10,35,-25
永豐新竹,神達,86,110,-24
永豐新竹,00632R元大台灣50反1,15,39,-24
永豐新竹,台積電,17,39,-22
永豐新竹,欣銓,13,33,-20
永豐新竹,00945B凱基美國非投等債,0,20,-20
永豐新竹,00706L期元大S＆P日圓正2,0,20,-20
永豐新竹,廣運,0,19,-19
永豐新竹,乙盛-KY,1,20,-19
永豐新竹,00941中信上游半導體,0,19,-19
永豐新竹,00919群益台灣精選高息,17,36,-19
永豐新竹,統新,0,18,-18
永豐新竹,台中銀,9,27,-18
永豐新竹,昇達科,22,39,-17
永豐新竹,新光金,0,16,-16
永豐新竹,華通,2,18,-16
永豐新竹,00877復華中國5G,0,16,-16
永豐新竹,宏致,6,22,-16
永豐新竹,裕民,0,15,-15
永豐新竹,達興材料,3,18,-15
永豐新竹,00915凱基優選高股息30,6,21,-15
永豐新竹,虹光,0,15,-15
永豐新竹,聯詠,1,15,-14
永豐新竹,精成科,11,25,-14
永豐新竹,華邦電,0,14,-14
永豐新竹,00930永豐ESG低碳高息,0,14,-14
永豐新竹,立��,23,37,-14
永豐新竹,大同,2,16,-14
永豐新竹,仁寶,0,13,-13
永豐新竹,00692富邦公司治理,0,13,-13
永豐新竹,00675L富邦臺灣加權正2,0,13,-13
永豐新竹,中興電,5,18,-13
永豐新竹,富邦金,0,13,-13
永豐新竹,00635U期元大S＆P黃金,0,12,-12
永豐新竹,00934中信成長高股息,0,12,-12
兆豐永和,康和證,301,100,201
兆豐永和,岱宇,160,0,160
兆豐永和,00858永豐美國500大,100,3,97
兆豐永和,00637L元大滬深300正2,79,0,79
兆豐永和,00900富邦特選高股息30,80,2,78
兆豐永和,00918大華優利高填息30,32,0,32
兆豐永和,英業達,22,0,22
兆豐永和,聯電,24,4,20
兆豐永和,聯華,20,0,20
兆豐永和,昇陽半導體,17,1,16
兆豐永和,00878國泰永續高股息,15,1,14
兆豐永和,富喬,22,10,12
兆豐永和,立德,10,0,10
兆豐永和,大聯大,10,0,10
兆豐永和,聯德控股-KY,10,0,10
兆豐永和,00881國泰台灣5G+,7,0,7
兆豐永和,立隆電,13,6,7
兆豐永和,廣達,6,0,6
兆豐永和,炎洲,6,0,6
兆豐永和,00715L期街口布蘭特正2,5,0,5
兆豐永和,台玻,5,0,5
兆豐永和,景碩,5,0,5
兆豐永和,精成科,5,0,5
兆豐永和,茂迪,5,0,5
兆豐永和,00919群益台灣精選高息,5,0,5
兆豐永和,00752中信中國50,4,0,4
兆豐永和,英濟,8,4,4
兆豐永和,環宇-KY,5,1,4
兆豐永和,00757統一FANG+,5,1,4
兆豐永和,元大高股息,5,2,3
兆豐永和,緯創,10,7,3
兆豐永和,00933B國泰10Y+金融債,3,0,3
兆豐永和,00915凱基優選高股息30,3,0,3
兆豐永和,00830國泰費城半導體,3,0,3
兆豐永和,00632R元大台灣50反1,5,2,3
兆豐永和,00670L富邦NASDAQ正2,3,0,3
兆豐永和,00731復華富時高息低波,3,0,3
兆豐永和,台苯,3,0,3
兆豐永和,全科,3,0,3
兆豐永和,安瑞-KY,3,0,3
兆豐永和,富邦金,12,9,3
兆豐永和,亞光,4,2,2
兆豐永和,00713元大台灣高息低波,2,0,2
兆豐永和,AES-KY,2,0,2
兆豐永和,元大寶滬深,2,0,2
兆豐永和,00770國泰北美科技,2,0,2
兆豐永和,00940元大台灣價值高息,2,0,2
兆豐永和,00950B凱基A級公司債,2,0,2
兆豐永和,宇隆,2,0,2
兆豐永和,台揚,2,0,2
兆豐永和,台中銀,0,352,-352
兆豐永和,凱基金,0,302,-302
兆豐永和,宏遠證,0,296,-296
兆豐永和,宏達電,2,143,-141
兆豐永和,00673R期元大S＆P原油反1,0,120,-120
兆豐永和,00980B台新特選IG債10+,0,100,-100
兆豐永和,南茂,0,70,-70
兆豐永和,力積電,2,63,-61
兆豐永和,00936台新永續高息中小,0,55,-55
兆豐永和,00965元大航太防衛科技,3,53,-50
兆豐永和,006208富邦台50,6,46,-40
兆豐永和,第一金,0,20,-20
兆豐永和,宏致,0,19,-19
兆豐永和,燦星旅,0,17,-17
兆豐永和,時碩工業,0,16,-16
兆豐永和,00927群益半導體收益,0,12,-12
兆豐永和,大同,2,14,-12
兆豐永和,群創,0,12,-12
兆豐永和,眾達-KY,6,18,-12
兆豐永和,淳安,0,10,-10
兆豐永和,泰金寶-DR,2,10,-8
兆豐永和,佳能,0,6,-6
兆豐永和,華航,0,6,-6
兆豐永和,00951台新日本半導體,0,5,-5
兆豐永和,00905FT臺灣Smart,0,5,-5
兆豐永和,00924復華S＆P500成長,0,5,-5
兆豐永和,凱美,2,7,-5
兆豐永和,澤米,5,10,-5
兆豐永和,騰雲,0,5,-5
兆豐永和,台通,0,5,-5
兆豐永和,邦泰,0,5,-5
兆豐永和,元大台灣50,0,4,-4
兆豐永和,光寶科,0,4,-4
兆豐永和,00882中信中國高股息,0,4,-4
兆豐永和,中興電,2,6,-4
兆豐永和,三陽工業,0,4,-4
兆豐永和,友訊,1,5,-4
兆豐永和,普安,0,4,-4
兆豐永和,新日興,2,6,-4
兆豐永和,晶睿,0,4,-4
兆豐永和,立積,8,12,-4
兆豐永和,台塑,0,4,-4
兆豐永和,神基,0,3,-3
兆豐永和,00923群益台ESG低碳50,0,3,-3
兆豐永和,泰茂,0,3,-3
兆豐永和,陽明,5,8,-3
兆豐永和,華星光,11,14,-3
兆豐永和,中光電,0,3,-3
兆豐永和,00631L元大台灣50正2,0,2,-2
兆豐永和,00929復華台灣科技優息,0,2,-2
第一彰化,聯電,65,6,59
第一彰化,00715L期街口布蘭特正2,52,0,52
第一彰化,00637L元大滬深300正2,84,40,44
第一彰化,尚凡*,40,0,40
第一彰化,仲琦,32,5,27
第一彰化,台塑,22,2,20
第一彰化,永冠-KY,20,0,20
第一彰化,台塑化,21,3,18
第一彰化,三晃,18,1,17
第一彰化,00923群益台ESG低碳50,18,3,15
第一彰化,精材,16,2,14
第一彰化,00635U期元大S＆P黃金,13,0,13
第一彰化,00664R國泰臺灣加權反1,17,5,12
第一彰化,00633L富邦上証正2,12,0,12
第一彰化,00922國泰台灣領袖50,12,0,12
第一彰化,00882中信中國高股息,11,0,11
第一彰化,第一銅,10,0,10
第一彰化,鴻準,12,2,10
第一彰化,彩晶,10,0,10
第一彰化,00753L中信中國50正2,9,0,9
第一彰化,百和,9,0,9
第一彰化,中工,8,0,8
第一彰化,廣達,11,3,8
第一彰化,新盛力,23,16,7
第一彰化,鴻海,13,6,7
第一彰化,金寶,6,0,6
第一彰化,00632R元大台灣50反1,6,0,6
第一彰化,康那香,5,0,5
第一彰化,00676R富邦臺灣加權反1,5,0,5
第一彰化,00980B台新特選IG債10+,5,0,5
第一彰化,技嘉,5,0,5
第一彰化,臺企銀,5,0,5
第一彰化,眾達-KY,9,4,5
第一彰化,寶得利,5,0,5
第一彰化,華電網,5,0,5
第一彰化,點序,5,0,5
第一彰化,00937B群益ESG投等債20,4,0,4
第一彰化,中信金,13,9,4
第一彰化,00679B元大美債20年,4,0,4
第一彰化,00971野村美國研發龍頭,4,0,4
第一彰化,中再保,4,0,4
第一彰化,兆豐金,5,1,4
第一彰化,加百裕,42,38,4
第一彰化,伊雲谷,4,0,4
第一彰化,成霖,4,0,4
第一彰化,聯鈞,30,26,4
第一彰化,健和興,8,5,3
第一彰化,00655L國泰中國A50正2,8,5,3
第一彰化,達邁,18,15,3
第一彰化,鈞興-KY,3,0,3
第一彰化,集盛,0,103,-103
第一彰化,00651R復華香港反1,0,74,-74
第一彰化,第一金,2,75,-73
第一彰化,00919群益台灣精選高息,46,98,-52
第一彰化,00634R富邦上証反1,0,50,-50
第一彰化,力積電,15,55,-40
第一彰化,矽瑪,0,40,-40
第一彰化,00949復華日本龍頭,0,38,-38
第一彰化,立敦,12,42,-30
第一彰化,00687B國泰20年美債,5,27,-22
第一彰化,華邦電,3,25,-22
第一彰化,泰金寶-DR,24,45,-21
第一彰化,達運,0,20,-20
第一彰化,宏齊,0,18,-18
第一彰化,連展投控,1,19,-18
第一彰化,00680L元大美債20正2,0,17,-17
第一彰化,常珵,2,18,-16
第一彰化,國喬,0,15,-15
第一彰化,00881國泰台灣5G+,0,15,-15
第一彰化,神達,73,86,-13
第一彰化,00929復華台灣科技優息,25,38,-13
第一彰化,均豪,0,12,-12
第一彰化,僑威,16,28,-12
第一彰化,萬潤,0,11,-11
第一彰化,00905FT臺灣Smart,0,11,-11
第一彰化,中磊,0,11,-11
第一彰化,00900富邦特選高股息30,0,10,-10
第一彰化,春源,0,10,-10
第一彰化,冠西電,1,11,-10
第一彰化,華航,0,10,-10
第一彰化,潤泰全,0,10,-10
第一彰化,伍豐,0,10,-10
第一彰化,元大台灣50,5,15,-10
第一彰化,圓剛,0,9,-9
第一彰化,大量,0,9,-9
第一彰化,友訊,0,9,-9
第一彰化,仁寶,0,8,-8
第一彰化,00940元大台灣價值高息,10,18,-8
第一彰化,陽明,7,15,-8
第一彰化,揚智,0,8,-8
第一彰化,正達,0,8,-8
第一彰化,南茂,1,8,-7
第一彰化,00675L富邦臺灣加權正2,0,7,-7
第一彰化,鼎元,0,6,-6
第一彰化,永豐金,10,16,-6
第一彰化,中天,0,6,-6
第一彰化,正文,0,6,-6
第一彰化,汎銓,0,6,-6
第一彰化,富采,0,5,-5
第一彰化,00934中信成長高股息,0,5,-5
合庫三重,聯電,225,110,115
合庫三重,臺企銀,71,0,71
合庫三重,國際中橡,56,0,56
合庫三重,00673R期元大S＆P原油反1,55,0,55
合庫三重,普安,52,0,52
合庫三重,台橡,40,0,40
合庫三重,00878國泰永續高股息,39,2,37
合庫三重,典範,39,4,35
合庫三重,兆豐金,32,0,32
合庫三重,00953B群益優選非投等債,26,0,26
合庫三重,上銀,24,0,24
合庫三重,00719B元大美債1-3,22,0,22
合庫三重,00945B凱基美國非投等債,22,2,20
合庫三重,台新金,18,1,17
合庫三重,星宇航空,20,3,17
合庫三重,00722B群益投資級電信債,15,0,15
合庫三重,台塑,15,0,15
合庫三重,00697B元大美債7-10,14,0,14
合庫三重,華晶科,14,0,14
合庫三重,合一,14,0,14
合庫三重,00915凱基優選高股息30,15,2,13
合庫三重,凱基金,13,0,13
合庫三重,昇陽半導體,19,6,13
合庫三重,台驊控股,12,0,12
合庫三重,力積電,16,4,12
合庫三重,合庫金,15,4,11
合庫三重,廣達,15,5,10
合庫三重,00971野村美國研發龍頭,10,0,10
合庫三重,中華化,10,0,10
合庫三重,台船,10,0,10
合庫三重,第一金,10,0,10
合庫三重,健和興,10,0,10
合庫三重,廣運,10,0,10
合庫三重,00919群益台灣精選高息,10,2,8
合庫三重,欣興,25,17,8
合庫三重,00853B統一美債10年Aa-,8,0,8
合庫三重,00753L中信中國50正2,8,0,8
合庫三重,00725B國泰投資級公司債,10,3,7
合庫三重,櫻花建,9,2,7
合庫三重,騰輝電子-KY,8,1,7
合庫三重,00741B富邦全球非投等債,6,0,6
合庫三重,日電貿,6,0,6
合庫三重,台星科,10,4,6
合庫三重,00751B元大AAA至A公司債,5,0,5
合庫三重,永豐金,5,0,5
合庫三重,00924復華S＆P500成長,5,0,5
合庫三重,千興,5,0,5
合庫三重,宏��,5,0,5
合庫三重,致茂,5,0,5
合庫三重,友達,5,0,5
合庫三重,00969B元大零息超長美債,0,136,-136
合庫三重,00637L元大滬深300正2,43,145,-102
合庫三重,宏致,4,65,-61
合庫三重,中石化,0,57,-57
合庫三重,南寶,0,35,-35
合庫三重,00940元大台灣價值高息,0,30,-30
合庫三重,鴻海,2,31,-29
合庫三重,00664R國泰臺灣加權反1,1,30,-29
合庫三重,宏齊,0,26,-26
合庫三重,雷科,0,25,-25
合庫三重,致伸,0,20,-20
合庫三重,光罩,0,16,-16
合庫三重,華星光,8,24,-16
合庫三重,00929復華台灣科技優息,0,15,-15
合庫三重,佳和,0,13,-13
合庫三重,大同,0,13,-13
合庫三重,遠東銀,0,12,-12
合庫三重,006208富邦台50,0,12,-12
合庫三重,00949復華日本龍頭,0,11,-11
合庫三重,富喬,1,12,-11
合庫三重,精英,0,11,-11
合庫三重,裕民,0,11,-11
合庫三重,00933B國泰10Y+金融債,0,10,-10
合庫三重,00946群益科技高息成長,0,10,-10
合庫三重,00965元大航太防衛科技,0,10,-10
合庫三重,00980B台新特選IG債10+,0,10,-10
合庫三重,菱生,0,10,-10
合庫三重,晶華,0,10,-10
合庫三重,全漢,0,10,-10
合庫三重,揚智,0,10,-10
合庫三重,英濟,10,20,-10
合庫三重,陽明,5,14,-9
合庫三重,00680L元大美債20正2,1,10,-9
合庫三重,00950B凱基A級公司債,1,10,-9
合庫三重,事欣科,1,10,-9
合庫三重,科誠,0,9,-9
合庫三重,新日興,4,13,-9
合庫三重,連展投控,0,8,-8
合庫三重,立��,3,11,-8
合庫三重,台積電,0,7,-7
合庫三重,00937B群益ESG投等債20,7,13,-6
合庫三重,神達,32,38,-6
合庫三重,緯創,1,7,-6
合庫三重,華新,4,10,-6
合庫三重,00891中信關鍵半導體,0,5,-5
合庫三重,堤維西,1,6,-5
合庫三重,中鴻,5,10,-5
合庫三重,華邦電,4,9,-5
合庫三重,華建,0,5,-5
合庫三重,光環,6,11,-5
華南頭份,泰金寶-DR,670,370,300
華南頭份,玉山金,150,2,148
華南頭份,00905FT臺灣Smart,102,2,100
華南頭份,聯電,66,1,65
華南頭份,立隆電,53,13,40
華南頭份,力積電,105,69,36
華南頭份,宏齊,30,6,24
華南頭份,00953B群益優選非投等債,36,18,18
華南頭份,中光電,19,1,18
華南頭份,00919群益台灣精選高息,19,2,17
華南頭份,00858永豐美國500大,15,0,15
華南頭份,澤米,14,2,12
華南頭份,長榮航,14,2,12
華南頭份,騰輝電子-KY,11,0,11
華南頭份,南亞科,15,5,10
華南頭份,00852L國泰美國道瓊正2,10,0,10
華南頭份,鴻準,11,1,10
華南頭份,晟德,10,0,10
華南頭份,合正,10,0,10
華南頭份,00757統一FANG+,10,0,10
華南頭份,華南金,11,1,10
華南頭份,00971野村美國研發龍頭,9,0,9
華南頭份,緯創,22,14,8
華南頭份,台燿,8,0,8
華南頭份,宏達電,28,21,7
華南頭份,00637L元大滬深300正2,6,0,6
華南頭份,鑽石投資,6,0,6
華南頭份,廣達,9,4,5
華南頭份,技嘉,5,0,5
華南頭份,00882中信中國高股息,5,0,5
華南頭份,精英,5,0,5
華南頭份,一詮,5,0,5
華南頭份,六福,5,0,5
華南頭份,東洋,5,0,5
華南頭份,聿新科,10,5,5
華南頭份,高端疫苗,5,0,5
華南頭份,朋億*,6,1,5
華南頭份,台積電,12,7,5
華南頭份,00632R元大台灣50反1,7,3,4
華南頭份,00679B元大美債20年,4,0,4
華南頭份,皇昌,5,1,4
華南頭份,亞光,6,2,4
華南頭份,聯光通,14,10,4
華南頭份,瀚宇博,6,2,4
華南頭份,新華,4,0,4
華南頭份,興能高,21,17,4
華南頭份,南茂,4,0,4
華南頭份,鴻海,17,14,3
華南頭份,00878國泰永續高股息,4,1,3
華南頭份,00753L中信中國50正2,3,0,3
華南頭份,三晃,0,112,-112
華南頭份,00934中信成長高股息,0,80,-80
華南頭份,00712復華富時不動產,3,68,-65
華南頭份,00674R期元大S＆P黃金反1,0,50,-50
華南頭份,00929復華台灣科技優息,2,44,-42
華南頭份,事欣科,3,41,-38
華南頭份,凱基金,3,35,-32
華南頭份,彰銀,0,31,-31
華南頭份,欣銓,2,29,-27
華南頭份,00937B群益ESG投等債20,4,26,-22
華南頭份,00877復華中國5G,0,20,-20
華南頭份,元山,0,20,-20
華南頭份,台肥,0,19,-19
華南頭份,友訊,0,17,-17
華南頭份,台塑,7,22,-15
華南頭份,美律,2,16,-14
華南頭份,奇鋐,7,20,-13
華南頭份,宏致,0,13,-13
華南頭份,科妍,0,11,-11
華南頭份,光寶科,0,11,-11
華南頭份,大同,0,10,-10
華南頭份,臺企銀,0,10,-10
華南頭份,新光金,0,10,-10
華南頭份,連展投控,0,10,-10
華南頭份,達航科技,0,10,-10
華南頭份,00965元大航太防衛科技,0,10,-10
華南頭份,裕隆,0,10,-10
華南頭份,順達,4,13,-9
華南頭份,貿聯-KY,1,10,-9
華南頭份,伊雲谷,2,11,-9
華南頭份,00941中信上游半導體,0,7,-7
華南頭份,華新,0,7,-7
華南頭份,英業達,1,8,-7
華南頭份,王道銀行,0,7,-7
華南頭份,達邁,6,13,-7
華南頭份,瑞智,0,7,-7
華南頭份,聯發,0,6,-6
華南頭份,光環,0,6,-6
華南頭份,亞翔,7,13,-6
華南頭份,元大台灣50,0,5,-5
華南頭份,00687B國泰20年美債,0,5,-5
華南頭份,00963中信全球高股息,0,5,-5
華南頭份,永光,5,10,-5
華南頭份,威強電,0,5,-5
華南頭份,皇龍,0,5,-5
華南頭份,正文,0,5,-5
華南頭份,裕山,0,5,-5
華南頭份,00631L元大台灣50正2,5,9,-4
華南頭份,00927群益半導體收益,0,4,-4
華南頭份,台聚,0,4,-4
群益忠孝,00706L期元大S＆P日圓正2,210,0,210
群益忠孝,00795B中信美國公債20年,121,1,120
群益忠孝,00953B群益優選非投等債,103,0,103
群益忠孝,00882中信中國高股息,101,0,101
群益忠孝,台新金,100,6,94
群益忠孝,聯電,82,7,75
群益忠孝,聯發科,42,1,41
群益忠孝,00733富邦臺灣中小,39,0,39
群益忠孝,環宇-KY,71,34,37
群益忠孝,波若威,78,42,36
群益忠孝,00637L元大滬深300正2,155,120,35
群益忠孝,彬台,24,0,24
群益忠孝,潤隆,21,0,21
群益忠孝,00858永豐美國500大,23,7,16
群益忠孝,京元電子,15,0,15
群益忠孝,00937B群益ESG投等債20,15,0,15
群益忠孝,中光電,13,0,13
群益忠孝,00687B國泰20年美債,12,0,12
群益忠孝,上銀,12,0,12
群益忠孝,亞光,21,10,11
群益忠孝,前鼎,18,7,11
群益忠孝,00665L富邦�琤肭磪囓�2,10,0,10
群益忠孝,00650L復華香港正2,30,20,10
群益忠孝,智邦,18,8,10
群益忠孝,中華電,10,0,10
群益忠孝,宏達電,105,95,10
群益忠孝,百和,10,0,10
群益忠孝,世紀鋼,10,0,10
群益忠孝,宏齊,11,2,9
群益忠孝,和碩,10,2,8
群益忠孝,欣興,16,9,7
群益忠孝,佳能,11,4,7
群益忠孝,錦明,8,1,7
群益忠孝,元大金,7,0,7
群益忠孝,兆豐金,6,0,6
群益忠孝,汎銓,8,2,6
群益忠孝,00919群益台灣精選高息,5,0,5
群益忠孝,廣達,5,0,5
群益忠孝,創惟,16,11,5
群益忠孝,00959B大華投等美債15Y+,5,0,5
群益忠孝,第一保,5,0,5
群益忠孝,昇貿,5,0,5
群益忠孝,力成,5,0,5
群益忠孝,泰霖,5,0,5
群益忠孝,技嘉,5,1,4
群益忠孝,00679B元大美債20年,4,0,4
群益忠孝,威剛,4,0,4
群益忠孝,南茂,4,0,4
群益忠孝,緯創,6,2,4
群益忠孝,富喬,12,9,3
群益忠孝,00980B台新特選IG債10+,10,512,-502
群益忠孝,00751B元大AAA至A公司債,2,112,-110
群益忠孝,00671R富邦NASDAQ反1,0,100,-100
群益忠孝,00864B中信美國公債0-1,0,60,-60
群益忠孝,台積電,6,45,-39
群益忠孝,僑威,3,37,-34
群益忠孝,康舒,0,32,-32
群益忠孝,00929復華台灣科技優息,0,32,-32
群益忠孝,宜特,0,30,-30
群益忠孝,事欣科,2,31,-29
群益忠孝,大同,15,44,-29
群益忠孝,00946群益科技高息成長,1,27,-26
群益忠孝,00927群益半導體收益,0,24,-24
群益忠孝,台塑,0,21,-21
群益忠孝,力積電,4,23,-19
群益忠孝,振樺電,1,19,-18
群益忠孝,宏致,2,17,-15
群益忠孝,00852L國泰美國道瓊正2,0,15,-15
群益忠孝,00970B新光BBB投等債20,0,15,-15
群益忠孝,今皓,2,17,-15
群益忠孝,興能高,21,33,-12
群益忠孝,華星光,16,27,-11
群益忠孝,00936台新永續高息中小,0,11,-11
群益忠孝,台火,2,13,-11
群益忠孝,006208富邦台50,2,12,-10
群益忠孝,00918大華優利高填息30,0,10,-10
群益忠孝,中鋼,2,12,-10
群益忠孝,鴻準,0,10,-10
群益忠孝,金麗科,0,10,-10
群益忠孝,愛普*,1,11,-10
群益忠孝,華南金,0,9,-9
群益忠孝,00905FT臺灣Smart,0,9,-9
群益忠孝,華新,0,9,-9
群益忠孝,雷虎,4,13,-9
群益忠孝,欣銓,6,14,-8
群益忠孝,00930永豐ESG低碳高息,0,8,-8
群益忠孝,01007T兆豐國泰R2,0,8,-8
群益忠孝,國泰金,4,12,-8
群益忠孝,凱基金,0,8,-8
群益忠孝,高端疫苗,1,9,-8
群益忠孝,神達,76,84,-8
群益忠孝,富邦金,5,12,-7
群益忠孝,光環,3,10,-7
群益忠孝,00878國泰永續高股息,5,11,-6
群益忠孝,建準,0,6,-6
群益忠孝,00939統一台灣高息動能,0,6,-6
群益忠孝,眾達-KY,9,14,-5
群益忠孝,00888永豐台灣ESG,0,5,-5
群益忠孝,00900富邦特選高股息30,0,5,-5
群益忠孝,光罩,0,5,-5
富邦永和,聯電,321,78,243
富邦永和,006208富邦台50,194,40,154
富邦永和,00637L元大滬深300正2,149,26,123
富邦永和,大成鋼,114,7,107
富邦永和,金寶,148,45,103
富邦永和,國喬,100,6,94
富邦永和,欣興,99,7,92
富邦永和,星宇航空,86,9,77
富邦永和,環宇-KY,112,45,67
富邦永和,吉茂,65,2,63
富邦永和,00753L中信中國50正2,76,15,61
富邦永和,00632R元大台灣50反1,61,1,60
富邦永和,中鋼,85,26,59
富邦永和,鴻海,140,81,59
富邦永和,緯創,94,36,58
富邦永和,元大高股息,112,55,57
富邦永和,00864B中信美國公債0-1,55,0,55
富邦永和,00878國泰永續高股息,87,38,49
富邦永和,啟��,53,4,49
富邦永和,中光電,57,10,47
富邦永和,英業達,64,19,45
富邦永和,00887永豐中國科技50大,52,8,44
富邦永和,00915凱基優選高股息30,34,0,34
富邦永和,00910第一金太空衛星,37,4,33
富邦永和,華邦電,34,2,32
富邦永和,聯鈞,113,86,27
富邦永和,00858永豐美國500大,35,8,27
富邦永和,立隆電,75,50,25
富邦永和,00937B群益ESG投等債20,56,32,24
富邦永和,佳能,43,19,24
富邦永和,台虹,28,5,23
富邦永和,達邁,89,67,22
富邦永和,系微,23,1,22
富邦永和,00631L元大台灣50正2,26,5,21
富邦永和,00922國泰台灣領袖50,293,273,20
富邦永和,00671R富邦NASDAQ反1,20,0,20
富邦永和,華泰,20,1,19
富邦永和,群創,34,15,19
富邦永和,廣達,34,16,18
富邦永和,00655L國泰中國A50正2,20,3,17
富邦永和,遠雄港,17,0,17
富邦永和,眾達-KY,69,53,16
富邦永和,力成,18,2,16
富邦永和,00700富邦�琤肭磪�,15,0,15
富邦永和,良維,17,2,15
富邦永和,宏��,16,1,15
富邦永和,00882中信中國高股息,42,27,15
富邦永和,美亞,17,3,14
富邦永和,00713元大台灣高息低波,15,1,14
富邦永和,兆豐金,15,2,13
富邦永和,00929復華台灣科技優息,11,244,-233
富邦永和,00948B中信優息投資級債,0,205,-205
富邦永和,00980B台新特選IG債10+,80,254,-174
富邦永和,00675L富邦臺灣加權正2,0,158,-158
富邦永和,力積電,99,248,-149
富邦永和,00673R期元大S＆P原油反1,7,150,-143
富邦永和,富邦金,23,123,-100
富邦永和,奇鋐,14,102,-88
富邦永和,泰金寶-DR,123,210,-87
富邦永和,00940元大台灣價值高息,30,116,-86
富邦永和,國泰金,11,93,-82
富邦永和,華航,3,70,-67
富邦永和,精成科,13,79,-66
富邦永和,宏致,46,111,-65
富邦永和,宏達電,173,235,-62
富邦永和,神達,269,329,-60
富邦永和,00720B元大投資級公司債,4,61,-57
富邦永和,燿華,0,53,-53
富邦永和,凱基金,5,56,-51
富邦永和,00679B元大美債20年,32,79,-47
富邦永和,連展投控,29,75,-46
富邦永和,00895富邦未來車,1,41,-40
富邦永和,00941中信上游半導體,4,44,-40
富邦永和,台達電,6,44,-38
富邦永和,00877復華中國5G,0,37,-37
富邦永和,漢翔,0,35,-35
富邦永和,00924復華S＆P500成長,8,42,-34
富邦永和,大亞,0,34,-34
富邦永和,00712復華富時不動產,1,34,-33
富邦永和,欣銓,17,50,-33
富邦永和,元大台灣50,4,35,-31
富邦永和,00639富邦深100,0,30,-30
富邦永和,台新金,5,32,-27
富邦永和,台積電,21,47,-26
富邦永和,台揚,4,30,-26
富邦永和,台亞,0,26,-26
富邦永和,元太,2,28,-26
富邦永和,00903富邦元宇宙,0,25,-25
富邦永和,華南金,2,26,-24
富邦永和,長榮航,16,39,-23
富邦永和,南仁湖,1,23,-22
富邦永和,00934中信成長高股息,0,22,-22
富邦永和,創惟,4,26,-22
富邦永和,鈊象,30,51,-21
富邦永和,虹光,0,20,-20
富邦永和,00663L國泰臺灣加權正2,0,20,-20
富邦永和,艾姆勒,0,20,-20
富邦永和,矽統,5,24,-19
富邦永和,光鋐,2,21,-19
富邦永和,00692富邦公司治理,2,21,-19
 企銀台南 ,泰金寶-DR,240,0,240
 企銀台南 ,聯電,64,0,64
 企銀台南 ,星宇航空,63,0,63
 企銀台南 ,立隆電,20,0,20
 企銀台南 ,00919群益台灣精選高息,18,0,18
 企銀台南 ,泰茂,15,0,15
 企銀台南 ,海韻電,15,0,15
 企銀台南 ,緯創,15,1,14
 企銀台南 ,台泥,10,0,10
 企銀台南 ,華航,10,1,9
 企銀台南 ,中興電,6,0,6
 企銀台南 ,新麥,6,0,6
 企銀台南 ,陽明,6,0,6
 企銀台南 ,中信金,6,0,6
 企銀台南 ,台積電,9,3,6
 企銀台南 ,006208富邦台50,6,0,6
 企銀台南 ,南茂,6,1,5
 企銀台南 ,冠西電,5,0,5
 企銀台南 ,緯穎,4,0,4
 企銀台南 ,大成鋼,4,0,4
 企銀台南 ,訊舟,4,0,4
 企銀台南 ,博晟生醫,4,0,4
 企銀台南 ,00673R期元大S＆P原油反1,3,0,3
 企銀台南 ,聯昌,3,0,3
 企銀台南 ,能率網通,3,0,3
 企銀台南 ,福懋油,3,0,3
 企銀台南 ,連展投控,2,0,2
 企銀台南 ,00722B群益投資級電信債,2,0,2
 企銀台南 ,00687B國泰20年美債,2,0,2
 企銀台南 ,上銀,2,0,2
 企銀台南 ,聯強,2,0,2
 企銀台南 ,益登,2,0,2
 企銀台南 ,大量,2,0,2
 企銀台南 ,國精化,2,0,2
 企銀台南 ,頎邦,2,0,2
 企銀台南 ,宏齊,3,1,2
 企銀台南 ,系微,2,0,2
 企銀台南 ,聯光通,1,0,1
 企銀台南 ,立敦,4,3,1
 企銀台南 ,保銳,1,0,1
 企銀台南 ,華通,1,0,1
 企銀台南 ,中鋼,1,0,1
 企銀台南 ,00937B群益ESG投等債20,1,0,1
 企銀台南 ,00918大華優利高填息30,1,0,1
 企銀台南 ,00910第一金太空衛星,1,0,1
 企銀台南 ,岱宇,1,0,1
 企銀台南 ,吉茂,1,0,1
 企銀台南 ,大洋,1,0,1
 企銀台南 ,所羅門,1,0,1
 企銀台南 ,長榮航太,1,0,1
 企銀台南 ,00905FT臺灣Smart,0,175,-175
 企銀台南 ,台灣虎航,15,34,-19
 企銀台南 ,偉聯,14,28,-14
 企銀台南 ,臺企銀,0,11,-11
 企銀台南 ,中磊,0,11,-11
 企銀台南 ,圓剛,1,11,-10
 企銀台南 ,台灣高鐵,0,10,-10
 企銀台南 ,廣運,0,10,-10
 企銀台南 ,加百裕,4,12,-8
 企銀台南 ,台揚,0,7,-7
 企銀台南 ,兆豐金,2,8,-6
 企銀台南 ,欣興,0,6,-6
 企銀台南 ,驊訊,0,6,-6
 企銀台南 ,眾達-KY,10,15,-5
 企銀台南 ,南緯,0,5,-5
 企銀台南 ,00762元大全球AI,0,5,-5
 企銀台南 ,宏達電,5,10,-5
 企銀台南 ,矽創,0,5,-5
 企銀台南 ,神達,6,11,-5
 企銀台南 ,00692富邦公司治理,0,4,-4
 企銀台南 ,台聚,0,4,-4
 企銀台南 ,00935野村臺灣新科技50,0,4,-4
 企銀台南 ,亞翔,0,4,-4
 企銀台南 ,元晶,0,4,-4
 企銀台南 ,興能高,13,17,-4
 企銀台南 ,和椿,1,4,-3
 企銀台南 ,達邁,2,5,-3
 企銀台南 ,00922國泰台灣領袖50,0,3,-3
 企銀台南 ,精英,0,3,-3
 企銀台南 ,台新金,0,3,-3
 企銀台南 ,華立,0,3,-3
 企銀台南 ,日月光投控,0,3,-3
 企銀台南 ,立��,15,18,-3
 企銀台南 ,鴻海,1,3,-2
 企銀台南 ,00930永豐ESG低碳高息,0,2,-2
 企銀台南 ,00915凱基優選高股息30,0,2,-2
 企銀台南 ,東元,0,2,-2
 企銀台南 ,華榮,0,2,-2
 企銀台南 ,友訊,0,2,-2
 企銀台南 ,大同,0,2,-2
 企銀台南 ,中櫃,0,2,-2
 企銀台南 ,大銀微系統,11,13,-2
 企銀台南 ,友輝,0,2,-2
 企銀台南 ,環宇-KY,4,6,-2
 企銀台南 ,全訊,0,2,-2
 企銀台南 ,群益證,0,2,-2
 企銀台南 ,力積電,1,3,-2
 企銀台南 ,凌巨,0,2,-2
 企銀台南 ,高力,0,2,-2
 企銀台南 ,奇鋐,1,3,-2
盈溢,合庫金,30,0,30
盈溢,聯電,44,16,28
盈溢,凌陽,18,0,18
盈溢,00637L元大滬深300正2,16,4,12
盈溢,00891中信關鍵半導體,10,0,10
盈溢,長興,10,0,10
盈溢,泰金寶-DR,10,0,10
盈溢,華邦電,9,0,9
盈溢,大成鋼,10,1,9
盈溢,神達,10,1,9
盈溢,今國光,9,0,9
盈溢,00929復華台灣科技優息,5,0,5
盈溢,廣明,5,0,5
盈溢,立��,5,0,5
盈溢,聯發科,3,0,3
盈溢,漢翔,3,0,3
盈溢,統一超,2,0,2
盈溢,聯一光,2,0,2
盈溢,前鼎,2,0,2
盈溢,事欣科,2,0,2
盈溢,新盛力,2,0,2
盈溢,柏承,2,0,2
盈溢,宏齊,2,0,2
盈溢,同欣電,2,0,2
盈溢,直得,1,0,1
盈溢,光洋科,1,0,1
盈溢,台塑,1,0,1
盈溢,上銀,1,0,1
盈溢,鼎元,1,0,1
盈溢,佳能,1,0,1
盈溢,仁寶,2,1,1
盈溢,長榮,1,0,1
盈溢,興富發,1,0,1
盈溢,訊舟,1,0,1
盈溢,光環,1,0,1
盈溢,加百裕,1,0,1
盈溢,精材,1,0,1
盈溢,玉晶光,1,0,1
盈溢,創意,1,0,1
盈溢,展達,1,0,1
盈溢,達邁,1,0,1
盈溢,聯光通,2,1,1
盈溢,IET-KY,1,0,1
盈溢,環宇-KY,1,0,1
盈溢,信昌電,1,0,1
盈溢,興能高,1,0,1
盈溢,00632R元大台灣50反1,0,50,-50
盈溢,力積電,21,45,-24
盈溢,台船,0,20,-20
盈溢,高端疫苗,0,15,-15
盈溢,友達,0,12,-12
盈溢,日月光投控,0,9,-9
盈溢,強茂,0,8,-8
盈溢,富邦金,0,5,-5
盈溢,臺企銀,0,5,-5
盈溢,光寶科,0,5,-5
盈溢,00877復華中國5G,0,5,-5
盈溢,宏��,0,5,-5
盈溢,昇達科,0,5,-5
盈溢,群益證,0,5,-5
盈溢,大同,0,4,-4
盈溢,緯創,1,5,-4
盈溢,宏致,0,4,-4
盈溢,帆宣,0,4,-4
盈溢,義隆,0,2,-2
盈溢,國泰金,0,2,-2
盈溢,國巨,0,2,-2
盈溢,佳世達,0,2,-2
盈溢,廣達,0,2,-2
盈溢,元大台灣50,0,2,-2
盈溢,華城,0,2,-2
盈溢,台聚,0,2,-2
盈溢,星通,0,2,-2
盈溢,裕隆,0,1,-1
盈溢,中鋼,1,2,-1
盈溢,承啟,0,1,-1
盈溢,中華電,0,1,-1
盈溢,凱基金,0,1,-1
盈溢,宏達電,5,6,-1
盈溢,奇鋐,0,1,-1
盈溢,華航,0,1,-1
盈溢,威健,0,1,-1
盈溢,智易,0,1,-1
盈溢,TPK-KY,0,1,-1
盈溢,連展投控,0,1,-1
盈溢,和碩,0,1,-1
盈溢,凌通,0,1,-1
盈溢,乙盛-KY,1,2,-1
盈溢,中美晶,0,1,-1
盈溢,廣運,0,1,-1
盈溢,台燿,0,1,-1
盈溢,聚和,0,1,-1
盈溢,創威,0,1,-1
盈溢,龍德造船,0,1,-1
盈溢,矽創,0,1,-1
盈溢,台虹,0,1,-1
永豐復興,合庫金,400,2,398
永豐復興,波若威,414,38,376
永豐復興,潤泰新,259,0,259
永豐復興,00665L富邦�琤肭磪囓�2,45,0,45
永豐復興,聯電,64,30,34
永豐復興,順達,31,7,24
永豐復興,00878國泰永續高股息,19,0,19
永豐復興,新盛力,33,18,15
永豐復興,友達,13,0,13
永豐復興,元大高股息,14,2,12
永豐復興,00948B中信優息投資級債,11,0,11
永豐復興,中環,11,0,11
永豐復興,新產,11,0,11
永豐復興,連展投控,11,0,11
永豐復興,00937B群益ESG投等債20,12,2,10
永豐復興,00753L中信中國50正2,10,0,10
永豐復興,新光鋼,10,0,10
永豐復興,昆盈,10,0,10
永豐復興,群創,10,0,10
永豐復興,立敦,10,0,10
永豐復興,精成科,11,1,10
永豐復興,神盾,10,0,10
永豐復興,00919群益台灣精選高息,11,1,10
永豐復興,華通,11,2,9
永豐復興,友訊,9,0,9
永豐復興,映興,9,0,9
永豐復興,力積電,12,3,9
永豐復興,富喬,8,0,8
永豐復興,久昌,15,7,8
永豐復興,億豐,8,0,8
永豐復興,欣興,7,0,7
永豐復興,台化,7,0,7
永豐復興,泰茂,7,0,7
永豐復興,冠德,7,0,7
永豐復興,聯茂,7,0,7
永豐復興,緯創,6,0,6
永豐復興,聰泰,6,0,6
永豐復興,00655L國泰中國A50正2,6,0,6
永豐復興,00733富邦臺灣中小,6,0,6
永豐復興,興富發,6,0,6
永豐復興,合正,6,0,6
永豐復興,創惟,10,5,5
永豐復興,亞泥,5,0,5
永豐復興,光洋科,5,0,5
永豐復興,美時,5,0,5
永豐復興,中鋼,6,1,5
永豐復興,英業達,7,2,5
永豐復興,國產,5,0,5
永豐復興,宜特,5,0,5
永豐復興,協易機,5,0,5
永豐復興,名軒,25,172,-147
永豐復興,華航,0,73,-73
永豐復興,00965元大航太防衛科技,0,60,-60
永豐復興,台塑,0,57,-57
永豐復興,達興材料,0,50,-50
永豐復興,欣銓,17,65,-48
永豐復興,國喬,0,40,-40
永豐復興,AES-KY,1,40,-39
永豐復興,006208富邦台50,3,36,-33
永豐復興,國泰金,10,35,-25
永豐復興,00929復華台灣科技優息,5,30,-25
永豐復興,富世達,1,23,-22
永豐復興,矽統,0,20,-20
永豐復興,神達,10,24,-14
永豐復興,晟德,0,13,-13
永豐復興,大同,15,26,-11
永豐復興,新光金,10,21,-11
永豐復興,00949復華日本龍頭,0,11,-11
永豐復興,金寶,0,10,-10
永豐復興,藍天,0,10,-10
永豐復興,鉅祥,0,10,-10
永豐復興,星宇航空,1,11,-10
永豐復興,榮剛,0,10,-10
永豐復興,興能高,18,28,-10
永豐復興,益航,0,9,-9
永豐復興,泰金寶-DR,11,20,-9
永豐復興,南亞,0,8,-8
永豐復興,富邦金,1,8,-7
永豐復興,00971野村美國研發龍頭,0,7,-7
永豐復興,亞翔,0,7,-7
永豐復興,臻鼎-KY,1,7,-6
永豐復興,元大台灣50,1,7,-6
永豐復興,00687B國泰20年美債,1,6,-5
永豐復興,00857B永豐20年美公債,0,5,-5
永豐復興,信錦,0,5,-5
永豐復興,所羅門,0,5,-5
永豐復興,神基,6,11,-5
永豐復興,三一東林,0,5,-5
永豐復興,信立,0,5,-5
永豐復興,華星光,21,26,-5
永豐復興,金麗科,0,5,-5
永豐復興,長榮航,11,16,-5
永豐復興,00762元大全球AI,0,4,-4
永豐復興,圓剛,5,9,-4
永豐復興,奇鋐,2,6,-4
永豐復興,宏致,5,9,-4
永豐復興,群益證,0,4,-4
永豐復興,綠河-KY,0,4,-4
永豐復興,宏達電,13,17,-4
永豐復興,00631L元大台灣50正2,2,6,-4
國票台東,聯電,74,2,72
國票台東,彩晶,22,0,22
國票台東,00931B統一美債20年,13,0,13
國票台東,00878國泰永續高股息,13,0,13
國票台東,立敦,11,0,11
國票台東,崧騰,20,10,10
國票台東,昇達科,26,16,10
國票台東,大成鋼,9,0,9
國票台東,亞航,10,2,8
國票台東,合庫金,8,0,8
國票台東,立��,13,5,8
國票台東,00632R元大台灣50反1,5,0,5
國票台東,立隆電,8,3,5
國票台東,連展投控,5,0,5
國票台東,元大高股息,4,0,4
國票台東,00858永豐美國500大,4,0,4
國票台東,台揚,4,0,4
國票台東,台燿,4,0,4
國票台東,00918大華優利高填息30,5,2,3
國票台東,金寶,3,0,3
國票台東,GIS-KY,3,0,3
國票台東,緯創,5,2,3
國票台東,00927群益半導體收益,2,0,2
國票台東,國巨,2,0,2
國票台東,中租-KY,2,0,2
國票台東,00919群益台灣精選高息,5,3,2
國票台東,00907永豐優息存股,2,0,2
國票台東,玉晶光,2,0,2
國票台東,單井,2,0,2
國票台東,鑫聯大投控,2,0,2
國票台東,眾達-KY,4,2,2
國票台東,力成,2,0,2
國票台東,鴻海,5,4,1
國票台東,展宇,1,0,1
國票台東,00690兆豐藍籌30,1,0,1
國票台東,台化,1,0,1
國票台東,和康生,1,0,1
國票台東,科妍,1,0,1
國票台東,廣宇,1,0,1
國票台東,宏��,1,0,1
國票台東,英業達,1,0,1
國票台東,所羅門,1,0,1
國票台東,凱美,4,3,1
國票台東,美律,1,0,1
國票台東,京元電子,1,0,1
國票台東,可成,1,0,1
國票台東,愛山林,1,0,1
國票台東,新興,1,0,1
國票台東,統一超,1,0,1
國票台東,晟銘電,1,0,1
國票台東,00680L元大美債20正2,5,100,-95
國票台東,00688L國泰20年美債正2,0,50,-50
國票台東,中興電,0,30,-30
國票台東,波若威,8,32,-24
國票台東,台積電,2,23,-21
國票台東,中信金,0,17,-17
國票台東,加捷生醫,0,12,-12
國票台東,三商壽,0,12,-12
國票台東,00940元大台灣價值高息,0,11,-11
國票台東,00679B元大美債20年,0,10,-10
國票台東,光聯,0,10,-10
國票台東,00929復華台灣科技優息,0,9,-9
國票台東,大同,4,13,-9
國票台東,全坤建,0,9,-9
國票台東,鴻準,5,13,-8
國票台東,中華,0,7,-7
國票台東,碩禾,2,9,-7
國票台東,新日興,2,8,-6
國票台東,和大,0,6,-6
國票台東,盟立,0,6,-6
國票台東,方土霖,0,6,-6
國票台東,毛寶,0,5,-5
國票台東,元大MSCI金融,0,5,-5
國票台東,合世,0,5,-5
國票台東,中鴻,10,15,-5
國票台東,友訊,0,5,-5
國票台東,國碩,0,5,-5
國票台東,凱基金,0,5,-5
國票台東,亞泥,0,5,-5
國票台東,順達,0,4,-4
國票台東,海悅,0,4,-4
國票台東,宏達電,6,10,-4
國票台東,台產,0,4,-4
國票台東,威健,0,4,-4
國票台東,東浦,0,4,-4
國票台東,杭特,0,4,-4
國票台東,宏致,6,10,-4
國票台東,神達,34,38,-4
國票台東,日月光投控,0,4,-4
國票台東,邁達特,0,4,-4
國票台東,006208富邦台50,1,4,-3
國票台東,陽明,1,4,-3
國票台東,00730富邦臺灣優質高息,0,3,-3
國票台東,00697B元大美債7-10,0,3,-3
國票台東,御嵿,0,3,-3
國票台東,德微,0,3,-3
國票台東,尚凡*,0,3,-3
國票台東,華城,0,2,-2
國票台東,五鼎,0,2,-2
國票台東,恩德,0,2,-2
 元    富,00980B台新特選IG債10+,9722,286,9436
 元    富,新光金,1959,12,1947
 元    富,00680L元大美債20正2,1929,40,1889
 元    富,00929復華台灣科技優息,1692,65,1627
 元    富,00687B國泰20年美債,2364,767,1597
 元    富,00679B元大美債20年,1679,86,1593
 元    富,00940元大台灣價值高息,1611,147,1464
 元    富,00965元大航太防衛科技,1243,150,1093
 元    富,元大台灣50,1005,2,1003
 元    富,神達,1368,415,953
 元    富,00715L期街口布蘭特正2,894,0,894
 元    富,00877復華中國5G,596,31,565
 元    富,00966B統一ESG投等債15,2511,1952,559
 元    富,00951台新日本半導體,561,14,547
 元    富,00642U期元大S＆P石油,509,0,509
 元    富,00669R國泰美國道瓊反1,500,0,500
 元    富,聯電,616,155,461
 元    富,00696B富邦美債20年,543,200,343
 元    富,00637L元大滬深300正2,526,200,326
 元    富,信邦,302,2,300
 元    富,00968B元大優息投等債,400,100,300
 元    富,精成科,311,30,281
 元    富,南亞,278,1,277
 元    富,00954中信日本半導體,496,226,270
 元    富,迅得,270,1,269
 元    富,欣興,280,12,268
 元    富,光寶科,250,1,249
 元    富,00946群益科技高息成長,248,1,247
 元    富,欣銓,264,18,246
 元    富,華夏,241,1,240
 元    富,00944野村趨勢動能高息,236,0,236
 元    富,00752中信中國50,396,170,226
 元    富,00830國泰費城半導體,215,0,215
 元    富,鴻海,224,15,209
 元    富,華碩,207,1,206
 元    富,勤美,201,0,201
 元    富,宏��,221,26,195
 元    富,美時,180,0,180
 元    富,聯詠,160,3,157
 元    富,金像電,113,8,105
 元    富,第一金,101,0,101
 元    富,潤泰全,100,0,100
 元    富,泰金寶-DR,150,50,100
 元    富,麗清,100,0,100
 元    富,00712復華富時不動產,261,165,96
 元    富,00971野村美國研發龍頭,202,107,95
 元    富,台達電,116,22,94
 元    富,華星光,2043,1949,94
 元    富,台塑,105,14,91
 元    富,和碩,100,10,90
 元    富,00953B群益優選非投等債,5,4700,-4695
 元    富,00948B中信優息投資級債,120,3000,-2880
 元    富,00740B富邦全球投等債,402,3007,-2605
 元    富,00915凱基優選高股息30,10,2105,-2095
 元    富,00937B群益ESG投等債20,477,2526,-2049
 元    富,00706L期元大S＆P日圓正2,0,1994,-1994
 元    富,00646元大S＆P500,1,1670,-1669
 元    富,00900富邦特選高股息30,0,1504,-1504
 元    富,中鋼,17,1318,-1301
 元    富,00950B凱基A級公司債,554,1649,-1095
 元    富,台積電,25,1072,-1047
 元    富,006208富邦台50,5,1007,-1002
 元    富,00858永豐美國500大,1,999,-998
 元    富,富邦金,51,1014,-963
 元    富,00795B中信美國公債20年,400,1201,-801
 元    富,00878國泰永續高股息,11,753,-742
 元    富,00934中信成長高股息,0,733,-733
 元    富,00753L中信中國50正2,139,829,-690
 元    富,00713元大台灣高息低波,8,638,-630
 元    富,00924復華S＆P500成長,32,581,-549
 元    富,00881國泰台灣5G+,17,566,-549
 元    富,富邦科技,1,494,-493
 元    富,00938凱基優選30,675,1115,-440
 元    富,00945B凱基美國非投等債,0,409,-409
 元    富,精材,46,411,-365
 元    富,亞光,38,358,-320
 元    富,華航,151,460,-309
 元    富,00952凱基台灣AI50,8,315,-307
 元    富,大成鋼,121,409,-288
 元    富,00904新光臺灣半導體30,47,330,-283
 元    富,台表科,1,256,-255
 元    富,00947台新臺灣IC設計,0,250,-250
 元    富,00942B台新美A公司債20+,150,396,-246
 元    富,00725B國泰投資級公司債,104,341,-237
 元    富,00907永豐優息存股,0,235,-235
 元    富,00941中信上游半導體,0,218,-218
 元    富,鴻準,1,215,-214
 元    富,晟德,1,200,-199
 元    富,漢唐,2,196,-194
 元    富,中天,0,180,-180
 元    富,00972野村日本動能高息,0,166,-166
 元    富,00665L富邦�琤肭磪囓�2,14,176,-162
 元    富,00633L富邦上証正2,3,161,-158
 元    富,00662富邦NASDAQ,11,147,-136
 元    富,智原,0,122,-122
 元    富,聖暉*,0,118,-118
 元    富,00967B元大優息美債,0,101,-101
 元    富,富喬,76,166,-90
 元    富,宏達電,358,448,-90
 元    富,長榮航,16,100,-84
日茂南投,00937B群益ESG投等債20,340,0,340
日茂南投,大同,39,0,39
日茂南投,聯電,33,0,33
日茂南投,立敦,11,0,11
日茂南投,00972野村日本動能高息,10,0,10
日茂南投,聯光通,10,0,10
日茂南投,矽格,11,1,10
日茂南投,連展投控,9,0,9
日茂南投,達邁,7,1,6
日茂南投,00753L中信中國50正2,5,0,5
日茂南投,00725B國泰投資級公司債,5,0,5
日茂南投,海華,5,0,5
日茂南投,精湛,4,0,4
日茂南投,00960野村全球航運龍頭,4,0,4
日茂南投,麗嬰房,4,0,4
日茂南投,波若威,6,2,4
日茂南投,台塑化,4,0,4
日茂南投,00882中信中國高股息,3,0,3
日茂南投,彩晶,3,0,3
日茂南投,廣明,3,0,3
日茂南投,聯嘉,3,0,3
日茂南投,易華電,3,0,3
日茂南投,百和興業-KY,3,0,3
日茂南投,光罩,2,0,2
日茂南投,宏��,2,0,2
日茂南投,中鋼,4,2,2
日茂南投,00757統一FANG+,2,0,2
日茂南投,00637L元大滬深300正2,2,0,2
日茂南投,台灣高鐵,2,0,2
日茂南投,美食-KY,2,0,2
日茂南投,淘帝-KY,2,0,2
日茂南投,和椿,3,1,2
日茂南投,GIS-KY,2,0,2
日茂南投,00632R元大台灣50反1,2,0,2
日茂南投,欣興,1,0,1
日茂南投,00953B群益優選非投等債,1,0,1
日茂南投,00931B統一美債20年,1,0,1
日茂南投,巧新,1,0,1
日茂南投,耿鼎,1,0,1
日茂南投,中興電,1,0,1
日茂南投,新纖,1,0,1
日茂南投,東陽,1,0,1
日茂南投,00919群益台灣精選高息,1,0,1
日茂南投,鴻海,1,0,1
日茂南投,正新,1,0,1
日茂南投,三晃,1,0,1
日茂南投,環科,1,0,1
日茂南投,友達,2,1,1
日茂南投,云辰,1,0,1
日茂南投,一詮,1,0,1
日茂南投,宏致,0,26,-26
日茂南投,新光金,0,20,-20
日茂南投,00881國泰台灣5G+,0,15,-15
日茂南投,陽明,0,15,-15
日茂南投,雷虎,0,14,-14
日茂南投,富喬,2,13,-11
日茂南投,興能高,3,14,-11
日茂南投,00929復華台灣科技優息,0,10,-10
日茂南投,華容,0,10,-10
日茂南投,友訊,0,7,-7
日茂南投,中鴻,0,7,-7
日茂南投,夏都,0,7,-7
日茂南投,東友,0,7,-7
日茂南投,中石化,0,6,-6
日茂南投,英業達,5,11,-6
日茂南投,華航,0,5,-5
日茂南投,揚智,0,5,-5
日茂南投,長榮航,0,4,-4
日茂南投,淳安,0,4,-4
日茂南投,富邦金,0,3,-3
日茂南投,國泰金,0,3,-3
日茂南投,奇鋐,1,4,-3
日茂南投,佳能,0,2,-2
日茂南投,超豐,0,2,-2
日茂南投,華邦電,1,3,-2
日茂南投,台達電,0,2,-2
日茂南投,00885富邦越南,0,2,-2
日茂南投,凱基金,0,2,-2
日茂南投,第一金,0,2,-2
日茂南投,虹冠電,0,2,-2
日茂南投,欣銓,0,2,-2
日茂南投,神達,0,2,-2
日茂南投,巨路,0,2,-2
日茂南投,中揚光,0,2,-2
日茂南投,力積電,9,11,-2
日茂南投,台塑,0,1,-1
日茂南投,中碳,0,1,-1
日茂南投,中電,0,1,-1
日茂南投,華新,0,1,-1
日茂南投,直得,0,1,-1
日茂南投,燿華,0,1,-1
日茂南投,千興,0,1,-1
日茂南投,台積電,1,2,-1
日茂南投,建準,1,2,-1
日茂南投,立隆電,0,1,-1
日茂南投,宏達電,5,6,-1
日茂南投,長榮航太,0,1,-1
日茂南投,永豐金,0,1,-1
日茂南投,神基,0,1,-1
日茂南投,智原,0,1,-1
群益海山,新日興,177,15,162
群益海山,順達,162,33,129
群益海山,聯電,143,23,120
群益海山,緯創,71,8,63
群益海山,雷虎,53,0,53
群益海山,第一金,50,0,50
群益海山,南亞科,43,4,39
群益海山,00715L期街口布蘭特正2,32,6,26
群益海山,台達電,23,2,21
群益海山,元大高股息,21,0,21
群益海山,富喬,31,10,21
群益海山,亞光,32,13,19
群益海山,長榮航,31,16,15
群益海山,00919群益台灣精選高息,63,48,15
群益海山,弘凱,20,5,15
群益海山,全台,15,0,15
群益海山,友勁,15,0,15
群益海山,凱美,17,3,14
群益海山,00891中信關鍵半導體,14,0,14
群益海山,00757統一FANG+,16,4,12
群益海山,00881國泰台灣5G+,12,0,12
群益海山,宏��,11,0,11
群益海山,00882中信中國高股息,10,0,10
群益海山,新建,56,46,10
群益海山,欣興,12,2,10
群益海山,事欣科,13,4,9
群益海山,加百裕,13,5,8
群益海山,創威,22,14,8
群益海山,廣達,12,4,8
群益海山,00878國泰永續高股息,8,1,7
群益海山,富采,11,4,7
群益海山,僑威,37,30,7
群益海山,立敦,17,10,7
群益海山,00673R期元大S＆P原油反1,7,0,7
群益海山,東台,7,0,7
群益海山,驊訊,11,5,6
群益海山,高技,7,1,6
群益海山,巧新,6,0,6
群益海山,濱川,16,10,6
群益海山,長華*,6,0,6
群益海山,騰輝電子-KY,8,2,6
群益海山,00960野村全球航運龍頭,6,0,6
群益海山,宏齊,6,0,6
群益海山,006208富邦台50,5,0,5
群益海山,懷特,5,0,5
群益海山,萬泰科,5,0,5
群益海山,青雲,6,1,5
群益海山,遠東銀,5,0,5
群益海山,亞泥,5,0,5
群益海山,宜新實業,5,0,5
群益海山,玉山金,100,423,-323
群益海山,宏致,26,156,-130
群益海山,群創,20,116,-96
群益海山,00980B台新特選IG債10+,0,73,-73
群益海山,華南金,0,66,-66
群益海山,00949復華日本龍頭,0,60,-60
群益海山,鴻華先進-創,0,58,-58
群益海山,台塑,0,35,-35
群益海山,東元,3,35,-32
群益海山,宏達電,70,100,-30
群益海山,中信金,0,28,-28
群益海山,神達,53,79,-26
群益海山,力積電,33,59,-26
群益海山,華航,0,25,-25
群益海山,00725B國泰投資級公司債,0,20,-20
群益海山,台化,2,20,-18
群益海山,穎崴,0,17,-17
群益海山,邁達特,4,20,-16
群益海山,錸德,0,16,-16
群益海山,00939統一台灣高息動能,0,16,-16
群益海山,中環,0,16,-16
群益海山,00922國泰台灣領袖50,0,15,-15
群益海山,00632R元大台灣50反1,60,74,-14
群益海山,聯光通,4,17,-13
群益海山,欣銓,15,28,-13
群益海山,合機,0,12,-12
群益海山,和桐,0,12,-12
群益海山,友訊,5,16,-11
群益海山,00970B新光BBB投等債20,0,11,-11
群益海山,00923群益台ESG低碳50,0,11,-11
群益海山,00929復華台灣科技優息,0,11,-11
群益海山,統一實,0,11,-11
群益海山,前鼎,5,15,-10
群益海山,威盛,1,11,-10
群益海山,亞力,1,11,-10
群益海山,金寶,1,11,-10
群益海山,第一銅,0,10,-10
群益海山,00772B中信高評級公司債,0,10,-10
群益海山,00940元大台灣價值高息,0,10,-10
群益海山,映泰,2,12,-10
群益海山,鴻準,2,12,-10
群益海山,亞翔,5,15,-10
群益海山,鴻海,7,17,-10
群益海山,天宇,5,14,-9
群益海山,華容,1,10,-9
群益海山,達邁,23,32,-9
群益海山,華城,0,8,-8
群益海山,佳世達,4,12,-8
群益海山,國泰金,0,8,-8
群益海山,中華,0,8,-8
 台企建成 ,中石化,120,0,120
 台企建成 ,富邦金,40,5,35
 台企建成 ,00795B中信美國公債20年,23,0,23
 台企建成 ,00937B群益ESG投等債20,20,0,20
 台企建成 ,宏達電,22,2,20
 台企建成 ,亞航,17,0,17
 台企建成 ,00933B國泰10Y+金融債,16,0,16
 台企建成 ,00725B國泰投資級公司債,10,0,10
 台企建成 ,永豐金,10,0,10
 台企建成 ,聯電,7,0,7
 台企建成 ,新盛力,30,24,6
 台企建成 ,00919群益台灣精選高息,6,0,6
 台企建成 ,緯創,5,0,5
 台企建成 ,鴻準,6,1,5
 台企建成 ,大銀微系統,6,1,5
 台企建成 ,00830國泰費城半導體,3,0,3
 台企建成 ,00878國泰永續高股息,3,0,3
 台企建成 ,國巨,3,0,3
 台企建成 ,愛普*,3,0,3
 台企建成 ,鴻海,4,2,2
 台企建成 ,00971野村美國研發龍頭,2,0,2
 台企建成 ,006208富邦台50,2,0,2
 台企建成 ,威盛,2,0,2
 台企建成 ,三商電,2,0,2
 台企建成 ,威健,2,0,2
 台企建成 ,世禾,2,0,2
 台企建成 ,詮欣,2,0,2
 台企建成 ,信紘科,2,0,2
 台企建成 ,緯穎,3,1,2
 台企建成 ,00733富邦臺灣中小,1,0,1
 台企建成 ,華通,1,0,1
 台企建成 ,金寶,1,0,1
 台企建成 ,友訊,1,0,1
 台企建成 ,00958B永豐ESG銀行債15,1,0,1
 台企建成 ,川湖,1,0,1
 台企建成 ,中釉,1,0,1
 台企建成 ,永冠-KY,1,0,1
 台企建成 ,信錦,1,0,1
 台企建成 ,濱川,1,0,1
 台企建成 ,00900富邦特選高股息30,1,0,1
 台企建成 ,00858永豐美國500大,1,0,1
 台企建成 ,00631L元大台灣50正2,1,0,1
 台企建成 ,陽明,1,0,1
 台企建成 ,晟銘電,2,1,1
 台企建成 ,欣興,1,0,1
 台企建成 ,光環,1,0,1
 台企建成 ,精材,2,1,1
 台企建成 ,海華,1,0,1
 台企建成 ,國光生,1,0,1
 台企建成 ,台灣精銳,1,0,1
 台企建成 ,富喬,60,185,-125
 台企建成 ,台灣高鐵,0,36,-36
 台企建成 ,高技,0,30,-30
 台企建成 ,00779B凱基美債25+,0,20,-20
 台企建成 ,三商壽,0,20,-20
 台企建成 ,憶聲,11,31,-20
 台企建成 ,欣銓,20,40,-20
 台企建成 ,生華科,0,18,-18
 台企建成 ,宏��,0,16,-16
 台企建成 ,華航,0,15,-15
 台企建成 ,凱美,0,13,-13
 台企建成 ,00696B富邦美債20年,0,12,-12
 台企建成 ,富采,0,10,-10
 台企建成 ,利華,0,9,-9
 台企建成 ,環宇-KY,21,30,-9
 台企建成 ,達邁,18,24,-6
 台企建成 ,鴻華先進-創,0,5,-5
 台企建成 ,新光金,0,5,-5
 台企建成 ,雷笛克光學,0,5,-5
 台企建成 ,達輝-KY,0,4,-4
 台企建成 ,台積電,0,3,-3
 台企建成 ,王品,0,3,-3
 台企建成 ,00961FT臺灣永續高息,0,3,-3
 台企建成 ,上銀,0,3,-3
 台企建成 ,兆利,0,3,-3
 台企建成 ,神達,0,3,-3
 台企建成 ,擎亞,0,3,-3
 台企建成 ,力積電,0,3,-3
 台企建成 ,台達電,0,2,-2
 台企建成 ,台船,0,2,-2
 台企建成 ,裕隆,0,2,-2
 台企建成 ,台新金,0,2,-2
 台企建成 ,亞光,1,3,-2
 台企建成 ,鈊象,0,2,-2
 台企建成 ,聯鈞,7,9,-2
 台企建成 ,聯合再生,0,2,-2
 台企建成 ,宏致,1,3,-2
 台企建成 ,事欣科,0,2,-2
 台企建成 ,弘凱,0,2,-2
 台企建成 ,中菲行,0,2,-2
 台企建成 ,矽格,0,2,-2
 台企建成 ,GIS-KY,0,2,-2
 台企建成 ,興能高,11,13,-2
 台企建成 ,志強-KY,0,2,-2
 台企建成 ,義隆,0,1,-1
 台企建成 ,元大台灣50,0,1,-1
 台企建成 ,訊聯,0,1,-1
 台企建成 ,華城,0,1,-1
 台企建成 ,00675L富邦臺灣加權正2,0,1,-1
 台企建成 ,大同,5,6,-1
 元大向上,00891中信關鍵半導體,59,0,59
 元大向上,廣達,52,7,45
 元大向上,台積電,43,4,39
 元大向上,台塑化,31,0,31
 元大向上,00665L富邦�琤肭磪囓�2,30,0,30
 元大向上,聯電,37,8,29
 元大向上,台郡,27,0,27
 元大向上,南亞科,26,0,26
 元大向上,00918大華優利高填息30,28,5,23
 元大向上,2838A聯邦銀甲特,21,0,21
 元大向上,00919群益台灣精選高息,20,2,18
 元大向上,00680L元大美債20正2,16,0,16
 元大向上,力積電,18,5,13
 元大向上,00687B國泰20年美債,11,0,11
 元大向上,00940元大台灣價值高息,13,2,11
 元大向上,00878國泰永續高股息,13,3,10
 元大向上,00927群益半導體收益,9,0,9
 元大向上,力山,10,1,9
 元大向上,麗清,9,0,9
 元大向上,華榮,8,0,8
 元大向上,泰金寶-DR,33,26,7
 元大向上,興富發,6,0,6
 元大向上,國光生,6,0,6
 元大向上,新盛力,22,16,6
 元大向上,元大高股息,6,0,6
 元大向上,元大金,5,0,5
 元大向上,大成鋼,6,1,5
 元大向上,日電貿,5,0,5
 元大向上,大井泵浦,5,0,5
 元大向上,錸寶,5,0,5
 元大向上,世芯-KY,16,11,5
 元大向上,00858永豐美國500大,4,0,4
 元大向上,華新科,4,0,4
 元大向上,00713元大台灣高息低波,4,0,4
 元大向上,欣興,4,1,3
 元大向上,00950B凱基A級公司債,3,0,3
 元大向上,00971野村美國研發龍頭,3,0,3
 元大向上,吉茂,4,1,3
 元大向上,玉山金,3,0,3
 元大向上,兆豐金,3,0,3
 元大向上,英濟,7,4,3
 元大向上,富威電力,3,0,3
 元大向上,華邦電,3,0,3
 元大向上,驊訊,3,0,3
 元大向上,環宇-KY,33,31,2
 元大向上,玉晶光,2,0,2
 元大向上,AES-KY,2,0,2
 元大向上,00864B中信美國公債0-1,2,0,2
 元大向上,00715L期街口布蘭特正2,2,0,2
 元大向上,00933B國泰10Y+金融債,2,0,2
 元大向上,新光金,0,1004,-1004
 元大向上,欣銓,3,816,-813
 元大向上,鴻準,0,151,-151
 元大向上,3036A文曄甲特,0,90,-90
 元大向上,00688L國泰20年美債正2,1,53,-52
 元大向上,00882中信中國高股息,1,39,-38
 元大向上,00952凱基台灣AI50,0,36,-36
 元大向上,宏達電,111,147,-36
 元大向上,00929復華台灣科技優息,0,33,-33
 元大向上,菱光,0,30,-30
 元大向上,東台,0,26,-26
 元大向上,00934中信成長高股息,0,25,-25
 元大向上,00885富邦越南,0,21,-21
 元大向上,國喬,0,20,-20
 元大向上,康和證,0,20,-20
 元大向上,緯創,11,24,-13
 元大向上,長榮航,1,13,-12
 元大向上,華航,0,11,-11
 元大向上,00922國泰台灣領袖50,0,11,-11
 元大向上,威健,0,10,-10
 元大向上,00852L國泰美國道瓊正2,0,10,-10
 元大向上,00943兆豐電子高息等權,0,10,-10
 元大向上,臺企銀,6,16,-10
 元大向上,中信金,0,9,-9
 元大向上,日月光投控,2,11,-9
 元大向上,006208富邦台50,1,10,-9
 元大向上,國泰金,0,8,-8
 元大向上,亞翔,0,7,-7
 元大向上,富喬,11,18,-7
 元大向上,冠德,0,7,-7
 元大向上,00965元大航太防衛科技,0,7,-7
 元大向上,興能高,49,56,-7
 元大向上,台塑,7,14,-7
 元大向上,佳世達,0,6,-6
 元大向上,奇鋐,0,6,-6
 元大向上,元大台灣50,1,7,-6
 元大向上,鴻海,11,16,-5
 元大向上,順達,0,5,-5
 元大向上,茂訊,0,5,-5
 元大向上,旭暉應材,0,5,-5
 元大向上,哲固,0,5,-5
 元大向上,中磊,0,5,-5
 元大向上,台灣精銳,0,5,-5
 元大向上,群創,0,5,-5
 元大向上,00895富邦未來車,0,4,-4
 元大向上,華南金,0,4,-4
 元大向上,宏致,5,9,-4
 元大向上,00670L富邦NASDAQ正2,0,4,-4
 元大向上,綠界科技*,0,4,-4
 元大向上,神達,55,59,-4
國票博愛,00637L元大滬深300正2,348,18,330
國票博愛,00680L元大美債20正2,160,0,160
國票博愛,順達,73,11,62
國票博愛,安集,58,0,58
國票博愛,精成科,58,0,58
國票博愛,00965元大航太防衛科技,43,0,43
國票博愛,力成,38,0,38
國票博愛,皇翔,31,1,30
國票博愛,味全,28,0,28
國票博愛,聯茂,35,10,25
國票博愛,00665L富邦�琤肭磪囓�2,22,0,22
國票博愛,定穎投控,26,6,20
國票博愛,寶緯,20,0,20
國票博愛,光菱,17,0,17
國票博愛,英業達,19,3,16
國票博愛,聯電,30,15,15
國票博愛,宏達電,60,46,14
國票博愛,台塑,13,1,12
國票博愛,廣宇,12,0,12
國票博愛,全新,14,2,12
國票博愛,瑞智,12,0,12
國票博愛,裕隆,10,0,10
國票博愛,新建,10,0,10
國票博愛,遠東銀,10,0,10
國票博愛,欣興,10,0,10
國票博愛,華建,9,0,9
國票博愛,富邦金,11,2,9
國票博愛,00858永豐美國500大,8,0,8
國票博愛,櫻花建,8,0,8
國票博愛,勤凱,7,0,7
國票博愛,華新,28,22,6
國票博愛,新美齊,6,0,6
國票博愛,廣明,6,0,6
國票博愛,擎亞,10,4,6
國票博愛,大世科,6,0,6
國票博愛,緯創,8,2,6
國票博愛,宏��,5,0,5
國票博愛,00907永豐優息存股,5,0,5
國票博愛,皇普,5,0,5
國票博愛,智原,5,0,5
國票博愛,精材,8,3,5
國票博愛,眾達-KY,97,92,5
國票博愛,�矬�,5,0,5
國票博愛,緯穎,4,0,4
國票博愛,佳和,4,0,4
國票博愛,00918大華優利高填息30,4,0,4
國票博愛,00915凱基優選高股息30,4,0,4
國票博愛,欣銓,6,2,4
國票博愛,佳邦,5,1,4
國票博愛,鼎基,4,0,4
國票博愛,台灣虎航,12,306,-294
國票博愛,神達,285,523,-238
國票博愛,00941中信上游半導體,0,200,-200
國票博愛,富喬,7,110,-103
國票博愛,00631L元大台灣50正2,0,86,-86
國票博愛,00929復華台灣科技優息,0,86,-86
國票博愛,力積電,5,66,-61
國票博愛,鴻海,3,61,-58
國票博愛,群創,0,51,-51
國票博愛,00939統一台灣高息動能,0,45,-45
國票博愛,東洋,0,40,-40
國票博愛,百和興業-KY,0,30,-30
國票博愛,連展投控,7,30,-23
國票博愛,大魯閣,0,22,-22
國票博愛,長榮航,0,21,-21
國票博愛,中鋼,1,21,-20
國票博愛,台積電,6,23,-17
國票博愛,川湖,0,15,-15
國票博愛,金寶,1,15,-14
國票博愛,宏致,10,24,-14
國票博愛,僑威,7,20,-13
國票博愛,聯策,0,13,-13
國票博愛,仁寶,0,12,-12
國票博愛,LINEPAY,0,11,-11
國票博愛,邁達特,2,13,-11
國票博愛,00885富邦越南,0,10,-10
國票博愛,00671R富邦NASDAQ反1,0,10,-10
國票博愛,農林,0,10,-10
國票博愛,憶聲,0,10,-10
國票博愛,新盛力,99,109,-10
國票博愛,建達,1,11,-10
國票博愛,羅昇,0,10,-10
國票博愛,泰金寶-DR,38,48,-10
國票博愛,神基,0,10,-10
國票博愛,國泰金,0,9,-9
國票博愛,00937B群益ESG投等債20,6,15,-9
國票博愛,00713元大台灣高息低波,0,9,-9
國票博愛,浪凡,8,17,-9
國票博愛,宏捷科,0,8,-8
國票博愛,華城,2,9,-7
國票博愛,友訊,1,7,-6
國票博愛,鴻準,3,9,-6
國票博愛,益航,0,6,-6
國票博愛,華航,0,6,-6
國票博愛,盛達,0,6,-6
國票博愛,友輝,0,6,-6
國票博愛,宏遠證,0,6,-6
國票博愛,00895富邦未來車,0,5,-5
國票博愛,聯亞,0,5,-5
國票博愛,泰谷,0,5,-5
第一高雄,00900富邦特選高股息30,152,2,150
第一高雄,00945B凱基美國非投等債,130,0,130
第一高雄,00712復華富時不動產,111,3,108
第一高雄,00953B群益優選非投等債,105,1,104
第一高雄,群創,112,30,82
第一高雄,中鋼,105,25,80
第一高雄,00637L元大滬深300正2,108,32,76
第一高雄,聯電,97,26,71
第一高雄,中工,65,0,65
第一高雄,集雅社,62,0,62
第一高雄,金橋,55,0,55
第一高雄,緯創,64,14,50
第一高雄,鴻海,64,15,49
第一高雄,彬台,49,3,46
第一高雄,台新金,39,0,39
第一高雄,精成科,111,72,39
第一高雄,台積電,64,27,37
第一高雄,威強電,33,0,33
第一高雄,ITH-KY,33,0,33
第一高雄,長榮,34,3,31
第一高雄,00687B國泰20年美債,26,0,26
第一高雄,佳能,37,14,23
第一高雄,維田,22,0,22
第一高雄,佳邦,22,0,22
第一高雄,00959B大華投等美債15Y+,21,0,21
第一高雄,元大高股息,33,12,21
第一高雄,00688L國泰20年美債正2,20,0,20
第一高雄,台特化,20,0,20
第一高雄,力積電,38,18,20
第一高雄,永豐金,19,1,18
第一高雄,英業達,24,7,17
第一高雄,國統,19,3,16
第一高雄,青新-創,15,0,15
第一高雄,巨有科技,15,0,15
第一高雄,合庫金,16,2,14
第一高雄,00919群益台灣精選高息,21,8,13
第一高雄,00725B國泰投資級公司債,13,0,13
第一高雄,熒茂,13,0,13
第一高雄,廣達,25,12,13
第一高雄,上曜,11,0,11
第一高雄,合機,11,0,11
第一高雄,萬潤,11,0,11
第一高雄,兆豐金,11,0,11
第一高雄,玉山金,12,2,10
第一高雄,00937B群益ESG投等債20,15,5,10
第一高雄,00969B元大零息超長美債,10,0,10
第一高雄,美亞,10,0,10
第一高雄,中環,10,0,10
第一高雄,谷崧,10,0,10
第一高雄,力士,10,1,9
第一高雄,欣銓,4,87,-83
第一高雄,虹冠電,0,60,-60
第一高雄,事欣科,1,56,-55
第一高雄,00929復華台灣科技優息,5,56,-51
第一高雄,00887永豐中國科技50大,0,50,-50
第一高雄,00858永豐美國500大,57,105,-48
第一高雄,南茂,16,59,-43
第一高雄,台塑,186,228,-42
第一高雄,00940元大台灣價值高息,0,39,-39
第一高雄,高雄銀,0,36,-36
第一高雄,頎邦,0,34,-34
第一高雄,元大台灣50,3,35,-32
第一高雄,華安,3,34,-31
第一高雄,00730富邦臺灣優質高息,0,30,-30
第一高雄,00949復華日本龍頭,0,30,-30
第一高雄,00943兆豐電子高息等權,0,24,-24
第一高雄,台化,2,26,-24
第一高雄,正文,0,23,-23
第一高雄,陽明,8,30,-22
第一高雄,宏達電,28,49,-21
第一高雄,敦吉,4,23,-19
第一高雄,00632R元大台灣50反1,22,38,-16
第一高雄,逸達,0,16,-16
第一高雄,運錩,0,15,-15
第一高雄,承業醫,0,15,-15
第一高雄,商丞,0,15,-15
第一高雄,台揚,0,14,-14
第一高雄,廣明,0,14,-14
第一高雄,常珵,0,14,-14
第一高雄,00946群益科技高息成長,3,16,-13
第一高雄,華航,2,14,-12
第一高雄,神達,22,34,-12
第一高雄,宏致,0,12,-12
第一高雄,南亞,3,15,-12
第一高雄,中華電,0,11,-11
第一高雄,鑫傳,0,11,-11
第一高雄,富邦金,0,11,-11
第一高雄,創惟,1,11,-10
第一高雄,00877復華中國5G,0,10,-10
第一高雄,00665L富邦�琤肭磪囓�2,160,170,-10
第一高雄,00952凱基台灣AI50,0,10,-10
第一高雄,台玻,0,10,-10
第一高雄,千興,0,10,-10
第一高雄,華固,0,10,-10
第一高雄,華邦電,4,14,-10
第一高雄,第一金,1,10,-9
第一高雄,00923群益台ESG低碳50,0,9,-9
第一高雄,映泰,2,11,-9
第一高雄,北基,0,9,-9
第一高雄,鴻準,4,13,-9
 元大虎尾,00676R富邦臺灣加權反1,700,0,700
 元大虎尾,00680L元大美債20正2,507,15,492
 元大虎尾,00753L中信中國50正2,190,2,188
 元大虎尾,富喬,183,21,162
 元大虎尾,龍德造船,152,0,152
 元大虎尾,神達,134,58,76
 元大虎尾,00650L復華香港正2,68,2,66
 元大虎尾,聯電,122,72,50
 元大虎尾,00919群益台灣精選高息,44,0,44
 元大虎尾,群益證,40,0,40
 元大虎尾,00637L元大滬深300正2,34,0,34
 元大虎尾,彰銀,22,0,22
 元大虎尾,00664R國泰臺灣加權反1,20,0,20
 元大虎尾,ITH-KY,20,0,20
 元大虎尾,台特化,19,0,19
 元大虎尾,新光金,19,0,19
 元大虎尾,中天,16,0,16
 元大虎尾,新盛力,121,106,15
 元大虎尾,00665L富邦�琤肭磪囓�2,12,1,11
 元大虎尾,00960野村全球航運龍頭,26,15,11
 元大虎尾,聯合再生,11,0,11
 元大虎尾,驊訊,11,0,11
 元大虎尾,力積電,27,16,11
 元大虎尾,元大高股息,14,3,11
 元大虎尾,精剛,10,0,10
 元大虎尾,IKKA-KY,51,41,10
 元大虎尾,麗清,10,0,10
 元大虎尾,永新-KY,10,0,10
 元大虎尾,永信建,10,0,10
 元大虎尾,00858永豐美國500大,9,0,9
 元大虎尾,台達電,12,3,9
 元大虎尾,南電,8,0,8
 元大虎尾,益航,8,0,8
 元大虎尾,00918大華優利高填息30,7,0,7
 元大虎尾,00669R國泰美國道瓊反1,7,0,7
 元大虎尾,台塑,11,5,6
 元大虎尾,00688L國泰20年美債正2,6,0,6
 元大虎尾,00933B國泰10Y+金融債,6,0,6
 元大虎尾,連展投控,6,0,6
 元大虎尾,精成科,8,2,6
 元大虎尾,新應材,5,0,5
 元大虎尾,統一,5,0,5
 元大虎尾,金寶,7,2,5
 元大虎尾,華南金,5,0,5
 元大虎尾,迎廣,8,3,5
 元大虎尾,全達,5,0,5
 元大虎尾,00924復華S＆P500成長,5,0,5
 元大虎尾,永豐金,7,3,4
 元大虎尾,眾達-KY,23,18,5
 元大虎尾,威盛,4,0,4
 元大虎尾,00673R期元大S＆P原油反1,0,165,-165
 元大虎尾,00922國泰台灣領袖50,0,118,-118
 元大虎尾,00965元大航太防衛科技,0,109,-109
 元大虎尾,00715L期街口布蘭特正2,1,75,-74
 元大虎尾,00891中信關鍵半導體,5,62,-57
 元大虎尾,群創,1,46,-45
 元大虎尾,00940元大台灣價值高息,0,42,-42
 元大虎尾,00929復華台灣科技優息,1,31,-30
 元大虎尾,興能高,93,121,-28
 元大虎尾,鴻海,1,29,-28
 元大虎尾,立敦,37,63,-26
 元大虎尾,良維,3,25,-22
 元大虎尾,00954中信日本半導體,0,20,-20
 元大虎尾,南亞,2,20,-18
 元大虎尾,中鴻,0,18,-18
 元大虎尾,和椿,16,32,-16
 元大虎尾,欣銓,1,17,-16
 元大虎尾,宏致,7,22,-15
 元大虎尾,台積電,4,17,-13
 元大虎尾,訊連,0,13,-13
 元大虎尾,中鋼,4,16,-12
 元大虎尾,百和興業-KY,0,12,-12
 元大虎尾,凱基金,0,10,-10
 元大虎尾,瀚宇博,0,10,-10
 元大虎尾,茂綸,0,10,-10
 元大虎尾,成霖,0,10,-10
 元大虎尾,仁寶,0,9,-9
 元大虎尾,萬海,1,10,-9
 元大虎尾,寶成,0,9,-9
 元大虎尾,聯鈞,12,20,-8
 元大虎尾,泰鼎-KY,0,8,-8
 元大虎尾,台虹,0,8,-8
 元大虎尾,環宇-KY,19,27,-8
 元大虎尾,00878國泰永續高股息,4,12,-8
 元大虎尾,006208富邦台50,1,9,-8
 元大虎尾,元大台灣50,1,8,-7
 元大虎尾,福懋油,0,7,-7
 元大虎尾,十銓,1,8,-7
 元大虎尾,華航,21,27,-6
 元大虎尾,久陽,0,6,-6
 元大虎尾,鈺齊-KY,2,8,-6
 元大虎尾,00757統一FANG+,0,6,-6
 元大虎尾,00830國泰費城半導體,1,6,-5
 元大虎尾,陽明,9,14,-5
 元大虎尾,富邦金,1,6,-5
 元大虎尾,福懋,0,5,-5
 元大虎尾,冠軍,0,5,-5
 元大虎尾,燁輝,0,5,-5
 元大虎尾,一詮,1,6,-5
 元大虎尾,松瑞藥,0,5,-5
 元大員林,凱基金,451,8,443
 元大員林,00664R國泰臺灣加權反1,350,0,350
 元大員林,00637L元大滬深300正2,211,13,198
 元大員林,聯電,115,13,102
 元大員林,00673R期元大S＆P原油反1,92,0,92
 元大員林,榮剛,80,1,79
 元大員林,敬鵬,80,2,78
 元大員林,群創,63,17,46
 元大員林,力積電,70,33,37
 元大員林,泰金寶-DR,76,41,35
 元大員林,00878國泰永續高股息,34,4,30
 元大員林,富喬,51,21,30
 元大員林,菱生,29,0,29
 元大員林,00937B群益ESG投等債20,36,9,27
 元大員林,鴻準,26,0,26
 元大員林,南茂,31,5,26
 元大員林,00919群益台灣精選高息,29,5,24
 元大員林,台新金,41,18,23
 元大員林,00679B元大美債20年,22,0,22
 元大員林,00918大華優利高填息30,32,11,21
 元大員林,昇陽半導體,27,6,21
 元大員林,京元電子,21,0,21
 元大員林,漢翔,20,0,20
 元大員林,00655L國泰中國A50正2,33,13,20
 元大員林,00915凱基優選高股息30,22,3,19
 元大員林,第一金,21,2,19
 元大員林,光洋科,18,0,18
 元大員林,元大高股息,30,13,17
 元大員林,00881國泰台灣5G+,21,7,14
 元大員林,亞光,30,16,14
 元大員林,00633L富邦上証正2,13,0,13
 元大員林,00713元大台灣高息低波,12,0,12
 元大員林,立隆電,24,12,12
 元大員林,正新,26,15,11
 元大員林,遠傳,11,0,11
 元大員林,富野,10,0,10
 元大員林,宏齊,10,0,10
 元大員林,麗正,10,0,10
 元大員林,英業達,12,2,10
 元大員林,亞通,10,1,9
 元大員林,同協,9,0,9
 元大員林,台聚,10,1,9
 元大員林,能率,10,1,9
 元大員林,00725B國泰投資級公司債,9,0,9
 元大員林,科風,9,0,9
 元大員林,欣興,10,1,9
 元大員林,世界,10,2,8
 元大員林,所羅門,10,2,8
 元大員林,陽明,9,1,8
 元大員林,00706L期元大S＆P日圓正2,8,0,8
 元大員林,00965元大航太防衛科技,15,96,-81
 元大員林,神達,85,157,-72
 元大員林,友達,54,118,-64
 元大員林,大成鋼,8,59,-51
 元大員林,00940元大台灣價值高息,0,48,-48
 元大員林,00753L中信中國50正2,13,53,-40
 元大員林,長榮航,0,38,-38
 元大員林,華航,3,41,-38
 元大員林,華邦電,0,31,-31
 元大員林,00922國泰台灣領袖50,2,33,-31
 元大員林,南亞,6,33,-27
 元大員林,00712復華富時不動產,3,30,-27
 元大員林,00688L國泰20年美債正2,1,23,-22
 元大員林,00950B凱基A級公司債,0,20,-20
 元大員林,00905FT臺灣Smart,0,20,-20
 元大員林,恆大,0,20,-20
 元大員林,元大台灣50,4,23,-19
 元大員林,00634R富邦上証反1,0,18,-18
 元大員林,宏達電,37,53,-16
 元大員林,金居,4,20,-16
 元大員林,泰鼎-KY,0,15,-15
 元大員林,00899FT潔淨能源,1,15,-14
 元大員林,華新,0,14,-14
 元大員林,新光金,1,15,-14
 元大員林,連展投控,8,21,-13
 元大員林,茂迪,0,12,-12
 元大員林,萬潤,2,13,-11
 元大員林,前鼎,1,12,-11
 元大員林,00715L期街口布蘭特正2,11,22,-11
 元大員林,中工,2,13,-11
 元大員林,富華新,0,10,-10
 元大員林,台虹,0,10,-10
 元大員林,華通,1,11,-10
 元大員林,凌巨,20,30,-10
 元大員林,藍天,0,10,-10
 元大員林,欣銓,18,27,-9
 元大員林,威健,0,9,-9
 元大員林,燿華,4,13,-9
 元大員林,迅得,1,9,-8
 元大員林,宏泰,0,8,-8
 元大員林,僑威,3,11,-8
 元大員林,尚立,0,8,-8
 元大員林,康舒,0,8,-8
 元大員林,合庫金,12,20,-8
 元大員林,系統電,0,8,-8
 元大員林,矽格,1,9,-8
 元大員林,新盛力,76,84,-8
 元大員林,台塑,65,73,-8
 元大員林,00929復華台灣科技優息,5,12,-7
 元大員林,興能高,155,163,-8
土銀玉里,永豐金,100,0,100
土銀玉里,元大高股息,55,0,55
土銀玉里,正達,37,3,34
土銀玉里,中鋼,32,0,32
土銀玉里,00895富邦未來車,30,0,30
土銀玉里,聯電,51,25,26
土銀玉里,緯創,39,16,23
土銀玉里,亞聚,10,0,10
土銀玉里,大成鋼,8,3,5
土銀玉里,兆豐金,5,0,5
土銀玉里,英業達,5,1,4
土銀玉里,擎亞,5,1,4
土銀玉里,群創,10,7,3
土銀玉里,00757統一FANG+,3,0,3
土銀玉里,中興電,4,1,3
土銀玉里,大同,6,3,3
土銀玉里,大銀微系統,3,0,3
土銀玉里,新復興,5,2,3
土銀玉里,華星光,16,13,3
土銀玉里,富爾特,3,0,3
土銀玉里,台玻,2,0,2
土銀玉里,恆大,4,2,2
土銀玉里,00937B群益ESG投等債20,2,0,2
土銀玉里,00924復華S＆P500成長,2,0,2
土銀玉里,00918大華優利高填息30,2,0,2
土銀玉里,00655L國泰中國A50正2,2,0,2
土銀玉里,華園,2,0,2
土銀玉里,元大金,2,0,2
土銀玉里,智原,2,0,2
土銀玉里,僑威,2,0,2
土銀玉里,眾達-KY,2,0,2
土銀玉里,晶達,2,0,2
土銀玉里,中光電,2,0,2
土銀玉里,宏全,2,0,2
土銀玉里,00713元大台灣高息低波,2,0,2
土銀玉里,緯穎,1,0,1
土銀玉里,中租-KY,1,0,1
土銀玉里,欣興,1,0,1
土銀玉里,上銀,1,0,1
土銀玉里,00679B元大美債20年,1,0,1
土銀玉里,00919群益台灣精選高息,1,0,1
土銀玉里,所羅門,1,0,1
土銀玉里,六福,1,0,1
土銀玉里,統一超,1,0,1
土銀玉里,星通,1,0,1
土銀玉里,景碩,1,0,1
土銀玉里,台星科,2,1,1
土銀玉里,嘉威,1,0,1
土銀玉里,達邁,2,1,1
土銀玉里,信立,1,0,1
土銀玉里,00642U期元大S＆P石油,0,58,-58
土銀玉里,神達,60,99,-39
土銀玉里,玉山金,0,30,-30
土銀玉里,百和興業-KY,0,20,-20
土銀玉里,00662富邦NASDAQ,0,13,-13
土銀玉里,金寶,0,10,-10
土銀玉里,三商壽,0,10,-10
土銀玉里,合勤控,0,10,-10
土銀玉里,松上,0,10,-10
土銀玉里,愛之味,0,9,-9
土銀玉里,欣技,0,8,-8
土銀玉里,星宇航空,0,7,-7
土銀玉里,凱基金,0,7,-7
土銀玉里,力積電,12,19,-7
土銀玉里,中環,0,6,-6
土銀玉里,信錦,0,6,-6
土銀玉里,連展投控,0,6,-6
土銀玉里,彩晶,1,7,-6
土銀玉里,元大台灣50,0,6,-6
土銀玉里,中石化,0,6,-6
土銀玉里,恩德,0,5,-5
土銀玉里,00712復華富時不動產,0,5,-5
土銀玉里,鴻海,5,10,-5
土銀玉里,聚亨,5,10,-5
土銀玉里,來頡,0,5,-5
土銀玉里,IKKA-KY,3,7,-4
土銀玉里,006208富邦台50,0,4,-4
土銀玉里,鉅祥,0,4,-4
土銀玉里,精金,0,4,-4
土銀玉里,華容,0,4,-4
土銀玉里,創惟,0,4,-4
土銀玉里,訊芯-KY,0,4,-4
土銀玉里,吉茂,0,3,-3
土銀玉里,00666R富邦�琤肭磪齯�1,0,3,-3
土銀玉里,華邦電,0,3,-3
土銀玉里,台亞,0,3,-3
土銀玉里,神基,1,4,-3
土銀玉里,東台,0,3,-3
土銀玉里,新盛力,19,22,-3
土銀玉里,新普,0,3,-3
土銀玉里,能率網通,0,3,-3
土銀玉里,台積電,3,6,-3
土銀玉里,日月光投控,5,8,-3
土銀玉里,永光,0,2,-2
土銀玉里,00909國泰數位支付服務,0,2,-2
土銀玉里,佳和,0,2,-2
土銀玉里,台塑,0,2,-2
土銀玉里,錸德,0,2,-2
土銀玉里,菱生,0,2,-2
土銀玉里,普安,0,2,-2
富邦屏東,聯電,50,0,50
富邦屏東,00637L元大滬深300正2,46,3,43
富邦屏東,00919群益台灣精選高息,28,2,26
富邦屏東,威盛,24,1,23
富邦屏東,金寶,22,2,20
富邦屏東,鉅橡,20,0,20
富邦屏東,百和興業-KY,20,0,20
富邦屏東,奇鋐,19,0,19
富邦屏東,百和,18,0,18
富邦屏東,海光,15,0,15
富邦屏東,燿華,13,1,12
富邦屏東,群創,12,0,12
富邦屏東,富邦金,16,4,12
富邦屏東,凱基金,11,0,11
富邦屏東,00686R群益臺灣加權反1,10,0,10
富邦屏東,00680L元大美債20正2,12,2,10
富邦屏東,00688L國泰20年美債正2,10,0,10
富邦屏東,00918大華優利高填息30,9,0,9
富邦屏東,新光金,31,22,9
富邦屏東,00937B群益ESG投等債20,8,0,8
富邦屏東,00858永豐美國500大,7,0,7
富邦屏東,00679B元大美債20年,7,0,7
富邦屏東,00915凱基優選高股息30,7,0,7
富邦屏東,00960野村全球航運龍頭,7,0,7
富邦屏東,00687B國泰20年美債,6,0,6
富邦屏東,00706L期元大S＆P日圓正2,5,0,5
富邦屏東,00916國泰全球品牌50,5,0,5
富邦屏東,合機,5,0,5
富邦屏東,燁興,5,0,5
富邦屏東,聯鈞,9,4,5
富邦屏東,海華,8,3,5
富邦屏東,健喬,5,0,5
富邦屏東,事欣科,5,0,5
富邦屏東,新漢,5,0,5
富邦屏東,全球傳動,5,0,5
富邦屏東,永豐金,4,0,4
富邦屏東,統一,4,0,4
富邦屏東,東元,4,0,4
富邦屏東,家登,6,2,4
富邦屏東,熒茂,4,0,4
富邦屏東,康全電訊,4,0,4
富邦屏東,英業達,3,0,3
富邦屏東,恆大,8,5,3
富邦屏東,陽明,6,3,3
富邦屏東,零壹,3,0,3
富邦屏東,加捷生醫,3,0,3
富邦屏東,笙科,3,0,3
富邦屏東,世界,3,0,3
富邦屏東,立敦,3,0,3
富邦屏東,富威電力,8,5,3
富邦屏東,元大高股息,14,83,-69
富邦屏東,00676R富邦臺灣加權反1,0,60,-60
富邦屏東,長榮航,0,44,-44
富邦屏東,00929復華台灣科技優息,0,36,-36
富邦屏東,友達,2,34,-32
富邦屏東,00685L群益臺灣加權正2,0,31,-31
富邦屏東,00965元大航太防衛科技,0,28,-28
富邦屏東,00830國泰費城半導體,0,27,-27
富邦屏東,00665L富邦�琤肭磪囓�2,0,25,-25
富邦屏東,00943兆豐電子高息等權,0,20,-20
富邦屏東,得力,0,20,-20
富邦屏東,友訊,2,19,-17
富邦屏東,日月光投控,0,17,-17
富邦屏東,00715L期街口布蘭特正2,0,15,-15
富邦屏東,00941中信上游半導體,0,15,-15
富邦屏東,新盛力,24,38,-14
富邦屏東,達邁,4,15,-11
富邦屏東,連展投控,8,18,-10
富邦屏東,國泰金,0,10,-10
富邦屏東,台新金,4,14,-10
富邦屏東,中信金,0,9,-9
富邦屏東,00940元大台灣價值高息,0,9,-9
富邦屏東,云辰,0,9,-9
富邦屏東,澤米,0,8,-8
富邦屏東,中纖,0,8,-8
富邦屏東,聯昌,0,7,-7
富邦屏東,立隆電,5,12,-7
富邦屏東,華航,0,7,-7
富邦屏東,中環,0,7,-7
富邦屏東,興能高,16,23,-7
富邦屏東,力積電,11,17,-6
富邦屏東,00678群益那斯達克生技,0,6,-6
富邦屏東,宏致,1,7,-6
富邦屏東,榮剛,0,6,-6
富邦屏東,眾達-KY,9,14,-5
富邦屏東,00652富邦印度,0,5,-5
富邦屏東,00912中信臺灣智慧50,0,5,-5
富邦屏東,00935野村臺灣新科技50,0,5,-5
富邦屏東,英濟,3,8,-5
富邦屏東,定穎投控,0,5,-5
富邦屏東,中磊,0,5,-5
富邦屏東,汎銓,0,5,-5
富邦屏東,00953B群益優選非投等債,0,5,-5
富邦屏東,欣銓,4,8,-4
富邦屏東,台聚,0,4,-4
富邦屏東,玉山金,1,5,-4
富邦屏東,00878國泰永續高股息,1,5,-4
富邦屏東,00922國泰台灣領袖50,0,4,-4
富邦屏東,00713元大台灣高息低波,1,5,-4
富邦屏東,00757統一FANG+,0,4,-4
華南新莊,00688L國泰20年美債正2,160,0,160
華南新莊,光鋐,95,0,95
華南新莊,彬台,61,10,51
華南新莊,聯電,62,12,50
華南新莊,00664R國泰臺灣加權反1,20,0,20
華南新莊,巨騰-DR,19,0,19
華南新莊,海華,16,0,16
華南新莊,00959B大華投等美債15Y+,15,0,15
華南新莊,緯創,30,15,15
華南新莊,英業達,14,1,13
華南新莊,連展投控,13,0,13
華南新莊,01009T王道圓滿R1,11,0,11
華南新莊,台塑,10,0,10
華南新莊,聯昌,10,0,10
華南新莊,00757統一FANG+,10,0,10
華南新莊,華邦電,11,1,10
華南新莊,商億-KY,10,0,10
華南新莊,世界,10,0,10
華南新莊,00878國泰永續高股息,10,2,8
華南新莊,永彰,8,0,8
華南新莊,矽格,8,0,8
華南新莊,大銀微系統,8,0,8
華南新莊,駿吉-KY,7,0,7
華南新莊,00632R元大台灣50反1,7,0,7
華南新莊,兆赫,7,0,7
華南新莊,雄獅,6,0,6
華南新莊,元大高股息,6,1,5
華南新莊,亞泰,5,0,5
華南新莊,易發,5,0,5
華南新莊,雲豹能源,5,0,5
華南新莊,宏達電,11,7,4
華南新莊,00915凱基優選高股息30,4,0,4
華南新莊,欣興,4,0,4
華南新莊,光寶科,4,0,4
華南新莊,00662富邦NASDAQ,4,0,4
華南新莊,興勤,4,0,4
華南新莊,玉晶光,4,0,4
華南新莊,00858永豐美國500大,3,0,3
華南新莊,泰金寶-DR,13,10,3
華南新莊,00637L元大滬深300正2,3,0,3
華南新莊,藍天,3,0,3
華南新莊,飛宏,3,0,3
華南新莊,聯合再生,5,2,3
華南新莊,桓達,3,0,3
華南新莊,立敦,63,60,3
華南新莊,00919群益台灣精選高息,3,1,2
華南新莊,佳格,2,0,2
華南新莊,天鉞電,2,0,2
華南新莊,大同,3,1,2
華南新莊,金寶,2,0,2
華南新莊,興能高,74,134,-60
華南新莊,00881國泰台灣5G+,0,44,-44
華南新莊,力積電,150,193,-43
華南新莊,006208富邦台50,1,33,-32
華南新莊,00940元大台灣價值高息,0,31,-31
華南新莊,輔信,0,28,-28
華南新莊,00971野村美國研發龍頭,0,23,-23
華南新莊,00712復華富時不動產,0,22,-22
華南新莊,00966B統一ESG投等債15,0,20,-20
華南新莊,彰銀,0,20,-20
華南新莊,00936台新永續高息中小,0,19,-19
華南新莊,912000晨訊科-DR,0,16,-16
華南新莊,佳和,0,15,-15
華南新莊,凱碩,0,13,-13
華南新莊,00932兆豐永續高息等權,0,12,-12
華南新莊,00929復華台灣科技優息,0,12,-12
華南新莊,康舒,4,15,-11
華南新莊,宏致,9,19,-10
華南新莊,友訊,0,10,-10
華南新莊,兆勁,0,10,-10
華南新莊,騰輝電子-KY,0,10,-10
華南新莊,和椿,12,21,-9
華南新莊,華新,1,10,-9
華南新莊,裕隆,2,10,-8
華南新莊,00953B群益優選非投等債,0,7,-7
華南新莊,00898國泰基因免疫革命,0,7,-7
華南新莊,新興,0,7,-7
華南新莊,永光,0,7,-7
華南新莊,神達,43,50,-7
華南新莊,廣宇,0,6,-6
華南新莊,亞翔,0,6,-6
華南新莊,00673R期元大S＆P原油反1,0,5,-5
華南新莊,00934中信成長高股息,0,5,-5
華南新莊,00954中信日本半導體,0,5,-5
華南新莊,圓剛,0,5,-5
華南新莊,浩鼎,1,6,-5
華南新莊,萬泰科,0,5,-5
華南新莊,佳必琪,0,5,-5
華南新莊,淳安,0,5,-5
華南新莊,華通,0,5,-5
華南新莊,00941中信上游半導體,0,4,-4
華南新莊,中砂,0,4,-4
華南新莊,中鋼,1,5,-4
華南新莊,友達,0,4,-4
華南新莊,欣銓,4,8,-4
華南新莊,日月光投控,2,6,-4
華南新莊,聯策,0,4,-4
華南新莊,富邦金,0,4,-4
華南新莊,台積電,3,7,-4
華南新莊,鴻海,0,4,-4
群益中港,中鴻,300,2,298
群益中港,00664R國泰臺灣加權反1,250,0,250
群益中港,永崴投控,209,4,205
群益中港,中華,120,0,120
群益中港,能率,120,3,117
群益中港,聯電,96,4,92
群益中港,00753L中信中國50正2,76,1,75
群益中港,00937B群益ESG投等債20,32,0,32
群益中港,IKKA-KY,17,1,16
群益中港,中鋼,14,0,14
群益中港,00715L期街口布蘭特正2,13,0,13
群益中港,安克,12,0,12
群益中港,環科,11,0,11
群益中港,前鼎,10,0,10
群益中港,合庫金,10,0,10
群益中港,凌巨,33,23,10
群益中港,00637L元大滬深300正2,408,401,7
群益中港,恆大,7,0,7
群益中港,00878國泰永續高股息,21,15,6
群益中港,00646元大S＆P500,6,0,6
群益中港,元大高股息,9,3,6
群益中港,興能高,51,45,6
群益中港,台揚,6,1,5
群益中港,00909國泰數位支付服務,5,0,5
群益中港,00852L國泰美國道瓊正2,5,0,5
群益中港,中石化,5,0,5
群益中港,緯創,19,14,5
群益中港,聯合再生,5,0,5
群益中港,00713元大台灣高息低波,5,1,4
群益中港,00882中信中國高股息,4,0,4
群益中港,台中銀,4,0,4
群益中港,波若威,14,10,4
群益中港,兆利,4,0,4
群益中港,連展投控,4,0,4
群益中港,環宇-KY,23,19,4
群益中港,宏齊,10,6,4
群益中港,今國光,5,1,4
群益中港,驊訊,7,3,4
群益中港,眾達-KY,8,4,4
群益中港,00881國泰台灣5G+,3,0,3
群益中港,00885富邦越南,3,0,3
群益中港,潤隆,3,0,3
群益中港,兆豐金,3,0,3
群益中港,星通,3,0,3
群益中港,華晶科,3,0,3
群益中港,達邁,5,2,3
群益中港,國光生,3,0,3
群益中港,力成,3,0,3
群益中港,邑錡,3,0,3
群益中港,00858永豐美國500大,2,0,2
群益中港,00980B台新特選IG債10+,3,256,-253
群益中港,台泥,0,100,-100
群益中港,00680L元大美債20正2,4,80,-76
群益中港,台產,0,60,-60
群益中港,00665L富邦�琤肭磪囓�2,0,50,-50
群益中港,00941中信上游半導體,0,44,-44
群益中港,南亞,10,51,-41
群益中港,00915凱基優選高股息30,0,28,-28
群益中港,力積電,0,27,-27
群益中港,台塑,2,27,-25
群益中港,富野,0,23,-23
群益中港,長榮航,11,31,-20
群益中港,承業醫,0,19,-19
群益中港,神基,0,18,-18
群益中港,00752中信中國50,7,25,-18
群益中港,光寶科,0,18,-18
群益中港,南亞科,0,15,-15
群益中港,富喬,11,25,-14
群益中港,凱基金,0,14,-14
群益中港,00929復華台灣科技優息,8,22,-14
群益中港,00893國泰智能電動車,0,10,-10
群益中港,00751B元大AAA至A公司債,0,10,-10
群益中港,006208富邦台50,0,10,-10
群益中港,00947台新臺灣IC設計,0,10,-10
群益中港,jpp-KY,0,10,-10
群益中港,新潤,0,10,-10
群益中港,宏達電,58,67,-9
群益中港,神達,56,65,-9
群益中港,國票金,0,8,-8
群益中港,啟��,8,16,-8
群益中港,順達,3,10,-7
群益中港,00692富邦公司治理,0,6,-6
群益中港,山隆,0,6,-6
群益中港,樺漢,0,6,-6
群益中港,朋億*,2,8,-6
群益中港,00701國泰股利精選30,0,5,-5
群益中港,00949復華日本龍頭,0,5,-5
群益中港,中碳,0,5,-5
群益中港,富邦金,0,5,-5
群益中港,元創精密,0,5,-5
群益中港,日月光投控,0,5,-5
群益中港,華星光,16,21,-5
群益中港,台塑化,10,15,-5
群益中港,和潤企業,1,6,-5
群益中港,00830國泰費城半導體,2,7,-5
群益中港,彬台,3,7,-4
群益中港,光洋科,0,4,-4
群益中港,中信金,4,8,-4
群益中港,富采,0,4,-4
群益中港,友輝,0,4,-4
 元富安南,力積電,459,91,368
 元富安南,杭特,200,0,200
 元富安南,聯電,290,99,191
 元富安南,00673R期元大S＆P原油反1,151,0,151
 元富安南,緯創,139,22,117
 元富安南,00940元大台灣價值高息,102,2,100
 元富安南,華星光,117,19,98
 元富安南,宏達電,396,311,85
 元富安南,創惟,75,3,72
 元富安南,昇達科,73,3,70
 元富安南,陽明,85,17,68
 元富安南,00924復華S＆P500成長,62,0,62
 元富安南,波若威,65,17,48
 元富安南,長榮航,52,5,47
 元富安南,立敦,89,46,43
 元富安南,元大高股息,43,10,33
 元富安南,大成鋼,32,2,30
 元富安南,建通,31,1,30
 元富安南,華城,30,2,28
 元富安南,東陽,26,0,26
 元富安南,緯軟,22,0,22
 元富安南,眾達-KY,24,3,21
 元富安南,永道-KY,20,1,19
 元富安南,00878國泰永續高股息,23,5,18
 元富安南,00937B群益ESG投等債20,19,2,17
 元富安南,金寶,22,6,16
 元富安南,大同,21,6,15
 元富安南,泰金寶-DR,61,46,15
 元富安南,00633L富邦上証正2,14,0,14
 元富安南,亞光,19,9,10
 元富安南,中石化,10,0,10
 元富安南,遠東新,10,0,10
 元富安南,華新,12,2,10
 元富安南,精金,10,0,10
 元富安南,世紀,10,0,10
 元富安南,松上,10,0,10
 元富安南,中聯資源,10,0,10
 元富安南,新應材,10,1,9
 元富安南,歐買尬,9,0,9
 元富安南,00919群益台灣精選高息,32,24,8
 元富安南,宏��,7,0,7
 元富安南,建漢,7,0,7
 元富安南,連展投控,9,2,7
 元富安南,廣達,9,3,6
 元富安南,友訊,10,4,6
 元富安南,億光,6,0,6
 元富安南,菱光,6,0,6
 元富安南,00858永豐美國500大,6,0,6
 元富安南,凱美,7,2,5
 元富安南,00635U期元大S＆P黃金,5,0,5
 元富安南,00939統一台灣高息動能,0,266,-266
 元富安南,00980B台新特選IG債10+,0,217,-217
 元富安南,興富發,0,200,-200
 元富安南,上銀,0,105,-105
 元富安南,友達,3,54,-51
 元富安南,聯鈞,46,96,-50
 元富安南,宏齊,13,62,-49
 元富安南,新光金,10,52,-42
 元富安南,為升,87,119,-32
 元富安南,興能高,18,47,-29
 元富安南,富邦金,0,28,-28
 元富安南,00692富邦公司治理,0,26,-26
 元富安南,凱基金,10,35,-25
 元富安南,彬台,0,21,-21
 元富安南,神達,70,90,-20
 元富安南,仁寶,0,20,-20
 元富安南,新興,5,25,-20
 元富安南,台灣虎航,1,20,-19
 元富安南,00929復華台灣科技優息,0,18,-18
 元富安南,立��,0,18,-18
 元富安南,00712復華富時不動產,3,19,-16
 元富安南,日勝生,0,16,-16
 元富安南,00887永豐中國科技50大,0,15,-15
 元富安南,漢翔,0,15,-15
 元富安南,00946群益科技高息成長,0,14,-14
 元富安南,00680L元大美債20正2,0,13,-13
 元富安南,南亞科,1,13,-12
 元富安南,普安,0,12,-12
 元富安南,欣銓,1,13,-12
 元富安南,千興,0,12,-12
 元富安南,群創,1,12,-11
 元富安南,00923群益台ESG低碳50,1,11,-10
 元富安南,藥華藥,1,11,-10
 元富安南,日月光投控,0,9,-9
 元富安南,光寶科,0,8,-8
 元富安南,輔信,10,18,-8
 元富安南,富喬,20,27,-7
 元富安南,良維,0,7,-7
 元富安南,中華,0,7,-7
 元富安南,中興電,0,7,-7
 元富安南,宏致,7,13,-6
 元富安南,00685L群益臺灣加權正2,0,6,-6
 元富安南,南港,0,6,-6
 元富安南,健椿,0,6,-6
 元富安南,006208富邦台50,2,8,-6
 元富安南,鴻海,39,45,-6
 元富安南,奇鋐,2,7,-5
 元富安南,台積電,21,26,-5
 元富安南,台化,2,7,-5
 元富安南,南紡,0,5,-5
群益大安,宏達電,661,305,356
群益大安,金寶,300,0,300
群益大安,環宇-KY,381,134,247
群益大安,英業達,226,26,200
群益大安,欣銓,206,30,176
群益大安,聯鈞,210,126,84
群益大安,00937B群益ESG投等債20,75,0,75
群益大安,加百裕,84,24,60
群益大安,擎亞,95,43,52
群益大安,創惟,82,36,46
群益大安,明泰,45,0,45
群益大安,jpp-KY,43,1,42
群益大安,興能高,91,51,40
群益大安,采鈺,40,0,40
群益大安,新日興,37,0,37
群益大安,力積電,32,2,30
群益大安,波若威,165,136,29
群益大安,健策,26,1,25
群益大安,友訊,260,235,25
群益大安,展達,25,0,25
群益大安,中磊,25,0,25
群益大安,日電貿,39,16,23
群益大安,廣宇,131,111,20
群益大安,眾達-KY,28,8,20
群益大安,瀚宇博,101,81,20
群益大安,聯電,17,0,17
群益大安,永道-KY,17,2,15
群益大安,台星科,50,36,14
群益大安,00919群益台灣精選高息,11,0,11
群益大安,元大高股息,10,0,10
群益大安,永崴投控,38,28,10
群益大安,帝寶,10,0,10
群益大安,台虹,10,0,10
群益大安,神準,10,3,7
群益大安,訊達,15,8,7
群益大安,正文,5,0,5
群益大安,高技,5,0,5
群益大安,浪凡,5,0,5
群益大安,尖點,5,0,5
群益大安,欣興,6,2,4
群益大安,晟田,4,0,4
群益大安,聯光通,39,35,4
群益大安,伊雲谷,18,14,4
群益大安,向榮生技-創,4,0,4
群益大安,南寶,5,1,4
群益大安,致茂,3,0,3
群益大安,晶華,3,0,3
群益大安,雲品,3,0,3
群益大安,臺企銀,5,2,3
群益大安,聯德控股-KY,3,0,3
群益大安,精成科,111,310,-199
群益大安,燿華,0,155,-155
群益大安,00941中信上游半導體,0,100,-100
群益大安,旺矽,2,99,-97
群益大安,偉訓,1,91,-90
群益大安,00953B群益優選非投等債,0,80,-80
群益大安,昇陽半導體,3,81,-78
群益大安,00929復華台灣科技優息,0,75,-75
群益大安,台揚,0,65,-65
群益大安,鏵友益,0,50,-50
群益大安,00980B台新特選IG債10+,0,41,-41
群益大安,立��,6,46,-40
群益大安,事欣科,2,38,-36
群益大安,00935野村臺灣新科技50,0,35,-35
群益大安,雷虎,10,44,-34
群益大安,岱宇,1,34,-33
群益大安,微星,0,31,-31
群益大安,華通,0,30,-30
群益大安,凱美,65,95,-30
群益大安,國光生,15,45,-30
群益大安,驊訊,6,36,-30
群益大安,亞翔,9,31,-22
群益大安,大同,2,23,-21
群益大安,智邦,0,20,-20
群益大安,艾笛森,0,20,-20
群益大安,麗豐-KY,0,20,-20
群益大安,和椿,2,22,-20
群益大安,華星光,102,121,-19
群益大安,全新,20,38,-18
群益大安,啟��,15,33,-18
群益大安,富邦金,0,18,-18
群益大安,長榮航,0,16,-16
群益大安,貿聯-KY,0,16,-16
群益大安,恆大,0,14,-14
群益大安,美時,4,18,-14
群益大安,連展投控,0,14,-14
群益大安,振樺電,0,14,-14
群益大安,技嘉,1,14,-13
群益大安,迅得,5,17,-12
群益大安,駿吉-KY,0,11,-11
群益大安,台泥,0,10,-10
群益大安,富喬,11,21,-10
群益大安,陽明,1,11,-10
群益大安,振曜,0,10,-10
群益大安,愛普*,0,10,-10
群益大安,聯亞,0,10,-10
群益大安,長榮,0,8,-8
群益大安,佳能,1,7,-6
群益大安,神達,92,98,-6
群益大安,昇達科,0,6,-6
兆豐來福,00673R期元大S＆P原油反1,125,25,100
兆豐來福,聯電,94,8,86
兆豐來福,華新,54,7,47
兆豐來福,華通,43,0,43
兆豐來福,兆豐金,39,0,39
兆豐來福,00937B群益ESG投等債20,38,0,38
兆豐來福,中信金,112,76,36
兆豐來福,星雲,31,0,31
兆豐來福,00858永豐美國500大,30,0,30
兆豐來福,長華*,26,0,26
兆豐來福,00878國泰永續高股息,27,1,26
兆豐來福,濱川,45,21,24
兆豐來福,緯創,38,16,22
兆豐來福,宏齊,22,0,22
兆豐來福,00950B凱基A級公司債,20,0,20
兆豐來福,遠東銀,20,0,20
兆豐來福,台塑,35,16,19
兆豐來福,事欣科,20,1,19
兆豐來福,台新金,18,0,18
兆豐來福,立敦,33,17,16
兆豐來福,台中銀,15,0,15
兆豐來福,00725B國泰投資級公司債,15,0,15
兆豐來福,慧洋-KY,14,0,14
兆豐來福,00918大華優利高填息30,15,1,14
兆豐來福,京元電子,13,0,13
兆豐來福,加百裕,28,15,13
兆豐來福,大井泵浦,13,0,13
兆豐來福,00690兆豐藍籌30,12,0,12
兆豐來福,00882中信中國高股息,12,0,12
兆豐來福,訊舟,13,1,12
兆豐來福,力成,12,0,12
兆豐來福,00715L期街口布蘭特正2,11,0,11
兆豐來福,映興,12,1,11
兆豐來福,大成鋼,13,3,10
兆豐來福,南亞科,16,6,10
兆豐來福,圓展,10,0,10
兆豐來福,慶騰,10,0,10
兆豐來福,欣興,11,2,9
兆豐來福,桓達,8,0,8
兆豐來福,台玻,19,11,8
兆豐來福,東台,8,0,8
兆豐來福,乙盛-KY,8,0,8
兆豐來福,00655L國泰中國A50正2,7,0,7
兆豐來福,玉山金,7,0,7
兆豐來福,東洋,7,0,7
兆豐來福,鄉林,8,1,7
兆豐來福,攸泰科技,7,0,7
兆豐來福,澤米,7,1,6
兆豐來福,00650L復華香港正2,5,0,5
兆豐來福,00933B國泰10Y+金融債,5,0,5
兆豐來福,00965元大航太防衛科技,0,200,-200
兆豐來福,00980B台新特選IG債10+,1,159,-158
兆豐來福,00712復華富時不動產,3,101,-98
兆豐來福,神達,112,180,-68
兆豐來福,00951台新日本半導體,0,60,-60
兆豐來福,友達,36,96,-60
兆豐來福,力積電,31,84,-53
兆豐來福,元大高股息,5,54,-49
兆豐來福,三晃,0,40,-40
兆豐來福,台積電,5,45,-40
兆豐來福,志聯,0,33,-33
兆豐來福,宏達電,93,125,-32
兆豐來福,00917中信特選金融,0,31,-31
兆豐來福,華邦電,5,36,-31
兆豐來福,鴻海,6,36,-30
兆豐來福,官田鋼,2,30,-28
兆豐來福,達邁,27,54,-27
兆豐來福,凱基金,20,46,-26
兆豐來福,豐泰,0,25,-25
兆豐來福,00905FT臺灣Smart,0,23,-23
兆豐來福,和椿,95,118,-23
兆豐來福,仁寶,0,23,-23
兆豐來福,光環,1,23,-22
兆豐來福,榮剛,0,21,-21
兆豐來福,00929復華台灣科技優息,1,21,-20
兆豐來福,德昌,0,20,-20
兆豐來福,中鴻,0,19,-19
兆豐來福,鼎翰,0,18,-18
兆豐來福,綠電,0,17,-17
兆豐來福,正隆,0,16,-16
兆豐來福,宏致,4,20,-16
兆豐來福,大同,7,23,-16
兆豐來福,環宇-KY,17,32,-15
兆豐來福,迅得,1,16,-15
兆豐來福,興能高,30,45,-15
兆豐來福,鈺齊-KY,1,14,-13
兆豐來福,大將,0,13,-13
兆豐來福,華晶科,0,13,-13
兆豐來福,精成科,8,21,-13
兆豐來福,帆宣,0,13,-13
兆豐來福,欣銓,16,29,-13
兆豐來福,00922國泰台灣領袖50,0,12,-12
兆豐來福,聯鈞,29,41,-12
兆豐來福,長榮航,2,14,-12
兆豐來福,00679B元大美債20年,0,12,-12
兆豐來福,00930永豐ESG低碳高息,0,12,-12
兆豐來福,中興電,3,14,-11
兆豐來福,生展,0,11,-11
兆豐來福,元大台灣50,1,12,-11
兆豐來福,順達,4,15,-11
 元大鑫永,00665L富邦�琤肭磪囓�2,110,0,110
 元大鑫永,00680L元大美債20正2,103,4,99
 元大鑫永,00937B群益ESG投等債20,96,0,96
 元大鑫永,萬潤,72,1,71
 元大鑫永,南亞科,50,0,50
 元大鑫永,元大高股息,47,17,30
 元大鑫永,00738U期元大道瓊白銀,30,0,30
 元大鑫永,00919群益台灣精選高息,23,1,22
 元大鑫永,00632R元大台灣50反1,30,9,21
 元大鑫永,00927群益半導體收益,20,0,20
 元大鑫永,寶得利,20,0,20
 元大鑫永,岱宇,16,0,16
 元大鑫永,聯電,24,8,16
 元大鑫永,00915凱基優選高股息30,15,0,15
 元大鑫永,擎亞,14,1,13
 元大鑫永,華孚,13,0,13
 元大鑫永,新華,12,0,12
 元大鑫永,華宏,12,0,12
 元大鑫永,群光,10,0,10
 元大鑫永,00900富邦特選高股息30,10,0,10
 元大鑫永,00971野村美國研發龍頭,10,0,10
 元大鑫永,和大,10,0,10
 元大鑫永,永捷,10,0,10
 元大鑫永,視陽,10,0,10
 元大鑫永,遠東銀,9,0,9
 元大鑫永,力成,9,0,9
 元大鑫永,廣達,13,5,8
 元大鑫永,建漢,8,0,8
 元大鑫永,三一東林,8,0,8
 元大鑫永,悅城,7,0,7
 元大鑫永,康霈*,7,0,7
 元大鑫永,00858永豐美國500大,6,0,6
 元大鑫永,中鴻,10,4,6
 元大鑫永,中鼎,6,0,6
 元大鑫永,00878國泰永續高股息,14,9,5
 元大鑫永,00688L國泰20年美債正2,5,0,5
 元大鑫永,大成鋼,15,10,5
 元大鑫永,美律,5,0,5
 元大鑫永,新建,5,0,5
 元大鑫永,達欣工,5,0,5
 元大鑫永,華容,5,0,5
 元大鑫永,久昌,5,0,5
 元大鑫永,元大金,8,3,5
 元大鑫永,00882中信中國高股息,11,7,4
 元大鑫永,緯創,12,8,4
 元大鑫永,00881國泰台灣5G+,5,1,4
 元大鑫永,00903富邦元宇宙,5,1,4
 元大鑫永,IKKA-KY,4,0,4
 元大鑫永,中環,4,0,4
 元大鑫永,新興,4,0,4
 元大鑫永,00637L元大滬深300正2,87,215,-128
 元大鑫永,柏騰,0,85,-85
 元大鑫永,00940元大台灣價值高息,0,69,-69
 元大鑫永,00965元大航太防衛科技,0,66,-66
 元大鑫永,力積電,43,105,-62
 元大鑫永,00725B國泰投資級公司債,0,49,-49
 元大鑫永,神達,67,108,-41
 元大鑫永,三商壽,0,36,-36
 元大鑫永,中信金,1,35,-34
 元大鑫永,泰金寶-DR,10,40,-30
 元大鑫永,00929復華台灣科技優息,1,25,-24
 元大鑫永,富采,2,22,-20
 元大鑫永,友華,0,20,-20
 元大鑫永,創惟,2,20,-18
 元大鑫永,元大寶滬深,0,16,-16
 元大鑫永,宏致,0,15,-15
 元大鑫永,凱碩,0,15,-15
 元大鑫永,連展投控,0,13,-13
 元大鑫永,00905FT臺灣Smart,0,11,-11
 元大鑫永,順達,7,18,-11
 元大鑫永,新日興,3,14,-11
 元大鑫永,亞泥,0,10,-10
 元大鑫永,建國,1,11,-10
 元大鑫永,匯鑽科,0,10,-10
 元大鑫永,華星光,46,56,-10
 元大鑫永,圓剛,0,9,-9
 元大鑫永,名軒,1,10,-9
 元大鑫永,欣銓,0,9,-9
 元大鑫永,台積電,2,10,-8
 元大鑫永,鴻準,1,9,-8
 元大鑫永,00675L富邦臺灣加權正2,0,9,-9
 元大鑫永,台達電,0,8,-8
 元大鑫永,興能高,47,54,-7
 元大鑫永,00934中信成長高股息,0,7,-7
 元大鑫永,友訊,4,11,-7
 元大鑫永,鑽石投資,0,7,-7
 元大鑫永,00752中信中國50,0,7,-7
 元大鑫永,瑞鼎,0,6,-6
 元大鑫永,台揚,0,6,-6
 元大鑫永,環宇-KY,9,15,-6
 元大鑫永,合庫金,1,7,-6
 元大鑫永,00633L富邦上証正2,0,5,-5
 元大鑫永,00909國泰數位支付服務,0,5,-5
 元大鑫永,榮星,0,5,-5
 元大鑫永,零壹,0,5,-5
 元大鑫永,旭軟,0,5,-5
 元大鑫永,邁達特,1,6,-5
 元大鑫永,台汽電,0,5,-5
 元大鑫永,邦泰,0,5,-5
 元大鑫永,00910第一金太空衛星,0,4,-4
永豐南投,00637L元大滬深300正2,175,16,159
永豐南投,聯電,93,35,58
永豐南投,元大台灣50,53,4,49
永豐南投,聯光通,51,11,40
永豐南投,00918大華優利高填息30,36,0,36
永豐南投,富邦金,30,6,24
永豐南投,日月光投控,29,9,20
永豐南投,創惟,22,3,19
永豐南投,鴻海,43,26,17
永豐南投,鈺創,17,0,17
永豐南投,元大高股息,16,0,16
永豐南投,新興,14,1,13
永豐南投,信錦,12,0,12
永豐南投,00878國泰永續高股息,12,1,11
永豐南投,燁興,12,1,11
永豐南投,華容,11,1,10
永豐南投,00919群益台灣精選高息,17,8,9
永豐南投,蒙恬,9,0,9
永豐南投,00858永豐美國500大,8,0,8
永豐南投,00664R國泰臺灣加權反1,8,0,8
永豐南投,00688L國泰20年美債正2,8,0,8
永豐南投,加捷生醫,8,0,8
永豐南投,金寶,17,10,7
永豐南投,英業達,12,5,7
永豐南投,京元電子,14,7,7
永豐南投,奇偶,6,0,6
永豐南投,兆豐金,6,0,6
永豐南投,仁寶,6,0,6
永豐南投,中櫃,6,0,6
永豐南投,元晶,6,0,6
永豐南投,麗升能源,6,0,6
永豐南投,南茂,9,3,6
永豐南投,泰金寶-DR,14,8,6
永豐南投,玉晶光,5,0,5
永豐南投,大成鋼,5,0,5
永豐南投,麗正,5,0,5
永豐南投,達興材料,5,0,5
永豐南投,中光電,5,0,5
永豐南投,宏齊,5,0,5
永豐南投,蜜望實,5,0,5
永豐南投,百和興業-KY,5,0,5
永豐南投,上銀,8,3,5
永豐南投,00713元大台灣高息低波,5,1,4
永豐南投,欣興,4,0,4
永豐南投,眾達-KY,25,21,4
永豐南投,新纖,4,0,4
永豐南投,菱生,5,1,4
永豐南投,兆赫,4,0,4
永豐南投,歐買尬,4,0,4
永豐南投,永信建,4,0,4
永豐南投,00642U期元大S＆P石油,0,200,-200
永豐南投,00650L復華香港正2,0,98,-98
永豐南投,華航,0,70,-70
永豐南投,台化,4,70,-66
永豐南投,00687B國泰20年美債,5,60,-55
永豐南投,00929復華台灣科技優息,0,54,-54
永豐南投,00764B群益25年美債,0,49,-49
永豐南投,00965元大航太防衛科技,1,42,-41
永豐南投,華新,6,44,-38
永豐南投,00937B群益ESG投等債20,30,65,-35
永豐南投,南亞科,8,38,-30
永豐南投,00941中信上游半導體,0,29,-29
永豐南投,00724B群益投資級金融債,0,26,-26
永豐南投,00722B群益投資級電信債,0,26,-26
永豐南投,巧新,0,22,-22
永豐南投,環宇-KY,28,49,-21
永豐南投,台聚,0,20,-20
永豐南投,群創,14,33,-19
永豐南投,00715L期街口布蘭特正2,4,23,-19
永豐南投,00881國泰台灣5G+,0,17,-17
永豐南投,00936台新永續高息中小,0,17,-17
永豐南投,友達,2,18,-16
永豐南投,興能高,68,84,-16
永豐南投,00954中信日本半導體,30,45,-15
永豐南投,精確,0,15,-15
永豐南投,矽格,0,13,-13
永豐南投,創見,0,12,-12
永豐南投,合勤控,0,11,-11
永豐南投,雷笛克光學,0,11,-11
永豐南投,山林水,0,10,-10
永豐南投,力積電,16,26,-10
永豐南投,欣銓,6,16,-10
永豐南投,中石化,2,12,-10
永豐南投,00740B富邦全球投等債,0,10,-10
永豐南投,00922國泰台灣領袖50,0,10,-10
永豐南投,00970B新光BBB投等債20,0,10,-10
永豐南投,精湛,1,11,-10
永豐南投,南港,0,10,-10
永豐南投,力特,0,10,-10
永豐南投,松瑞藥,0,10,-10
永豐南投,頎邦,0,10,-10
永豐南投,建暐,0,10,-10
永豐南投,00632R元大台灣50反1,5,14,-9
永豐南投,00948B中信優息投資級債,0,9,-9
永豐南投,華邦電,11,20,-9
永豐南投,文曄,1,10,-9
永豐南投,皇昌,7,15,-8
永豐南投,寶成,0,8,-8
永豐南投,006208富邦台50,2,9,-7
永豐南投,宏達電,17,24,-7
德信新營,00753L中信中國50正2,197,2,195
德信新營,00900富邦特選高股息30,32,10,22
德信新營,聯電,42,22,20
德信新營,00919群益台灣精選高息,25,5,20
德信新營,宏��,13,0,13
德信新營,三晃,10,0,10
德信新營,中鋼,12,3,9
德信新營,建準,6,0,6
德信新營,上銀,6,0,6
德信新營,中華化,5,0,5
德信新營,00712復華富時不動產,5,0,5
德信新營,達邁,6,1,5
德信新營,朋億*,5,0,5
德信新營,元大高股息,5,0,5
德信新營,中環,4,0,4
德信新營,鼎固-KY,4,0,4
德信新營,富喬,3,0,3
德信新營,正道,3,0,3
德信新營,華邦電,4,1,3
德信新營,微星,3,0,3
德信新營,強茂,3,0,3
德信新營,漢平,3,0,3
德信新營,揚明光,3,0,3
德信新營,聯合再生,3,0,3
德信新營,和椿,3,0,3
德信新營,金寶,2,0,2
德信新營,00894中信小資高價30,2,0,2
德信新營,00912中信臺灣智慧50,2,0,2
德信新營,00878國泰永續高股息,2,0,2
德信新營,00632R元大台灣50反1,2,0,2
德信新營,德律,2,0,2
德信新營,佰鴻,2,0,2
德信新營,大聯大,2,0,2
德信新營,新盛力,5,3,2
德信新營,世紀,2,0,2
德信新營,慧友,2,0,2
德信新營,廣運,2,0,2
德信新營,台康生技,2,0,2
德信新營,洋基工程,2,0,2
德信新營,AES-KY,2,0,2
德信新營,長佳智能,2,0,2
德信新營,精星,2,0,2
德信新營,康那香,2,0,2
德信新營,中鼎,2,0,2
德信新營,鈊象,2,0,2
德信新營,廣達,2,0,2
德信新營,欣興,1,0,1
德信新營,東陽,1,0,1
德信新營,時碩工業,1,0,1
德信新營,台特化,1,0,1
德信新營,00664R國泰臺灣加權反1,0,412,-412
德信新營,力積電,0,83,-83
德信新營,宏致,2,40,-38
德信新營,新光金,31,60,-29
德信新營,凱基金,0,16,-16
德信新營,長榮航,0,15,-15
德信新營,群創,0,14,-14
德信新營,中信金,1,15,-14
德信新營,友達,0,12,-12
德信新營,彰銀,0,10,-10
德信新營,00693U期街口S＆P黃豆,0,10,-10
德信新營,元大台灣50,0,10,-10
德信新營,福懋,0,10,-10
德信新營,宏達電,42,52,-10
德信新營,堤維西,0,9,-9
德信新營,新產,0,9,-9
德信新營,欣銓,0,8,-8
德信新營,華南金,0,6,-6
德信新營,長榮,2,7,-5
德信新營,華航,0,5,-5
德信新營,亞翔,0,5,-5
德信新營,品安,0,5,-5
德信新營,台化,0,4,-4
德信新營,漢翔,0,4,-4
德信新營,泰金寶-DR,14,18,-4
德信新營,緯創,6,10,-4
德信新營,中興電,0,3,-3
德信新營,濱川,0,3,-3
德信新營,廣宇,0,3,-3
德信新營,波若威,4,7,-3
德信新營,台星科,2,5,-3
德信新營,海華,1,4,-3
德信新營,華星光,8,11,-3
德信新營,系統電,0,3,-3
德信新營,瑞儀,0,3,-3
德信新營,橘子,0,3,-3
德信新營,大億金茂,0,3,-3
德信新營,鈺齊-KY,0,3,-3
德信新營,鴻海,0,2,-2
德信新營,台積電,0,2,-2
德信新營,台聚,1,3,-2
德信新營,00673R期元大S＆P原油反1,0,2,-2
德信新營,合世,0,2,-2
德信新營,恆大,0,2,-2
德信新營,貿聯-KY,0,2,-2
德信新營,日月光投控,0,2,-2
德信新營,聯光通,1,3,-2
德信新營,雷科,0,2,-2
德信新營,興能高,14,16,-2
德信新營,元太,0,2,-2
土銀和平,00664R國泰臺灣加權反1,140,0,140
土銀和平,00632R元大台灣50反1,113,0,113
土銀和平,福懋油,100,0,100
土銀和平,00637L元大滬深300正2,126,76,50
土銀和平,00650L復華香港正2,90,50,40
土銀和平,006208富邦台50,35,1,34
土銀和平,視陽,32,0,32
土銀和平,新興,25,0,25
土銀和平,聯電,23,4,19
土銀和平,00970B新光BBB投等債20,10,0,10
土銀和平,力智,10,0,10
土銀和平,00878國泰永續高股息,9,0,9
土銀和平,邑錡,8,0,8
土銀和平,山林水,8,0,8
土銀和平,華邦電,6,0,6
土銀和平,漢翔,6,0,6
土銀和平,華城,5,0,5
土銀和平,00673R期元大S＆P原油反1,5,0,5
土銀和平,中鴻,5,0,5
土銀和平,達欣工,5,0,5
土銀和平,新光金,6,1,5
土銀和平,建漢,5,0,5
土銀和平,中光電,5,0,5
土銀和平,宏��,4,0,4
土銀和平,欣興,4,0,4
土銀和平,00641R富邦日本反1,3,0,3
土銀和平,大成鋼,3,0,3
土銀和平,宏璟,3,0,3
土銀和平,訊芯-KY,3,0,3
土銀和平,00706L期元大S＆P日圓正2,2,0,2
土銀和平,00919群益台灣精選高息,2,0,2
土銀和平,00918大華優利高填息30,2,0,2
土銀和平,燁興,2,0,2
土銀和平,台揚,2,0,2
土銀和平,漢唐,2,0,2
土銀和平,大車隊,2,0,2
土銀和平,精材,2,0,2
土銀和平,信立,2,0,2
土銀和平,立積,2,0,2
土銀和平,尚凡*,2,0,2
土銀和平,環球晶,4,2,2
土銀和平,南電,2,0,2
土銀和平,勤誠,1,0,1
土銀和平,技嘉,1,0,1
土銀和平,上銀,1,0,1
土銀和平,00915凱基優選高股息30,1,0,1
土銀和平,00722B群益投資級電信債,1,0,1
土銀和平,00713元大台灣高息低波,1,0,1
土銀和平,福壽,1,0,1
土銀和平,00960野村全球航運龍頭,1,0,1
土銀和平,00887永豐中國科技50大,0,120,-120
土銀和平,彰銀,0,100,-100
土銀和平,康和證,0,40,-40
土銀和平,00937B群益ESG投等債20,0,27,-27
土銀和平,華航,0,21,-21
土銀和平,凱基金,0,21,-21
土銀和平,00941中信上游半導體,0,20,-20
土銀和平,臺企銀,0,20,-20
土銀和平,華夏,3,15,-12
土銀和平,基泰,0,12,-12
土銀和平,00940元大台灣價值高息,0,10,-10
土銀和平,亞航,0,10,-10
土銀和平,欣銓,0,10,-10
土銀和平,大詠城,0,10,-10
土銀和平,福邦證,0,10,-10
土銀和平,運錩,0,9,-9
土銀和平,00671R富邦NASDAQ反1,3,10,-7
土銀和平,神達,3,10,-7
土銀和平,台積電,0,6,-6
土銀和平,凌群,0,6,-6
土銀和平,東森,0,6,-6
土銀和平,中美晶,4,10,-6
土銀和平,佳和,0,5,-5
土銀和平,名軒,2,7,-5
土銀和平,00725B國泰投資級公司債,0,5,-5
土銀和平,00648R元大S＆P500反1,0,5,-5
土銀和平,燿華,0,5,-5
土銀和平,英濟,0,5,-5
土銀和平,富喬,0,4,-4
土銀和平,國巨,0,4,-4
土銀和平,昆盈,0,4,-4
土銀和平,訊舟,0,4,-4
土銀和平,新日興,0,4,-4
土銀和平,台灣虎航,0,4,-4
土銀和平,雷虎,0,4,-4
土銀和平,瀚荃,0,4,-4
土銀和平,美德醫療-DR,0,4,-4
土銀和平,00679B元大美債20年,0,3,-3
土銀和平,00662富邦NASDAQ,0,3,-3
土銀和平,宏致,0,3,-3
土銀和平,致和證,0,3,-3
土銀和平,00646元大S＆P500,0,2,-2
土銀和平,元大高股息,2,4,-2
土銀和平,三晃,0,2,-2
土銀和平,台達電,0,2,-2
土銀和平,大同,0,2,-2
土銀和平,凌陽,0,2,-2
土銀和平,一詮,0,2,-2
土銀和平,永豐金,0,2,-2
土銀和平,協禧,0,2,-2
群益東湖,00753L中信中國50正2,503,0,503
群益東湖,00971野村美國研發龍頭,300,1,299
群益東湖,聯電,114,29,85
群益東湖,欣銓,62,15,47
群益東湖,元大高股息,44,6,38
群益東湖,緯創,33,2,31
群益東湖,00893國泰智能電動車,25,0,25
群益東湖,00725B國泰投資級公司債,25,0,25
群益東湖,浩鼎,25,0,25
群益東湖,00679B元大美債20年,23,0,23
群益東湖,00919群益台灣精選高息,27,5,22
群益東湖,眾達-KY,76,56,20
群益東湖,富威電力,21,1,20
群益東湖,富喬,23,5,18
群益東湖,宏��,17,0,17
群益東湖,00757統一FANG+,16,2,14
群益東湖,晶彩科,12,0,12
群益東湖,永豐金,11,0,11
群益東湖,新日興,19,8,11
群益東湖,聯鈞,25,15,10
群益東湖,00670L富邦NASDAQ正2,10,0,10
群益東湖,新纖,10,0,10
群益東湖,群益證,10,0,10
群益東湖,統振,10,0,10
群益東湖,寶成,10,0,10
群益東湖,台新金,10,0,10
群益東湖,亞泰,9,1,8
群益東湖,00633L富邦上証正2,28,20,8
群益東湖,高鋒,11,3,8
群益東湖,立��,14,6,8
群益東湖,00878國泰永續高股息,12,4,8
群益東湖,欣興,14,7,7
群益東湖,杰力,7,0,7
群益東湖,立敦,9,2,7
群益東湖,00946群益科技高息成長,10,3,7
群益東湖,台灣大,6,0,6
群益東湖,瑞智,6,0,6
群益東湖,堤維西,5,0,5
群益東湖,群創,5,0,5
群益東湖,榮剛,7,2,5
群益東湖,汎銓,5,0,5
群益東湖,長榮航,18,13,5
群益東湖,玉山金,9,4,5
群益東湖,00937B群益ESG投等債20,4,0,4
群益東湖,磐儀,4,0,4
群益東湖,瀚荃,4,0,4
群益東湖,中興電,7,3,4
群益東湖,緯穎,3,0,3
群益東湖,海華,3,0,3
群益東湖,矽格,3,0,3
群益東湖,00637L元大滬深300正2,137,268,-131
群益東湖,華邦電,0,46,-46
群益東湖,力積電,13,54,-41
群益東湖,006208富邦台50,1,41,-40
群益東湖,00650L復華香港正2,0,37,-37
群益東湖,宏達電,14,46,-32
群益東湖,神達,49,77,-28
群益東湖,台積電,6,31,-25
群益東湖,事欣科,4,28,-24
群益東湖,新光金,1,23,-22
群益東湖,00887永豐中國科技50大,0,21,-21
群益東湖,00934中信成長高股息,0,20,-20
群益東湖,尚凡*,0,20,-20
群益東湖,仁寶,2,21,-19
群益東湖,台化,8,27,-19
群益東湖,濱川,8,27,-19
群益東湖,鴻海,11,29,-18
群益東湖,00939統一台灣高息動能,0,18,-18
群益東湖,耿鼎,0,17,-17
群益東湖,森崴能源,0,16,-16
群益東湖,00940元大台灣價值高息,2,17,-15
群益東湖,光洋科,0,15,-15
群益東湖,華泰,0,14,-14
群益東湖,凌陽,0,14,-14
群益東湖,華航,0,14,-14
群益東湖,加百裕,9,21,-12
群益東湖,00922國泰台灣領袖50,5,16,-11
群益東湖,友訊,0,11,-11
群益東湖,聿新科,0,11,-11
群益東湖,00676R富邦臺灣加權反1,0,10,-10
群益東湖,00980B台新特選IG債10+,0,10,-10
群益東湖,興富發,0,10,-10
群益東湖,日勝生,0,10,-10
群益東湖,康舒,1,11,-10
群益東湖,國泰金,2,11,-9
群益東湖,優盛,0,9,-9
群益東湖,中鋼,1,10,-9
群益東湖,00918大華優利高填息30,2,10,-8
群益東湖,亞翔,1,9,-8
群益東湖,富邦金,7,14,-7
群益東湖,銘旺科,0,7,-7
群益東湖,揚博,0,7,-7
群益東湖,長榮,0,7,-7
群益東湖,鴻準,1,8,-7
群益東湖,威剛,0,6,-6
群益東湖,營邦,0,6,-6
群益東湖,興能高,42,48,-6
群益東湖,00935野村臺灣新科技50,0,6,-6
群益東湖,泰金寶-DR,4,10,-6
群益東湖,奇鋐,1,6,-5
玉山板橋,00637L元大滬深300正2,914,26,888
玉山板橋,聯電,292,10,282
玉山板橋,臺企銀,207,5,202
玉山板橋,00864B中信美國公債0-1,200,0,200
玉山板橋,00830國泰費城半導體,156,1,155
玉山板橋,亞航,76,1,75
玉山板橋,00937B群益ESG投等債20,70,0,70
玉山板橋,元大高股息,59,4,55
玉山板橋,國光生,40,0,40
玉山板橋,00919群益台灣精選高息,47,9,38
玉山板橋,皇昌,38,6,32
玉山板橋,建通,30,0,30
玉山板橋,00688L國泰20年美債正2,29,0,29
玉山板橋,新光金,30,2,28
玉山板橋,華邦電,31,4,27
玉山板橋,00878國泰永續高股息,34,8,26
玉山板橋,達運,20,0,20
玉山板橋,00918大華優利高填息30,26,6,20
玉山板橋,藥華藥,17,0,17
玉山板橋,元大金,16,0,16
玉山板橋,英業達,37,21,16
玉山板橋,大成鋼,24,8,16
玉山板橋,宏達電,80,64,16
玉山板橋,緯創,29,13,16
玉山板橋,00953B群益優選非投等債,16,0,16
玉山板橋,00720B元大投資級公司債,15,0,15
玉山板橋,億泰,15,0,15
玉山板橋,南亞科,23,9,14
玉山板橋,南亞,16,3,13
玉山板橋,00679B元大美債20年,29,18,11
玉山板橋,高技,13,2,11
玉山板橋,連展投控,11,1,10
玉山板橋,零壹,11,1,10
玉山板橋,寶徠,10,0,10
玉山板橋,旺宏,10,0,10
玉山板橋,得力,10,0,10
玉山板橋,廣達,11,1,10
玉山板橋,00673R期元大S＆P原油反1,25,15,10
玉山板橋,和大,11,1,10
玉山板橋,元大中型100,9,0,9
玉山板橋,廣明,25,16,9
玉山板橋,台揚,9,0,9
玉山板橋,00632R元大台灣50反1,9,0,9
玉山板橋,聯鈞,71,62,9
玉山板橋,00881國泰台灣5G+,11,3,8
玉山板橋,台郡,8,0,8
玉山板橋,00858永豐美國500大,14,6,8
玉山板橋,晟楠,8,0,8
玉山板橋,邁達特,8,0,8
玉山板橋,00753L中信中國50正2,7,0,7
玉山板橋,泰金寶-DR,42,350,-308
玉山板橋,00690兆豐藍籌30,0,211,-211
玉山板橋,玉山金,13,131,-118
玉山板橋,力積電,10,120,-110
玉山板橋,00936台新永續高息中小,3,103,-100
玉山板橋,中鴻,2,50,-48
玉山板橋,欣銓,12,55,-43
玉山板橋,雷虎,2,45,-43
玉山板橋,00929復華台灣科技優息,4,45,-41
玉山板橋,中華電,0,37,-37
玉山板橋,眾達-KY,9,44,-35
玉山板橋,006208富邦台50,4,34,-30
玉山板橋,中鋼,16,45,-29
玉山板橋,世豐,0,29,-29
玉山板橋,神達,81,110,-29
玉山板橋,00882中信中國高股息,2,30,-28
玉山板橋,00850元大臺灣ESG永續,1,27,-26
玉山板橋,凱基金,5,31,-26
玉山板橋,友達,4,29,-25
玉山板橋,高端疫苗,0,24,-24
玉山板橋,佳能,6,30,-24
玉山板橋,台積電,13,36,-23
玉山板橋,興能高,59,81,-22
玉山板橋,00922國泰台灣領袖50,1,22,-21
玉山板橋,00896中信綠能及電動車,0,21,-21
玉山板橋,華航,2,22,-20
玉山板橋,捷敏-KY,0,20,-20
玉山板橋,華城,13,33,-20
玉山板橋,國泰金,0,19,-19
玉山板橋,00687B國泰20年美債,13,32,-19
玉山板橋,00675L富邦臺灣加權正2,0,19,-19
玉山板橋,加百裕,13,29,-16
玉山板橋,仁寶,0,16,-16
玉山板橋,長榮航,34,49,-15
玉山板橋,日月光投控,1,16,-15
玉山板橋,貿聯-KY,2,17,-15
玉山板橋,奇鋐,7,22,-15
玉山板橋,00900富邦特選高股息30,3,18,-15
玉山板橋,00712復華富時不動產,0,15,-15
玉山板橋,達邁,32,46,-14
玉山板橋,光聖,0,14,-14
玉山板橋,智邦,8,21,-13
玉山板橋,星宇航空,2,15,-13
玉山板橋,富喬,10,23,-13
玉山板橋,富野,0,13,-13
玉山板橋,00951台新日本半導體,0,12,-12
玉山板橋,逸達,0,12,-12
玉山板橋,榮剛,0,12,-12
玉山板橋,光寶科,2,14,-12
玉山板橋,湧德,1,13,-12
新光台中,新光金,1848,173,1675
新光台中,00953B群益優選非投等債,1386,1,1385
新光台中,00637L元大滬深300正2,1126,719,407
新光台中,長榮,247,38,209
新光台中,00753L中信中國50正2,262,68,194
新光台中,00655L國泰中國A50正2,311,150,161
新光台中,00858永豐美國500大,158,1,157
新光台中,00924復華S＆P500成長,159,13,146
新光台中,00935野村臺灣新科技50,143,12,131
新光台中,00687B國泰20年美債,150,24,126
新光台中,00679B元大美債20年,135,11,124
新光台中,泰金寶-DR,316,199,117
新光台中,王道銀行,102,0,102
新光台中,00970B新光BBB投等債20,100,0,100
新光台中,00650L復華香港正2,165,72,93
新光台中,湧德,106,23,83
新光台中,華建,100,17,83
新光台中,緯創,343,261,82
新光台中,00918大華優利高填息30,88,10,78
新光台中,台化,97,29,68
新光台中,台中銀,66,4,62
新光台中,00927群益半導體收益,61,0,61
新光台中,百和興業-KY,66,5,61
新光台中,00915凱基優選高股息30,74,14,60
新光台中,00688L國泰20年美債正2,55,0,55
新光台中,台新金,84,31,53
新光台中,00664R國泰臺灣加權反1,52,0,52
新光台中,00632R元大台灣50反1,101,51,50
新光台中,永豐金,47,0,47
新光台中,鴻準,95,51,44
新光台中,00633L富邦上証正2,64,22,42
新光台中,大魯閣,41,1,40
新光台中,宏全,40,0,40
新光台中,00882中信中國高股息,45,5,40
新光台中,新盛力,326,287,39
新光台中,00919群益台灣精選高息,85,47,38
新光台中,兆豐金,40,3,37
新光台中,聯成,37,0,37
新光台中,百和,44,8,36
新光台中,00945B凱基美國非投等債,35,0,35
新光台中,健喬,35,2,33
新光台中,00895富邦未來車,34,2,32
新光台中,欣興,73,42,31
新光台中,訊達,34,3,31
新光台中,英業達,55,25,30
新光台中,00719B元大美債1-3,30,0,30
新光台中,00706L期元大S＆P日圓正2,30,0,30
新光台中,富喬,169,139,30
新光台中,台泥,45,16,29
新光台中,皇昌,43,14,29
新光台中,00937B群益ESG投等債20,127,1002,-875
新光台中,欣銓,58,495,-437
新光台中,00673R期元大S＆P原油反1,240,653,-413
新光台中,00929復華台灣科技優息,5,298,-293
新光台中,00971野村美國研發龍頭,14,304,-290
新光台中,國泰金,1,261,-260
新光台中,00878國泰永續高股息,107,330,-223
新光台中,00715L期街口布蘭特正2,44,204,-160
新光台中,凱基金,37,189,-152
新光台中,遠東銀,2,140,-138
新光台中,00852L國泰美國道瓊正2,0,110,-110
新光台中,長榮航,51,156,-105
新光台中,00675L富邦臺灣加權正2,35,120,-85
新光台中,廣明,32,115,-83
新光台中,彩晶,0,72,-72
新光台中,友達,28,99,-71
新光台中,00960野村全球航運龍頭,1,70,-69
新光台中,中纖,2,70,-68
新光台中,00631L元大台灣50正2,24,92,-68
新光台中,宏達電,408,474,-66
新光台中,00934中信成長高股息,1,66,-65
新光台中,華航,17,81,-64
新光台中,佳能,99,163,-64
新光台中,00712復華富時不動產,18,78,-60
新光台中,群創,32,91,-59
新光台中,瑞軒,10,65,-55
新光台中,神達,335,388,-53
新光台中,星宇航空,5,56,-51
新光台中,遠東新,1,51,-50
新光台中,波若威,179,227,-48
新光台中,冠德,4,52,-48
新光台中,元大台灣50,9,56,-47
新光台中,00864B中信美國公債0-1,4,51,-47
新光台中,富邦金,2,48,-46
新光台中,006208富邦台50,19,63,-44
新光台中,陽明,40,82,-42
新光台中,南亞,25,66,-41
新光台中,日月光投控,33,73,-40
新光台中,義隆,0,39,-39
新光台中,鳳凰,8,46,-38
新光台中,00923群益台ESG低碳50,7,44,-37
新光台中,宏致,51,88,-37
新光台中,台積電,46,83,-37
新光台中,寶成,2,38,-36
新光台中,中信金,13,49,-36
新光台中,邁達特,16,51,-35
新光台中,大同,27,62,-35
新光台中,福邦證,0,34,-34
新光台中,聯上發,0,31,-31
新光台中,長科*,0,31,-31
第一豐原,正德,100,0,100
第一豐原,四維航,100,0,100
第一豐原,聯電,99,6,93
第一豐原,00953B群益優選非投等債,79,0,79
第一豐原,兆豐金,54,0,54
第一豐原,鴻海,44,7,37
第一豐原,00937B群益ESG投等債20,41,6,35
第一豐原,00882中信中國高股息,34,0,34
第一豐原,國光生,39,5,34
第一豐原,00878國泰永續高股息,42,10,32
第一豐原,健喬,30,0,30
第一豐原,00919群益台灣精選高息,30,2,28
第一豐原,00918大華優利高填息30,26,0,26
第一豐原,00665L富邦�琤肭磪囓�2,22,1,21
第一豐原,燿華,25,4,21
第一豐原,00725B國泰投資級公司債,17,0,17
第一豐原,力成,16,0,16
第一豐原,00680L元大美債20正2,15,0,15
第一豐原,00915凱基優選高股息30,15,0,15
第一豐原,金寶,20,5,15
第一豐原,僑威,32,17,15
第一豐原,緯創,33,21,12
第一豐原,加百裕,18,6,12
第一豐原,00675L富邦臺灣加權正2,16,5,11
第一豐原,欣興,12,1,11
第一豐原,美時,10,0,10
第一豐原,銘旺科,10,0,10
第一豐原,福懋科,10,0,10
第一豐原,興能高,59,50,9
第一豐原,00637L元大滬深300正2,109,100,9
第一豐原,原相,10,1,9
第一豐原,00670L富邦NASDAQ正2,9,0,9
第一豐原,元大高股息,9,0,9
第一豐原,00933B國泰10Y+金融債,10,2,8
第一豐原,藥華藥,9,1,8
第一豐原,00679B元大美債20年,8,0,8
第一豐原,凱美,12,4,8
第一豐原,玉山金,11,3,8
第一豐原,泰金寶-DR,35,27,8
第一豐原,昆盈,8,1,7
第一豐原,ITH-KY,8,1,7
第一豐原,00751B元大AAA至A公司債,6,0,6
第一豐原,00930永豐ESG低碳高息,6,0,6
第一豐原,中華,6,0,6
第一豐原,事欣科,6,0,6
第一豐原,聯發科,18,12,6
第一豐原,00664R國泰臺灣加權反1,5,0,5
第一豐原,亞聚,5,0,5
第一豐原,精剛,5,0,5
第一豐原,英業達,9,4,5
第一豐原,00676R富邦臺灣加權反1,0,400,-400
第一豐原,昇達科,16,243,-227
第一豐原,群創,10,200,-190
第一豐原,晟田,0,101,-101
第一豐原,00632R元大台灣50反1,0,100,-100
第一豐原,00712復華富時不動產,0,80,-80
第一豐原,神達,325,396,-71
第一豐原,00926凱基全球菁英55,0,60,-60
第一豐原,欣銓,3,62,-59
第一豐原,宏達電,33,84,-51
第一豐原,天品,0,38,-38
第一豐原,00929復華台灣科技優息,1,39,-38
第一豐原,新盛力,19,49,-30
第一豐原,力積電,24,51,-27
第一豐原,宏致,6,26,-20
第一豐原,新光金,0,18,-18
第一豐原,元大台灣50,1,19,-18
第一豐原,皇昌,3,20,-17
第一豐原,006208富邦台50,0,17,-17
第一豐原,00888永豐台灣ESG,0,15,-15
第一豐原,豐興,0,15,-15
第一豐原,潤泰全,0,15,-15
第一豐原,華城,0,14,-14
第一豐原,南茂,0,13,-13
第一豐原,00960野村全球航運龍頭,0,12,-12
第一豐原,濱川,8,20,-12
第一豐原,展宇,0,12,-12
第一豐原,00912中信臺灣智慧50,0,12,-12
第一豐原,台化,0,11,-11
第一豐原,精元,0,11,-11
第一豐原,興富發,0,10,-10
第一豐原,谷崧,0,10,-10
第一豐原,駿吉-KY,0,9,-9
第一豐原,00934中信成長高股息,0,8,-8
第一豐原,萬海,0,8,-8
第一豐原,台塑,16,23,-7
第一豐原,臺企銀,3,11,-8
第一豐原,彬台,1,8,-7
第一豐原,東元,0,6,-6
第一豐原,佳能,0,6,-6
第一豐原,森崴能源,1,7,-6
第一豐原,眾達-KY,3,8,-5
第一豐原,凱基金,0,5,-5
第一豐原,長榮,0,5,-5
第一豐原,福懋,0,5,-5
第一豐原,華盈,0,5,-5
第一豐原,鑫科,0,5,-5
第一豐原,永信建,0,5,-5
第一豐原,上福,0,5,-5
第一豐原,千附精密,0,5,-5
 元大古亭,新日興,206,9,197
 元大古亭,宏達電,179,137,42
 元大古亭,第一保,40,0,40
 元大古亭,聯電,39,7,32
 元大古亭,志強-KY,30,3,27
 元大古亭,元大高股息,27,1,26
 元大古亭,采鈺,25,2,23
 元大古亭,神達,71,52,19
 元大古亭,僑威,16,0,16
 元大古亭,00945B凱基美國非投等債,15,0,15
 元大古亭,中石化,15,0,15
 元大古亭,系微,15,0,15
 元大古亭,00919群益台灣精選高息,14,0,14
 元大古亭,東泥,13,0,13
 元大古亭,00719B元大美債1-3,12,0,12
 元大古亭,達邁,68,56,12
 元大古亭,00971野村美國研發龍頭,11,0,11
 元大古亭,宸曜,11,0,11
 元大古亭,00632R元大台灣50反1,11,0,11
 元大古亭,00676R富邦臺灣加權反1,10,0,10
 元大古亭,00637L元大滬深300正2,18,8,10
 元大古亭,00953B群益優選非投等債,10,0,10
 元大古亭,成霖,10,0,10
 元大古亭,00633L富邦上証正2,9,0,9
 元大古亭,欣興,10,2,8
 元大古亭,得力,12,4,8
 元大古亭,虹冠電,10,2,8
 元大古亭,連展投控,8,0,8
 元大古亭,富威電力,9,1,8
 元大古亭,亞光,11,4,7
 元大古亭,順達,25,18,7
 元大古亭,亞航,7,0,7
 元大古亭,聯鈞,29,22,7
 元大古亭,台積電,13,6,7
 元大古亭,00751B元大AAA至A公司債,6,0,6
 元大古亭,精材,6,0,6
 元大古亭,00720B元大投資級公司債,6,0,6
 元大古亭,瀚荃,6,0,6
 元大古亭,00757統一FANG+,13,8,5
 元大古亭,環宇-KY,12,7,5
 元大古亭,00713元大台灣高息低波,5,0,5
 元大古亭,00910第一金太空衛星,6,1,5
 元大古亭,正新,5,0,5
 元大古亭,兆勁,5,0,5
 元大古亭,聯亞,5,0,5
 元大古亭,英濟,25,20,5
 元大古亭,宏齊,5,0,5
 元大古亭,智邦,5,0,5
 元大古亭,00795B中信美國公債20年,4,0,4
 元大古亭,00918大華優利高填息30,4,0,4
 元大古亭,00650L復華香港正2,10,140,-130
 元大古亭,元大台灣50,5,62,-57
 元大古亭,澤米,0,50,-50
 元大古亭,富喬,11,61,-50
 元大古亭,泰金寶-DR,20,66,-46
 元大古亭,00662富邦NASDAQ,0,40,-40
 元大古亭,華航,0,39,-39
 元大古亭,健策,0,30,-30
 元大古亭,新光金,3,31,-28
 元大古亭,興能高,20,47,-27
 元大古亭,00887永豐中國科技50大,5,30,-25
 元大古亭,旺矽,1,22,-21
 元大古亭,台化,1,21,-20
 元大古亭,台塑,4,24,-20
 元大古亭,00891中信關鍵半導體,1,20,-19
 元大古亭,百和興業-KY,0,19,-19
 元大古亭,中信金,0,18,-18
 元大古亭,台特化,0,18,-18
 元大古亭,00878國泰永續高股息,5,23,-18
 元大古亭,00924復華S＆P500成長,1,16,-15
 元大古亭,福懋,0,14,-14
 元大古亭,00929復華台灣科技優息,0,14,-14
 元大古亭,00965元大航太防衛科技,4,18,-14
 元大古亭,長榮,2,16,-14
 元大古亭,南亞,1,15,-14
 元大古亭,中鋼,4,17,-13
 元大古亭,神基,1,13,-12
 元大古亭,00646元大S＆P500,1,13,-12
 元大古亭,00715L期街口布蘭特正2,0,12,-12
 元大古亭,佰鴻,0,11,-11
 元大古亭,00923群益台ESG低碳50,0,10,-10
 元大古亭,00772B中信高評級公司債,0,10,-10
 元大古亭,康舒,0,10,-10
 元大古亭,長榮航,3,13,-10
 元大古亭,立隆電,7,16,-9
 元大古亭,IET-KY,0,9,-9
 元大古亭,00940元大台灣價值高息,3,12,-9
 元大古亭,富邦金,1,10,-9
 元大古亭,欣銓,0,8,-8
 元大古亭,川湖,0,8,-8
 元大古亭,裕山,3,11,-8
 元大古亭,晟德,0,7,-7
 元大古亭,陽明,1,8,-7
 元大古亭,宏致,1,7,-6
 元大古亭,00680L元大美債20正2,0,6,-6
 元大古亭,潤隆,0,6,-6
 元大古亭,彰銀,0,6,-6
 元大古亭,瀚宇博,0,6,-6
 元大古亭,元太,0,6,-6
 元大古亭,台達電,0,6,-6
群益內湖,新光金,244,1,243
群益內湖,00687B國泰20年美債,104,0,104
群益內湖,00706L期元大S＆P日圓正2,100,0,100
群益內湖,00665L富邦�琤肭磪囓�2,70,0,70
群益內湖,00637L元大滬深300正2,90,21,69
群益內湖,立敦,61,1,60
群益內湖,群創,56,1,55
群益內湖,00650L復華香港正2,51,0,51
群益內湖,中鴻,50,0,50
群益內湖,聯電,63,15,48
群益內湖,精成科,47,1,46
群益內湖,00937B群益ESG投等債20,36,0,36
群益內湖,和椿,36,1,35
群益內湖,興能高,88,55,33
群益內湖,亞光,38,8,30
群益內湖,統一超,20,0,20
群益內湖,宏致,16,2,14
群益內湖,緯創,16,3,13
群益內湖,鴻海,13,1,12
群益內湖,00953B群益優選非投等債,10,0,10
群益內湖,00664R國泰臺灣加權反1,10,0,10
群益內湖,00636國泰中國A50,10,0,10
群益內湖,00918大華優利高填息30,10,0,10
群益內湖,濱川,10,0,10
群益內湖,宏��,15,5,10
群益內湖,冠德,10,0,10
群益內湖,達邁,20,10,10
群益內湖,泰金寶-DR,10,0,10
群益內湖,順達,33,24,9
群益內湖,訊連,9,0,9
群益內湖,00919群益台灣精選高息,11,3,8
群益內湖,榮剛,7,0,7
群益內湖,長華*,7,0,7
群益內湖,永冠-KY,6,0,6
群益內湖,慧洋-KY,6,0,6
群益內湖,帆宣,6,0,6
群益內湖,00646元大S＆P500,5,0,5
群益內湖,00909國泰數位支付服務,5,0,5
群益內湖,00752中信中國50,5,0,5
群益內湖,劍麟,5,0,5
群益內湖,光環,5,0,5
群益內湖,環球晶,5,0,5
群益內湖,來億-KY,5,0,5
群益內湖,達運光電,5,0,5
群益內湖,南電,5,0,5
群益內湖,成霖,5,0,5
群益內湖,中鋼,4,0,4
群益內湖,昇達科,12,8,4
群益內湖,久昌,4,0,4
群益內湖,寶一,4,0,4
群益內湖,00673R期元大S＆P原油反1,20,190,-170
群益內湖,創惟,10,88,-78
群益內湖,神達,60,122,-62
群益內湖,友訊,0,50,-50
群益內湖,00631L元大台灣50正2,1,44,-43
群益內湖,長榮航,14,57,-43
群益內湖,力積電,2,43,-41
群益內湖,益航,0,40,-40
群益內湖,00757統一FANG+,0,37,-37
群益內湖,新日興,20,54,-34
群益內湖,國喬,0,30,-30
群益內湖,00895富邦未來車,0,30,-30
群益內湖,台星科,0,30,-30
群益內湖,台中銀,0,30,-30
群益內湖,鼎基,0,27,-27
群益內湖,富采,0,25,-25
群益內湖,00929復華台灣科技優息,0,24,-24
群益內湖,達興材料,1,25,-24
群益內湖,鴻準,0,22,-22
群益內湖,00679B元大美債20年,4,25,-21
群益內湖,百達-KY,0,20,-20
群益內湖,力成,7,24,-17
群益內湖,國泰金,0,16,-16
群益內湖,凱美,6,21,-15
群益內湖,立隆電,5,20,-15
群益內湖,IKKA-KY,8,22,-14
群益內湖,大同,1,15,-14
群益內湖,前鼎,1,15,-14
群益內湖,宏達電,6,18,-12
群益內湖,華南金,0,12,-12
群益內湖,006208富邦台50,2,13,-11
群益內湖,00946群益科技高息成長,0,10,-10
群益內湖,台光電,0,10,-10
群益內湖,全達,0,10,-10
群益內湖,聯鈞,8,17,-9
群益內湖,信立,0,9,-9
群益內湖,華航,0,8,-8
群益內湖,元大台灣50,1,9,-8
群益內湖,00939統一台灣高息動能,0,7,-7
群益內湖,生達,0,7,-7
群益內湖,環科,0,7,-7
群益內湖,車王電,0,6,-6
群益內湖,菱光,0,6,-6
群益內湖,00715L期街口布蘭特正2,0,5,-5
群益內湖,00680L元大美債20正2,0,5,-5
群益內湖,和大,0,5,-5
群益內湖,亞航,0,5,-5
群益內湖,富喬,192,196,-4
群益內湖,皇昌,0,4,-4
群益內湖,宜特,0,4,-4
群益南京,聯電,77,7,70
群益南京,泰金寶-DR,72,2,70
群益南京,陽明,49,7,42
群益南京,榮成,33,0,33
群益南京,大成鋼,30,0,30
群益南京,中裕,20,0,20
群益南京,00937B群益ESG投等債20,20,1,19
群益南京,00878國泰永續高股息,16,3,13
群益南京,00915凱基優選高股息30,13,1,12
群益南京,00952凱基台灣AI50,12,0,12
群益南京,兆豐金,11,0,11
群益南京,全球傳動,12,1,11
群益南京,00909國泰數位支付服務,12,2,10
群益南京,00712復華富時不動產,10,0,10
群益南京,直得,10,0,10
群益南京,中興電,13,3,10
群益南京,東隆興,9,0,9
群益南京,新光金,8,0,8
群益南京,立��,9,2,7
群益南京,00715L期街口布蘭特正2,6,0,6
群益南京,00950B凱基A級公司債,6,0,6
群益南京,00953B群益優選非投等債,6,0,6
群益南京,台塑,29,23,6
群益南京,凱基金,6,0,6
群益南京,台灣大,6,0,6
群益南京,00858永豐美國500大,5,0,5
群益南京,00935野村臺灣新科技50,5,0,5
群益南京,金像電,6,1,5
群益南京,聯上發,5,0,5
群益南京,健亞,5,0,5
群益南京,磐亞,5,0,5
群益南京,新應材,5,0,5
群益南京,泰鼎-KY,5,0,5
群益南京,合庫金,5,0,5
群益南京,合晶,5,0,5
群益南京,驊訊,5,0,5
群益南京,光聖,5,0,5
群益南京,00631L元大台灣50正2,5,0,5
群益南京,00882中信中國高股息,4,0,4
群益南京,00922國泰台灣領袖50,4,0,4
群益南京,海華,5,1,4
群益南京,伊雲谷,5,1,4
群益南京,宏達電,45,41,4
群益南京,00919群益台灣精選高息,6,3,3
群益南京,00918大華優利高填息30,4,1,3
群益南京,00910第一金太空衛星,3,0,3
群益南京,00701國泰股利精選30,3,0,3
群益南京,00713元大台灣高息低波,7,4,3
群益南京,台化,3,0,3
群益南京,鑽全,3,0,3
群益南京,00980B台新特選IG債10+,0,400,-400
群益南京,國泰金,1,95,-94
群益南京,友訊,2,53,-51
群益南京,寶成,0,50,-50
群益南京,欣銓,8,51,-43
群益南京,興能高,68,110,-42
群益南京,友達,3,43,-40
群益南京,長榮航,0,38,-38
群益南京,00687B國泰20年美債,0,31,-31
群益南京,楠梓電,0,30,-30
群益南京,神達,30,60,-30
群益南京,00679B元大美債20年,1,30,-29
群益南京,富邦金,5,27,-22
群益南京,上詮,17,39,-22
群益南京,華南金,0,21,-21
群益南京,00764B群益25年美債,0,20,-20
群益南京,慧洋-KY,0,20,-20
群益南京,尚凡*,0,20,-20
群益南京,國票金,0,18,-18
群益南京,00924復華S＆P500成長,2,20,-18
群益南京,00673R期元大S＆P原油反1,2,20,-18
群益南京,華建,0,18,-18
群益南京,00940元大台灣價值高息,0,17,-17
群益南京,00646元大S＆P500,0,15,-15
群益南京,元大高股息,2,17,-15
群益南京,元大台灣50,0,15,-15
群益南京,力積電,3,17,-14
群益南京,00929復華台灣科技優息,0,13,-13
群益南京,日電貿,0,11,-11
群益南京,華航,0,11,-11
群益南京,玉山金,0,10,-10
群益南京,中華電,0,10,-10
群益南京,長榮,0,9,-9
群益南京,00923群益台ESG低碳50,0,9,-9
群益南京,00680L元大美債20正2,1,10,-9
群益南京,晟德,3,12,-9
群益南京,仁寶,0,8,-8
群益南京,00939統一台灣高息動能,0,7,-7
群益南京,中鋼,1,7,-6
群益南京,富喬,11,17,-6
群益南京,營邦,0,6,-6
群益南京,00970B新光BBB投等債20,0,6,-6
群益南京,神準,2,8,-6
群益南京,第一金,0,6,-6
群益南京,00881國泰台灣5G+,0,5,-5
群益南京,00947台新臺灣IC設計,0,5,-5
群益南京,00959B大華投等美債15Y+,0,5,-5
群益南京,首利,0,5,-5
群益南京,國化,0,5,-5
群益南京,長興,0,5,-5
 元大新莊,00937B群益ESG投等債20,290,2,288
 元大新莊,聯電,275,44,231
 元大新莊,00632R元大台灣50反1,185,0,185
 元大新莊,00933B國泰10Y+金融債,102,0,102
 元大新莊,廣明,91,3,88
 元大新莊,聯光通,84,6,78
 元大新莊,00633L富邦上証正2,61,0,61
 元大新莊,元大高股息,64,14,50
 元大新莊,00679B元大美債20年,52,5,47
 元大新莊,00631L元大台灣50正2,54,8,46
 元大新莊,00878國泰永續高股息,71,27,44
 元大新莊,臺企銀,44,3,41
 元大新莊,00753L中信中國50正2,41,0,41
 元大新莊,伍豐,40,0,40
 元大新莊,中鴻,70,35,35
 元大新莊,00919群益台灣精選高息,38,6,32
 元大新莊,00918大華優利高填息30,29,0,29
 元大新莊,元大金,27,2,25
 元大新莊,旺宏,24,0,24
 元大新莊,廣運,23,1,22
 元大新莊,定穎投控,20,0,20
 元大新莊,百和,31,11,20
 元大新莊,力成,19,0,19
 元大新莊,00948B中信優息投資級債,19,0,19
 元大新莊,00650L復華香港正2,20,1,19
 元大新莊,華新,43,24,19
 元大新莊,00706L期元大S＆P日圓正2,19,0,19
 元大新莊,台塑,38,20,18
 元大新莊,緯創,36,18,18
 元大新莊,中鋼,28,11,17
 元大新莊,新盛力,79,62,17
 元大新莊,三商壽,20,4,16
 元大新莊,力鵬,15,0,15
 元大新莊,橙的,15,0,15
 元大新莊,耿鼎,15,0,15
 元大新莊,欣興,28,14,14
 元大新莊,系統電,18,4,14
 元大新莊,鴻海,43,30,13
 元大新莊,能率網通,15,2,13
 元大新莊,京元電子,15,2,13
 元大新莊,中光電,13,1,12
 元大新莊,騰輝電子-KY,13,1,12
 元大新莊,瑞穎,12,0,12
 元大新莊,台塑化,12,1,11
 元大新莊,福懋油,11,0,11
 元大新莊,邁達特,12,1,11
 元大新莊,中再保,11,0,11
 元大新莊,來億-KY,10,0,10
 元大新莊,台耀,10,0,10
 元大新莊,全新,13,3,10
 元大新莊,00637L元大滬深300正2,236,1110,-874
 元大新莊,00940元大台灣價值高息,16,182,-166
 元大新莊,神達,177,300,-123
 元大新莊,00665L富邦�琤肭磪囓�2,8,130,-122
 元大新莊,00929復華台灣科技優息,4,113,-109
 元大新莊,環宇-KY,27,115,-88
 元大新莊,國泰金,0,61,-61
 元大新莊,長榮航,10,66,-56
 元大新莊,力積電,78,133,-55
 元大新莊,欣銓,13,63,-50
 元大新莊,00965元大航太防衛科技,3,50,-47
 元大新莊,中石化,1,42,-41
 元大新莊,致和證,0,40,-40
 元大新莊,00712復華富時不動產,3,39,-36
 元大新莊,宏致,6,40,-34
 元大新莊,良維,7,41,-34
 元大新莊,台灣虎航,0,33,-33
 元大新莊,台聚,0,33,-33
 元大新莊,華泰,0,32,-32
 元大新莊,00939統一台灣高息動能,0,29,-29
 元大新莊,宏達電,75,103,-28
 元大新莊,大銀微系統,14,41,-27
 元大新莊,台積電,7,33,-26
 元大新莊,鴻準,42,66,-24
 元大新莊,西勝,0,23,-23
 元大新莊,南茂,3,26,-23
 元大新莊,佳能,11,33,-22
 元大新莊,金寶,7,29,-22
 元大新莊,宏全,0,21,-21
 元大新莊,漢磊,0,21,-21
 元大新莊,彰銀,0,20,-20
 元大新莊,達邁,30,48,-18
 元大新莊,貿聯-KY,9,26,-17
 元大新莊,友訊,7,24,-17
 元大新莊,日月光投控,8,25,-17
 元大新莊,玉山金,2,18,-16
 元大新莊,華城,5,21,-16
 元大新莊,華邦電,7,22,-15
 元大新莊,新日興,31,45,-14
 元大新莊,康舒,0,14,-14
 元大新莊,精材,8,22,-14
 元大新莊,00909國泰數位支付服務,0,14,-14
 元大新莊,群創,5,19,-14
 元大新莊,陽明,57,70,-13
 元大新莊,00688L國泰20年美債正2,0,13,-13
 元大新莊,00930永豐ESG低碳高息,0,13,-13
 元大新莊,00795B中信美國公債20年,0,13,-13
 元大新莊,台星科,2,15,-13
 元大新莊,00675L富邦臺灣加權正2,1,13,-12
 元大新莊,精成科,19,31,-12
華南大安,友達,600,5,595
華南大安,富喬,390,24,366
華南大安,宏遠證,160,0,160
華南大安,東浦,91,3,88
華南大安,聯電,131,50,81
華南大安,聯光通,82,20,62
華南大安,宏達電,133,72,61
華南大安,凱基金,66,10,56
華南大安,彬台,46,5,41
華南大安,上緯投控,38,0,38
華南大安,元大高股息,37,1,36
華南大安,百達-KY,36,0,36
華南大安,志聖,32,0,32
華南大安,環泥,28,0,28
華南大安,聯茂,23,0,23
華南大安,00725B國泰投資級公司債,21,0,21
華南大安,訊達,21,0,21
華南大安,00918大華優利高填息30,20,0,20
華南大安,00665L富邦�琤肭磪囓�2,31,11,20
華南大安,北極星藥業-KY,20,0,20
華南大安,00922國泰台灣領袖50,30,10,20
華南大安,00980B台新特選IG債10+,20,0,20
華南大安,新建,17,0,17
華南大安,鴻海,22,7,15
華南大安,英業達,17,2,15
華南大安,聯華,15,0,15
華南大安,冠西電,15,0,15
華南大安,文曄,16,1,15
華南大安,環宇-KY,38,23,15
華南大安,生泰,18,4,14
華南大安,御嵿,13,0,13
華南大安,緯創,26,13,13
華南大安,聯鈞,26,13,13
華南大安,台泥,13,0,13
華南大安,錦明,20,9,11
華南大安,尚凡*,10,0,10
華南大安,台玻,10,0,10
華南大安,連展投控,14,4,10
華南大安,00959B大華投等美債15Y+,10,0,10
華南大安,湧德,9,0,9
華南大安,點序,9,0,9
華南大安,兆豐金,10,1,9
華南大安,玉晶光,9,1,8
華南大安,00926凱基全球菁英55,10,2,8
華南大安,新麗,8,0,8
華南大安,00881國泰台灣5G+,7,0,7
華南大安,橘子,7,0,7
華南大安,台星科,7,1,6
華南大安,輔信,6,0,6
華南大安,達運,6,0,6
華南大安,三商壽,0,832,-832
華南大安,台新金,1,630,-629
華南大安,彰銀,1,100,-99
華南大安,陸海,91,185,-94
華南大安,力積電,7,99,-92
華南大安,泰金寶-DR,7,74,-67
華南大安,神達,50,111,-61
華南大安,日月光投控,0,54,-54
華南大安,00965元大航太防衛科技,0,38,-38
華南大安,汎銓,0,38,-38
華南大安,創意,23,60,-37
華南大安,能率,0,36,-36
華南大安,陽明,1,36,-35
華南大安,采鈺,5,32,-27
華南大安,光鋐,3,30,-27
華南大安,華邦電,0,25,-25
華南大安,宏致,11,36,-25
華南大安,台塑,32,56,-24
華南大安,精成科,65,87,-22
華南大安,新華,0,20,-20
華南大安,星宇航空,0,20,-20
華南大安,友訊,0,20,-20
華南大安,00929復華台灣科技優息,1,20,-19
華南大安,神基,4,21,-17
華南大安,中磊,1,18,-17
華南大安,映泰,3,20,-17
華南大安,燿華,0,16,-16
華南大安,鑫創,0,16,-16
華南大安,微星,1,16,-15
華南大安,華城,5,19,-14
華南大安,世芯-KY,0,14,-14
華南大安,00642U期元大S＆P石油,6,20,-14
華南大安,禾伸堂,0,14,-14
華南大安,台積電,1,15,-14
華南大安,創惟,4,17,-13
華南大安,凌陽,0,13,-13
華南大安,上海商銀,0,13,-13
華南大安,長榮航,2,15,-13
華南大安,00941中信上游半導體,0,12,-12
華南大安,圓剛,3,15,-12
華南大安,健椿,0,12,-12
華南大安,台通,0,12,-12
華南大安,欣銓,5,16,-11
華南大安,達運光電,1,12,-11
華南大安,00675L富邦臺灣加權正2,0,10,-10
華南大安,永道-KY,1,11,-10
華南大安,眾達-KY,79,89,-10
華南大安,三芳,1,11,-10
華南大安,波若威,23,33,-10
華南大安,00940元大台灣價值高息,0,10,-10
兆豐麻豆,臺企銀,60,0,60
兆豐麻豆,全球傳動,40,0,40
兆豐麻豆,00881國泰台灣5G+,40,1,39
兆豐麻豆,環宇-KY,46,17,29
兆豐麻豆,星宇航空,26,0,26
兆豐麻豆,00679B元大美債20年,23,0,23
兆豐麻豆,00937B群益ESG投等債20,22,0,22
兆豐麻豆,統一超,21,0,21
兆豐麻豆,00632R元大台灣50反1,20,0,20
兆豐麻豆,聯電,19,1,18
兆豐麻豆,凱基金,20,5,15
兆豐麻豆,元大台灣50,20,6,14
兆豐麻豆,巧新,12,0,12
兆豐麻豆,大成鋼,11,0,11
兆豐麻豆,元大高股息,10,0,10
兆豐麻豆,錸寶,10,0,10
兆豐麻豆,台化,6,0,6
兆豐麻豆,合機,8,2,6
兆豐麻豆,台積電,9,4,5
兆豐麻豆,00686R群益臺灣加權反1,5,0,5
兆豐麻豆,00910第一金太空衛星,5,0,5
兆豐麻豆,台塑,7,2,5
兆豐麻豆,淘帝-KY,5,0,5
兆豐麻豆,中天,5,0,5
兆豐麻豆,M31,5,0,5
兆豐麻豆,00909國泰數位支付服務,4,0,4
兆豐麻豆,晶彩科,5,1,4
兆豐麻豆,立敦,6,2,4
兆豐麻豆,北極星藥業-KY,4,0,4
兆豐麻豆,00631L元大台灣50正2,4,0,4
兆豐麻豆,億光,3,0,3
兆豐麻豆,圓剛,3,0,3
兆豐麻豆,創惟,3,0,3
兆豐麻豆,點序,3,0,3
兆豐麻豆,昇陽半導體,7,4,3
兆豐麻豆,泰金寶-DR,6,3,3
兆豐麻豆,聯鈞,14,11,3
兆豐麻豆,昆盈,5,2,3
兆豐麻豆,00878國泰永續高股息,6,4,2
兆豐麻豆,順達,6,3,3
兆豐麻豆,興能高,32,30,2
兆豐麻豆,00924復華S＆P500成長,3,1,2
兆豐麻豆,麗正,2,0,2
兆豐麻豆,鴻海,4,2,2
兆豐麻豆,宏��,5,3,2
兆豐麻豆,漢翔,2,0,2
兆豐麻豆,晶技,2,0,2
兆豐麻豆,緯創,2,0,2
兆豐麻豆,協易機,2,0,2
兆豐麻豆,慶騰,2,0,2
兆豐麻豆,00687B國泰20年美債,1,330,-329
兆豐麻豆,凌巨,0,40,-40
兆豐麻豆,連展投控,0,33,-33
兆豐麻豆,力積電,5,38,-33
兆豐麻豆,宏達電,20,43,-23
兆豐麻豆,上曜,0,22,-22
兆豐麻豆,台泥,0,22,-22
兆豐麻豆,玉山金,0,21,-21
兆豐麻豆,東鹼,0,20,-20
兆豐麻豆,00965元大航太防衛科技,0,17,-17
兆豐麻豆,智易,0,15,-15
兆豐麻豆,光環,5,18,-13
兆豐麻豆,華南金,0,13,-13
兆豐麻豆,奇鋐,7,17,-10
兆豐麻豆,岱稜,0,10,-10
兆豐麻豆,元晶,0,10,-10
兆豐麻豆,00951台新日本半導體,0,9,-9
兆豐麻豆,加百裕,2,10,-8
兆豐麻豆,00919群益台灣精選高息,3,9,-6
兆豐麻豆,台達電,0,6,-6
兆豐麻豆,亞翔,5,11,-6
兆豐麻豆,00676R富邦臺灣加權反1,0,6,-6
兆豐麻豆,00939統一台灣高息動能,0,6,-6
兆豐麻豆,00923群益台ESG低碳50,0,5,-5
兆豐麻豆,三芳,4,9,-5
兆豐麻豆,得力,0,5,-5
兆豐麻豆,展宇,0,5,-5
兆豐麻豆,燿華,0,5,-5
兆豐麻豆,一詮,0,5,-5
兆豐麻豆,寬宏藝術,0,5,-5
兆豐麻豆,00673R期元大S＆P原油反1,0,4,-4
兆豐麻豆,正崴,0,4,-4
兆豐麻豆,00634R富邦上証反1,0,3,-3
兆豐麻豆,台揚,2,5,-3
兆豐麻豆,仁寶,0,3,-3
兆豐麻豆,華立,0,3,-3
兆豐麻豆,海華,2,5,-3
兆豐麻豆,漢磊,0,3,-3
兆豐麻豆,良維,0,3,-3
兆豐麻豆,訊芯-KY,2,5,-3
兆豐麻豆,寶成,0,3,-3
兆豐麻豆,00905FT臺灣Smart,2,4,-2
兆豐麻豆,萬潤,1,3,-2
兆豐麻豆,台新金,0,2,-2
兆豐麻豆,中鋼,4,6,-2
兆豐麻豆,聯光通,2,4,-2
兆豐麻豆,00926凱基全球菁英55,0,2,-2
兆豐麻豆,台玻,0,2,-2
兆豐麻豆,中鴻,1,3,-2
兆豐麻豆,大同,0,2,-2
永豐桃園,00679B元大美債20年,207,8,199
永豐桃園,00953B群益優選非投等債,183,1,182
永豐桃園,聯電,257,87,170
永豐桃園,00687B國泰20年美債,176,54,122
永豐桃園,寶成,80,0,80
永豐桃園,00676R富邦臺灣加權反1,52,0,52
永豐桃園,和椿,92,44,48
永豐桃園,00637L元大滬深300正2,79,34,45
永豐桃園,欣興,52,11,41
永豐桃園,日電貿,43,3,40
永豐桃園,00715L期街口布蘭特正2,44,5,39
永豐桃園,訊達,50,13,37
永豐桃園,00858永豐美國500大,33,0,33
永豐桃園,00830國泰費城半導體,45,14,31
永豐桃園,00915凱基優選高股息30,31,0,31
永豐桃園,均豪,30,0,30
永豐桃園,長華*,30,0,30
永豐桃園,00632R元大台灣50反1,29,0,29
永豐桃園,00712復華富時不動產,30,1,29
永豐桃園,高端疫苗,29,1,28
永豐桃園,新漢,30,2,28
永豐桃園,00680L元大美債20正2,32,5,27
永豐桃園,00753L中信中國50正2,202,176,26
永豐桃園,00882中信中國高股息,26,2,24
永豐桃園,中釉,21,0,21
永豐桃園,00878國泰永續高股息,37,16,21
永豐桃園,兆豐金,19,0,19
永豐桃園,00937B群益ESG投等債20,61,42,19
永豐桃園,00922國泰台灣領袖50,37,18,19
永豐桃園,台化,19,0,19
永豐桃園,宏齊,20,3,17
永豐桃園,永光,17,0,17
永豐桃園,廣運,17,2,15
永豐桃園,艾訊,16,1,15
永豐桃園,昇陽半導體,18,3,15
永豐桃園,德宏,15,0,15
永豐桃園,合庫金,14,0,14
永豐桃園,大成鋼,15,1,14
永豐桃園,00655L國泰中國A50正2,14,0,14
永豐桃園,精成科,20,6,14
永豐桃園,凱美,42,29,13
永豐桃園,達欣工,14,1,13
永豐桃園,英濟,33,20,13
永豐桃園,全球傳動,13,0,13
永豐桃園,昇達科,23,10,13
永豐桃園,金像電,14,1,13
永豐桃園,萬海,13,1,12
永豐桃園,華紙,12,0,12
永豐桃園,台塑,15,3,12
永豐桃園,泰金寶-DR,116,105,11
永豐桃園,00971野村美國研發龍頭,0,273,-273
永豐桃園,00940元大台灣價值高息,3,245,-242
永豐桃園,00929復華台灣科技優息,61,257,-196
永豐桃園,00951台新日本半導體,0,129,-129
永豐桃園,華南金,0,124,-124
永豐桃園,00905FT臺灣Smart,8,130,-122
永豐桃園,玉山金,1,106,-105
永豐桃園,00932兆豐永續高息等權,0,91,-91
永豐桃園,華航,1,88,-87
永豐桃園,00965元大航太防衛科技,1,82,-81
永豐桃園,00935野村臺灣新科技50,0,67,-67
永豐桃園,00881國泰台灣5G+,3,66,-63
永豐桃園,00665L富邦�琤肭磪囓�2,21,80,-59
永豐桃園,日月光投控,1,50,-49
永豐桃園,宏致,21,67,-46
永豐桃園,佶優,0,45,-45
永豐桃園,達邁,31,73,-42
永豐桃園,中華,18,56,-38
永豐桃園,三商壽,0,38,-38
永豐桃園,振發,0,36,-36
永豐桃園,00673R期元大S＆P原油反1,20,55,-35
永豐桃園,友訊,0,34,-34
永豐桃園,006208富邦台50,14,47,-33
永豐桃園,元大高股息,45,77,-32
永豐桃園,興能高,169,199,-30
永豐桃園,遠百,0,30,-30
永豐桃園,台達電,2,32,-30
永豐桃園,富喬,21,50,-29
永豐桃園,誠美材,0,28,-28
永豐桃園,元大台灣50,1,29,-28
永豐桃園,00631L元大台灣50正2,0,25,-25
永豐桃園,三商,0,25,-25
永豐桃園,00918大華優利高填息30,35,59,-24
永豐桃園,00923群益台ESG低碳50,0,23,-23
永豐桃園,順達,41,63,-22
永豐桃園,00725B國泰投資級公司債,0,22,-22
永豐桃園,新光金,4,25,-21
永豐桃園,神達,106,126,-20
永豐桃園,綠意,0,20,-20
永豐桃園,00909國泰數位支付服務,11,30,-19
永豐桃園,國泰金,2,21,-19
永豐桃園,能率網通,0,17,-17
永豐桃園,商億-KY,0,17,-17
永豐桃園,鴻準,7,24,-17
永豐桃園,富邦金,2,18,-16
永豐桃園,中鋼,8,24,-16
永豐桃園,00877復華中國5G,0,15,-15
永豐桃園,00939統一台灣高息動能,0,15,-15
永豐桃園,亞翔,2,17,-15
永豐桃園,仁寶,0,14,-14
 中信松江      ,廣宇,757,658,99
 中信松江      ,00830國泰費城半導體,61,0,61
 中信松江      ,聯電,78,26,52
 中信松江      ,元大高股息,59,10,49
 中信松江      ,泰金寶-DR,69,20,49
 中信松江      ,00918大華優利高填息30,46,3,43
 中信松江      ,AES-KY,41,1,40
 中信松江      ,00713元大台灣高息低波,43,7,36
 中信松江      ,00915凱基優選高股息30,32,0,32
 中信松江      ,合庫金,30,0,30
 中信松江      ,00970B新光BBB投等債20,29,0,29
 中信松江      ,緯創,27,0,27
 中信松江      ,兆豐金,24,1,23
 中信松江      ,輔信,21,0,21
 中信松江      ,00957B兆豐US優選投等債,20,0,20
 中信松江      ,聯光通,26,6,20
 中信松江      ,00757統一FANG+,19,0,19
 中信松江      ,光鋐,20,2,18
 中信松江      ,星通,16,0,16
 中信松江      ,昇陽半導體,27,11,16
 中信松江      ,00751B元大AAA至A公司債,15,0,15
 中信松江      ,00893國泰智能電動車,15,1,14
 中信松江      ,00637L元大滬深300正2,19,6,13
 中信松江      ,台新金,12,0,12
 中信松江      ,聯鈞,39,28,11
 中信松江      ,御嵿,11,0,11
 中信松江      ,00956中信日經高股息,10,0,10
 中信松江      ,正新,10,0,10
 中信松江      ,宏��,10,0,10
 中信松江      ,濱川,9,0,9
 中信松江      ,00937B群益ESG投等債20,8,0,8
 中信松江      ,鴻準,10,2,8
 中信松江      ,眾達-KY,32,24,8
 中信松江      ,寶得利,8,0,8
 中信松江      ,美吉吉-KY,8,0,8
 中信松江      ,00878國泰永續高股息,9,2,7
 中信松江      ,00926凱基全球菁英55,7,0,7
 中信松江      ,00753L中信中國50正2,10,3,7
 中信松江      ,中信金,14,7,7
 中信松江      ,和椿,17,10,7
 中信松江      ,00924復華S＆P500成長,7,1,6
 中信松江      ,00852L國泰美國道瓊正2,6,0,6
 中信松江      ,達麗,6,0,6
 中信松江      ,亞光,11,5,6
 中信松江      ,00655L國泰中國A50正2,5,0,5
 中信松江      ,00960野村全球航運龍頭,5,0,5
 中信松江      ,微星,5,0,5
 中信松江      ,南亞科,5,0,5
 中信松江      ,金麗科,5,0,5
 中信松江      ,加百裕,7,2,5
 中信松江      ,立隆電,7,307,-300
 中信松江      ,00919群益台灣精選高息,3,201,-198
 中信松江      ,綠界科技*,143,203,-60
 中信松江      ,富威電力,0,56,-56
 中信松江      ,00881國泰台灣5G+,20,60,-40
 中信松江      ,00980B台新特選IG債10+,0,40,-40
 中信松江      ,堤維西,0,35,-35
 中信松江      ,玉山金,2,31,-29
 中信松江      ,京元電子,3,31,-28
 中信松江      ,00929復華台灣科技優息,0,22,-22
 中信松江      ,長榮航,0,20,-20
 中信松江      ,00882中信中國高股息,0,18,-18
 中信松江      ,新盛力,8,26,-18
 中信松江      ,神達,63,81,-18
 中信松江      ,美時,0,17,-17
 中信松江      ,台灣虎航,3,19,-16
 中信松江      ,00690兆豐藍籌30,0,15,-15
 中信松江      ,00641R富邦日本反1,0,15,-15
 中信松江      ,00971野村美國研發龍頭,1,15,-14
 中信松江      ,00887永豐中國科技50大,0,12,-12
 中信松江      ,中租-KY,0,12,-12
 中信松江      ,00934中信成長高股息,0,11,-11
 中信松江      ,貿聯-KY,0,11,-11
 中信松江      ,菱光,5,16,-11
 中信松江      ,創惟,6,16,-10
 中信松江      ,台化,0,10,-10
 中信松江      ,華航,0,10,-10
 中信松江      ,聯合再生,0,10,-10
 中信松江      ,世紀,0,10,-10
 中信松江      ,彩晶,0,10,-10
 中信松江      ,廣達,1,11,-10
 中信松江      ,台苯,0,9,-9
 中信松江      ,友達,3,12,-9
 中信松江      ,立��,10,18,-8
 中信松江      ,台積電,3,10,-7
 中信松江      ,鴻海,13,21,-8
 中信松江      ,元大台灣50,4,11,-7
 中信松江      ,00954中信日本半導體,0,6,-6
 中信松江      ,第一金,0,6,-6
 中信松江      ,寶碩,0,6,-6
 中信松江      ,世界,1,7,-6
 中信松江      ,群創,1,7,-6
 中信松江      ,華星光,17,22,-5
 中信松江      ,萬潤,1,6,-5
 中信松江      ,精英,0,5,-5
 中信松江      ,奇鋐,0,5,-5
 中信松江      ,富旺,0,5,-5
 中信松江      ,合騏,0,5,-5
 中信松江      ,00680L元大美債20正2,1,5,-4
 中信松江      ,恆大,0,4,-4
華南南京,亞帝歐,145,0,145
華南南京,宏達電,366,224,142
華南南京,泰金寶-DR,249,126,123
華南南京,台新金,102,0,102
華南南京,立��,81,25,56
華南南京,台船,52,0,52
華南南京,聰泰,50,0,50
華南南京,聯電,114,68,46
華南南京,00878國泰永續高股息,47,11,36
華南南京,彰銀,30,1,29
華南南京,新盛力,120,91,29
華南南京,元大高股息,32,4,28
華南南京,鴻海,46,17,29
華南南京,00751B元大AAA至A公司債,28,0,28
華南南京,00795B中信美國公債20年,25,0,25
華南南京,中鋼,31,6,25
華南南京,緯創,39,15,24
華南南京,欣興,27,3,24
華南南京,昱捷,24,0,24
華南南京,廣達,35,12,23
華南南京,和碩,25,3,22
華南南京,錦明,25,4,21
華南南京,濱川,23,2,21
華南南京,鼎翰,20,0,20
華南南京,和椿,75,55,20
華南南京,新應材,19,1,18
華南南京,00882中信中國高股息,17,0,17
華南南京,00972野村日本動能高息,15,0,15
華南南京,佳和,15,0,15
華南南京,達邁,106,92,14
華南南京,昇達科,23,9,14
華南南京,英業達,19,6,13
華南南京,久昌,32,19,13
華南南京,金寶,34,21,13
華南南京,順達,28,15,13
華南南京,00937B群益ESG投等債20,12,0,12
華南南京,皇昌,28,16,12
華南南京,興勤,19,8,11
華南南京,事欣科,35,24,11
華南南京,力智,11,1,10
華南南京,00664R國泰臺灣加權反1,10,0,10
華南南京,鉅祥,10,0,10
華南南京,穎漢,10,0,10
華南南京,金雨,10,0,10
華南南京,00693U期街口S＆P黃豆,10,0,10
華南南京,00910第一金太空衛星,10,1,9
華南南京,亞航,11,1,10
華南南京,興能高,108,99,9
華南南京,兆豐金,9,0,9
華南南京,健和興,9,0,9
華南南京,欣銓,38,489,-451
華南南京,新光金,10,321,-311
華南南京,大同,16,190,-174
華南南京,00637L元大滬深300正2,107,257,-150
華南南京,矽統,0,101,-101
華南南京,00965元大航太防衛科技,0,95,-95
華南南京,00632R元大台灣50反1,3,92,-89
華南南京,神達,109,192,-83
華南南京,00918大華優利高填息30,22,94,-72
華南南京,中信金,3,70,-67
華南南京,宏致,27,93,-66
華南南京,00929復華台灣科技優息,0,62,-62
華南南京,00941中信上游半導體,0,52,-52
華南南京,00971野村美國研發龍頭,3,48,-45
華南南京,益航,0,40,-40
華南南京,00939統一台灣高息動能,0,37,-37
華南南京,奇鋐,5,40,-35
華南南京,00940元大台灣價值高息,0,34,-34
華南南京,日月光投控,2,36,-34
華南南京,華南金,0,33,-33
華南南京,00943兆豐電子高息等權,0,32,-32
華南南京,精英,0,32,-32
華南南京,廣宇,5,37,-32
華南南京,00881國泰台灣5G+,26,58,-32
華南南京,華邦電,0,31,-31
華南南京,00944野村趨勢動能高息,0,30,-30
華南南京,00676R富邦臺灣加權反1,0,30,-30
華南南京,富邦金,2,31,-29
華南南京,群創,0,29,-29
華南南京,00858永豐美國500大,6,30,-24
華南南京,陽明,5,27,-22
華南南京,台塑化,0,21,-21
華南南京,寶一,1,21,-20
華南南京,三一東林,0,20,-20
華南南京,國產,0,20,-20
華南南京,遠百,4,22,-18
華南南京,華航,6,23,-17
華南南京,00900富邦特選高股息30,4,20,-16
華南南京,伍豐,0,16,-16
華南南京,騰輝電子-KY,0,15,-15
華南南京,伊雲谷,0,15,-15
華南南京,華新,16,31,-15
華南南京,彩富,0,15,-15
華南南京,迅得,16,31,-15
華南南京,鈺齊-KY,4,18,-14
華南南京,崧騰,0,14,-14
華南南京,世紀鋼,0,14,-14
華南南京,士開,0,13,-13
華南南京,國泰金,1,13,-12
華南南京,世紀,1,13,-12
大    昌,群創,232,6,226
大    昌,友達,108,10,98
大    昌,聯電,131,43,88
大    昌,00919群益台灣精選高息,63,4,59
大    昌,神達,107,56,51
大    昌,杏輝,34,0,34
大    昌,00632R元大台灣50反1,36,4,32
大    昌,星宇航空,31,0,31
大    昌,00674R期元大S＆P黃金反1,30,0,30
大    昌,日揚,25,0,25
大    昌,力成,29,7,22
大    昌,00633L富邦上証正2,22,0,22
大    昌,廣運,22,0,22
大    昌,聯光通,31,11,20
大    昌,今國光,20,0,20
大    昌,上曜,20,0,20
大    昌,00918大華優利高填息30,19,1,18
大    昌,00909國泰數位支付服務,18,0,18
大    昌,合庫金,20,2,18
大    昌,玉晶光,16,0,16
大    昌,宏捷科,16,0,16
大    昌,00937B群益ESG投等債20,27,11,16
大    昌,慧洋-KY,16,0,16
大    昌,亞翔,20,4,16
大    昌,裕隆,18,3,15
大    昌,元大金,25,10,15
大    昌,元大高股息,17,2,15
大    昌,義隆,15,0,15
大    昌,英業達,17,2,15
大    昌,燿華,15,1,14
大    昌,台灣虎航,15,1,14
大    昌,統一實,14,0,14
大    昌,玉山金,22,8,14
大    昌,長榮,16,2,14
大    昌,中工,37,24,13
大    昌,雍智科技,12,0,12
大    昌,00687B國泰20年美債,14,3,11
大    昌,台化,13,2,11
大    昌,昇陽半導體,11,0,11
大    昌,旺宏,31,20,11
大    昌,震旦行,10,0,10
大    昌,00637L元大滬深300正2,59,49,10
大    昌,00910第一金太空衛星,10,0,10
大    昌,潤隆,10,0,10
大    昌,冠好,10,0,10
大    昌,00922國泰台灣領袖50,10,0,10
大    昌,00887永豐中國科技50大,19,9,10
大    昌,東和鋼鐵,10,0,10
大    昌,中租-KY,12,3,9
大    昌,長榮航,12,3,9
大    昌,00980B台新特選IG債10+,0,110,-110
大    昌,新纖,0,109,-109
大    昌,00680L元大美債20正2,14,100,-86
大    昌,緯創,44,105,-61
大    昌,欣銓,11,69,-58
大    昌,陽明,13,62,-49
大    昌,宏致,4,50,-46
大    昌,00940元大台灣價值高息,1,42,-41
大    昌,台達化,0,40,-40
大    昌,台塑,12,50,-38
大    昌,朋億*,1,37,-36
大    昌,00929復華台灣科技優息,7,42,-35
大    昌,臺企銀,0,34,-34
大    昌,崧騰,0,34,-34
大    昌,00946群益科技高息成長,0,33,-33
大    昌,00631L元大台灣50正2,2,35,-33
大    昌,台積電,6,36,-30
大    昌,創惟,21,49,-28
大    昌,新復興,3,31,-28
大    昌,00673R期元大S＆P原油反1,2,30,-28
大    昌,00951台新日本半導體,0,26,-26
大    昌,00878國泰永續高股息,17,43,-26
大    昌,力積電,314,338,-24
大    昌,中鴻,0,24,-24
大    昌,00935野村臺灣新科技50,0,23,-23
大    昌,宏達電,36,57,-21
大    昌,00939統一台灣高息動能,0,20,-20
大    昌,華夏,0,20,-20
大    昌,00892富邦台灣半導體,0,18,-18
大    昌,華城,55,73,-18
大    昌,順達,11,28,-17
大    昌,華新,10,26,-16
大    昌,鈺創,1,17,-16
大    昌,昆盈,6,22,-16
大    昌,00948B中信優息投資級債,0,15,-15
大    昌,凱基金,1,14,-13
大    昌,泰金寶-DR,36,49,-13
大    昌,00900富邦特選高股息30,0,13,-13
大    昌,加百裕,168,180,-12
大    昌,一詮,6,18,-12
大    昌,元大台灣50,2,13,-11
大    昌,富邦科技,0,10,-10
大    昌,東浦,2,12,-10
大    昌,台聚,0,10,-10
大    昌,佳世達,0,10,-10
大    昌,00933B國泰10Y+金融債,0,10,-10
大    昌,智通*,1,10,-9
大    昌,00679B元大美債20年,19,28,-9
大    昌,皇昌,22,31,-9
大    昌,建國,0,9,-9
口袋證卷,00638R元大滬深300反1,120,0,120
口袋證卷,00753L中信中國50正2,238,131,107
口袋證卷,聯電,118,23,95
口袋證卷,00878國泰永續高股息,79,17,62
口袋證卷,加百裕,202,144,58
口袋證卷,連展投控,54,4,50
口袋證卷,00919群益台灣精選高息,47,4,43
口袋證卷,00937B群益ESG投等債20,38,0,38
口袋證卷,00959B大華投等美債15Y+,31,1,30
口袋證卷,元大高股息,41,12,29
口袋證卷,00830國泰費城半導體,31,2,29
口袋證卷,00673R期元大S＆P原油反1,28,0,28
口袋證卷,西勝,30,4,26
口袋證卷,立隆電,84,61,23
口袋證卷,彬台,22,0,22
口袋證卷,00706L期元大S＆P日圓正2,21,0,21
口袋證卷,00917中信特選金融,20,0,20
口袋證卷,新光金,19,1,18
口袋證卷,長榮航,26,10,16
口袋證卷,00708L期元大S＆P黃金正2,16,1,15
口袋證卷,00770國泰北美科技,16,2,14
口袋證卷,00887永豐中國科技50大,24,10,14
口袋證卷,00733富邦臺灣中小,14,0,14
口袋證卷,興能高,386,373,13
口袋證卷,友訊,19,6,13
口袋證卷,高端疫苗,16,3,13
口袋證卷,00950B凱基A級公司債,13,0,13
口袋證卷,聯鈞,137,125,12
口袋證卷,東陽,12,1,11
口袋證卷,三商電,10,0,10
口袋證卷,群創,22,12,10
口袋證卷,士電,11,1,10
口袋證卷,全新,14,4,10
口袋證卷,兆豐金,9,0,9
口袋證卷,00971野村美國研發龍頭,8,0,8
口袋證卷,星雲,8,0,8
口袋證卷,環宇-KY,186,179,7
口袋證卷,立敦,56,49,7
口袋證卷,旺宏,8,1,7
口袋證卷,00881國泰台灣5G+,11,4,7
口袋證卷,緯創,18,11,7
口袋證卷,鴻海,26,20,6
口袋證卷,凱美,28,21,7
口袋證卷,信立,6,0,6
口袋證卷,揚明光,8,2,6
口袋證卷,大銀微系統,26,20,6
口袋證卷,晟銘電,10,4,6
口袋證卷,帝寶,6,0,6
口袋證卷,00915凱基優選高股息30,11,5,6
口袋證卷,亞翔,17,12,5
口袋證卷,00637L元大滬深300正2,6,217,-211
口袋證卷,00752中信中國50,2,165,-163
口袋證卷,00951台新日本半導體,0,123,-123
口袋證卷,006206元大上證50,0,110,-110
口袋證卷,00639富邦深100,0,100,-100
口袋證卷,南亞,1,100,-99
口袋證卷,00700富邦�琤肭磪�,0,71,-71
口袋證卷,00909國泰數位支付服務,7,73,-66
口袋證卷,00910第一金太空衛星,8,60,-52
口袋證卷,新盛力,252,299,-47
口袋證卷,神達,376,422,-46
口袋證卷,00922國泰台灣領袖50,4,45,-41
口袋證卷,00703台新MSCI中國,0,37,-37
口袋證卷,00972野村日本動能高息,0,37,-37
口袋證卷,得力,0,36,-36
口袋證卷,安集,0,36,-36
口袋證卷,00891中信關鍵半導體,10,40,-30
口袋證卷,台新金,16,45,-29
口袋證卷,康那香,0,28,-28
口袋證卷,華星光,241,268,-27
口袋證卷,00934中信成長高股息,0,27,-27
口袋證卷,東科-KY,0,25,-25
口袋證卷,元大寶滬深,0,24,-24
口袋證卷,英業達,8,32,-24
口袋證卷,立��,53,76,-23
口袋證卷,英濟,55,78,-23
口袋證卷,宏達電,264,286,-22
口袋證卷,00923群益台ESG低碳50,0,21,-21
口袋證卷,中石化,1,21,-20
口袋證卷,00952凱基台灣AI50,1,17,-16
口袋證卷,彩晶,0,15,-15
口袋證卷,國精化,0,15,-15
口袋證卷,華新,2,17,-15
口袋證卷,廣宇,6,20,-14
口袋證卷,00877復華中國5G,0,13,-13
口袋證卷,006208富邦台50,16,29,-13
口袋證卷,中信金,2,15,-13
口袋證卷,00631L元大台灣50正2,8,19,-11
口袋證卷,00936台新永續高息中小,0,11,-11
口袋證卷,鴻準,6,17,-11
口袋證卷,00885富邦越南,0,11,-11
口袋證卷,眾達-KY,88,99,-11
口袋證卷,00911兆豐洲際半導體,0,10,-10
口袋證卷,弘凱,3,13,-10
口袋證卷,富邦金,0,10,-10
口袋證卷,00712復華富時不動產,2,12,-10
口袋證卷,攸泰科技,0,10,-10
口袋證卷,新美齊,0,10,-10
口袋證卷,憶聲,0,10,-10
口袋證卷,建錩,0,10,-10
京城嘉義,00641R富邦日本反1,300,0,300
京城嘉義,聯電,224,21,203
京城嘉義,00878國泰永續高股息,67,4,63
京城嘉義,00891中信關鍵半導體,36,0,36
京城嘉義,00637L元大滬深300正2,40,10,30
京城嘉義,中鋼,36,6,30
京城嘉義,00937B群益ESG投等債20,28,1,27
京城嘉義,錸德,27,0,27
京城嘉義,00893國泰智能電動車,25,3,22
京城嘉義,元大高股息,24,2,22
京城嘉義,00952凱基台灣AI50,20,0,20
京城嘉義,中華化,20,0,20
京城嘉義,台灣大,20,0,20
京城嘉義,智擎,20,0,20
京城嘉義,00915凱基優選高股息30,24,8,16
京城嘉義,旺宏,15,0,15
京城嘉義,00919群益台灣精選高息,34,19,15
京城嘉義,00632R元大台灣50反1,11,0,11
京城嘉義,台揚,11,0,11
京城嘉義,00951台新日本半導體,10,0,10
京城嘉義,00965元大航太防衛科技,10,0,10
京城嘉義,國碩,10,0,10
京城嘉義,新興,10,0,10
京城嘉義,高雄銀,10,0,10
京城嘉義,華榮,9,0,9
京城嘉義,英業達,11,2,9
京城嘉義,艾訊,11,2,9
京城嘉義,立��,13,4,9
京城嘉義,佳能,15,7,8
京城嘉義,楠梓電,8,0,8
京城嘉義,達邁,13,5,8
京城嘉義,光環,10,3,7
京城嘉義,連展投控,8,1,7
京城嘉義,興能高,25,18,7
京城嘉義,00918大華優利高填息30,6,0,6
京城嘉義,00687B國泰20年美債,6,0,6
京城嘉義,京元電子,6,0,6
京城嘉義,映泰,6,1,5
京城嘉義,新建,5,0,5
京城嘉義,統一證,5,0,5
京城嘉義,日電貿,5,0,5
京城嘉義,富采,5,0,5
京城嘉義,佶優,5,0,5
京城嘉義,昇陽半導體,26,21,5
京城嘉義,台虹,5,0,5
京城嘉義,力積電,63,58,5
京城嘉義,廣達,9,4,5
京城嘉義,宏達電,60,56,4
京城嘉義,金寶,4,0,4
京城嘉義,西勝,4,0,4
京城嘉義,00673R期元大S＆P原油反1,0,300,-300
京城嘉義,00939統一台灣高息動能,0,100,-100
京城嘉義,神達,23,87,-64
京城嘉義,南茂,0,52,-52
京城嘉義,群創,1,46,-45
京城嘉義,國泰金,0,30,-30
京城嘉義,華邦電,4,30,-26
京城嘉義,聯華,0,25,-25
京城嘉義,00940元大台灣價值高息,1,26,-25
京城嘉義,欣銓,4,28,-24
京城嘉義,00941中信上游半導體,0,20,-20
京城嘉義,00933B國泰10Y+金融債,0,20,-20
京城嘉義,輔信,0,14,-14
京城嘉義,00929復華台灣科技優息,0,13,-13
京城嘉義,華航,4,17,-13
京城嘉義,鄉林,0,13,-13
京城嘉義,台積電,3,15,-12
京城嘉義,鴻海,15,27,-12
京城嘉義,鴻準,7,18,-11
京城嘉義,00949復華日本龍頭,0,10,-10
京城嘉義,00675L富邦臺灣加權正2,0,10,-10
京城嘉義,00830國泰費城半導體,0,10,-10
京城嘉義,恩德,0,10,-10
京城嘉義,彰銀,0,10,-10
京城嘉義,正文,0,10,-10
京城嘉義,中光電,0,10,-10
京城嘉義,富爾特,0,10,-10
京城嘉義,京城銀,0,10,-10
京城嘉義,三商壽,0,10,-10
京城嘉義,矽統,3,12,-9
京城嘉義,華城,4,13,-9
京城嘉義,漢翔,0,9,-9
京城嘉義,環宇-KY,34,43,-9
京城嘉義,台燿,4,12,-8
京城嘉義,精成科,5,13,-8
京城嘉義,建榮,0,7,-7
京城嘉義,日月光投控,0,6,-6
京城嘉義,台達電,0,6,-6
京城嘉義,00909國泰數位支付服務,0,6,-6
京城嘉義,00887永豐中國科技50大,0,6,-6
京城嘉義,友達,1,7,-6
京城嘉義,一詮,0,6,-6
京城嘉義,臻鼎-KY,0,6,-6
京城嘉義,宏觀,0,6,-6
京城嘉義,00731復華富時高息低波,0,5,-5
京城嘉義,東元,0,5,-5
京城嘉義,南港,0,5,-5
京城嘉義,友訊,0,5,-5
京城嘉義,敬鵬,0,5,-5
京城嘉義,普安,5,10,-5
富邦永康,宏達電,197,38,159
富邦永康,亞光,104,5,99
富邦永康,聯電,82,1,81
富邦永康,眾達-KY,102,38,64
富邦永康,00937B群益ESG投等債20,69,10,59
富邦永康,永道-KY,56,0,56
富邦永康,00662富邦NASDAQ,51,0,51
富邦永康,南亞,51,0,51
富邦永康,精成科,60,10,50
富邦永康,00933B國泰10Y+金融債,50,10,40
富邦永康,00953B群益優選非投等債,35,0,35
富邦永康,00673R期元大S＆P原油反1,34,0,34
富邦永康,雷虎,31,0,31
富邦永康,茂迪,53,22,31
富邦永康,直得,21,1,20
富邦永康,00665L富邦�琤肭磪囓�2,28,10,18
富邦永康,全新,22,6,16
富邦永康,聚亨,15,0,15
富邦永康,英業達,16,1,15
富邦永康,00637L元大滬深300正2,26,12,14
富邦永康,00918大華優利高填息30,13,0,13
富邦永康,立��,19,7,12
富邦永康,00927群益半導體收益,13,1,12
富邦永康,00919群益台灣精選高息,12,1,11
富邦永康,台積電,24,12,12
富邦永康,00633L富邦上証正2,14,3,11
富邦永康,泰金寶-DR,67,56,11
富邦永康,00679B元大美債20年,10,0,10
富邦永康,福壽,10,0,10
富邦永康,第一金,10,0,10
富邦永康,英濟,16,6,10
富邦永康,十銓,10,0,10
富邦永康,均豪,11,1,10
富邦永康,海華,16,6,10
富邦永康,00893國泰智能電動車,10,0,10
富邦永康,00915凱基優選高股息30,8,0,8
富邦永康,精材,25,17,8
富邦永康,00905FT臺灣Smart,8,0,8
富邦永康,金寶,10,2,8
富邦永康,立敦,18,10,8
富邦永康,華通,14,6,8
富邦永康,緯創,26,19,7
富邦永康,揚智,8,1,7
富邦永康,凱崴,6,0,6
富邦永康,00757統一FANG+,7,2,5
富邦永康,00858永豐美國500大,5,0,5
富邦永康,00887永豐中國科技50大,10,5,5
富邦永康,00753L中信中國50正2,5,0,5
富邦永康,中再保,5,0,5
富邦永康,達邁,15,10,5
富邦永康,弘凱,1,245,-244
富邦永康,台塑化,9,204,-195
富邦永康,00929復華台灣科技優息,20,60,-40
富邦永康,誠美材,0,36,-36
富邦永康,元大高股息,11,41,-30
富邦永康,006208富邦台50,5,35,-30
富邦永康,00680L元大美債20正2,2,30,-28
富邦永康,立隆電,9,37,-28
富邦永康,00687B國泰20年美債,4,30,-26
富邦永康,宏��,1,24,-23
富邦永康,00895富邦未來車,0,22,-22
富邦永康,聯光通,7,29,-22
富邦永康,中信金,0,21,-21
富邦永康,長榮航,0,20,-20
富邦永康,辛耘,0,20,-20
富邦永康,致茂,0,19,-19
富邦永康,國泰金,0,18,-18
富邦永康,波若威,11,29,-18
富邦永康,00631L元大台灣50正2,0,18,-18
富邦永康,凱基金,0,17,-17
富邦永康,訊芯-KY,1,18,-17
富邦永康,00965元大航太防衛科技,4,20,-16
富邦永康,鴻海,13,28,-15
富邦永康,00715L期街口布蘭特正2,2,16,-14
富邦永康,華東,0,12,-12
富邦永康,新日興,0,11,-11
富邦永康,興能高,5,16,-11
富邦永康,廣運,1,11,-10
富邦永康,00980B台新特選IG債10+,0,10,-10
富邦永康,台亞,0,10,-10
富邦永康,達興材料,1,11,-10
富邦永康,元晶,0,10,-10
富邦永康,汎銓,0,10,-10
富邦永康,00830國泰費城半導體,1,10,-9
富邦永康,00722B群益投資級電信債,0,9,-9
富邦永康,廣達,8,17,-9
富邦永康,連展投控,0,8,-8
富邦永康,00881國泰台灣5G+,0,8,-8
富邦永康,華航,0,8,-8
富邦永康,光寶科,0,8,-8
富邦永康,00878國泰永續高股息,10,17,-7
富邦永康,長榮航太,1,8,-7
富邦永康,玉山金,0,7,-7
富邦永康,群創,18,25,-7
富邦永康,華新,1,7,-6
富邦永康,迅得,2,8,-6
富邦永康,00923群益台ESG低碳50,0,6,-6
富邦永康,恆大,0,6,-6
富邦永康,偉詮電,0,6,-6
富邦永康,矽格,1,7,-6
摩根大通,中信金,10514,1235,9279
摩根大通,富邦金,5433,795,4638
摩根大通,中鋼,3993,110,3883
摩根大通,華新,4568,721,3847
摩根大通,新光金,3225,23,3202
摩根大通,華南金,4099,912,3187
摩根大通,台積電,4709,1792,2917
摩根大通,國泰金,3471,752,2719
摩根大通,凱基金,3166,571,2595
摩根大通,台新金,2802,394,2408
摩根大通,合庫金,2441,519,1922
摩根大通,元大金,2270,561,1709
摩根大通,永豐金,1605,122,1483
摩根大通,群創,1689,215,1474
摩根大通,陽明,1626,297,1329
摩根大通,仁寶,3618,2317,1301
摩根大通,日月光投控,2349,1071,1278
摩根大通,彰銀,1487,247,1240
摩根大通,新日興,1070,178,892
摩根大通,台達電,1351,575,776
摩根大通,台塑,1015,263,752
摩根大通,英業達,1147,406,741
摩根大通,宏達電,2148,1419,729
摩根大通,宏��,1405,683,722
摩根大通,臻鼎-KY,763,70,693
摩根大通,中石化,1231,562,669
摩根大通,和碩,736,69,667
摩根大通,華通,1062,403,659
摩根大通,光寶科,717,189,528
摩根大通,潤泰新,610,83,527
摩根大通,華航,1240,723,517
摩根大通,長榮航,2161,1644,517
摩根大通,大同,870,362,508
摩根大通,台灣虎航,620,119,501
摩根大通,統一,1221,731,490
摩根大通,華城,941,454,487
摩根大通,臺企銀,616,143,473
摩根大通,群益證,615,144,471
摩根大通,王道銀行,519,48,471
摩根大通,慧洋-KY,599,152,447
摩根大通,台塑化,689,249,440
摩根大通,裕隆,506,72,434
摩根大通,南茂,588,160,428
摩根大通,東陽,439,14,425
摩根大通,致茂,493,80,413
摩根大通,亞翔,420,13,407
摩根大通,中華電,445,38,407
摩根大通,京元電子,666,261,405
摩根大通,台光電,723,325,398
摩根大通,達邁,634,248,386
摩根大通,聯電,1961,7578,-5617
摩根大通,第一金,2772,6997,-4225
摩根大通,欣興,772,4312,-3540
摩根大通,鴻海,3434,5766,-2332
摩根大通,兆豐金,2758,5081,-2323
摩根大通,南亞科,242,1566,-1324
摩根大通,聯鈞,32,1092,-1060
摩根大通,友達,4320,5295,-975
摩根大通,力積電,233,1059,-826
摩根大通,聯成,62,868,-806
摩根大通,玉山金,3870,4646,-776
摩根大通,金寶,167,892,-725
摩根大通,昇陽半導體,2,637,-635
摩根大通,世界,286,819,-533
摩根大通,神達,2197,2718,-521
摩根大通,海華,30,481,-451
摩根大通,三商壽,765,1168,-403
摩根大通,智邦,306,692,-386
摩根大通,和椿,98,457,-359
摩根大通,立��,138,468,-330
摩根大通,大成鋼,125,453,-328
摩根大通,創意,57,331,-274
摩根大通,景碩,21,290,-269
摩根大通,精成科,174,419,-245
摩根大通,飛宏,69,313,-244
摩根大通,冠德,171,414,-243
摩根大通,緯穎,157,400,-243
摩根大通,信邦,22,253,-231
摩根大通,佳能,25,255,-230
摩根大通,廣宇,46,245,-199
摩根大通,巨大,70,268,-198
摩根大通,AES-KY,25,221,-196
摩根大通,華星光,872,1055,-183
摩根大通,旺宏,43,219,-176
摩根大通,緯創,1812,1976,-164
摩根大通,上詮,7,166,-159
摩根大通,宜鼎,35,190,-155
摩根大通,達興材料,90,243,-153
摩根大通,佳世達,65,212,-147
摩根大通,亞光,87,234,-147
摩根大通,長華*,201,345,-144
摩根大通,立端,13,154,-141
摩根大通,大銀微系統,40,175,-135
摩根大通,致伸,85,218,-133
摩根大通,海悅,9,140,-131
摩根大通,國票金,65,191,-126
摩根大通,可成,169,294,-125
摩根大通,揚智,57,178,-121
摩根大通,統一證,57,176,-119
摩根大通,百和,240,352,-112
凱基台北,00929復華台灣科技優息,18911,499,18412
凱基台北,00948B中信優息投資級債,17852,0,17852
凱基台北,00965元大航太防衛科技,18678,2402,16276
凱基台北,00941中信上游半導體,10284,12,10272
凱基台北,00720B元大投資級公司債,7380,45,7335
凱基台北,00937B群益ESG投等債20,8576,1315,7261
凱基台北,00934中信成長高股息,5613,515,5098
凱基台北,00887永豐中國科技50大,5894,1174,4720
凱基台北,00951台新日本半導體,4785,120,4665
凱基台北,00712復華富時不動產,3571,110,3461
凱基台北,00757統一FANG+,3475,97,3378
凱基台北,台積電,3313,93,3220
凱基台北,00953B群益優選非投等債,3393,293,3100
凱基台北,00877復華中國5G,2777,51,2726
凱基台北,00952凱基台灣AI50,2681,44,2637
凱基台北,凱基金,3407,885,2522
凱基台北,00740B富邦全球投等債,2445,0,2445
凱基台北,00891中信關鍵半導體,2625,267,2358
凱基台北,00900富邦特選高股息30,2410,63,2347
凱基台北,00940元大台灣價值高息,2442,364,2078
凱基台北,友達,3077,1039,2038
凱基台北,00665L富邦�琤肭磪囓�2,3784,1789,1995
凱基台北,00946群益科技高息成長,1996,1,1995
凱基台北,長榮航,2438,491,1947
凱基台北,00933B國泰10Y+金融債,1821,92,1729
凱基台北,00725B國泰投資級公司債,1672,3,1669
凱基台北,00939統一台灣高息動能,1707,69,1638
凱基台北,彰銀,1700,154,1546
凱基台北,00751B元大AAA至A公司債,1582,120,1462
凱基台北,00715L期街口布蘭特正2,1372,0,1372
凱基台北,006208富邦台50,1314,7,1307
凱基台北,00772B中信高評級公司債,1216,0,1216
凱基台北,00724B群益投資級金融債,1194,1,1193
凱基台北,宏致,1610,473,1137
凱基台北,00632R元大台灣50反1,1102,2,1100
凱基台北,00936台新永續高息中小,1024,9,1015
凱基台北,00905FT臺灣Smart,1048,63,985
凱基台北,元大台灣50,1017,37,980
凱基台北,00926凱基全球菁英55,1230,313,917
凱基台北,00927群益半導體收益,952,41,911
凱基台北,宏達電,4128,3270,858
凱基台北,統一,994,159,835
凱基台北,中鴻,865,53,812
凱基台北,中華電,953,143,810
凱基台北,鴻海,1373,585,788
凱基台北,王道銀行,847,63,784
凱基台北,00722B群益投資級電信債,695,2,693
凱基台北,富邦金,1317,631,686
凱基台北,台灣虎航,924,261,663
凱基台北,00915凱基優選高股息30,858,202,656
凱基台北,00637L元大滬深300正2,10634,17860,-7226
凱基台北,00753L中信中國50正2,1470,7982,-6512
凱基台北,聯電,3088,8957,-5869
凱基台北,00679B元大美債20年,1841,7578,-5737
凱基台北,神達,6139,11761,-5622
凱基台北,00687B國泰20年美債,263,4820,-4557
凱基台北,00795B中信美國公債20年,0,2934,-2934
凱基台北,00858永豐美國500大,138,2624,-2486
凱基台北,力積電,68,2208,-2140
凱基台北,新光金,453,2563,-2110
凱基台北,泰金寶-DR,2430,4271,-1841
凱基台北,00688L國泰20年美債正2,133,1863,-1730
凱基台北,金寶,535,2042,-1507
凱基台北,00882中信中國高股息,19,1460,-1441
凱基台北,00968B元大優息投等債,0,1395,-1395
凱基台北,華新,656,2039,-1383
凱基台北,日月光投控,712,1957,-1245
凱基台北,中鋼,656,1825,-1169
凱基台北,00764B群益25年美債,0,1091,-1091
凱基台北,中信金,310,1362,-1052
凱基台北,00969B元大零息超長美債,0,1012,-1012
凱基台北,寶成,102,1111,-1009
凱基台北,台化,556,1530,-974
凱基台北,鴻準,688,1646,-958
凱基台北,富喬,1344,2299,-955
凱基台北,南亞科,553,1372,-819
凱基台北,00967B元大優息美債,0,797,-797
凱基台北,緯創,2080,2875,-795
凱基台北,00673R期元大S＆P原油反1,4,791,-787
凱基台北,00633L富邦上証正2,926,1699,-773
凱基台北,00959B大華投等美債15Y+,0,761,-761
凱基台北,00857B永豐20年美公債,2,705,-703
凱基台北,華邦電,910,1612,-702
凱基台北,遠東新,122,798,-676
凱基台北,友訊,942,1608,-666
凱基台北,國泰金,654,1319,-665
凱基台北,台塑,544,1167,-623
凱基台北,擎亞,518,1097,-579
凱基台北,新盛力,2188,2760,-572
凱基台北,00955中信日本商社,0,532,-532
凱基台北,台塑化,258,783,-525
凱基台北,元大金,47,554,-507
凱基台北,00950B凱基A級公司債,81,583,-502
凱基台北,英業達,593,1090,-497
凱基台北,波若威,666,1120,-454
凱基台北,聯鈞,1084,1508,-424
凱基台北,00962台新AI優息動能,50,423,-373
凱基台北,零壹,137,510,-373
凱基台北,聯發科,177,541,-364
凱基台北,眾達-KY,1192,1548,-356
國泰高雄,00680L元大美債20正2,798,83,715
國泰高雄,聯電,475,83,392
國泰高雄,00965元大航太防衛科技,200,16,184
國泰高雄,00937B群益ESG投等債20,185,37,148
國泰高雄,00632R元大台灣50反1,158,24,134
國泰高雄,00753L中信中國50正2,124,5,119
國泰高雄,00945B凱基美國非投等債,114,1,113
國泰高雄,00637L元大滬深300正2,115,5,110
國泰高雄,00688L國泰20年美債正2,107,0,107
國泰高雄,00664R國泰臺灣加權反1,101,0,101
國泰高雄,泰金寶-DR,141,44,97
國泰高雄,00919群益台灣精選高息,143,54,89
國泰高雄,元大高股息,107,22,85
國泰高雄,00795B中信美國公債20年,118,35,83
國泰高雄,00927群益半導體收益,79,3,76
國泰高雄,00950B凱基A級公司債,72,1,71
國泰高雄,00882中信中國高股息,70,4,66
國泰高雄,00881國泰台灣5G+,188,122,66
國泰高雄,三商壽,64,2,62
國泰高雄,00918大華優利高填息30,63,3,60
國泰高雄,00878國泰永續高股息,127,67,60
國泰高雄,00858永豐美國500大,57,0,57
國泰高雄,晟楠,57,0,57
國泰高雄,加百裕,216,165,51
國泰高雄,健椿,50,0,50
國泰高雄,00706L期元大S＆P日圓正2,55,10,45
國泰高雄,中鋼,90,45,45
國泰高雄,台灣虎航,48,7,41
國泰高雄,00673R期元大S＆P原油反1,48,10,38
國泰高雄,大成鋼,49,12,37
國泰高雄,00915凱基優選高股息30,63,27,36
國泰高雄,友達,57,23,34
國泰高雄,00953B群益優選非投等債,32,0,32
國泰高雄,力積電,130,100,30
國泰高雄,統一,37,7,30
國泰高雄,南茂,31,4,27
國泰高雄,宏��,32,6,26
國泰高雄,00864B中信美國公債0-1,25,0,25
國泰高雄,英業達,49,25,24
國泰高雄,00665L富邦�琤肭磪囓�2,23,0,23
國泰高雄,00952凱基台灣AI50,23,1,22
國泰高雄,廣達,43,22,21
國泰高雄,欣興,25,4,21
國泰高雄,聯鈞,131,110,21
國泰高雄,立��,52,32,20
國泰高雄,方土霖,22,2,20
國泰高雄,台玻,23,4,19
國泰高雄,00917中信特選金融,18,0,18
國泰高雄,00685L群益臺灣加權正2,20,2,18
國泰高雄,00687B國泰20年美債,21,3,18
國泰高雄,華南金,0,532,-532
國泰高雄,00671R富邦NASDAQ反1,2,410,-408
國泰高雄,宏達電,324,551,-227
國泰高雄,00929復華台灣科技優息,10,177,-167
國泰高雄,長榮航,31,189,-158
國泰高雄,00715L期街口布蘭特正2,11,164,-153
國泰高雄,華航,9,144,-135
國泰高雄,鴻海,60,170,-110
國泰高雄,00940元大台灣價值高息,67,172,-105
國泰高雄,王道銀行,1,101,-100
國泰高雄,00905FT臺灣Smart,2,95,-93
國泰高雄,凱基金,4,94,-90
國泰高雄,00675L富邦臺灣加權正2,8,78,-70
國泰高雄,緯創,84,151,-67
國泰高雄,00877復華中國5G,0,62,-62
國泰高雄,神達,296,357,-61
國泰高雄,00936台新永續高息中小,0,57,-57
國泰高雄,興能高,240,286,-46
國泰高雄,台塑,26,70,-44
國泰高雄,00951台新日本半導體,2,45,-43
國泰高雄,國泰金,9,52,-43
國泰高雄,星宇航空,7,50,-43
國泰高雄,00891中信關鍵半導體,0,41,-41
國泰高雄,堤維西,5,41,-36
國泰高雄,00947台新臺灣IC設計,1,37,-36
國泰高雄,陽明,38,73,-35
國泰高雄,欣銓,22,56,-34
國泰高雄,新盛力,291,325,-34
國泰高雄,00932兆豐永續高息等權,0,33,-33
國泰高雄,00631L元大台灣50正2,3,33,-30
國泰高雄,群創,27,56,-29
國泰高雄,00757統一FANG+,8,36,-28
國泰高雄,日月光投控,44,72,-28
國泰高雄,台積電,21,48,-27
國泰高雄,00934中信成長高股息,0,25,-25
國泰高雄,萬海,21,46,-25
國泰高雄,富喬,74,97,-23
國泰高雄,光寶科,2,25,-23
國泰高雄,晟銘電,11,34,-23
國泰高雄,00923群益台ESG低碳50,1,24,-23
國泰高雄,元大台灣50,6,27,-21
國泰高雄,正德,1,21,-20
國泰高雄,海華,17,37,-20
國泰高雄,00740B富邦全球投等債,0,18,-18
國泰高雄,00944野村趨勢動能高息,0,18,-18
國泰高雄,宏致,42,59,-17
國泰高雄,錸德,4,21,-17
國泰高雄,00926凱基全球菁英55,0,17,-17
國泰高雄,00922國泰台灣領袖50,34,50,-16
國泰高雄,南亞科,23,39,-16
國泰,00830國泰費城半導體,3627,105,3522
國泰,國泰金,2290,0,2290
國泰,長榮航,2132,94,2038
國泰,00646元大S＆P500,1094,0,1094
國泰,長榮,758,15,743
國泰,欣銓,920,186,734
國泰,中信金,709,28,681
國泰,00878國泰永續高股息,584,25,559
國泰,永豐金,537,0,537
國泰,合騏,503,0,503
國泰,南亞,444,0,444
國泰,聯電,544,103,441
國泰,仁寶,444,5,439
國泰,元大金,431,0,431
國泰,新日興,425,4,421
國泰,欣興,825,405,420
國泰,微星,435,17,418
國泰,第一金,415,0,415
國泰,00770國泰北美科技,359,0,359
國泰,兆豐金,340,1,339
國泰,緯創,523,186,337
國泰,台達電,432,142,290
國泰,鈺齊-KY,299,10,289
國泰,英業達,291,7,284
國泰,00919群益台灣精選高息,240,1,239
國泰,台積電,409,186,223
國泰,永道-KY,222,0,222
國泰,元大高股息,214,1,213
國泰,台新金,193,0,193
國泰,貿聯-KY,196,3,193
國泰,006208富邦台50,194,4,190
國泰,00645富邦日本,188,0,188
國泰,力成,184,0,184
國泰,昇達科,176,4,172
國泰,00916國泰全球品牌50,170,1,169
國泰,富邦金,157,3,154
國泰,006205富邦上証,150,0,150
國泰,金像電,128,3,125
國泰,廣達,263,140,123
國泰,宏致,150,28,122
國泰,中華電,120,0,120
國泰,世德,115,10,105
國泰,來頡,100,0,100
國泰,來億-KY,100,0,100
國泰,裕民,100,2,98
國泰,三芳,101,5,96
國泰,00937B群益ESG投等債20,118,30,88
國泰,玉山金,89,1,88
國泰,華星光,101,15,86
國泰,百和,103,20,83
國泰,00941中信上游半導體,12,5000,-4988
國泰,鴻海,90,1320,-1230
國泰,00637L元大滬深300正2,42,618,-576
國泰,商億-KY,0,275,-275
國泰,00909國泰數位支付服務,19,282,-263
國泰,00665L富邦�琤肭磪囓�2,1,242,-241
國泰,宏達電,590,822,-232
國泰,玉晶光,0,180,-180
國泰,勤美,0,170,-170
國泰,廣明,0,141,-141
國泰,擎亞,56,187,-131
國泰,宏齊,0,118,-118
國泰,冠德,0,114,-114
國泰,世界,0,100,-100
國泰,零壹,101,200,-99
國泰,長榮鋼,1,100,-99
國泰,聯發科,103,187,-84
國泰,緯穎,31,113,-82
國泰,由田,0,80,-80
國泰,大洋,0,73,-73
國泰,優群,0,70,-70
國泰,鴻準,4,71,-67
國泰,上緯投控,0,65,-65
國泰,京元電子,7,70,-63
國泰,騰輝電子-KY,0,60,-60
國泰,偉訓,5,62,-57
國泰,宏全,1,53,-52
國泰,�矬�,0,52,-52
國泰,亞光,10,61,-51
國泰,啟��,1,52,-51
國泰,泰金寶-DR,0,50,-50
國泰,義隆,1,50,-49
國泰,毅嘉,0,48,-48
國泰,聯詠,54,101,-47
國泰,泰鼎-KY,22,66,-44
國泰,信邦,0,40,-40
國泰,00939統一台灣高息動能,14,50,-36
國泰,凱美,1,36,-35
國泰,志強-KY,7,42,-35
國泰,00792B群益A級公司債,1,31,-30
國泰,金寶,0,28,-28
國泰,德律,0,25,-25
國泰,創惟,2,26,-24
國泰,中台,0,24,-24
國泰,台灣虎航,45,69,-24
國泰,飛宏,0,23,-23
國泰,雄獅,3,25,-22
國泰,旺矽,8,29,-21
國泰,富野,0,20,-20
國泰,燿華,0,20,-20
永豐板盛,矽格,60,0,60
永豐板盛,大同,83,25,58
永豐板盛,建漢,44,0,44
永豐板盛,00637L元大滬深300正2,42,0,42
永豐板盛,00739元大MSCI A股,41,0,41
永豐板盛,聯電,107,76,31
永豐板盛,00632R元大台灣50反1,25,0,25
永豐板盛,元大高股息,27,6,21
永豐板盛,惠特,21,0,21
永豐板盛,永豐金,21,1,20
永豐板盛,兆豐金,19,0,19
永豐板盛,原相,24,5,19
永豐板盛,00633L富邦上証正2,17,0,17
永豐板盛,00959B大華投等美債15Y+,17,0,17
永豐板盛,華通,20,3,17
永豐板盛,神盾,17,0,17
永豐板盛,金寶,16,0,16
永豐板盛,廣達,38,23,15
永豐板盛,皇昌,14,0,14
永豐板盛,凱基金,15,1,14
永豐板盛,迅得,14,1,13
永豐板盛,00720B元大投資級公司債,17,4,13
永豐板盛,精金,13,0,13
永豐板盛,仁寶,12,0,12
永豐板盛,德晉,12,0,12
永豐板盛,海華,12,0,12
永豐板盛,鈺齊-KY,12,1,11
永豐板盛,燁輝,10,0,10
永豐板盛,智晶,10,0,10
永豐板盛,立端,10,0,10
永豐板盛,00924復華S＆P500成長,10,1,9
永豐板盛,台燿,9,0,9
永豐板盛,00706L期元大S＆P日圓正2,8,0,8
永豐板盛,泰金寶-DR,31,23,8
永豐板盛,00757統一FANG+,10,2,8
永豐板盛,00919群益台灣精選高息,8,0,8
永豐板盛,力成,7,0,7
永豐板盛,00882中信中國高股息,13,6,7
永豐板盛,00918大華優利高填息30,7,0,7
永豐板盛,大成鋼,8,1,7
永豐板盛,擎亞,33,26,7
永豐板盛,寶成,7,0,7
永豐板盛,00915凱基優選高股息30,6,0,6
永豐板盛,廣宇,9,3,6
永豐板盛,訊芯-KY,8,2,6
永豐板盛,台揚,7,1,6
永豐板盛,邁達特,7,1,6
永豐板盛,台特化,6,0,6
永豐板盛,駿吉-KY,5,0,5
永豐板盛,豐興,5,0,5
永豐板盛,全新,62,151,-89
永豐板盛,00937B群益ESG投等債20,6,80,-74
永豐板盛,華航,0,71,-71
永豐板盛,神基,0,66,-66
永豐板盛,神達,70,124,-54
永豐板盛,環宇-KY,64,106,-42
永豐板盛,新光金,0,41,-41
永豐板盛,00852L國泰美國道瓊正2,0,36,-36
永豐板盛,宏達電,67,103,-36
永豐板盛,陽明,2,36,-34
永豐板盛,欣銓,8,40,-32
永豐板盛,穩懋,0,31,-31
永豐板盛,憶聲,0,30,-30
永豐板盛,聚亨,0,29,-29
永豐板盛,00877復華中國5G,0,28,-28
永豐板盛,緯創,8,36,-28
永豐板盛,保瑞,0,27,-27
永豐板盛,和椿,30,57,-27
永豐板盛,華新,0,25,-25
永豐板盛,亞翔,3,27,-24
永豐板盛,00940元大台灣價值高息,0,23,-23
永豐板盛,錸德,0,22,-22
永豐板盛,佳能,13,33,-20
永豐板盛,雄獅,0,20,-20
永豐板盛,錦明,0,20,-20
永豐板盛,瀚宇博,0,20,-20
永豐板盛,00878國泰永續高股息,16,35,-19
永豐板盛,加百裕,19,38,-19
永豐板盛,長佳智能,1,19,-18
永豐板盛,00715L期街口布蘭特正2,0,17,-17
永豐板盛,00687B國泰20年美債,0,16,-16
永豐板盛,台塑,40,56,-16
永豐板盛,新盛力,186,200,-14
永豐板盛,00929復華台灣科技優息,2,16,-14
永豐板盛,新日興,7,19,-12
永豐板盛,世紀鋼,0,12,-12
永豐板盛,華星光,117,128,-11
永豐板盛,興能高,282,293,-11
永豐板盛,00680L元大美債20正2,7,17,-10
永豐板盛,00948B中信優息投資級債,0,10,-10
永豐板盛,士電,0,10,-10
永豐板盛,春源,0,10,-10
永豐板盛,艾訊,0,10,-10
永豐板盛,TPK-KY,0,10,-10
永豐板盛,泰鼎-KY,0,10,-10
永豐板盛,松上,0,10,-10
永豐板盛,元晶,0,10,-10
永豐板盛,台積電,9,18,-9
永豐板盛,科妍,4,13,-9
永豐板盛,006208富邦台50,2,10,-8
 元大善化,聯電,205,14,191
 元大善化,興能高,246,169,77
 元大善化,和椿,77,26,51
 元大善化,元大高股息,74,28,46
 元大善化,00945B凱基美國非投等債,46,0,46
 元大善化,揚智,44,4,40
 元大善化,00919群益台灣精選高息,41,7,34
 元大善化,緯創,71,39,32
 元大善化,英業達,35,5,30
 元大善化,00664R國泰臺灣加權反1,30,0,30
 元大善化,穩懋,30,1,29
 元大善化,聯一光,24,0,24
 元大善化,台達化,23,0,23
 元大善化,得力,22,0,22
 元大善化,健喬,20,0,20
 元大善化,新盛力,94,76,18
 元大善化,金寶,18,4,14
 元大善化,00858永豐美國500大,14,0,14
 元大善化,廣達,16,3,13
 元大善化,瑞軒,13,0,13
 元大善化,昇陽半導體,15,3,12
 元大善化,中鋼,20,8,12
 元大善化,00918大華優利高填息30,13,2,11
 元大善化,台汽電,12,1,11
 元大善化,長榮鋼,10,0,10
 元大善化,雃博,10,0,10
 元大善化,裕日車,10,0,10
 元大善化,達麗,10,0,10
 元大善化,華容,10,0,10
 元大善化,佳和,10,0,10
 元大善化,信音,10,0,10
 元大善化,聯合再生,16,6,10
 元大善化,中磊,14,4,10
 元大善化,英濟,16,7,9
 元大善化,東洋,10,1,9
 元大善化,生華科,8,0,8
 元大善化,鴻海,30,22,8
 元大善化,昆盈,25,19,6
 元大善化,南茂,13,7,6
 元大善化,加捷生醫,9,3,6
 元大善化,立隆電,46,40,6
 元大善化,佳能,30,25,5
 元大善化,全台,5,0,5
 元大善化,聯華,5,0,5
 元大善化,達邁,13,8,5
 元大善化,連展投控,6,1,5
 元大善化,耿鼎,5,0,5
 元大善化,星宇航空,11,6,5
 元大善化,台灣大,5,0,5
 元大善化,00950B凱基A級公司債,5,0,5
 元大善化,宏齊,7,296,-289
 元大善化,力積電,438,671,-233
 元大善化,00965元大航太防衛科技,2,121,-119
 元大善化,00642U期元大S＆P石油,0,100,-100
 元大善化,00940元大台灣價值高息,10,104,-94
 元大善化,00715L期街口布蘭特正2,0,91,-91
 元大善化,00753L中信中國50正2,3,70,-67
 元大善化,00927群益半導體收益,1,50,-49
 元大善化,華南金,0,46,-46
 元大善化,友達,8,54,-46
 元大善化,00632R元大台灣50反1,1,43,-42
 元大善化,00929復華台灣科技優息,1,41,-40
 元大善化,宏致,4,42,-38
 元大善化,太子,0,35,-35
 元大善化,亞航,10,45,-35
 元大善化,國泰金,0,34,-34
 元大善化,00878國泰永續高股息,33,65,-32
 元大善化,00937B群益ESG投等債20,50,75,-25
 元大善化,富邦金,0,24,-24
 元大善化,保瑞,4,27,-23
 元大善化,興富發,0,22,-22
 元大善化,00687B國泰20年美債,0,22,-22
 元大善化,00680L元大美債20正2,5,26,-21
 元大善化,永豐金,4,25,-21
 元大善化,群創,5,26,-21
 元大善化,長榮航,27,47,-20
 元大善化,00646元大S＆P500,0,20,-20
 元大善化,臺企銀,2,21,-19
 元大善化,00905FT臺灣Smart,0,19,-19
 元大善化,006208富邦台50,5,23,-18
 元大善化,佳龍,0,18,-18
 元大善化,00934中信成長高股息,0,18,-18
 元大善化,廣宇,12,29,-17
 元大善化,00953B群益優選非投等債,3,20,-17
 元大善化,僑威,55,72,-17
 元大善化,精成科,8,25,-17
 元大善化,千附,0,16,-16
 元大善化,台積電,13,28,-15
 元大善化,大洋,0,15,-15
 元大善化,旺宏,0,15,-15
 元大善化,定穎投控,3,17,-14
 元大善化,富喬,18,31,-13
 元大善化,欣銓,12,25,-13
 元大善化,仁寶,5,18,-13
 元大善化,00922國泰台灣領袖50,1,14,-13
 元大善化,允強,0,12,-12
 元大善化,華航,1,13,-12
 元大善化,樺漢,0,12,-12
 元大善化,佳世達,0,12,-12
 元大善化,00692富邦公司治理,0,12,-12
兆豐竹北,00885富邦越南,192,0,192
兆豐竹北,緯創,190,57,133
兆豐竹北,聯電,139,9,130
兆豐竹北,南亞科,96,18,78
兆豐竹北,00637L元大滬深300正2,78,33,45
兆豐竹北,00953B群益優選非投等債,40,0,40
兆豐竹北,新盛力,50,15,35
兆豐竹北,00830國泰費城半導體,42,14,28
兆豐竹北,00937B群益ESG投等債20,28,0,28
兆豐竹北,京元電子,22,1,21
兆豐竹北,00665L富邦�琤肭磪囓�2,37,16,21
兆豐竹北,台塑,16,1,15
兆豐竹北,00701國泰股利精選30,15,0,15
兆豐竹北,00959B大華投等美債15Y+,15,0,15
兆豐竹北,統一,15,0,15
兆豐竹北,圓剛,15,2,13
兆豐竹北,訊達,17,5,12
兆豐竹北,00772B中信高評級公司債,10,0,10
兆豐竹北,00676R富邦臺灣加權反1,10,0,10
兆豐竹北,00632R元大台灣50反1,10,0,10
兆豐竹北,華新,40,30,10
兆豐竹北,正達,10,0,10
兆豐竹北,岱稜,10,0,10
兆豐竹北,鴻海,17,8,9
兆豐竹北,連展投控,10,2,8
兆豐竹北,亞昕,8,0,8
兆豐竹北,欣興,8,1,7
兆豐竹北,00671R富邦NASDAQ反1,7,0,7
兆豐竹北,00633L富邦上証正2,12,5,7
兆豐竹北,聯鈞,21,15,6
兆豐竹北,亞光,6,0,6
兆豐竹北,達邁,14,8,6
兆豐竹北,聯光通,23,17,6
兆豐竹北,全訊,6,0,6
兆豐竹北,長虹,6,0,6
兆豐竹北,擎亞,12,6,6
兆豐竹北,中鋼,5,0,5
兆豐竹北,昇陽半導體,5,0,5
兆豐竹北,00927群益半導體收益,5,0,5
兆豐竹北,岱宇,6,1,5
兆豐竹北,昇貿,5,0,5
兆豐竹北,位速,5,0,5
兆豐竹北,國眾,5,0,5
兆豐竹北,台灣虎航,5,0,5
兆豐竹北,東捷,5,0,5
兆豐竹北,00965元大航太防衛科技,5,0,5
兆豐竹北,00679B元大美債20年,6,2,4
兆豐竹北,科妍,10,6,4
兆豐竹北,台新金,4,0,4
兆豐竹北,加百裕,18,14,4
兆豐竹北,00795B中信美國公債20年,5,165,-160
兆豐竹北,凌陽,0,100,-100
兆豐竹北,友達,6,100,-94
兆豐竹北,00878國泰永續高股息,15,109,-94
兆豐竹北,00980B台新特選IG債10+,1,90,-89
兆豐竹北,力積電,28,108,-80
兆豐竹北,00929復華台灣科技優息,10,79,-69
兆豐竹北,00670L富邦NASDAQ正2,0,55,-55
兆豐竹北,華南金,0,39,-39
兆豐竹北,元大高股息,17,51,-34
兆豐竹北,凱基金,1,33,-32
兆豐竹北,彰銀,0,31,-31
兆豐竹北,健喬,0,30,-30
兆豐竹北,華航,1,26,-25
兆豐竹北,欣銓,11,32,-21
兆豐竹北,00680L元大美債20正2,10,30,-20
兆豐竹北,玉山金,0,19,-19
兆豐竹北,萬泰科,0,16,-16
兆豐竹北,00631L元大台灣50正2,0,15,-15
兆豐竹北,泰金寶-DR,5,20,-15
兆豐竹北,華邦電,1,15,-14
兆豐竹北,立隆電,9,23,-14
兆豐竹北,志強-KY,0,13,-13
兆豐竹北,富喬,10,21,-11
兆豐竹北,00882中信中國高股息,0,10,-10
兆豐竹北,00641R富邦日本反1,0,10,-10
兆豐竹北,00675L富邦臺灣加權正2,0,10,-10
兆豐竹北,中工,0,10,-10
兆豐竹北,群創,1,11,-10
兆豐竹北,台化,0,10,-10
兆豐竹北,新光金,1,10,-9
兆豐竹北,00715L期街口布蘭特正2,0,9,-9
兆豐竹北,鴻準,0,9,-9
兆豐竹北,台積電,3,12,-9
兆豐竹北,00887永豐中國科技50大,0,8,-8
兆豐竹北,00922國泰台灣領袖50,3,11,-8
兆豐竹北,佳世達,1,9,-8
兆豐竹北,宏捷科,0,8,-8
兆豐竹北,元大台灣50,0,8,-8
兆豐竹北,神達,36,43,-7
兆豐竹北,大成鋼,10,17,-7
兆豐竹北,臻鼎-KY,11,18,-7
兆豐竹北,台虹,0,7,-7
兆豐竹北,光寶科,1,7,-6
兆豐竹北,華城,0,6,-6
兆豐竹北,士電,3,9,-6
兆豐竹北,奇鋐,2,8,-6
兆豐竹北,笙泉,0,6,-6
兆豐竹北,安瑞-KY,0,6,-6
兆豐竹北,興能高,43,49,-6
 元大學府,聯電,193,13,180
 元大學府,00933B國泰10Y+金融債,45,5,40
 元大學府,泰金寶-DR,31,2,29
 元大學府,00919群益台灣精選高息,38,12,26
 元大學府,00937B群益ESG投等債20,24,0,24
 元大學府,宏��,21,1,20
 元大學府,元大高股息,29,12,17
 元大學府,緯創,20,4,16
 元大學府,騰輝電子-KY,14,1,13
 元大學府,聯鈞,25,14,11
 元大學府,合晶,11,0,11
 元大學府,00673R期元大S＆P原油反1,10,0,10
 元大學府,00932兆豐永續高息等權,10,0,10
 元大學府,志超,10,0,10
 元大學府,兆豐金,9,0,9
 元大學府,英業達,10,1,9
 元大學府,龍德造船,9,1,8
 元大學府,00971野村美國研發龍頭,7,0,7
 元大學府,聯華,7,0,7
 元大學府,湧德,6,0,6
 元大學府,新唐,8,2,6
 元大學府,來億-KY,7,1,6
 元大學府,欣興,7,1,6
 元大學府,美亞,5,0,5
 元大學府,00687B國泰20年美債,6,1,5
 元大學府,鴻海,11,7,4
 元大學府,00893國泰智能電動車,4,0,4
 元大學府,星宇航空,5,1,4
 元大學府,光鋐,5,1,4
 元大學府,安集,4,0,4
 元大學府,00892富邦台灣半導體,4,0,4
 元大學府,00680L元大美債20正2,3,0,3
 元大學府,技嘉,3,0,3
 元大學府,00891中信關鍵半導體,3,0,3
 元大學府,00753L中信中國50正2,3,0,3
 元大學府,台玻,7,4,3
 元大學府,矽統,3,0,3
 元大學府,遠百,3,0,3
 元大學府,波若威,15,12,3
 元大學府,加捷生醫,3,0,3
 元大學府,新潤,3,0,3
 元大學府,居易,3,0,3
 元大學府,訊芯-KY,4,1,3
 元大學府,00679B元大美債20年,3,0,3
 元大學府,00878國泰永續高股息,15,12,3
 元大學府,前鼎,11,8,3
 元大學府,00632R元大台灣50反1,2,0,2
 元大學府,00713元大台灣高息低波,2,0,2
 元大學府,陽明,7,5,2
 元大學府,00918大華優利高填息30,4,2,2
 元大學府,力積電,32,172,-140
 元大學府,擎亞,1,84,-83
 元大學府,金寶,1,60,-59
 元大學府,00929復華台灣科技優息,0,47,-47
 元大學府,00887永豐中國科技50大,0,45,-45
 元大學府,00965元大航太防衛科技,0,40,-40
 元大學府,00940元大台灣價值高息,4,41,-37
 元大學府,00675L富邦臺灣加權正2,1,37,-36
 元大學府,台揚,1,31,-30
 元大學府,神達,44,74,-30
 元大學府,友訊,7,36,-29
 元大學府,00712復華富時不動產,2,28,-26
 元大學府,凱基金,1,26,-25
 元大學府,玉山金,3,24,-21
 元大學府,宇隆,0,19,-19
 元大學府,萬海,1,16,-15
 元大學府,新光金,0,14,-14
 元大學府,元大台灣50,0,13,-13
 元大學府,00642U期元大S＆P石油,0,13,-13
 元大學府,中信金,0,12,-12
 元大學府,劍湖山,0,12,-12
 元大學府,新盛力,24,35,-11
 元大學府,00960野村全球航運龍頭,2,13,-11
 元大學府,00637L元大滬深300正2,53,63,-10
 元大學府,長興,0,10,-10
 元大學府,長榮航,5,15,-10
 元大學府,青雲,0,10,-10
 元大學府,00830國泰費城半導體,0,10,-10
 元大學府,日月光投控,1,10,-9
 元大學府,欣銓,6,15,-9
 元大學府,寶成,0,9,-9
 元大學府,宏達電,78,86,-8
 元大學府,眾達-KY,9,17,-8
 元大學府,華城,1,9,-8
 元大學府,宏致,1,9,-8
 元大學府,中華電,0,7,-7
 元大學府,006208富邦台50,1,7,-6
 元大學府,友達,3,9,-6
 元大學府,御嵿,0,6,-6
 元大學府,榮剛,1,7,-6
 元大學府,長榮,0,6,-6
 元大學府,群創,1,7,-6
 元大學府,興能高,139,144,-5
 元大學府,廣運,0,5,-5
 元大學府,恆大,2,7,-5
 元大學府,彰銀,1,6,-5
 元大學府,科風,0,5,-5
 元大學府,正達,0,5,-5
 元大學府,海華,5,10,-5
 元大學府,信紘科,0,5,-5
凱基敦北,00919群益台灣精選高息,103,0,103
凱基敦北,御嵿,100,0,100
凱基敦北,湧德,70,0,70
凱基敦北,聯電,44,4,40
凱基敦北,宏捷科,40,0,40
凱基敦北,高力,36,0,36
凱基敦北,宏達電,129,113,16
凱基敦北,新日興,16,2,14
凱基敦北,迅得,34,21,13
凱基敦北,台塑,12,0,12
凱基敦北,台化,12,0,12
凱基敦北,00662富邦NASDAQ,12,0,12
凱基敦北,澤米,28,16,12
凱基敦北,00915凱基優選高股息30,10,0,10
凱基敦北,金像電,70,60,10
凱基敦北,00637L元大滬深300正2,9,0,9
凱基敦北,逸昌,9,0,9
凱基敦北,00675L富邦臺灣加權正2,8,0,8
凱基敦北,00670L富邦NASDAQ正2,8,0,8
凱基敦北,欣興,9,1,8
凱基敦北,彬台,8,0,8
凱基敦北,00858永豐美國500大,7,0,7
凱基敦北,兆豐金,7,0,7
凱基敦北,統一超,7,0,7
凱基敦北,00687B國泰20年美債,6,0,6
凱基敦北,00971野村美國研發龍頭,6,0,6
凱基敦北,立隆電,6,0,6
凱基敦北,醣聯,6,0,6
凱基敦北,緯創,15,9,6
凱基敦北,陽明,15,10,5
凱基敦北,創意,6,1,5
凱基敦北,富喬,19,14,5
凱基敦北,IKKA-KY,10,5,5
凱基敦北,雃博,5,0,5
凱基敦北,永昕,5,0,5
凱基敦北,訊連,4,0,4
凱基敦北,中鴻,5,1,4
凱基敦北,中租-KY,4,0,4
凱基敦北,廣明,4,1,3
凱基敦北,愛之味,23,20,3
凱基敦北,鈺齊-KY,5,2,3
凱基敦北,新應材,2,0,2
凱基敦北,鼎基,2,0,2
凱基敦北,M31,2,0,2
凱基敦北,大成鋼,3,1,2
凱基敦北,第一金,2,0,2
凱基敦北,00937B群益ESG投等債20,7,5,2
凱基敦北,00631L元大台灣50正2,2,0,2
凱基敦北,00635U期元大S＆P黃金,2,0,2
凱基敦北,00770國泰北美科技,2,0,2
凱基敦北,00980B台新特選IG債10+,0,84,-84
凱基敦北,00632R元大台灣50反1,12,75,-63
凱基敦北,欣銓,15,66,-51
凱基敦北,泰鼎-KY,2,53,-51
凱基敦北,華新,0,40,-40
凱基敦北,神達,79,115,-36
凱基敦北,南亞,0,35,-35
凱基敦北,創惟,0,33,-33
凱基敦北,興能高,24,54,-30
凱基敦北,加百裕,45,72,-27
凱基敦北,弘凱,0,26,-26
凱基敦北,森崴能源,0,25,-25
凱基敦北,佳能,2,23,-21
凱基敦北,新光金,0,18,-18
凱基敦北,00753L中信中國50正2,0,15,-15
凱基敦北,憶聲,0,15,-15
凱基敦北,力積電,0,13,-13
凱基敦北,台達電,0,13,-13
凱基敦北,00929復華台灣科技優息,1,13,-12
凱基敦北,超豐,3,15,-12
凱基敦北,良維,0,12,-12
凱基敦北,華星光,18,29,-11
凱基敦北,愛山林,0,11,-11
凱基敦北,凱基金,0,11,-11
凱基敦北,00647L元大S＆P500正2,0,10,-10
凱基敦北,零壹,0,10,-10
凱基敦北,逸達,0,10,-10
凱基敦北,康全電訊,0,10,-10
凱基敦北,海光,0,9,-9
凱基敦北,晟銘電,1,10,-9
凱基敦北,中鋼,11,19,-8
凱基敦北,玉山金,0,8,-8
凱基敦北,台積電,1,8,-7
凱基敦北,00881國泰台灣5G+,0,7,-7
凱基敦北,中華電,0,7,-7
凱基敦北,永道-KY,3,10,-7
凱基敦北,00673R期元大S＆P原油反1,10,16,-6
凱基敦北,弘裕,0,6,-6
凱基敦北,世德,0,6,-6
凱基敦北,仁寶,0,6,-6
凱基敦北,00772B中信高評級公司債,0,5,-5
凱基敦北,00887永豐中國科技50大,0,5,-5
凱基敦北,喬山,0,5,-5
凱基敦北,廣宇,0,5,-5
凱基敦北,長榮航,0,5,-5
凱基敦北,友輝,0,5,-5
凱基敦北,共信-KY,0,5,-5
凱基敦北,聯上發,0,4,-4
凱基敦北,元翎,0,4,-4
凱基敦北,永捷,0,4,-4
 元大內湖,華新,1667,18,1649
 元大內湖,華通,303,3,300
 元大內湖,00676R富邦臺灣加權反1,240,0,240
 元大內湖,00637L元大滬深300正2,122,1,121
 元大內湖,大聯大,85,0,85
 元大內湖,日電貿,64,1,63
 元大內湖,00937B群益ESG投等債20,57,4,53
 元大內湖,00706L期元大S＆P日圓正2,50,0,50
 元大內湖,華邦電,57,7,50
 元大內湖,興能高,200,153,47
 元大內湖,00953B群益優選非投等債,45,0,45
 元大內湖,00918大華優利高填息30,61,16,45
 元大內湖,00719B元大美債1-3,41,0,41
 元大內湖,旺矽,42,1,41
 元大內湖,00650L復華香港正2,36,0,36
 元大內湖,00924復華S＆P500成長,31,1,30
 元大內湖,富采,33,4,29
 元大內湖,北極星藥業-KY,29,2,27
 元大內湖,00665L富邦�琤肭磪囓�2,33,6,27
 元大內湖,皇昌,35,9,26
 元大內湖,緯創,39,14,25
 元大內湖,三商壽,25,0,25
 元大內湖,金寶,25,1,24
 元大內湖,欣興,21,0,21
 元大內湖,兆豐金,20,0,20
 元大內湖,亞光,26,6,20
 元大內湖,台新金,15,0,15
 元大內湖,全科,15,0,15
 元大內湖,聯鈞,42,27,15
 元大內湖,00912中信臺灣智慧50,14,0,14
 元大內湖,欣欣,14,0,14
 元大內湖,陽明,24,11,13
 元大內湖,技嘉,13,0,13
 元大內湖,00881國泰台灣5G+,12,0,12
 元大內湖,宏��,14,2,12
 元大內湖,建漢,12,0,12
 元大內湖,玉晶光,11,0,11
 元大內湖,大同,18,7,11
 元大內湖,00858永豐美國500大,10,0,10
 元大內湖,佳能,14,4,10
 元大內湖,聯合再生,13,3,10
 元大內湖,創惟,23,13,10
 元大內湖,00951台新日本半導體,20,10,10
 元大內湖,映泰,10,0,10
 元大內湖,00753L中信中國50正2,12,2,10
 元大內湖,環科,10,0,10
 元大內湖,00943兆豐電子高息等權,10,0,10
 元大內湖,漢科,10,0,10
 元大內湖,福懋科,10,0,10
 元大內湖,00643群益深証中小,10,0,10
 元大內湖,00965元大航太防衛科技,1,205,-204
 元大內湖,00642U期元大S＆P石油,0,200,-200
 元大內湖,00891中信關鍵半導體,3,167,-164
 元大內湖,00673R期元大S＆P原油反1,24,131,-107
 元大內湖,00929復華台灣科技優息,0,102,-102
 元大內湖,南茂,2,101,-99
 元大內湖,00878國泰永續高股息,43,134,-91
 元大內湖,元大高股息,56,132,-76
 元大內湖,00919群益台灣精選高息,78,152,-74
 元大內湖,凱基金,1,72,-71
 元大內湖,力積電,134,202,-68
 元大內湖,友達,5,58,-53
 元大內湖,富邦金,2,50,-48
 元大內湖,台泥,18,62,-44
 元大內湖,聯電,195,239,-44
 元大內湖,英業達,29,69,-40
 元大內湖,立��,5,45,-40
 元大內湖,00882中信中國高股息,5,43,-38
 元大內湖,玉山金,2,39,-37
 元大內湖,國泰金,12,47,-35
 元大內湖,華南金,0,34,-34
 元大內湖,00940元大台灣價值高息,12,43,-31
 元大內湖,健喬,0,30,-30
 元大內湖,台積電,12,42,-30
 元大內湖,神基,3,33,-30
 元大內湖,00922國泰台灣領袖50,1,30,-29
 元大內湖,萬潤,0,25,-25
 元大內湖,元大台灣50,9,32,-23
 元大內湖,00941中信上游半導體,0,22,-22
 元大內湖,神達,142,163,-21
 元大內湖,緯穎,4,24,-20
 元大內湖,安泰銀,0,20,-20
 元大內湖,中光電,8,28,-20
 元大內湖,鴻海,7,27,-20
 元大內湖,長榮航,6,25,-19
 元大內湖,00685L群益臺灣加權正2,0,19,-19
 元大內湖,保瑞,11,29,-18
 元大內湖,欣銓,17,33,-16
 元大內湖,達欣工,0,16,-16
 元大內湖,宏達電,48,64,-16
 元大內湖,彩晶,0,15,-15
 元大內湖,泰金寶-DR,15,30,-15
 元大內湖,惠特,10,25,-15
 元大內湖,精成科,22,37,-15
 元大內湖,虹光,0,14,-14
 元大內湖,太子,0,14,-14
 元大內湖,順達,8,22,-14
 元大內湖,南電,1,14,-13
 元大內湖,00915凱基優選高股息30,4,17,-13
 元大內湖,廣宇,1,14,-13
凱基大安,宏致,206,82,124
凱基大安,神達,128,13,115
凱基大安,00725B國泰投資級公司債,45,0,45
凱基大安,西勝,80,45,35
凱基大安,八方雲集,30,0,30
凱基大安,元大高股息,23,0,23
凱基大安,聯電,13,1,12
凱基大安,廣宇,12,1,11
凱基大安,00670L富邦NASDAQ正2,10,0,10
凱基大安,光環,6,0,6
凱基大安,00650L復華香港正2,5,0,5
凱基大安,00647L元大S＆P500正2,5,0,5
凱基大安,一詮,5,0,5
凱基大安,宜新實業,5,0,5
凱基大安,ITH-KY,5,0,5
凱基大安,晟銘電,5,0,5
凱基大安,00910第一金太空衛星,4,0,4
凱基大安,夏都,4,0,4
凱基大安,緯創,4,0,4
凱基大安,精材,5,2,3
凱基大安,台揚,3,0,3
凱基大安,敬鵬,3,0,3
凱基大安,昇達科,6,3,3
凱基大安,寶得利,3,0,3
凱基大安,擎亞,12,9,3
凱基大安,德麥,2,0,2
凱基大安,大成鋼,2,0,2
凱基大安,萬海,4,2,2
凱基大安,2883B凱基金乙特,2,0,2
凱基大安,3036A文曄甲特,2,0,2
凱基大安,新日興,3,1,2
凱基大安,全球傳動,3,1,2
凱基大安,眾達-KY,6,4,2
凱基大安,達運,2,0,2
凱基大安,立敦,2,0,2
凱基大安,亞通,2,0,2
凱基大安,藥華藥,3,1,2
凱基大安,佳龍,2,0,2
凱基大安,緯穎,2,0,2
凱基大安,00919群益台灣精選高息,2,0,2
凱基大安,兆豐金,2,0,2
凱基大安,台積電,4,3,1
凱基大安,廣達,1,0,1
凱基大安,00915凱基優選高股息30,1,0,1
凱基大安,信驊,1,0,1
凱基大安,00953B群益優選非投等債,1,0,1
凱基大安,00882中信中國高股息,1,0,1
凱基大安,直得,1,0,1
凱基大安,美時,1,0,1
凱基大安,英業達,1,0,1
凱基大安,00937B群益ESG投等債20,0,90,-90
凱基大安,創惟,14,101,-87
凱基大安,台泥,2,79,-77
凱基大安,00948B中信優息投資級債,0,50,-50
凱基大安,玉山金,0,39,-39
凱基大安,00773B中信優先金融債,0,31,-31
凱基大安,00980B台新特選IG債10+,0,25,-25
凱基大安,00642U期元大S＆P石油,0,22,-22
凱基大安,富喬,3,19,-16
凱基大安,宏達電,3,19,-16
凱基大安,風青,0,15,-15
凱基大安,00751B元大AAA至A公司債,0,12,-12
凱基大安,00939統一台灣高息動能,0,10,-10
凱基大安,00933B國泰10Y+金融債,0,10,-10
凱基大安,00929復華台灣科技優息,0,10,-10
凱基大安,台塑,0,10,-10
凱基大安,IET-KY,0,10,-10
凱基大安,至上,0,10,-10
凱基大安,國揚,0,10,-10
凱基大安,佳和,0,8,-8
凱基大安,友訊,0,8,-8
凱基大安,新光鋼,0,7,-7
凱基大安,岱宇,0,6,-6
凱基大安,普安,0,6,-6
凱基大安,力積電,6,12,-6
凱基大安,00720B元大投資級公司債,0,5,-5
凱基大安,中化生,0,5,-5
凱基大安,燿華,0,5,-5
凱基大安,營邦,0,5,-5
凱基大安,良維,0,5,-5
凱基大安,攸泰科技,0,5,-5
凱基大安,長榮,0,5,-5
凱基大安,波若威,15,19,-4
凱基大安,加百裕,1,5,-4
凱基大安,旺玖,0,4,-4
凱基大安,興能高,15,19,-4
凱基大安,福華,0,4,-4
凱基大安,利奇,0,3,-3
凱基大安,00951台新日本半導體,0,3,-3
凱基大安,盟立,0,3,-3
凱基大安,欣銓,0,3,-3
凱基大安,臺慶科,2,5,-3
凱基大安,東捷,0,3,-3
凱基大安,亞翔,3,6,-3
凱基大安,元大台灣50,0,3,-3
凱基大安,星宇航空,1,3,-2
凱基大安,00923群益台ESG低碳50,0,2,-2
凱基大安,大同,1,3,-2
凱基大安,00940元大台灣價值高息,0,2,-2
凱基大安,00888永豐台灣ESG,0,2,-2
群益古亭,長榮航,417,15,402
群益古亭,00953B群益優選非投等債,401,0,401
群益古亭,聯電,133,20,113
群益古亭,台塑,75,0,75
群益古亭,富喬,65,9,56
群益古亭,眾達-KY,60,14,46
群益古亭,亞翔,48,2,46
群益古亭,亞光,47,5,42
群益古亭,金像電,42,3,39
群益古亭,00948B中信優息投資級債,40,2,38
群益古亭,00864B中信美國公債0-1,31,0,31
群益古亭,00688L國泰20年美債正2,30,0,30
群益古亭,雙鍵,30,0,30
群益古亭,台積電,47,18,29
群益古亭,精成科,33,8,25
群益古亭,連展投控,39,16,23
群益古亭,00632R元大台灣50反1,22,1,21
群益古亭,00858永豐美國500大,20,0,20
群益古亭,裕民,22,3,19
群益古亭,廣達,23,5,18
群益古亭,兆豐金,22,4,18
群益古亭,貿聯-KY,21,4,17
群益古亭,圓剛,16,0,16
群益古亭,精材,18,3,15
群益古亭,榮剛,15,0,15
群益古亭,長華*,16,1,15
群益古亭,亞泰,20,5,15
群益古亭,日月光投控,36,22,14
群益古亭,00918大華優利高填息30,13,0,13
群益古亭,立��,20,8,12
群益古亭,達邁,17,5,12
群益古亭,原相,11,0,11
群益古亭,宏��,11,1,10
群益古亭,遠東銀,10,0,10
群益古亭,00706L期元大S＆P日圓正2,10,0,10
群益古亭,維熹,10,0,10
群益古亭,台驊控股,10,0,10
群益古亭,台泥,11,1,10
群益古亭,00664R國泰臺灣加權反1,10,0,10
群益古亭,旺宏,10,0,10
群益古亭,新漢,10,1,9
群益古亭,陽明,12,3,9
群益古亭,旺旺保,9,0,9
群益古亭,00924復華S＆P500成長,8,0,8
群益古亭,智邦,10,2,8
群益古亭,聯鈞,43,35,8
群益古亭,堤維西,10,2,8
群益古亭,長榮,18,11,7
群益古亭,00937B群益ESG投等債20,22,15,7
群益古亭,欣興,17,11,6
群益古亭,00933B國泰10Y+金融債,0,175,-175
群益古亭,00980B台新特選IG債10+,1,150,-149
群益古亭,泰金寶-DR,366,452,-86
群益古亭,大同,21,103,-82
群益古亭,華夏,0,62,-62
群益古亭,00637L元大滬深300正2,106,156,-50
群益古亭,群創,2,52,-50
群益古亭,英濟,7,54,-47
群益古亭,00929復華台灣科技優息,4,39,-35
群益古亭,亞通,3,37,-34
群益古亭,恆大,0,33,-33
群益古亭,宏致,1,32,-31
群益古亭,訊芯-KY,19,50,-31
群益古亭,新光金,3,34,-31
群益古亭,00720B元大投資級公司債,0,30,-30
群益古亭,群益證,0,30,-30
群益古亭,益航,0,30,-30
群益古亭,元大台灣50,30,58,-28
群益古亭,寶得利,3,30,-27
群益古亭,立隆電,34,58,-24
群益古亭,彰銀,0,23,-23
群益古亭,神達,173,195,-22
群益古亭,00939統一台灣高息動能,0,21,-21
群益古亭,錼創科技-KY創,0,20,-20
群益古亭,台達電,1,21,-20
群益古亭,台船,0,19,-19
群益古亭,00687B國泰20年美債,2,21,-19
群益古亭,00909國泰數位支付服務,0,19,-19
群益古亭,友達,3,20,-17
群益古亭,廣宇,0,16,-16
群益古亭,佳能,7,23,-16
群益古亭,海悅,0,16,-16
群益古亭,00915凱基優選高股息30,43,59,-16
群益古亭,鴻海,15,30,-15
群益古亭,台揚,0,15,-15
群益古亭,華航,16,31,-15
群益古亭,00951台新日本半導體,0,15,-15
群益古亭,中鴻,3,18,-15
群益古亭,官田鋼,0,15,-15
群益古亭,富邦金,0,15,-15
群益古亭,006208富邦台50,2,16,-14
群益古亭,環宇-KY,19,33,-14
群益古亭,合勤控,10,24,-14
群益古亭,瑞儀,0,13,-13
群益古亭,00940元大台灣價值高息,0,13,-13
群益古亭,南亞,1,13,-12
群益古亭,聯亞,0,12,-12
群益古亭,昆盈,4,15,-11
群益古亭,美德醫療-DR,0,11,-11
群益古亭,神基,2,13,-11
凱基長庚,華晶科,102,1,101
凱基長庚,00959B大華投等美債15Y+,100,0,100
凱基長庚,熱映,114,19,95
凱基長庚,聯電,100,9,91
凱基長庚,得力,77,0,77
凱基長庚,00937B群益ESG投等債20,56,0,56
凱基長庚,擎亞,64,11,53
凱基長庚,新光金,55,3,52
凱基長庚,00670L富邦NASDAQ正2,40,0,40
凱基長庚,00647L元大S＆P500正2,35,0,35
凱基長庚,00919群益台灣精選高息,34,0,34
凱基長庚,宣德,29,0,29
凱基長庚,新纖,27,1,26
凱基長庚,00918大華優利高填息30,25,0,25
凱基長庚,全新,29,4,25
凱基長庚,00679B元大美債20年,25,1,24
凱基長庚,旺宏,23,0,23
凱基長庚,恆大,25,2,23
凱基長庚,元大高股息,30,7,23
凱基長庚,00687B國泰20年美債,22,0,22
凱基長庚,緯創,35,13,22
凱基長庚,台灣虎航,25,3,22
凱基長庚,揚博,23,2,21
凱基長庚,濱川,26,5,21
凱基長庚,鴻海,30,9,21
凱基長庚,00926凱基全球菁英55,20,0,20
凱基長庚,00830國泰費城半導體,26,6,20
凱基長庚,群創,41,22,19
凱基長庚,00713元大台灣高息低波,17,0,17
凱基長庚,大成鋼,22,6,16
凱基長庚,00858永豐美國500大,13,0,13
凱基長庚,連展投控,21,8,13
凱基長庚,英業達,12,0,12
凱基長庚,神達,101,90,11
凱基長庚,和椿,27,16,11
凱基長庚,00971野村美國研發龍頭,11,0,11
凱基長庚,亞泰,11,0,11
凱基長庚,00922國泰台灣領袖50,10,0,10
凱基長庚,艾訊,10,0,10
凱基長庚,00701國泰股利精選30,10,0,10
凱基長庚,松瑞藥,10,0,10
凱基長庚,台玻,10,0,10
凱基長庚,00950B凱基A級公司債,10,0,10
凱基長庚,2883B凱基金乙特,10,0,10
凱基長庚,凌巨,10,0,10
凱基長庚,統一實,10,0,10
凱基長庚,駿吉-KY,8,0,8
凱基長庚,遠百,10,2,8
凱基長庚,創威,11,3,8
凱基長庚,廣達,14,6,8
凱基長庚,中鴻,0,63,-63
凱基長庚,金寶,7,66,-59
凱基長庚,00929復華台灣科技優息,5,60,-55
凱基長庚,00642U期元大S＆P石油,0,43,-43
凱基長庚,通泰,47,88,-41
凱基長庚,世紀鋼,1,34,-33
凱基長庚,力積電,29,58,-29
凱基長庚,京元電子,2,31,-29
凱基長庚,00915凱基優選高股息30,1,30,-29
凱基長庚,友達,0,26,-26
凱基長庚,興能高,67,91,-24
凱基長庚,精成科,24,46,-22
凱基長庚,00693U期街口S＆P黃豆,0,20,-20
凱基長庚,益航,1,20,-19
凱基長庚,威盛,0,19,-19
凱基長庚,大同,12,30,-18
凱基長庚,00941中信上游半導體,0,14,-14
凱基長庚,台積電,4,18,-14
凱基長庚,順達,2,14,-12
凱基長庚,鴻準,2,14,-12
凱基長庚,佳世達,0,11,-11
凱基長庚,大亞,0,11,-11
凱基長庚,創惟,8,19,-11
凱基長庚,遠東銀,0,10,-10
凱基長庚,華通,7,17,-10
凱基長庚,利勤,0,10,-10
凱基長庚,00881國泰台灣5G+,1,11,-10
凱基長庚,和大,0,10,-10
凱基長庚,晶宏,0,10,-10
凱基長庚,00940元大台灣價值高息,1,11,-10
凱基長庚,jpp-KY,1,10,-9
凱基長庚,燿華,2,11,-9
凱基長庚,新應材,0,9,-9
凱基長庚,中華電,2,11,-9
凱基長庚,亞翔,8,17,-9
凱基長庚,星宇航空,2,10,-8
凱基長庚,00715L期街口布蘭特正2,0,8,-8
凱基長庚,00939統一台灣高息動能,0,8,-8
凱基長庚,偉訓,5,12,-7
凱基長庚,長興,0,7,-7
凱基長庚,泰鼎-KY,2,9,-7
凱基長庚,前鼎,2,9,-7
凱基長庚,台虹,0,7,-7
凱基長庚,所羅門,1,7,-6
凱基長庚,華豐,0,6,-6
凱基長庚,新盛力,65,71,-6
凱基長庚,弘凱,0,6,-6
凱基長庚,盈正,0,6,-6
凱基長庚,00673R期元大S＆P原油反1,5,10,-5
凱基長庚,晶豪科,0,5,-5
永豐中正,聯電,196,95,101
永豐中正,00637L元大滬深300正2,261,164,97
永豐中正,00686R群益臺灣加權反1,90,0,90
永豐中正,00706L期元大S＆P日圓正2,78,0,78
永豐中正,台塑,126,54,72
永豐中正,力積電,91,22,69
永豐中正,00919群益台灣精選高息,70,4,66
永豐中正,00632R元大台灣50反1,68,3,65
永豐中正,擎亞,163,102,61
永豐中正,00830國泰費城半導體,79,21,58
永豐中正,00937B群益ESG投等債20,57,1,56
永豐中正,冠德,50,1,49
永豐中正,大地-KY,37,0,37
永豐中正,緯創,35,9,26
永豐中正,00795B中信美國公債20年,23,1,22
永豐中正,00633L富邦上証正2,22,0,22
永豐中正,力成,21,0,21
永豐中正,南港,21,0,21
永豐中正,00650L復華香港正2,20,0,20
永豐中正,騰輝電子-KY,20,0,20
永豐中正,宏達電,61,41,20
永豐中正,兆豐金,18,1,17
永豐中正,00665L富邦�琤肭磪囓�2,20,4,16
永豐中正,元大高股息,25,9,16
永豐中正,台船,15,0,15
永豐中正,00945B凱基美國非投等債,15,0,15
永豐中正,00713元大台灣高息低波,15,0,15
永豐中正,光洋科,14,0,14
永豐中正,六角,14,0,14
永豐中正,天宇,13,0,13
永豐中正,宏觀,14,1,13
永豐中正,00858永豐美國500大,13,0,13
永豐中正,欣興,15,2,13
永豐中正,00753L中信中國50正2,12,0,12
永豐中正,00878國泰永續高股息,74,63,11
永豐中正,華新,12,1,11
永豐中正,凱基金,12,1,11
永豐中正,全譜,11,0,11
永豐中正,00950B凱基A級公司債,10,0,10
永豐中正,力山,10,0,10
永豐中正,中視,10,0,10
永豐中正,00953B群益優選非投等債,13,3,10
永豐中正,00641R富邦日本反1,10,0,10
永豐中正,台光電,13,3,10
永豐中正,亞光,14,4,10
永豐中正,台苯,10,0,10
永豐中正,00757統一FANG+,9,0,9
永豐中正,加百裕,74,65,9
永豐中正,德淵,8,0,8
永豐中正,慧洋-KY,7,0,7
永豐中正,群創,0,203,-203
永豐中正,智邦,1,118,-117
永豐中正,彰銀,0,108,-108
永豐中正,東科-KY,0,103,-103
永豐中正,神達,83,164,-81
永豐中正,00965元大航太防衛科技,0,72,-72
永豐中正,00940元大台灣價值高息,5,75,-70
永豐中正,00679B元大美債20年,19,83,-64
永豐中正,長榮航,5,60,-55
永豐中正,建大,0,51,-51
永豐中正,華票,0,48,-48
永豐中正,國泰金,6,52,-46
永豐中正,福裕,0,40,-40
永豐中正,遠東銀,0,30,-30
永豐中正,00764B群益25年美債,0,25,-25
永豐中正,00930永豐ESG低碳高息,0,25,-25
永豐中正,00687B國泰20年美債,35,60,-25
永豐中正,00712復華富時不動產,0,25,-25
永豐中正,00954中信日本半導體,0,23,-23
永豐中正,00918大華優利高填息30,10,32,-22
永豐中正,00675L富邦臺灣加權正2,8,29,-21
永豐中正,大成鋼,9,30,-21
永豐中正,事欣科,1,22,-21
永豐中正,00939統一台灣高息動能,0,21,-21
永豐中正,群電,20,41,-21
永豐中正,宏致,5,26,-21
永豐中正,00655L國泰中國A50正2,10,30,-20
永豐中正,00693U期街口S＆P黃豆,0,20,-20
永豐中正,中鋼,37,56,-19
永豐中正,岱宇,20,38,-18
永豐中正,新光金,0,18,-18
永豐中正,華南金,0,17,-17
永豐中正,新日興,3,19,-16
永豐中正,精成科,5,21,-16
永豐中正,台南,1,16,-15
永豐中正,神基,0,15,-15
永豐中正,創惟,10,25,-15
永豐中正,奇鋐,3,17,-14
永豐中正,00680L元大美債20正2,11,25,-14
永豐中正,東元,2,16,-14
永豐中正,006208富邦台50,12,25,-13
永豐中正,聯光通,11,23,-12
永豐中正,00696B富邦美債20年,0,12,-12
永豐中正,華通,1,13,-12
永豐中正,國產,0,12,-12
永豐中正,00631L元大台灣50正2,1,13,-12
永豐中正,大世科,2,13,-11
永豐中正,00929復華台灣科技優息,10,21,-11
永豐中正,友達,0,11,-11
永豐中正,00887永豐中國科技50大,0,10,-10
 元大草屯,聯電,297,77,220
 元大草屯,00965元大航太防衛科技,615,499,116
 元大草屯,富邦金,129,16,113
 元大草屯,上曜,101,1,100
 元大草屯,00878國泰永續高股息,94,12,82
 元大草屯,陽明,80,19,61
 元大草屯,華邦電,61,3,58
 元大草屯,00665L富邦�琤肭磪囓�2,110,60,50
 元大草屯,佰鴻,45,0,45
 元大草屯,00918大華優利高填息30,83,40,43
 元大草屯,00858永豐美國500大,38,0,38
 元大草屯,00919群益台灣精選高息,74,39,35
 元大草屯,00950B凱基A級公司債,34,0,34
 元大草屯,英業達,84,50,34
 元大草屯,00910第一金太空衛星,28,1,27
 元大草屯,鴻海,46,22,24
 元大草屯,00881國泰台灣5G+,23,0,23
 元大草屯,元大高股息,62,40,22
 元大草屯,00632R元大台灣50反1,42,21,21
 元大草屯,00738U期元大道瓊白銀,19,0,19
 元大草屯,亞翔,26,9,17
 元大草屯,00664R國泰臺灣加權反1,17,0,17
 元大草屯,大成鋼,20,3,17
 元大草屯,00930永豐ESG低碳高息,16,0,16
 元大草屯,南亞科,32,17,15
 元大草屯,00953B群益優選非投等債,20,5,15
 元大草屯,00680L元大美債20正2,14,0,14
 元大草屯,山隆,12,0,12
 元大草屯,群創,60,48,12
 元大草屯,佳能,19,7,12
 元大草屯,鑫永銓,11,0,11
 元大草屯,普安,11,0,11
 元大草屯,國光生,15,4,11
 元大草屯,泰金寶-DR,37,26,11
 元大草屯,立端,11,0,11
 元大草屯,英濟,20,10,10
 元大草屯,台揚,13,3,10
 元大草屯,台表科,10,0,10
 元大草屯,台泥,9,0,9
 元大草屯,友達,11,2,9
 元大草屯,合庫金,10,1,9
 元大草屯,亞泰,11,2,9
 元大草屯,茂順,9,0,9
 元大草屯,凱美,15,6,9
 元大草屯,00679B元大美債20年,10,1,9
 元大草屯,偉訓,33,25,8
 元大草屯,和益,10,2,8
 元大草屯,加捷生醫,8,0,8
 元大草屯,裕融,8,0,8
 元大草屯,聯光通,27,19,8
 元大草屯,00940元大台灣價值高息,12,1100,-1088
 元大草屯,玉山金,4,116,-112
 元大草屯,神達,175,277,-102
 元大草屯,00673R期元大S＆P原油反1,41,137,-96
 元大草屯,和椿,173,267,-94
 元大草屯,00929復華台灣科技優息,2,84,-82
 元大草屯,00922國泰台灣領袖50,3,76,-73
 元大草屯,華新,19,88,-69
 元大草屯,華南金,0,63,-63
 元大草屯,00934中信成長高股息,10,62,-52
 元大草屯,00937B群益ESG投等債20,31,78,-47
 元大草屯,中信金,1,43,-42
 元大草屯,中鴻,0,41,-41
 元大草屯,元大寶滬深,0,37,-37
 元大草屯,力積電,94,130,-36
 元大草屯,台積電,17,52,-35
 元大草屯,中鋼,13,46,-33
 元大草屯,耿鼎,1,32,-31
 元大草屯,普誠,0,30,-30
 元大草屯,00945B凱基美國非投等債,0,29,-29
 元大草屯,00891中信關鍵半導體,11,38,-27
 元大草屯,元大台灣50,3,29,-26
 元大草屯,00971野村美國研發龍頭,2,28,-26
 元大草屯,大同,6,32,-26
 元大草屯,南僑,0,24,-24
 元大草屯,創惟,1,25,-24
 元大草屯,華固,0,23,-23
 元大草屯,華航,5,28,-23
 元大草屯,佳世達,1,23,-22
 元大草屯,鈺齊-KY,1,23,-22
 元大草屯,寶成,0,21,-21
 元大草屯,宏達電,174,194,-20
 元大草屯,00634R富邦上証反1,0,20,-20
 元大草屯,聯昌,0,20,-20
 元大草屯,力鵬,0,20,-20
 元大草屯,宏致,11,30,-19
 元大草屯,彰銀,1,20,-19
 元大草屯,廣宇,9,28,-19
 元大草屯,凱基金,2,19,-17
 元大草屯,長榮,4,21,-17
 元大草屯,圓剛,2,18,-16
 元大草屯,欣銓,6,22,-16
 元大草屯,台聚,0,15,-15
 元大草屯,910322康師傅-DR,0,15,-15
 元大草屯,晟德,0,15,-15
 元大草屯,00887永豐中國科技50大,10,25,-15
 元大草屯,日月光投控,2,17,-15
 元大草屯,精成科,39,53,-14
 元大草屯,南茂,7,21,-14
 元大草屯,00712復華富時不動產,1,14,-13
統一汐止  ,仁寶,79,0,79
統一汐止  ,00878國泰永續高股息,50,2,48
統一汐止  ,00919群益台灣精選高息,39,0,39
統一汐止  ,東典光電,30,0,30
統一汐止  ,聯電,30,2,28
統一汐止  ,00688L國泰20年美債正2,26,0,26
統一汐止  ,緯創,33,10,23
統一汐止  ,亞光,35,15,20
統一汐止  ,大成鋼,18,2,16
統一汐止  ,00673R期元大S＆P原油反1,15,0,15
統一汐止  ,欣興,14,1,13
統一汐止  ,遠百,10,0,10
統一汐止  ,宏遠證,10,0,10
統一汐止  ,寶成,10,0,10
統一汐止  ,東生華,8,0,8
統一汐止  ,00858永豐美國500大,7,0,7
統一汐止  ,帝寶,7,0,7
統一汐止  ,力積電,31,25,6
統一汐止  ,00918大華優利高填息30,6,0,6
統一汐止  ,裕民,6,0,6
統一汐止  ,波力-KY,6,0,6
統一汐止  ,僑威,9,3,6
統一汐止  ,00882中信中國高股息,5,0,5
統一汐止  ,00665L富邦�琤肭磪囓�2,25,20,5
統一汐止  ,世界,5,0,5
統一汐止  ,菱光,5,0,5
統一汐止  ,泰金寶-DR,16,11,5
統一汐止  ,所羅門,4,0,4
統一汐止  ,一詮,4,0,4
統一汐止  ,兆豐金,4,0,4
統一汐止  ,永豐金,4,0,4
統一汐止  ,英濟,7,3,4
統一汐止  ,松瑞藥,4,0,4
統一汐止  ,新盛力,40,36,4
統一汐止  ,昇陽半導體,6,2,4
統一汐止  ,雷虎,20,16,4
統一汐止  ,00733富邦臺灣中小,4,0,4
統一汐止  ,上銀,4,1,3
統一汐止  ,00680L元大美債20正2,3,0,3
統一汐止  ,00637L元大滬深300正2,40,37,3
統一汐止  ,00632R元大台灣50反1,3,0,3
統一汐止  ,台化,4,1,3
統一汐止  ,首利,3,0,3
統一汐止  ,台新金,4,1,3
統一汐止  ,第一金,3,0,3
統一汐止  ,西勝,3,0,3
統一汐止  ,大銀微系統,5,2,3
統一汐止  ,瑞儀,4,1,3
統一汐止  ,逸達,3,0,3
統一汐止  ,雍智科技,3,0,3
統一汐止  ,00980B台新特選IG債10+,0,155,-155
統一汐止  ,宏致,0,87,-87
統一汐止  ,波若威,7,60,-53
統一汐止  ,全新,0,50,-50
統一汐止  ,眾達-KY,3,39,-36
統一汐止  ,欣銓,5,40,-35
統一汐止  ,00701國泰股利精選30,0,30,-30
統一汐止  ,精成科,33,55,-22
統一汐止  ,能率,3,24,-21
統一汐止  ,菱生,2,17,-15
統一汐止  ,神達,75,88,-13
統一汐止  ,合庫金,2,15,-13
統一汐止  ,00934中信成長高股息,0,11,-11
統一汐止  ,大同,5,16,-11
統一汐止  ,富采,10,20,-10
統一汐止  ,佳能,0,10,-10
統一汐止  ,富邦金,1,11,-10
統一汐止  ,00927群益半導體收益,1,10,-9
統一汐止  ,亞翔,1,10,-9
統一汐止  ,00940元大台灣價值高息,0,9,-9
統一汐止  ,矽統,1,10,-9
統一汐止  ,00757統一FANG+,2,10,-8
統一汐止  ,長榮航,2,10,-8
統一汐止  ,新日興,9,16,-7
統一汐止  ,良維,2,9,-7
統一汐止  ,英業達,4,10,-6
統一汐止  ,豐藝,0,6,-6
統一汐止  ,上曜,0,6,-6
統一汐止  ,00901永豐智能車供應鏈,0,6,-6
統一汐止  ,006208富邦台50,1,6,-5
統一汐止  ,00675L富邦臺灣加權正2,10,15,-5
統一汐止  ,00706L期元大S＆P日圓正2,0,5,-5
統一汐止  ,南亞,1,6,-5
統一汐止  ,國喬,0,5,-5
統一汐止  ,東元,0,5,-5
統一汐止  ,文曄,0,5,-5
統一汐止  ,加百裕,1,6,-5
統一汐止  ,昇達科,7,12,-5
統一汐止  ,連展投控,5,10,-5
統一汐止  ,耕興,0,5,-5
統一汐止  ,來頡,0,5,-5
統一汐止  ,912000晨訊科-DR,0,5,-5
統一汐止  ,00938凱基優選30,0,4,-4
統一汐止  ,堤維西,1,5,-4
統一汐止  ,富喬,27,31,-4
統一汐止  ,中環,0,4,-4
統一汐止  ,正崴,1,5,-4
統一汐止  ,00910第一金太空衛星,0,4,-4
統一汐止  ,光寶科,1,4,-3
統一汐止  ,華通,0,3,-3
華南內壢,00637L元大滬深300正2,137,0,137
華南內壢,00680L元大美債20正2,151,15,136
華南內壢,00937B群益ESG投等債20,127,17,110
華南內壢,00945B凱基美國非投等債,76,2,74
華南內壢,聯電,69,4,65
華南內壢,冠西電,37,0,37
華南內壢,中鋼,41,7,34
華南內壢,00715L期街口布蘭特正2,31,3,28
華南內壢,00953B群益優選非投等債,27,0,27
華南內壢,臺企銀,24,4,20
華南內壢,912000晨訊科-DR,20,0,20
華南內壢,世紀鋼,20,0,20
華南內壢,圓剛,21,2,19
華南內壢,海華,31,14,17
華南內壢,00878國泰永續高股息,19,3,16
華南內壢,富喬,22,7,15
華南內壢,鴻海,19,6,13
華南內壢,亞力,15,2,13
華南內壢,華城,36,24,12
華南內壢,緯創,16,4,12
華南內壢,00915凱基優選高股息30,11,0,11
華南內壢,00650L復華香港正2,10,0,10
華南內壢,希華,10,0,10
華南內壢,皇普,10,0,10
華南內壢,王道銀行,10,0,10
華南內壢,00665L富邦�琤肭磪囓�2,9,0,9
華南內壢,麗臺,9,0,9
華南內壢,康全電訊,20,11,9
華南內壢,立��,22,13,9
華南內壢,旺宏,10,2,8
華南內壢,福懋,7,0,7
華南內壢,濱川,7,0,7
華南內壢,云辰,7,0,7
華南內壢,00712復華富時不動產,6,0,6
華南內壢,陽明,7,1,6
華南內壢,00632R元大台灣50反1,6,0,6
華南內壢,直得,6,0,6
華南內壢,中信金,5,0,5
華南內壢,欣興,6,1,5
華南內壢,華通,10,5,5
華南內壢,聯合再生,5,0,5
華南內壢,新光金,5,1,4
華南內壢,華航,5,1,4
華南內壢,尚凡*,4,0,4
華南內壢,創惟,10,6,4
華南內壢,緯穎,4,0,4
華南內壢,光聖,3,0,3
華南內壢,00655L國泰中國A50正2,3,0,3
華南內壢,福壽,3,0,3
華南內壢,台塑,23,20,3
華南內壢,宏達電,17,218,-201
華南內壢,00941中信上游半導體,0,87,-87
華南內壢,中租-KY,0,51,-51
華南內壢,力積電,20,64,-44
華南內壢,鴻準,0,43,-43
華南內壢,00934中信成長高股息,0,40,-40
華南內壢,00631L元大台灣50正2,0,40,-40
華南內壢,連展投控,31,69,-38
華南內壢,ITH-KY,0,37,-37
華南內壢,元大台灣50,1,37,-36
華南內壢,00900富邦特選高股息30,0,20,-20
華南內壢,迅得,4,23,-19
華南內壢,華南金,0,18,-18
華南內壢,00673R期元大S＆P原油反1,1,18,-17
華南內壢,朋程,0,17,-17
華南內壢,北基,0,16,-16
華南內壢,英業達,5,21,-16
華南內壢,00753L中信中國50正2,0,15,-15
華南內壢,瑞智,0,15,-15
華南內壢,彬台,1,15,-14
華南內壢,揚智,0,14,-14
華南內壢,元大高股息,6,19,-13
華南內壢,00958B永豐ESG銀行債15,0,13,-13
華南內壢,006208富邦台50,6,19,-13
華南內壢,00927群益半導體收益,1,14,-13
華南內壢,00858永豐美國500大,1,13,-12
華南內壢,00929復華台灣科技優息,1,14,-13
華南內壢,00946群益科技高息成長,0,12,-12
華南內壢,中興電,1,13,-12
華南內壢,欣銓,23,34,-11
華南內壢,星宇航空,1,12,-11
華南內壢,日月光投控,1,11,-10
華南內壢,00939統一台灣高息動能,0,10,-10
華南內壢,00852L國泰美國道瓊正2,0,10,-10
華南內壢,揚博,0,10,-10
華南內壢,高技,0,10,-10
華南內壢,廣明,0,10,-10
華南內壢,宏遠證,0,10,-10
華南內壢,00910第一金太空衛星,1,10,-9
華南內壢,興能高,63,72,-9
華南內壢,00675L富邦臺灣加權正2,0,9,-9
華南內壢,神達,43,52,-9
華南內壢,00647L元大S＆P500正2,0,8,-8
華南內壢,00895富邦未來車,0,8,-8
華南內壢,凱基金,3,10,-7
華南內壢,00881國泰台灣5G+,0,7,-7
華南內壢,第一金,1,8,-7
華南內壢,台積電,1,8,-7
華南內壢,00919群益台灣精選高息,19,25,-6
華南內壢,00965元大航太防衛科技,0,6,-6
美商高盛,華航,5208,120,5088
美商高盛,彰銀,4322,455,3867
美商高盛,台積電,4152,1099,3053
美商高盛,長榮航,3356,307,3049
美商高盛,華南金,2910,194,2716
美商高盛,富邦金,3264,1458,1806
美商高盛,00725B國泰投資級公司債,1732,0,1732
美商高盛,友達,2419,1078,1341
美商高盛,光寶科,1305,50,1255
美商高盛,中鋼,1919,765,1154
美商高盛,頎邦,1158,22,1136
美商高盛,和碩,1306,181,1125
美商高盛,中信金,2222,1114,1108
美商高盛,新光金,1480,430,1050
美商高盛,金寶,1857,832,1025
美商高盛,台達電,1159,202,957
美商高盛,00919群益台灣精選高息,951,0,951
美商高盛,中磊,937,17,920
美商高盛,玉山金,2964,2047,917
美商高盛,陽明,1895,987,908
美商高盛,凱基金,2094,1230,864
美商高盛,星宇航空,738,17,721
美商高盛,華邦電,1125,422,703
美商高盛,群益證,928,235,693
美商高盛,萬海,681,11,670
美商高盛,宏達電,1474,825,649
美商高盛,奇鋐,969,335,634
美商高盛,遠東新,847,233,614
美商高盛,台塑化,638,82,556
美商高盛,中石化,918,397,521
美商高盛,鴻準,956,438,518
美商高盛,00713元大台灣高息低波,502,0,502
美商高盛,臺企銀,624,123,501
美商高盛,旺宏,701,210,491
美商高盛,康舒,471,9,462
美商高盛,裕隆,592,153,439
美商高盛,聯強,497,65,432
美商高盛,致伸,440,9,431
美商高盛,宏��,445,36,409
美商高盛,台聚,458,59,399
美商高盛,大同,563,169,394
美商高盛,立隆電,874,483,391
美商高盛,上海商銀,773,392,381
美商高盛,京城銀,432,72,360
美商高盛,兆豐金,2130,1773,357
美商高盛,台化,1144,787,357
美商高盛,致茂,429,79,350
美商高盛,中工,367,35,332
美商高盛,統一證,346,22,324
美商高盛,漢翔,340,18,322
美商高盛,聯電,4466,20249,-15783
美商高盛,泰金寶-DR,954,3488,-2534
美商高盛,合庫金,1367,3519,-2152
美商高盛,台新金,1446,3580,-2134
美商高盛,神達,1118,3227,-2109
美商高盛,國泰金,1711,2983,-1272
美商高盛,仁寶,1040,2160,-1120
美商高盛,力積電,2,1015,-1013
美商高盛,元大金,1242,2182,-940
美商高盛,興能高,1083,1955,-872
美商高盛,緯創,510,1379,-869
美商高盛,永豐金,2122,2914,-792
美商高盛,英業達,528,1233,-705
美商高盛,日月光投控,340,1019,-679
美商高盛,台泥,623,1296,-673
美商高盛,鴻海,2724,3242,-518
美商高盛,富喬,411,889,-478
美商高盛,台灣大,102,522,-420
美商高盛,三商壽,255,649,-394
美商高盛,欣興,933,1324,-391
美商高盛,中光電,66,448,-382
美商高盛,大成鋼,554,917,-363
美商高盛,元晶,102,444,-342
美商高盛,聯詠,60,392,-332
美商高盛,廣達,533,862,-329
美商高盛,台塑,979,1295,-316
美商高盛,昇陽半導體,2,303,-301
美商高盛,南電,88,378,-290
美商高盛,南亞,743,1024,-281
美商高盛,大銀微系統,31,293,-262
美商高盛,科妍,65,322,-257
美商高盛,長華*,25,259,-234
美商高盛,研華,38,268,-230
美商高盛,眾達-KY,224,449,-225
美商高盛,聯鈞,1,195,-194
美商高盛,美律,14,207,-193
美商高盛,裕融,24,213,-189
美商高盛,盟立,53,228,-175
美商高盛,欣銓,186,357,-171
美商高盛,友訊,223,391,-168
美商高盛,聯華,53,217,-164
美商高盛,矽力*-KY,109,254,-145
美商高盛,裕民,85,214,-129
美商高盛,普安,121,243,-122
美商高盛,新興,50,171,-121
美商高盛,日電貿,56,174,-118
美商高盛,萬潤,46,152,-106
美商高盛,一詮,13,118,-105
美商高盛,國際中橡,45,148,-103
美商高盛,統一實,28,129,-101
 元富高雄,元大高股息,91,0,91
 元富高雄,全球傳動,87,3,84
 元富高雄,00664R國泰臺灣加權反1,60,0,60
 元富高雄,00953B群益優選非投等債,44,0,44
 元富高雄,台玻,53,11,42
 元富高雄,00919群益台灣精選高息,42,1,41
 元富高雄,亞光,40,4,36
 元富高雄,00637L元大滬深300正2,310,274,36
 元富高雄,台新金,35,0,35
 元富高雄,中鋼,36,2,34
 元富高雄,宏達電,59,31,28
 元富高雄,00753L中信中國50正2,28,0,28
 元富高雄,00945B凱基美國非投等債,24,0,24
 元富高雄,神達,100,76,24
 元富高雄,00878國泰永續高股息,25,1,24
 元富高雄,台泥,14,0,14
 元富高雄,大成鋼,14,0,14
 元富高雄,宏��,14,0,14
 元富高雄,00937B群益ESG投等債20,23,10,13
 元富高雄,中信金,16,3,13
 元富高雄,凱美,15,3,12
 元富高雄,緯創,21,9,12
 元富高雄,康和證,11,0,11
 元富高雄,00950B凱基A級公司債,10,0,10
 元富高雄,00687B國泰20年美債,10,0,10
 元富高雄,00881國泰台灣5G+,11,1,10
 元富高雄,台肥,10,0,10
 元富高雄,裕隆,35,25,10
 元富高雄,聯昌,10,0,10
 元富高雄,合勤控,10,0,10
 元富高雄,擎亞,20,11,9
 元富高雄,雲豹能源,10,1,9
 元富高雄,聯電,39,31,8
 元富高雄,台化,8,0,8
 元富高雄,富喬,45,37,8
 元富高雄,00918大華優利高填息30,7,0,7
 元富高雄,佳世達,7,0,7
 元富高雄,亞泰,7,0,7
 元富高雄,廣運,7,0,7
 元富高雄,力成,8,1,7
 元富高雄,眾達-KY,16,9,7
 元富高雄,環宇-KY,16,10,6
 元富高雄,昆盈,9,3,6
 元富高雄,微星,6,0,6
 元富高雄,兆豐金,6,1,5
 元富高雄,虹冠電,7,2,5
 元富高雄,00725B國泰投資級公司債,5,0,5
 元富高雄,00915凱基優選高股息30,10,5,5
 元富高雄,中鴻,6,1,5
 元富高雄,友訊,11,6,5
 元富高雄,鴻準,0,352,-352
 元富高雄,00980B台新特選IG債10+,100,440,-340
 元富高雄,00665L富邦�琤肭磪囓�2,0,100,-100
 元富高雄,00970B新光BBB投等債20,0,100,-100
 元富高雄,力積電,11,85,-74
 元富高雄,00929復華台灣科技優息,3,59,-56
 元富高雄,00858永豐美國500大,75,130,-55
 元富高雄,00632R元大台灣50反1,2,50,-48
 元富高雄,00934中信成長高股息,0,34,-34
 元富高雄,廣宇,54,85,-31
 元富高雄,華南金,0,26,-26
 元富高雄,燿華,0,24,-24
 元富高雄,連展投控,0,22,-22
 元富高雄,華東,0,20,-20
 元富高雄,中租-KY,0,20,-20
 元富高雄,威盛,8,26,-18
 元富高雄,凱基金,0,16,-16
 元富高雄,堤維西,0,16,-16
 元富高雄,華興,0,14,-14
 元富高雄,良維,2,16,-14
 元富高雄,波若威,10,23,-13
 元富高雄,華航,0,12,-12
 元富高雄,鈦昇,0,12,-12
 元富高雄,大聯大,0,12,-12
 元富高雄,奇鋐,1,12,-11
 元富高雄,光寶科,1,12,-11
 元富高雄,聯光通,17,28,-11
 元富高雄,三商壽,0,10,-10
 元富高雄,海華,1,11,-10
 元富高雄,達發,0,10,-10
 元富高雄,新光金,2,11,-9
 元富高雄,達運,0,9,-9
 元富高雄,聯合再生,2,10,-8
 元富高雄,華城,4,12,-8
 元富高雄,00961FT臺灣永續高息,0,8,-8
 元富高雄,鴻海,6,14,-8
 元富高雄,菱生,0,7,-7
 元富高雄,瑞軒,0,7,-7
 元富高雄,群創,0,7,-7
 元富高雄,00932兆豐永續高息等權,1,7,-6
 元富高雄,友達,50,56,-6
 元富高雄,泰碩,1,7,-6
 元富高雄,宏致,3,9,-6
 元富高雄,福華,0,6,-6
 元富高雄,00642U期元大S＆P石油,0,6,-6
 元富高雄,00893國泰智能電動車,0,5,-5
 元富高雄,00948B中信優息投資級債,0,5,-5
 元富高雄,味全,0,5,-5
 元富高雄,精英,0,5,-5
 元富高雄,矽統,0,5,-5
凱基竹科,新光金,504,104,400
凱基竹科,聯電,202,35,167
凱基竹科,00637L元大滬深300正2,94,2,92
凱基竹科,立隆電,68,6,62
凱基竹科,美食-KY,48,2,46
凱基竹科,正文,40,0,40
凱基竹科,漢翔,40,0,40
凱基竹科,臺企銀,40,2,38
凱基竹科,00687B國泰20年美債,36,2,34
凱基竹科,新盛力,157,123,34
凱基竹科,00900富邦特選高股息30,30,0,30
凱基竹科,00924復華S＆P500成長,31,2,29
凱基竹科,00830國泰費城半導體,31,2,29
凱基竹科,力成,27,0,27
凱基竹科,艾訊,30,3,27
凱基竹科,和椿,69,46,23
凱基竹科,耿鼎,20,0,20
凱基竹科,圓剛,60,40,20
凱基竹科,龍德造船,19,0,19
凱基竹科,台塑,23,5,18
凱基竹科,英濟,22,5,17
凱基竹科,廣達,18,3,15
凱基竹科,永豐金,20,5,15
凱基竹科,中工,20,5,15
凱基竹科,宸曜,15,0,15
凱基竹科,00680L元大美債20正2,15,0,15
凱基竹科,富采,93,80,13
凱基竹科,國統,14,1,13
凱基竹科,00968B元大優息投等債,12,0,12
凱基竹科,00671R富邦NASDAQ反1,12,0,12
凱基竹科,00858永豐美國500大,11,0,11
凱基竹科,00753L中信中國50正2,11,0,11
凱基竹科,中石化,11,0,11
凱基竹科,00679B元大美債20年,13,2,11
凱基竹科,凱美,10,0,10
凱基竹科,旺旺保,10,0,10
凱基竹科,精元,10,0,10
凱基竹科,卜蜂,15,5,10
凱基竹科,威剛,10,0,10
凱基竹科,00641R富邦日本反1,10,0,10
凱基竹科,上曜,10,0,10
凱基竹科,神盾,11,1,10
凱基竹科,僑威,21,12,9
凱基竹科,加百裕,46,37,9
凱基竹科,00713元大台灣高息低波,9,0,9
凱基竹科,大成鋼,9,0,9
凱基竹科,瑞智,10,2,8
凱基竹科,00882中信中國高股息,8,0,8
凱基竹科,輔信,10,2,8
凱基竹科,致茂,8,0,8
凱基竹科,00929復華台灣科技優息,4,663,-659
凱基竹科,00980B台新特選IG債10+,6,447,-441
凱基竹科,00951台新日本半導體,0,192,-192
凱基竹科,00664R國泰臺灣加權反1,3,150,-147
凱基竹科,00688L國泰20年美債正2,0,115,-115
凱基竹科,00673R期元大S＆P原油反1,0,108,-108
凱基竹科,長榮航,7,101,-94
凱基竹科,神達,25,103,-78
凱基竹科,合庫金,2,79,-77
凱基竹科,三商壽,8,78,-70
凱基竹科,山隆,0,55,-55
凱基竹科,00881國泰台灣5G+,19,72,-53
凱基竹科,中磊,0,50,-50
凱基竹科,鴻海,23,70,-47
凱基竹科,正隆,0,46,-46
凱基竹科,00936台新永續高息中小,0,45,-45
凱基竹科,擎亞,3,43,-40
凱基竹科,杭特,0,39,-39
凱基竹科,大魯閣,0,36,-36
凱基竹科,凱基金,2,38,-36
凱基竹科,元大高股息,63,98,-35
凱基竹科,宏達電,55,88,-33
凱基竹科,00715L期街口布蘭特正2,0,31,-31
凱基竹科,台玻,0,30,-30
凱基竹科,00935野村臺灣新科技50,0,30,-30
凱基竹科,大同,1,31,-30
凱基竹科,乙盛-KY,5,34,-29
凱基竹科,00725B國泰投資級公司債,1,30,-29
凱基竹科,泰金寶-DR,6,34,-28
凱基竹科,建國,0,25,-25
凱基竹科,00954中信日本半導體,0,25,-25
凱基竹科,昇陽半導體,6,31,-25
凱基竹科,006208富邦台50,11,35,-24
凱基竹科,南茂,0,23,-23
凱基竹科,宜特,0,22,-22
凱基竹科,群創,13,34,-21
凱基竹科,富邦金,1,21,-20
凱基竹科,大洋-KY,0,20,-20
凱基竹科,00952凱基台灣AI50,0,20,-20
凱基竹科,力積電,54,73,-19
凱基竹科,佳能,2,21,-19
凱基竹科,華航,0,18,-18
凱基竹科,台新金,1,19,-18
凱基竹科,眾達-KY,260,277,-17
凱基竹科,正崴,0,17,-17
凱基竹科,順達,7,24,-17
凱基竹科,興能高,159,175,-16
凱基竹科,00934中信成長高股息,0,16,-16
凱基竹科,00941中信上游半導體,0,16,-16
凱基竹科,中興電,2,16,-14
永豐中和,00706L期元大S＆P日圓正2,200,0,200
永豐中和,玉山金,133,2,131
永豐中和,聯電,119,34,85
永豐中和,00953B群益優選非投等債,55,0,55
永豐中和,00665L富邦�琤肭磪囓�2,95,41,54
永豐中和,00679B元大美債20年,45,4,41
永豐中和,00753L中信中國50正2,38,0,38
永豐中和,00632R元大台灣50反1,57,30,27
永豐中和,聯光通,23,3,20
永豐中和,僑威,32,13,19
永豐中和,006208富邦台50,20,2,18
永豐中和,康那香,18,0,18
永豐中和,欣興,23,6,17
永豐中和,元大高股息,18,1,17
永豐中和,信錦,16,0,16
永豐中和,英業達,15,1,14
永豐中和,00971野村美國研發龍頭,12,0,12
永豐中和,永豐金,12,0,12
永豐中和,泰金寶-DR,17,5,12
永豐中和,宏達電,53,41,12
永豐中和,00715L期街口布蘭特正2,11,0,11
永豐中和,華經,11,0,11
永豐中和,玉晶光,11,0,11
永豐中和,台泥,10,0,10
永豐中和,聯鈞,42,32,10
永豐中和,00687B國泰20年美債,11,1,10
永豐中和,聯華食,10,0,10
永豐中和,三商電,10,0,10
永豐中和,文曄,10,0,10
永豐中和,亞泰,10,0,10
永豐中和,彩晶,10,0,10
永豐中和,台虹,10,0,10
永豐中和,00915凱基優選高股息30,9,0,9
永豐中和,王道銀行,8,0,8
永豐中和,00858永豐美國500大,8,0,8
永豐中和,敬鵬,7,0,7
永豐中和,華晶科,8,1,7
永豐中和,鳳凰,7,0,7
永豐中和,亞光,11,4,7
永豐中和,00919群益台灣精選高息,15,8,7
永豐中和,旺矽,13,7,6
永豐中和,順德,6,0,6
永豐中和,皇昌,7,1,6
永豐中和,能率,7,1,6
永豐中和,亞力,7,2,5
永豐中和,川寶,5,0,5
永豐中和,鴻華先進-創,5,0,5
永豐中和,皇翔,5,0,5
永豐中和,鼎天,5,0,5
永豐中和,台郡,5,0,5
永豐中和,00637L元大滬深300正2,20,500,-480
永豐中和,00720B元大投資級公司債,0,195,-195
永豐中和,00680L元大美債20正2,1,190,-189
永豐中和,00940元大台灣價值高息,0,140,-140
永豐中和,大同,1,73,-72
永豐中和,陽明,3,57,-54
永豐中和,微星,0,46,-46
永豐中和,新盛力,65,102,-37
永豐中和,大成鋼,4,40,-36
永豐中和,00948B中信優息投資級債,0,30,-30
永豐中和,神達,85,112,-27
永豐中和,鈺齊-KY,0,26,-26
永豐中和,00937B群益ESG投等債20,7,33,-26
永豐中和,興能高,56,79,-23
永豐中和,智邦,5,27,-22
永豐中和,今皓,0,22,-22
永豐中和,金寶,3,23,-20
永豐中和,群創,1,21,-20
永豐中和,台積電,1,15,-14
永豐中和,華星光,24,37,-13
永豐中和,00877復華中國5G,0,12,-12
永豐中和,00904新光臺灣半導體30,0,12,-12
永豐中和,富喬,5,17,-12
永豐中和,凱基金,3,15,-12
永豐中和,裕融,0,12,-12
永豐中和,力積電,11,22,-11
永豐中和,新光金,0,11,-11
永豐中和,00951台新日本半導體,0,10,-10
永豐中和,亞聚,0,10,-10
永豐中和,國泰金,0,10,-10
永豐中和,優盛,0,10,-10
永豐中和,青雲,0,10,-10
永豐中和,康和證,0,10,-10
永豐中和,元大台灣50,0,9,-9
永豐中和,友達,4,13,-9
永豐中和,00929復華台灣科技優息,0,9,-9
永豐中和,中鋼,2,11,-9
永豐中和,00932兆豐永續高息等權,0,9,-9
永豐中和,00965元大航太防衛科技,2,11,-9
永豐中和,全新,5,14,-9
永豐中和,光寶科,0,9,-9
永豐中和,台達電,0,8,-8
永豐中和,華航,0,8,-8
永豐中和,新日興,7,14,-7
永豐中和,00910第一金太空衛星,0,7,-7
永豐中和,汎銓,0,7,-7
永豐中和,長榮航,0,6,-6
永豐中和,中環,0,6,-6
永豐中和,宏致,3,9,-6
永豐中和,瀚宇博,0,6,-6
 元富中港,聯電,88,9,79
 元富中港,仲琦,42,0,42
 元富中港,南茂,31,2,29
 元富中港,00918大華優利高填息30,22,0,22
 元富中港,00878國泰永續高股息,20,1,19
 元富中港,耿鼎,20,1,19
 元富中港,台肥,18,0,18
 元富中港,00858永豐美國500大,15,0,15
 元富中港,00706L期元大S＆P日圓正2,11,0,11
 元富中港,00969B元大零息超長美債,10,0,10
 元富中港,星宇航空,10,0,10
 元富中港,遠東銀,10,0,10
 元富中港,今皓,10,0,10
 元富中港,大立,10,0,10
 元富中港,00673R期元大S＆P原油反1,9,0,9
 元富中港,緯創,13,4,9
 元富中港,亞泰,14,6,8
 元富中港,00637L元大滬深300正2,8,0,8
 元富中港,佳能,7,0,7
 元富中港,裕山,7,0,7
 元富中港,寶成,10,3,7
 元富中港,擎亞,17,10,7
 元富中港,南僑,6,0,6
 元富中港,茂綸,6,0,6
 元富中港,00724B群益投資級金融債,5,0,5
 元富中港,大成鋼,7,2,5
 元富中港,美律,5,0,5
 元富中港,全新,6,1,5
 元富中港,榮運,5,0,5
 元富中港,長榮航,5,0,5
 元富中港,欣興,6,1,5
 元富中港,台星科,6,1,5
 元富中港,聯合再生,5,0,5
 元富中港,ABC-KY,5,0,5
 元富中港,昇陽半導體,20,15,5
 元富中港,東捷,5,0,5
 元富中港,新日興,6,1,5
 元富中港,廣達,5,1,4
 元富中港,富喬,21,17,4
 元富中港,中光電,4,0,4
 元富中港,南仁湖,4,0,4
 元富中港,高端疫苗,4,0,4
 元富中港,長佳智能,4,0,4
 元富中港,博弘,4,0,4
 元富中港,上銀,4,1,3
 元富中港,濱川,3,0,3
 元富中港,百容,3,0,3
 元富中港,中信金,3,0,3
 元富中港,加百裕,24,21,3
 元富中港,晶彩科,3,0,3
 元富中港,00980B台新特選IG債10+,0,1166,-1166
 元富中港,友達,3,45,-42
 元富中港,00922國泰台灣領袖50,0,34,-34
 元富中港,凱基金,0,32,-32
 元富中港,00961FT臺灣永續高息,0,30,-30
 元富中港,群創,2,28,-26
 元富中港,興能高,59,84,-25
 元富中港,陽明,6,30,-24
 元富中港,00936台新永續高息中小,0,21,-21
 元富中港,六角,0,15,-15
 元富中港,錸寶,0,14,-14
 元富中港,全球傳動,0,14,-14
 元富中港,欣銓,1,13,-12
 元富中港,伊雲谷,0,12,-12
 元富中港,00679B元大美債20年,2,14,-12
 元富中港,00929復華台灣科技優息,1,12,-11
 元富中港,亞泥,0,11,-11
 元富中港,新光金,0,11,-11
 元富中港,大同,1,12,-11
 元富中港,00665L富邦�琤肭磪囓�2,0,10,-10
 元富中港,全福生技,0,10,-10
 元富中港,金居,0,10,-10
 元富中港,三商壽,0,10,-10
 元富中港,宏致,3,12,-9
 元富中港,新盛力,69,78,-9
 元富中港,鴻準,2,10,-8
 元富中港,宏達電,62,70,-8
 元富中港,連展投控,0,8,-8
 元富中港,精成科,1,9,-8
 元富中港,台中銀,3,10,-7
 元富中港,ITH-KY,0,7,-7
 元富中港,泰金寶-DR,0,7,-7
 元富中港,中磊,0,6,-6
 元富中港,東典光電,0,6,-6
 元富中港,彰銀,0,5,-5
 元富中港,亞力,6,11,-5
 元富中港,喬福,0,5,-5
 元富中港,吉茂,0,5,-5
 元富中港,十銓,0,5,-5
 元富中港,羅昇,0,5,-5
 元富中港,006208富邦台50,4,9,-5
 元富中港,元大高股息,3,8,-5
 元富中港,00757統一FANG+,0,4,-4
 元富中港,台積電,3,7,-4
 元富中港,順達,1,5,-4
 元富中港,華南金,0,4,-4
 元富中港,永豐金,1,5,-4
 元富中港,波若威,7,11,-4
 元富中港,台虹,0,4,-4
 元富中港,橋椿,1,4,-3
凱基埔墘,00965元大航太防衛科技,120,0,120
凱基埔墘,遠百,88,0,88
凱基埔墘,欣銓,85,8,77
凱基埔墘,新光金,70,5,65
凱基埔墘,泰金寶-DR,36,7,29
凱基埔墘,競國,23,0,23
凱基埔墘,00878國泰永續高股息,22,1,21
凱基埔墘,台灣大,20,0,20
凱基埔墘,精確,19,0,19
凱基埔墘,兆赫,18,0,18
凱基埔墘,聯電,20,4,16
凱基埔墘,達興材料,16,0,16
凱基埔墘,富威電力,16,0,16
凱基埔墘,00637L元大滬深300正2,15,1,14
凱基埔墘,00937B群益ESG投等債20,14,1,13
凱基埔墘,立敦,30,18,12
凱基埔墘,高技,11,0,11
凱基埔墘,00963中信全球高股息,10,0,10
凱基埔墘,長榮航,20,11,9
凱基埔墘,晟銘電,10,1,9
凱基埔墘,00940元大台灣價值高息,7,0,7
凱基埔墘,環宇-KY,13,6,7
凱基埔墘,精成科,14,8,6
凱基埔墘,00680L元大美債20正2,5,0,5
凱基埔墘,臺企銀,5,0,5
凱基埔墘,凱基金,5,0,5
凱基埔墘,神達,34,29,5
凱基埔墘,信立,5,0,5
凱基埔墘,00980B台新特選IG債10+,50,46,4
凱基埔墘,坤悅,4,0,4
凱基埔墘,富旺,4,0,4
凱基埔墘,亞光,3,0,3
凱基埔墘,緯創,6,3,3
凱基埔墘,00930永豐ESG低碳高息,3,0,3
凱基埔墘,立隆電,4,1,3
凱基埔墘,台星科,3,0,3
凱基埔墘,拓凱,3,0,3
凱基埔墘,欣泰,3,0,3
凱基埔墘,技嘉,2,0,2
凱基埔墘,宏��,2,0,2
凱基埔墘,00960野村全球航運龍頭,2,0,2
凱基埔墘,00923群益台ESG低碳50,2,0,2
凱基埔墘,00922國泰台灣領袖50,2,0,2
凱基埔墘,00640L富邦日本正2,2,0,2
凱基埔墘,台塑,2,0,2
凱基埔墘,科妍,4,2,2
凱基埔墘,泰茂,2,0,2
凱基埔墘,台揚,2,0,2
凱基埔墘,毅嘉,2,0,2
凱基埔墘,潤弘,2,0,2
凱基埔墘,啟��,0,71,-71
凱基埔墘,00725B國泰投資級公司債,0,67,-67
凱基埔墘,00919群益台灣精選高息,5,57,-52
凱基埔墘,台航,0,43,-43
凱基埔墘,宏達電,1,42,-41
凱基埔墘,00929復華台灣科技優息,0,36,-36
凱基埔墘,力積電,0,30,-30
凱基埔墘,台化,0,21,-21
凱基埔墘,和益,0,21,-21
凱基埔墘,華邦電,2,18,-16
凱基埔墘,華通,2,15,-13
凱基埔墘,文曄,0,11,-11
凱基埔墘,00909國泰數位支付服務,2,12,-10
凱基埔墘,00715L期街口布蘭特正2,0,10,-10
凱基埔墘,和大,0,10,-10
凱基埔墘,精剛,0,10,-10
凱基埔墘,華宏,0,10,-10
凱基埔墘,英業達,3,12,-9
凱基埔墘,波若威,3,11,-8
凱基埔墘,承業醫,0,8,-8
凱基埔墘,台積電,2,10,-8
凱基埔墘,006208富邦台50,1,9,-8
凱基埔墘,00951台新日本半導體,0,7,-7
凱基埔墘,00757統一FANG+,0,6,-6
凱基埔墘,堤維西,0,6,-6
凱基埔墘,卜蜂,0,5,-5
凱基埔墘,00731復華富時高息低波,0,5,-5
凱基埔墘,00675L富邦臺灣加權正2,0,5,-5
凱基埔墘,00673R期元大S＆P原油反1,0,5,-5
凱基埔墘,台玻,1,6,-5
凱基埔墘,宏旭-KY,0,5,-5
凱基埔墘,華航,0,5,-5
凱基埔墘,麗嬰房,0,5,-5
凱基埔墘,彬台,0,5,-5
凱基埔墘,寶成,0,5,-5
凱基埔墘,光寶科,0,4,-4
凱基埔墘,00679B元大美債20年,0,4,-4
凱基埔墘,華安,0,4,-4
凱基埔墘,台灣虎航,1,5,-4
凱基埔墘,陽明,1,5,-4
凱基埔墘,新日興,2,5,-3
凱基埔墘,惠特,0,3,-3
凱基埔墘,00927群益半導體收益,0,3,-3
凱基埔墘,00935野村臺灣新科技50,0,3,-3
凱基埔墘,鴻海,3,6,-3
凱基埔墘,昇貿,0,3,-3
凱基埔墘,瑞鼎,0,3,-3
凱基埔墘,達邁,6,9,-3
凱基埔墘,誠美材,0,3,-3
凱基埔墘,雷科,0,3,-3
 元大忠孝,00637L元大滬深300正2,801,572,229
 元大忠孝,聯電,221,23,198
 元大忠孝,00679B元大美債20年,178,30,148
 元大忠孝,精成科,135,8,127
 元大忠孝,緯創,126,19,107
 元大忠孝,宏��,86,6,80
 元大忠孝,00680L元大美債20正2,55,5,50
 元大忠孝,力積電,87,38,49
 元大忠孝,東洋,49,0,49
 元大忠孝,大銀微系統,98,50,48
 元大忠孝,台耀,40,0,40
 元大忠孝,元大高股息,55,16,39
 元大忠孝,亞光,51,20,31
 元大忠孝,元大金,27,0,27
 元大忠孝,00687B國泰20年美債,28,3,25
 元大忠孝,貿聯-KY,28,5,23
 元大忠孝,宏遠,22,0,22
 元大忠孝,00937B群益ESG投等債20,21,0,21
 元大忠孝,佳和,20,0,20
 元大忠孝,欣興,35,15,20
 元大忠孝,日月光投控,21,4,17
 元大忠孝,力成,20,3,17
 元大忠孝,台表科,19,2,17
 元大忠孝,康霈*,20,4,16
 元大忠孝,新纖,15,0,15
 元大忠孝,達邁,70,55,15
 元大忠孝,富威電力,15,0,15
 元大忠孝,日勝生,15,0,15
 元大忠孝,兆豐金,25,10,15
 元大忠孝,萬旭,14,0,14
 元大忠孝,長榮,25,12,13
 元大忠孝,合一,13,0,13
 元大忠孝,元山,14,1,13
 元大忠孝,00753L中信中國50正2,32,19,13
 元大忠孝,英濟,53,40,13
 元大忠孝,大中,36,23,13
 元大忠孝,連展投控,27,15,12
 元大忠孝,長華*,12,0,12
 元大忠孝,00960野村全球航運龍頭,10,0,10
 元大忠孝,00858永豐美國500大,10,0,10
 元大忠孝,廣達,20,10,10
 元大忠孝,00927群益半導體收益,9,0,9
 元大忠孝,景碩,12,3,9
 元大忠孝,訊連,9,0,9
 元大忠孝,橘子,10,1,9
 元大忠孝,仁寶,12,3,9
 元大忠孝,保瑞,12,3,9
 元大忠孝,00632R元大台灣50反1,22,14,8
 元大忠孝,台灣虎航,8,0,8
 元大忠孝,擎亞,41,34,7
 元大忠孝,00965元大航太防衛科技,0,156,-156
 元大忠孝,榮剛,0,143,-143
 元大忠孝,00940元大台灣價值高息,0,113,-113
 元大忠孝,三商壽,0,82,-82
 元大忠孝,波若威,39,102,-63
 元大忠孝,00830國泰費城半導體,0,55,-55
 元大忠孝,優群,1,53,-52
 元大忠孝,鳳凰,0,45,-45
 元大忠孝,00900富邦特選高股息30,0,43,-43
 元大忠孝,00661元大日經225,0,41,-41
 元大忠孝,欣銓,16,52,-36
 元大忠孝,大同,6,40,-34
 元大忠孝,00926凱基全球菁英55,5,38,-33
 元大忠孝,燿華,1,33,-32
 元大忠孝,華南金,0,32,-32
 元大忠孝,凱基金,11,42,-31
 元大忠孝,群創,3,33,-30
 元大忠孝,富邦金,0,29,-29
 元大忠孝,神達,137,165,-28
 元大忠孝,00942B台新美A公司債20+,0,25,-25
 元大忠孝,新光金,16,39,-23
 元大忠孝,00929復華台灣科技優息,0,22,-22
 元大忠孝,百和,20,42,-22
 元大忠孝,華航,6,28,-22
 元大忠孝,澤米,0,20,-20
 元大忠孝,00919群益台灣精選高息,13,33,-20
 元大忠孝,00922國泰台灣領袖50,0,19,-19
 元大忠孝,宏達電,54,71,-17
 元大忠孝,彰銀,0,16,-16
 元大忠孝,立隆電,23,38,-15
 元大忠孝,歐買尬,0,15,-15
 元大忠孝,00701國泰股利精選30,0,15,-15
 元大忠孝,興能高,265,280,-15
 元大忠孝,萬海,1,15,-14
 元大忠孝,鴻海,16,29,-13
 元大忠孝,友達,0,13,-13
 元大忠孝,00720B元大投資級公司債,0,13,-13
 元大忠孝,廣宇,5,17,-12
 元大忠孝,006208富邦台50,0,12,-12
 元大忠孝,中信金,2,14,-12
 元大忠孝,台達電,1,13,-12
 元大忠孝,臺企銀,0,11,-11
 元大忠孝,億光,4,15,-11
 元大忠孝,00951台新日本半導體,0,11,-11
 元大忠孝,國泰金,0,10,-10
 元大忠孝,宏致,27,37,-10
 元大忠孝,易威,0,10,-10
 元大忠孝,潤泰全,0,10,-10
 元大忠孝,海悅,1,11,-10
 元大忠孝,光寶科,0,10,-10
 元大敦化,長榮航,202,20,182
 元大敦化,華邦電,101,0,101
 元大敦化,00639富邦深100,100,0,100
 元大敦化,山隆,84,0,84
 元大敦化,欣銓,61,10,51
 元大敦化,台塑化,50,0,50
 元大敦化,力積電,47,4,43
 元大敦化,立隆電,54,13,41
 元大敦化,保銳,40,0,40
 元大敦化,創惟,42,2,40
 元大敦化,中工,40,0,40
 元大敦化,00637L元大滬深300正2,43,6,37
 元大敦化,00919群益台灣精選高息,42,8,34
 元大敦化,聯電,77,47,30
 元大敦化,順達,136,112,24
 元大敦化,00665L富邦�琤肭磪囓�2,57,35,22
 元大敦化,00687B國泰20年美債,21,0,21
 元大敦化,達運,20,0,20
 元大敦化,全球傳動,20,0,20
 元大敦化,福懋,20,0,20
 元大敦化,緯創,28,10,18
 元大敦化,台化,18,1,17
 元大敦化,00878國泰永續高股息,30,14,16
 元大敦化,元大高股息,18,3,15
 元大敦化,00882中信中國高股息,13,0,13
 元大敦化,科風,13,0,13
 元大敦化,00830國泰費城半導體,12,0,12
 元大敦化,力成,11,0,11
 元大敦化,慶豐富,11,0,11
 元大敦化,錸德,11,0,11
 元大敦化,凱美,16,5,11
 元大敦化,廣達,14,4,10
 元大敦化,宏遠,10,0,10
 元大敦化,邁達特,10,0,10
 元大敦化,達運光電,10,0,10
 元大敦化,廣明,10,1,9
 元大敦化,AES-KY,9,0,9
 元大敦化,眾達-KY,17,8,9
 元大敦化,雷虎,9,1,8
 元大敦化,台翰,12,4,8
 元大敦化,富世達,8,0,8
 元大敦化,00752中信中國50,7,0,7
 元大敦化,僑威,7,0,7
 元大敦化,全新,7,0,7
 元大敦化,易飛網,7,0,7
 元大敦化,兆豐金,6,0,6
 元大敦化,技嘉,7,1,6
 元大敦化,旺矽,11,5,6
 元大敦化,固緯,6,0,6
 元大敦化,三地開發,6,0,6
 元大敦化,00673R期元大S＆P原油反1,0,260,-260
 元大敦化,高技,1,90,-89
 元大敦化,中信金,0,79,-79
 元大敦化,宏致,30,79,-49
 元大敦化,朋億*,1,38,-37
 元大敦化,友達,0,35,-35
 元大敦化,00940元大台灣價值高息,4,36,-32
 元大敦化,華通,0,31,-31
 元大敦化,精英,0,30,-30
 元大敦化,00941中信上游半導體,0,28,-28
 元大敦化,00965元大航太防衛科技,0,26,-26
 元大敦化,伊雲谷,2,23,-21
 元大敦化,鈺邦,0,20,-20
 元大敦化,彬台,0,20,-20
 元大敦化,00881國泰台灣5G+,1,21,-20
 元大敦化,富邦金,12,30,-18
 元大敦化,王道銀行,0,16,-16
 元大敦化,光洋科,0,15,-15
 元大敦化,00937B群益ESG投等債20,15,30,-15
 元大敦化,浪凡,0,15,-15
 元大敦化,00715L期街口布蘭特正2,0,15,-15
 元大敦化,日勝生,0,14,-14
 元大敦化,富喬,1,14,-13
 元大敦化,00632R元大台灣50反1,2,15,-13
 元大敦化,亞翔,1,13,-12
 元大敦化,新建,0,12,-12
 元大敦化,德晉,0,12,-12
 元大敦化,綠界科技*,20,32,-12
 元大敦化,臺企銀,0,12,-12
 元大敦化,玉山金,0,12,-12
 元大敦化,00675L富邦臺灣加權正2,0,12,-12
 元大敦化,元大台灣50,0,11,-11
 元大敦化,新光金,5,16,-11
 元大敦化,南亞,0,11,-11
 元大敦化,00646元大S＆P500,0,10,-10
 元大敦化,台積電,14,24,-10
 元大敦化,達方,0,10,-10
 元大敦化,00680L元大美債20正2,1,11,-10
 元大敦化,系統電,0,10,-10
 元大敦化,00891中信關鍵半導體,0,10,-10
 元大敦化,中揚光,0,10,-10
 元大敦化,00947台新臺灣IC設計,0,10,-10
 元大敦化,寶成,0,10,-10
 元大敦化,長虹,0,10,-10
 元大敦化,華星光,47,56,-9
 元大敦化,00631L元大台灣50正2,6,14,-8
 元大敦化,正達,3,11,-8
 元大敦化,00662富邦NASDAQ,0,8,-8
 元大敦化,菱光,0,8,-8
 元大敦化,泰豐,0,8,-8
凱基高雄,兆豐金,186,0,186
凱基高雄,聯電,173,60,113
凱基高雄,00937B群益ESG投等債20,75,0,75
凱基高雄,大武山,70,0,70
凱基高雄,00910第一金太空衛星,60,1,59
凱基高雄,順達,62,15,47
凱基高雄,長榮,51,5,46
凱基高雄,榮運,44,0,44
凱基高雄,中信金,93,53,40
凱基高雄,00753L中信中國50正2,40,0,40
凱基高雄,錦明,38,0,38
凱基高雄,00918大華優利高填息30,38,2,36
凱基高雄,國統,29,0,29
凱基高雄,00633L富邦上証正2,231,203,28
凱基高雄,台灣虎航,26,1,25
凱基高雄,新建,59,35,24
凱基高雄,00637L元大滬深300正2,29,6,23
凱基高雄,元大高股息,31,10,21
凱基高雄,友達,37,17,20
凱基高雄,誠美材,20,0,20
凱基高雄,允強,20,0,20
凱基高雄,00665L富邦�琤肭磪囓�2,20,0,20
凱基高雄,立��,20,5,15
凱基高雄,聯鈞,29,15,14
凱基高雄,泰鼎-KY,19,5,14
凱基高雄,00680L元大美債20正2,11,0,11
凱基高雄,遠百,11,0,11
凱基高雄,群創,10,0,10
凱基高雄,博磊,10,0,10
凱基高雄,喬山,10,0,10
凱基高雄,東聯,10,0,10
凱基高雄,精元,10,0,10
凱基高雄,00713元大台灣高息低波,10,0,10
凱基高雄,和勤,10,0,10
凱基高雄,00632R元大台灣50反1,9,0,9
凱基高雄,事欣科,9,0,9
凱基高雄,志強-KY,9,0,9
凱基高雄,和椿,28,19,9
凱基高雄,長榮航,11,3,8
凱基高雄,加百裕,21,13,8
凱基高雄,00953B群益優選非投等債,8,0,8
凱基高雄,點序,15,7,8
凱基高雄,00852L國泰美國道瓊正2,8,0,8
凱基高雄,英業達,15,8,7
凱基高雄,金雨,7,0,7
凱基高雄,中鋼,7,0,7
凱基高雄,達邁,32,25,7
凱基高雄,00915凱基優選高股息30,6,0,6
凱基高雄,雷虎,7,1,6
凱基高雄,振曜,6,0,6
凱基高雄,00878國泰永續高股息,24,354,-330
凱基高雄,00980B台新特選IG債10+,0,240,-240
凱基高雄,永信建,0,152,-152
凱基高雄,富邦金,22,145,-123
凱基高雄,00885富邦越南,0,108,-108
凱基高雄,麗清,1,105,-104
凱基高雄,凱基金,7,88,-81
凱基高雄,緯創,17,92,-75
凱基高雄,00757統一FANG+,0,62,-62
凱基高雄,00929復華台灣科技優息,2,62,-60
凱基高雄,00881國泰台灣5G+,2,60,-58
凱基高雄,00971野村美國研發龍頭,3,58,-55
凱基高雄,友輝,1,45,-44
凱基高雄,新盛力,35,77,-42
凱基高雄,僑威,24,64,-40
凱基高雄,00673R期元大S＆P原油反1,0,37,-37
凱基高雄,伍豐,0,32,-32
凱基高雄,臺企銀,3,33,-30
凱基高雄,欣銓,16,43,-27
凱基高雄,日月光投控,7,31,-24
凱基高雄,能率,14,38,-24
凱基高雄,鈺創,0,23,-23
凱基高雄,台積電,2,23,-21
凱基高雄,東元,0,20,-20
凱基高雄,大亞,0,20,-20
凱基高雄,神達,70,89,-19
凱基高雄,官田鋼,0,17,-17
凱基高雄,神基,0,15,-15
凱基高雄,森鉅,0,15,-15
凱基高雄,鴻海,14,27,-13
凱基高雄,00679B元大美債20年,0,13,-13
凱基高雄,宏達電,64,77,-13
凱基高雄,燿華,0,12,-12
凱基高雄,中砂,4,16,-12
凱基高雄,圓剛,1,12,-11
凱基高雄,00938凱基優選30,0,10,-10
凱基高雄,光環,1,11,-10
凱基高雄,朋億*,3,12,-9
凱基高雄,東洋,0,9,-9
凱基高雄,中鴻,0,9,-9
凱基高雄,仁寶,0,9,-9
凱基高雄,力積電,17,25,-8
凱基高雄,環宇-KY,20,28,-8
凱基高雄,新光金,2,10,-8
凱基高雄,00795B中信美國公債20年,0,8,-8
凱基高雄,雙鴻,0,8,-8
凱基高雄,華南金,0,7,-7
凱基高雄,00687B國泰20年美債,2,9,-7
凱基高雄,南亞,0,7,-7
凱基高雄,千附,0,7,-7
國票南科,聯電,142,63,79
國票南科,華新,43,5,38
國票南科,新盛力,112,86,26
國票南科,緯創,30,4,26
國票南科,00753L中信中國50正2,45,20,25
國票南科,00945B凱基美國非投等債,20,0,20
國票南科,京元電子,21,1,20
國票南科,中鋼,25,6,19
國票南科,三商壽,19,0,19
國票南科,眾達-KY,38,21,17
國票南科,遠東銀,14,0,14
國票南科,00878國泰永續高股息,13,0,13
國票南科,驊訊,11,0,11
國票南科,00637L元大滬深300正2,10,0,10
國票南科,00959B大華投等美債15Y+,20,10,10
國票南科,精材,11,1,10
國票南科,連展投控,10,0,10
國票南科,松普,10,0,10
國票南科,福邦證,10,0,10
國票南科,富喬,21,12,9
國票南科,00937B群益ESG投等債20,8,0,8
國票南科,亞航,8,0,8
國票南科,智原,8,0,8
國票南科,00712復華富時不動產,7,0,7
國票南科,廣豐,7,0,7
國票南科,泰茂,7,0,7
國票南科,旭軟,45,38,7
國票南科,合庫金,11,4,7
國票南科,台新金,10,4,6
國票南科,廣達,11,5,6
國票南科,00631L元大台灣50正2,6,0,6
國票南科,和椿,29,23,6
國票南科,奇鋐,8,2,6
國票南科,緯穎,5,0,5
國票南科,富采,5,0,5
國票南科,00950B凱基A級公司債,5,0,5
國票南科,三晃,5,0,5
國票南科,凱基金,20,15,5
國票南科,台星科,5,0,5
國票南科,京鼎,5,0,5
國票南科,華容,5,0,5
國票南科,豪勉,5,0,5
國票南科,ITH-KY,5,0,5
國票南科,凌巨,5,0,5
國票南科,泰金寶-DR,15,10,5
國票南科,00935野村臺灣新科技50,5,0,5
國票南科,永豐金,4,0,4
國票南科,牧德,4,0,4
國票南科,光鋐,5,1,4
國票南科,百一,4,0,4
國票南科,中石化,0,145,-145
國票南科,力積電,86,172,-86
國票南科,南帝,0,56,-56
國票南科,神達,38,88,-50
國票南科,正隆,0,49,-49
國票南科,晟德,0,49,-49
國票南科,新光金,0,42,-42
國票南科,長榮航,0,33,-33
國票南科,正文,0,24,-24
國票南科,00929復華台灣科技優息,1,24,-23
國票南科,00927群益半導體收益,2,23,-21
國票南科,越峰,0,18,-18
國票南科,陽明,6,23,-17
國票南科,台橡,0,16,-16
國票南科,喬福,0,15,-15
國票南科,僑威,1,15,-14
國票南科,00701國泰股利精選30,0,14,-14
國票南科,元大台灣50,0,14,-14
國票南科,耿鼎,0,13,-13
國票南科,點序,0,13,-13
國票南科,南亞科,0,12,-12
國票南科,00830國泰費城半導體,0,12,-12
國票南科,威剛,0,11,-11
國票南科,欣銓,3,14,-11
國票南科,邁達特,0,11,-11
國票南科,鴻準,1,11,-10
國票南科,中信金,0,10,-10
國票南科,承業醫,0,10,-10
國票南科,宏觀,0,10,-10
國票南科,芯鼎,0,10,-10
國票南科,北基,0,10,-10
國票南科,00923群益台ESG低碳50,0,9,-9
國票南科,博磊,1,10,-9
國票南科,長佳智能,0,9,-9
國票南科,宏達電,41,49,-8
國票南科,精金,0,8,-8
國票南科,西勝,1,9,-8
國票南科,大同,9,16,-7
國票南科,00905FT臺灣Smart,4,11,-7
國票南科,威盛,0,7,-7
國票南科,盟立,0,7,-7
國票南科,華航,0,7,-7
國票南科,精成科,4,11,-7
國票南科,群創,0,7,-7
國票南科,00891中信關鍵半導體,0,6,-6
國票南科,台光電,2,8,-6
國票南科,金像電,0,6,-6
國票南科,國泰金,0,6,-6
國票南科,艾笛森,0,6,-6
國票南科,松瑞藥,0,6,-6
 元大南海,00637L元大滬深300正2,120,0,120
 元大南海,智邦,60,3,57
 元大南海,台積電,52,11,41
 元大南海,00937B群益ESG投等債20,30,0,30
 元大南海,百和興業-KY,28,1,27
 元大南海,台泥,21,0,21
 元大南海,00648R元大S＆P500反1,20,0,20
 元大南海,長榮,19,0,19
 元大南海,立隆電,24,8,16
 元大南海,緯穎,12,1,11
 元大南海,00641R富邦日本反1,10,0,10
 元大南海,00687B國泰20年美債,10,0,10
 元大南海,00972野村日本動能高息,10,0,10
 元大南海,盛達,10,0,10
 元大南海,誠美材,10,0,10
 元大南海,金興精密,10,0,10
 元大南海,元大金,9,0,9
 元大南海,緯創,26,17,9
 元大南海,東陽,8,0,8
 元大南海,精英,7,0,7
 元大南海,致茂,8,1,7
 元大南海,00968B元大優息投等債,6,0,6
 元大南海,能率,7,1,6
 元大南海,精成科,11,5,6
 元大南海,00715L期街口布蘭特正2,5,0,5
 元大南海,00679B元大美債20年,5,0,5
 元大南海,精材,6,1,5
 元大南海,英業達,6,2,4
 元大南海,00922國泰台灣領袖50,4,0,4
 元大南海,永光,4,0,4
 元大南海,00919群益台灣精選高息,3,0,3
 元大南海,00858永豐美國500大,3,0,3
 元大南海,00912中信臺灣智慧50,3,0,3
 元大南海,凱美,8,5,3
 元大南海,廣達,4,1,3
 元大南海,新盛力,33,30,3
 元大南海,弘凱,3,0,3
 元大南海,雷科,3,0,3
 元大南海,凱基金,3,0,3
 元大南海,兆豐金,3,0,3
 元大南海,圓剛,2,0,2
 元大南海,大銀微系統,2,0,2
 元大南海,元太,3,1,2
 元大南海,00971野村美國研發龍頭,2,0,2
 元大南海,00953B群益優選非投等債,2,0,2
 元大南海,00680L元大美債20正2,2,0,2
 元大南海,00915凱基優選高股息30,2,0,2
 元大南海,00720B元大投資級公司債,2,0,2
 元大南海,耿鼎,2,0,2
 元大南海,正新,2,0,2
 元大南海,聯電,36,372,-336
 元大南海,泰金寶-DR,6,129,-123
 元大南海,00934中信成長高股息,0,60,-60
 元大南海,00965元大航太防衛科技,22,51,-29
 元大南海,興能高,48,69,-21
 元大南海,神達,41,59,-18
 元大南海,科妍,0,15,-15
 元大南海,亞昕,0,13,-13
 元大南海,廣宇,0,11,-11
 元大南海,富喬,1,11,-10
 元大南海,00712復華富時不動產,0,10,-10
 元大南海,00882中信中國高股息,0,10,-10
 元大南海,三陽工業,0,10,-10
 元大南海,三商壽,0,10,-10
 元大南海,凌華,0,10,-10
 元大南海,00673R期元大S＆P原油反1,0,10,-10
 元大南海,宏達電,11,20,-9
 元大南海,00927群益半導體收益,0,8,-8
 元大南海,禾瑞亞,0,8,-8
 元大南海,文曄,0,7,-7
 元大南海,00675L富邦臺灣加權正2,0,7,-7
 元大南海,光環,0,7,-7
 元大南海,00753L中信中國50正2,0,6,-6
 元大南海,仁寶,2,8,-6
 元大南海,新建,0,6,-6
 元大南海,富邦金,0,6,-6
 元大南海,鴻海,2,7,-5
 元大南海,國泰金,0,5,-5
 元大南海,00881國泰台灣5G+,0,5,-5
 元大南海,新光金,0,5,-5
 元大南海,富華新,0,5,-5
 元大南海,華容,0,5,-5
 元大南海,遠東銀,0,5,-5
 元大南海,欣銓,2,6,-4
 元大南海,00918大華優利高填息30,1,5,-4
 元大南海,中華電,0,4,-4
 元大南海,彬台,0,4,-4
 元大南海,光聯,0,4,-4
 元大南海,慧友,0,4,-4
 元大南海,富采,0,4,-4
 元大南海,瀚宇博,0,3,-3
 元大南海,台達電,0,3,-3
 元大南海,亞翔,4,7,-3
 元大南海,00909國泰數位支付服務,0,3,-3
 元大南海,富邦科技,0,3,-3
 元大南海,堤維西,0,3,-3
 元大南海,橋椿,0,3,-3
 元大南海,鴻準,5,8,-3
 元大南海,所羅門,1,4,-3
 元大南海,偉詮電,0,3,-3
 元富台中,00673R期元大S＆P原油反1,430,5,425
 元富台中,泰金寶-DR,163,11,152
 元富台中,聯電,147,11,136
 元富台中,00637L元大滬深300正2,110,0,110
 元富台中,神達,149,72,77
 元富台中,立隆電,78,2,76
 元富台中,00757統一FANG+,85,11,74
 元富台中,台積電,81,14,67
 元富台中,宸曜,34,0,34
 元富台中,00919群益台灣精選高息,29,2,27
 元富台中,00878國泰永續高股息,38,13,25
 元富台中,00852L國泰美國道瓊正2,25,0,25
 元富台中,00960野村全球航運龍頭,23,0,23
 元富台中,新日興,25,2,23
 元富台中,國泰金,22,4,18
 元富台中,慧洋-KY,18,0,18
 元富台中,安國,18,0,18
 元富台中,能率網通,17,0,17
 元富台中,元大高股息,19,2,17
 元富台中,友訊,18,2,16
 元富台中,連展投控,22,6,16
 元富台中,浪凡,18,2,16
 元富台中,富野,17,2,15
 元富台中,立積,17,4,13
 元富台中,立��,15,3,12
 元富台中,台新金,12,1,11
 元富台中,00632R元大台灣50反1,12,1,11
 元富台中,宏達電,110,99,11
 元富台中,欣興,10,0,10
 元富台中,00891中信關鍵半導體,10,0,10
 元富台中,允強,10,0,10
 元富台中,群創,10,1,9
 元富台中,中華電,10,1,9
 元富台中,新復興,10,1,9
 元富台中,00706L期元大S＆P日圓正2,8,0,8
 元富台中,旺宏,8,0,8
 元富台中,圓剛,8,0,8
 元富台中,00687B國泰20年美債,10,3,7
 元富台中,仁寶,12,5,7
 元富台中,亞光,13,7,6
 元富台中,友威科,6,0,6
 元富台中,全球傳動,6,0,6
 元富台中,順達,7,2,5
 元富台中,和大,5,0,5
 元富台中,永豐金,6,1,5
 元富台中,恆大,5,0,5
 元富台中,泰茂,5,0,5
 元富台中,台揚,5,0,5
 元富台中,裕民,6,1,5
 元富台中,僑威,6,1,5
 元富台中,台化,7,1006,-999
 元富台中,00980B台新特選IG債10+,0,538,-538
 元富台中,英業達,7,306,-299
 元富台中,00933B國泰10Y+金融債,0,60,-60
 元富台中,00941中信上游半導體,0,51,-51
 元富台中,金寶,1,45,-44
 元富台中,精金,0,33,-33
 元富台中,先益,0,31,-31
 元富台中,榮創,0,30,-30
 元富台中,00940元大台灣價值高息,0,26,-26
 元富台中,00900富邦特選高股息30,1,20,-19
 元富台中,台達電,0,18,-18
 元富台中,欣銓,6,22,-16
 元富台中,佳能,0,13,-13
 元富台中,00929復華台灣科技優息,0,13,-13
 元富台中,力積電,13,25,-12
 元富台中,宏致,0,12,-12
 元富台中,達邁,12,24,-12
 元富台中,鴻準,1,12,-11
 元富台中,華城,4,14,-10
 元富台中,華新,1,11,-10
 元富台中,天宇,0,10,-10
 元富台中,大亞,2,11,-9
 元富台中,奇鋐,1,9,-8
 元富台中,長榮,0,8,-8
 元富台中,00877復華中國5G,0,7,-7
 元富台中,00943兆豐電子高息等權,0,7,-7
 元富台中,光寶科,0,7,-7
 元富台中,新興,1,8,-7
 元富台中,和椿,10,16,-6
 元富台中,00951台新日本半導體,0,6,-6
 元富台中,萬海,0,6,-6
 元富台中,陽明,12,18,-6
 元富台中,環宇-KY,9,15,-6
 元富台中,凱基金,0,5,-5
 元富台中,聯鈞,25,30,-5
 元富台中,志強-KY,0,5,-5
 元富台中,00753L中信中國50正2,30,35,-5
 元富台中,燿華,0,5,-5
 元富台中,炎洲,0,5,-5
 元富台中,九齊,0,5,-5
 元富台中,台通,0,5,-5
 元富台中,00762元大全球AI,0,4,-4
 元富台中,富喬,26,30,-4
 元富台中,友達,0,4,-4
 元富台中,盟立,1,5,-4
 元富台中,華航,1,5,-4
 元富台中,博磊,0,4,-4
 元富台中,和碩,0,4,-4
 元富台中,建達,0,4,-4
合庫台中,三商壽,1021,21,1000
合庫台中,00680L元大美債20正2,541,27,514
合庫台中,00655L國泰中國A50正2,300,0,300
合庫台中,聯電,320,52,268
合庫台中,00676R富邦臺灣加權反1,271,15,256
合庫台中,00650L復華香港正2,216,50,166
合庫台中,合庫金,177,15,162
合庫台中,00918大華優利高填息30,106,0,106
合庫台中,鴻海,112,17,95
合庫台中,元大高股息,88,10,78
合庫台中,00919群益台灣精選高息,66,5,61
合庫台中,飛宏,40,0,40
合庫台中,力積電,96,61,35
合庫台中,精剛,50,17,33
合庫台中,天二科技,31,0,31
合庫台中,00900富邦特選高股息30,32,3,29
合庫台中,緯創,47,20,27
合庫台中,達邁,57,33,24
合庫台中,亞泰,23,1,22
合庫台中,台驊控股,20,0,20
合庫台中,00719B元大美債1-3,20,0,20
合庫台中,00664R國泰臺灣加權反1,20,0,20
合庫台中,迎輝,20,0,20
合庫台中,宏遠證,20,0,20
合庫台中,潤隆,23,4,19
合庫台中,寶得利,18,0,18
合庫台中,英業達,25,7,18
合庫台中,00858永豐美國500大,21,4,17
合庫台中,華邦電,21,4,17
合庫台中,昇達科,52,35,17
合庫台中,台泥,17,0,17
合庫台中,020033統一�琤肮黕篾,15,0,15
合庫台中,晶彩科,15,1,14
合庫台中,泰金寶-DR,30,16,14
合庫台中,虹堡,15,1,14
合庫台中,力成,13,0,13
合庫台中,廣達,14,2,12
合庫台中,神達,181,169,12
合庫台中,宏遠,12,0,12
合庫台中,太子,12,0,12
合庫台中,廣明,18,7,11
合庫台中,00933B國泰10Y+金融債,11,0,11
合庫台中,00915凱基優選高股息30,11,0,11
合庫台中,熒茂,12,1,11
合庫台中,海光,11,0,11
合庫台中,永豐金,12,2,10
合庫台中,東台,10,0,10
合庫台中,錼創科技-KY創,10,0,10
合庫台中,00971野村美國研發龍頭,11,1,10
合庫台中,鈺創,10,0,10
合庫台中,00665L富邦�琤肭磪囓�2,61,828,-767
合庫台中,00937B群益ESG投等債20,44,246,-202
合庫台中,凱基金,0,193,-193
合庫台中,彰銀,99,200,-101
合庫台中,台塑,22,120,-98
合庫台中,00929復華台灣科技優息,12,109,-97
合庫台中,大同,8,83,-75
合庫台中,陽明,5,77,-72
合庫台中,華航,9,81,-72
合庫台中,神基,2,67,-65
合庫台中,新光金,42,107,-65
合庫台中,宏達電,70,131,-61
合庫台中,00877復華中國5G,0,51,-51
合庫台中,波若威,153,202,-49
合庫台中,00637L元大滬深300正2,161,210,-49
合庫台中,興能高,240,288,-48
合庫台中,富邦金,1,44,-43
合庫台中,友達,26,65,-39
合庫台中,00941中信上游半導體,0,36,-36
合庫台中,宏致,0,36,-36
合庫台中,00887永豐中國科技50大,0,35,-35
合庫台中,美律,0,35,-35
合庫台中,華廣,0,33,-33
合庫台中,00951台新日本半導體,0,31,-31
合庫台中,新潤,0,31,-31
合庫台中,力麗,0,30,-30
合庫台中,聯詠,1,30,-29
合庫台中,00934中信成長高股息,1,30,-29
合庫台中,僑威,6,32,-26
合庫台中,00922國泰台灣領袖50,4,29,-25
合庫台中,00642U期元大S＆P石油,0,25,-25
合庫台中,漢翔,0,24,-24
合庫台中,超豐,0,24,-24
合庫台中,00940元大台灣價值高息,0,23,-23
合庫台中,00891中信關鍵半導體,0,22,-22
合庫台中,前鼎,3,24,-21
合庫台中,廣宇,0,21,-21
合庫台中,00923群益台ESG低碳50,0,21,-21
合庫台中,華南金,5,25,-20
合庫台中,00878國泰永續高股息,23,43,-20
合庫台中,順達,17,37,-20
合庫台中,00715L期街口布蘭特正2,0,20,-20
合庫台中,長榮,4,23,-19
合庫台中,義隆,0,19,-19
合庫台中,國泰金,1,19,-18
合庫台中,國巨,1,18,-17
合庫台中,00753L中信中國50正2,12,29,-17
合庫台中,亞光,8,25,-17
合庫台中,采鈺,0,17,-17
合庫台中,鴻準,10,26,-16
華南高雄,00665L富邦�琤肭磪囓�2,123,1,122
華南高雄,聯電,176,60,116
華南高雄,亞泰,96,1,95
華南高雄,00858永豐美國500大,283,220,63
華南高雄,元大高股息,57,3,54
華南高雄,緯創,60,16,44
華南高雄,00915凱基優選高股息30,38,0,38
華南高雄,兆豐金,37,0,37
華南高雄,台揚,35,6,29
華南高雄,00919群益台灣精選高息,32,4,28
華南高雄,00637L元大滬深300正2,31,3,28
華南高雄,波若威,114,90,24
華南高雄,英業達,31,7,24
華南高雄,泰金寶-DR,47,27,20
華南高雄,00852L國泰美國道瓊正2,20,0,20
華南高雄,00642U期元大S＆P石油,20,0,20
華南高雄,鴻海,30,11,19
華南高雄,東捷,20,1,19
華南高雄,運錩,18,0,18
華南高雄,精成科,23,5,18
華南高雄,台新金,20,3,17
華南高雄,鑫龍騰,17,0,17
華南高雄,聯成,17,0,17
華南高雄,新建,20,4,16
華南高雄,宏��,17,1,16
華南高雄,連展投控,20,4,16
華南高雄,聯發,14,0,14
華南高雄,00953B群益優選非投等債,16,2,14
華南高雄,彰銀,14,0,14
華南高雄,虹光,13,0,13
華南高雄,中鋼,16,4,12
華南高雄,立敦,19,7,12
華南高雄,宏齊,20,9,11
華南高雄,00927群益半導體收益,11,0,11
華南高雄,和碩,19,8,11
華南高雄,00878國泰永續高股息,19,8,11
華南高雄,慧洋-KY,15,5,10
華南高雄,力成,14,4,10
華南高雄,隆大,11,1,10
華南高雄,華電網,10,0,10
華南高雄,達邁,35,26,9
華南高雄,佳總,10,1,9
華南高雄,英濟,45,36,9
華南高雄,愛普*,10,1,9
華南高雄,澤米,8,0,8
華南高雄,昇陽半導體,15,7,8
華南高雄,啟��,12,4,8
華南高雄,00632R元大台灣50反1,9,2,7
華南高雄,國統,17,10,7
華南高雄,佳和,7,0,7
華南高雄,00971野村美國研發龍頭,3,128,-125
華南高雄,00929復華台灣科技優息,10,121,-111
華南高雄,華南金,0,68,-68
華南高雄,中華電,0,62,-62
華南高雄,00830國泰費城半導體,8,64,-56
華南高雄,新盛力,96,142,-46
華南高雄,00934中信成長高股息,0,46,-46
華南高雄,宏達電,84,124,-40
華南高雄,長榮航,2,41,-39
華南高雄,中信金,3,34,-31
華南高雄,富晶通,0,30,-30
華南高雄,中石化,1,31,-30
華南高雄,神達,228,256,-28
華南高雄,00770國泰北美科技,5,30,-25
華南高雄,所羅門,0,25,-25
華南高雄,00909國泰數位支付服務,5,29,-24
華南高雄,和椿,15,37,-22
華南高雄,00937B群益ESG投等債20,20,42,-22
華南高雄,宏致,28,50,-22
華南高雄,群創,1,22,-21
華南高雄,00664R國泰臺灣加權反1,0,21,-21
華南高雄,006208富邦台50,2,23,-21
華南高雄,00898國泰基因免疫革命,0,20,-20
華南高雄,國泰金,0,20,-20
華南高雄,立隆電,62,81,-19
華南高雄,新漢,3,22,-19
華南高雄,00939統一台灣高息動能,0,19,-19
華南高雄,圓剛,11,28,-17
華南高雄,新光金,0,16,-16
華南高雄,中環,0,15,-15
華南高雄,威健,0,15,-15
華南高雄,興能高,93,107,-14
華南高雄,00900富邦特選高股息30,3,17,-14
華南高雄,眾達-KY,13,26,-13
華南高雄,台積電,8,21,-13
華南高雄,能率,3,15,-12
華南高雄,亞航,0,12,-12
華南高雄,00924復華S＆P500成長,4,16,-12
華南高雄,力積電,31,43,-12
華南高雄,00895富邦未來車,1,12,-11
華南高雄,友達,0,11,-11
華南高雄,00940元大台灣價值高息,1,12,-11
華南高雄,川寶,0,10,-10
華南高雄,00891中信關鍵半導體,0,10,-10
華南高雄,00948B中信優息投資級債,0,10,-10
華南高雄,華友聯,0,10,-10
華南高雄,00951台新日本半導體,0,10,-10
華南高雄,星通,0,10,-10
華南高雄,00650L復華香港正2,0,10,-10
華南高雄,永信建,0,10,-10
兆豐新莊,00673R期元大S＆P原油反1,201,0,201
兆豐新莊,00632R元大台灣50反1,100,0,100
兆豐新莊,聯電,94,10,84
兆豐新莊,錩新,176,94,82
兆豐新莊,00637L元大滬深300正2,96,60,36
兆豐新莊,00878國泰永續高股息,32,2,30
兆豐新莊,遠東新,30,0,30
兆豐新莊,緯創,29,5,24
兆豐新莊,全球傳動,22,0,22
兆豐新莊,新光金,18,0,18
兆豐新莊,兆豐金,17,0,17
兆豐新莊,00910第一金太空衛星,15,0,15
兆豐新莊,聯成,14,0,14
兆豐新莊,東隆興,13,0,13
兆豐新莊,力積電,20,7,13
兆豐新莊,臺企銀,10,0,10
兆豐新莊,立��,11,1,10
兆豐新莊,00687B國泰20年美債,10,0,10
兆豐新莊,00753L中信中國50正2,10,0,10
兆豐新莊,華容,14,4,10
兆豐新莊,台燿,10,0,10
兆豐新莊,圓剛,21,13,8
兆豐新莊,00929復華台灣科技優息,10,2,8
兆豐新莊,滿心,8,0,8
兆豐新莊,中鋼,9,1,8
兆豐新莊,達邁,18,10,8
兆豐新莊,創意,7,0,7
兆豐新莊,中華,6,0,6
兆豐新莊,富野,6,0,6
兆豐新莊,連展投控,13,7,6
兆豐新莊,大銀微系統,9,3,6
兆豐新莊,金麗-KY,6,0,6
兆豐新莊,鴻海,13,8,5
兆豐新莊,和椿,14,9,5
兆豐新莊,00665L富邦�琤肭磪囓�2,5,0,5
兆豐新莊,中石化,5,0,5
兆豐新莊,浩鼎,5,0,5
兆豐新莊,高鋒,5,0,5
兆豐新莊,綠界科技*,5,0,5
兆豐新莊,元大高股息,5,1,4
兆豐新莊,直得,4,0,4
兆豐新莊,亞光,5,2,3
兆豐新莊,東陽,3,0,3
兆豐新莊,普安,3,0,3
兆豐新莊,新興,4,1,3
兆豐新莊,聯一光,3,0,3
兆豐新莊,國光生,5,2,3
兆豐新莊,廣明,3,0,3
兆豐新莊,旺矽,4,1,3
兆豐新莊,研揚,3,0,3
兆豐新莊,00937B群益ESG投等債20,10,63,-53
兆豐新莊,中裕,0,50,-50
兆豐新莊,華邦電,0,42,-42
兆豐新莊,蔚華科,0,26,-26
兆豐新莊,富喬,58,83,-25
兆豐新莊,006208富邦台50,0,23,-23
兆豐新莊,萬海,0,20,-20
兆豐新莊,浪凡,0,20,-20
兆豐新莊,宏達電,16,34,-18
兆豐新莊,英業達,9,27,-18
兆豐新莊,新潤,0,16,-16
兆豐新莊,00932兆豐永續高息等權,0,15,-15
兆豐新莊,欣銓,20,35,-15
兆豐新莊,英濟,5,18,-13
兆豐新莊,居易,0,13,-13
兆豐新莊,創惟,1,13,-12
兆豐新莊,台積電,1,12,-11
兆豐新莊,波若威,12,23,-11
兆豐新莊,統一,0,11,-11
兆豐新莊,廣達,3,13,-10
兆豐新莊,00907永豐優息存股,0,10,-10
兆豐新莊,00942B台新美A公司債20+,0,10,-10
兆豐新莊,00941中信上游半導體,0,10,-10
兆豐新莊,京元電子,0,10,-10
兆豐新莊,柏騰,0,10,-10
兆豐新莊,TPK-KY,0,10,-10
兆豐新莊,瑞智,0,10,-10
兆豐新莊,共信-KY,0,10,-10
兆豐新莊,00939統一台灣高息動能,0,9,-9
兆豐新莊,00635U期元大S＆P黃金,0,9,-9
兆豐新莊,海華,3,12,-9
兆豐新莊,神達,39,48,-9
兆豐新莊,環宇-KY,15,23,-8
兆豐新莊,新日興,1,8,-7
兆豐新莊,鑽石投資,0,7,-7
兆豐新莊,南亞,3,10,-7
兆豐新莊,金像電,0,6,-6
兆豐新莊,威盛,0,6,-6
兆豐新莊,王道銀行,0,6,-6
兆豐新莊,濟生,0,6,-6
兆豐新莊,矽力*-KY,0,6,-6
兆豐新莊,新盛力,10,15,-5
兆豐新莊,00915凱基優選高股息30,0,5,-5
兆豐新莊,00892富邦台灣半導體,0,5,-5
兆豐新莊,慧洋-KY,0,5,-5
兆豐新莊,晟銘電,2,7,-5
兆豐新莊,宏致,1,6,-5
兆豐新莊,榮科,0,5,-5
兆豐新莊,競國,0,5,-5
兆豐新莊,擎亞,3,8,-5
日茂埔里,00637L元大滬深300正2,57,0,57
日茂埔里,00665L富邦�琤肭磪囓�2,20,0,20
日茂埔里,00664R國泰臺灣加權反1,20,0,20
日茂埔里,中鋼,12,0,12
日茂埔里,大成鋼,11,0,11
日茂埔里,定穎投控,11,0,11
日茂埔里,國票金,10,0,10
日茂埔里,鴻準,8,0,8
日茂埔里,聯電,7,0,7
日茂埔里,鴻海,7,1,6
日茂埔里,茂林-KY,5,0,5
日茂埔里,美食-KY,3,0,3
日茂埔里,聯合再生,3,0,3
日茂埔里,達邁,3,0,3
日茂埔里,燿華,2,0,2
日茂埔里,00881國泰台灣5G+,2,0,2
日茂埔里,00918大華優利高填息30,2,0,2
日茂埔里,裕民,2,0,2
日茂埔里,圓剛,2,0,2
日茂埔里,臺企銀,3,1,2
日茂埔里,晶技,2,0,2
日茂埔里,弘憶股,2,0,2
日茂埔里,辛耘,2,0,2
日茂埔里,神達,3,1,2
日茂埔里,聯光通,2,0,2
日茂埔里,華星光,2,0,2
日茂埔里,立��,3,1,2
日茂埔里,百和,2,0,2
日茂埔里,云辰,1,0,1
日茂埔里,京元電子,1,0,1
日茂埔里,立隆電,1,0,1
日茂埔里,志聖,1,0,1
日茂埔里,台苯,1,0,1
日茂埔里,00919群益台灣精選高息,1,0,1
日茂埔里,中興電,1,0,1
日茂埔里,台船,1,0,1
日茂埔里,國際中橡,1,0,1
日茂埔里,宏致,1,0,1
日茂埔里,太景*-KY,1,0,1
日茂埔里,事欣科,1,0,1
日茂埔里,和椿,1,0,1
日茂埔里,豪勉,1,0,1
日茂埔里,光鼎,1,0,1
日茂埔里,綠界科技*,2,1,1
日茂埔里,昱展新藥,1,0,1
日茂埔里,台虹,1,0,1
日茂埔里,智捷,1,0,1
日茂埔里,910861神州-DR,1,0,1
日茂埔里,大立光,0,0,0
日茂埔里,凱基金,0,100,-100
日茂埔里,欣銓,1,39,-38
日茂埔里,邦泰,0,35,-35
日茂埔里,康那香,0,30,-30
日茂埔里,00887永豐中國科技50大,0,23,-23
日茂埔里,元大台灣50,0,20,-20
日茂埔里,力積電,0,18,-18
日茂埔里,第一保,0,16,-16
日茂埔里,宏達電,1,16,-15
日茂埔里,創為精密,0,12,-12
日茂埔里,泰茂,0,10,-10
日茂埔里,廣達,0,10,-10
日茂埔里,杭特,0,10,-10
日茂埔里,國統,0,10,-10
日茂埔里,富邦金,1,10,-9
日茂埔里,冠軍,0,7,-7
日茂埔里,00943兆豐電子高息等權,0,6,-6
日茂埔里,毛寶,0,5,-5
日茂埔里,00675L富邦臺灣加權正2,0,5,-5
日茂埔里,亞翔,1,6,-5
日茂埔里,凌巨,0,5,-5
日茂埔里,華通,0,4,-4
日茂埔里,聰泰,0,4,-4
日茂埔里,光寶科,0,3,-3
日茂埔里,富喬,0,3,-3
日茂埔里,00905FT臺灣Smart,0,3,-3
日茂埔里,東陽,0,3,-3
日茂埔里,廣運,0,3,-3
日茂埔里,大亞,0,2,-2
日茂埔里,華榮,0,2,-2
日茂埔里,台積電,0,2,-2
日茂埔里,大同,0,2,-2
日茂埔里,映泰,0,2,-2
日茂埔里,南亞科,0,2,-2
日茂埔里,全心投控,0,2,-2
日茂埔里,奇鋐,0,2,-2
日茂埔里,宇環,0,2,-2
日茂埔里,德宏,0,2,-2
日茂埔里,創惟,0,2,-2
日茂埔里,鈞寶,0,2,-2
日茂埔里,聯德,0,2,-2
日茂埔里,普安,0,1,-1
日茂埔里,冠西電,0,1,-1
日茂埔里,義隆,0,1,-1
日茂埔里,凌陽,0,1,-1
日茂埔里,英業達,7,8,-1
日茂埔里,華城,0,1,-1
日茂埔里,聯成,0,1,-1
日茂埔里,遠東銀,0,1,-1
日茂埔里,中信金,0,1,-1
華南中正,00637L元大滬深300正2,236,0,236
華南中正,今皓,196,2,194
華南中正,00680L元大美債20正2,120,0,120
華南中正,宏致,445,356,89
華南中正,00945B凱基美國非投等債,51,0,51
華南中正,00909國泰數位支付服務,51,0,51
華南中正,00655L國泰中國A50正2,50,0,50
華南中正,興能高,521,473,48
華南中正,立隆電,48,5,43
華南中正,太子,37,0,37
華南中正,聯電,128,96,32
華南中正,00953B群益優選非投等債,28,0,28
華南中正,環泥,28,0,28
華南中正,00753L中信中國50正2,29,1,28
華南中正,華星光,118,91,27
華南中正,鴻海,38,13,25
華南中正,綠界科技*,27,3,24
華南中正,世禾,38,15,23
華南中正,00937B群益ESG投等債20,22,0,22
華南中正,國統,22,1,21
華南中正,邁達特,21,0,21
華南中正,00915凱基優選高股息30,21,0,21
華南中正,台康生技,20,0,20
華南中正,艾訊,21,1,20
華南中正,高雄銀,20,0,20
華南中正,00919群益台灣精選高息,28,9,19
華南中正,合庫金,19,0,19
華南中正,00715L期街口布蘭特正2,38,20,18
華南中正,兆豐金,18,0,18
華南中正,大成鋼,18,1,17
華南中正,事欣科,15,0,15
華南中正,00665L富邦�琤肭磪囓�2,16,1,15
華南中正,順達,97,83,14
華南中正,元大高股息,17,3,14
華南中正,旺矽,18,5,13
華南中正,志強-KY,15,2,13
華南中正,立��,16,4,12
華南中正,原相,12,0,12
華南中正,力成,12,0,12
華南中正,00878國泰永續高股息,17,5,12
華南中正,富采,11,0,11
華南中正,台新金,12,1,11
華南中正,長虹,10,0,10
華南中正,00632R元大台灣50反1,10,0,10
華南中正,駿吉-KY,10,0,10
華南中正,00959B大華投等美債15Y+,10,0,10
華南中正,世界,10,0,10
華南中正,康霈*,10,0,10
華南中正,玉晶光,9,0,9
華南中正,昇陽半導體,13,4,9
華南中正,宏達電,723,1426,-703
華南中正,00664R國泰臺灣加權反1,200,518,-318
華南中正,連展投控,0,251,-251
華南中正,00688L國泰20年美債正2,0,103,-103
華南中正,新光金,2,101,-99
華南中正,00965元大航太防衛科技,0,82,-82
華南中正,大銀微系統,5,84,-79
華南中正,良維,1,73,-72
華南中正,第一保,0,71,-71
華南中正,00951台新日本半導體,0,59,-59
華南中正,華南金,0,43,-43
華南中正,00679B元大美債20年,5,48,-43
華南中正,達邁,133,169,-36
華南中正,00891中信關鍵半導體,0,32,-32
華南中正,一詮,0,30,-30
華南中正,00934中信成長高股息,0,28,-28
華南中正,友達,2,28,-26
華南中正,00940元大台灣價值高息,11,35,-24
華南中正,00929復華台灣科技優息,1,21,-20
華南中正,僑威,11,30,-19
華南中正,皇昌,5,23,-18
華南中正,南茂,0,18,-18
華南中正,亞翔,5,22,-17
華南中正,全福生技,0,17,-17
華南中正,神達,486,502,-16
華南中正,富邦金,3,19,-16
華南中正,元晶,10,25,-15
華南中正,00939統一台灣高息動能,0,15,-15
華南中正,凱基金,1,15,-14
華南中正,中鋼,21,34,-13
華南中正,00910第一金太空衛星,0,11,-11
華南中正,00881國泰台灣5G+,1,12,-11
華南中正,良得電,0,11,-11
華南中正,仁寶,0,11,-11
華南中正,國泰金,13,23,-10
華南中正,國產,0,10,-10
華南中正,新光鋼,0,10,-10
華南中正,建舜電,0,10,-10
華南中正,彩晶,0,10,-10
華南中正,聯詠,0,10,-10
華南中正,達欣工,0,10,-10
華南中正,00712復華富時不動產,0,10,-10
華南中正,大同,5,15,-10
華南中正,華城,0,9,-9
華南中正,奇鋐,0,9,-9
華南中正,台灣虎航,6,15,-9
華南中正,00971野村美國研發龍頭,1,10,-9
華南中正,穎漢,0,9,-9
華南中正,合一,7,16,-9
華南中正,和碩,0,9,-9
統一宜蘭  ,宏達電,155,14,141
統一宜蘭  ,00937B群益ESG投等債20,111,0,111
統一宜蘭  ,聯電,58,16,42
統一宜蘭  ,台新金,35,0,35
統一宜蘭  ,承業醫,30,0,30
統一宜蘭  ,元大高股息,21,0,21
統一宜蘭  ,欣興,20,0,20
統一宜蘭  ,合庫金,20,0,20
統一宜蘭  ,怡利電,20,0,20
統一宜蘭  ,新建,12,0,12
統一宜蘭  ,事欣科,13,2,11
統一宜蘭  ,00753L中信中國50正2,10,0,10
統一宜蘭  ,澤米,11,1,10
統一宜蘭  ,中信金,10,1,9
統一宜蘭  ,鴻海,13,4,9
統一宜蘭  ,00971野村美國研發龍頭,7,0,7
統一宜蘭  ,廣達,6,0,6
統一宜蘭  ,王道銀行,6,0,6
統一宜蘭  ,00919群益台灣精選高息,6,0,6
統一宜蘭  ,圓剛,6,0,6
統一宜蘭  ,00916國泰全球品牌50,5,0,5
統一宜蘭  ,00655L國泰中國A50正2,5,0,5
統一宜蘭  ,合機,5,0,5
統一宜蘭  ,京元電子,5,0,5
統一宜蘭  ,茂林-KY,5,0,5
統一宜蘭  ,金山電,10,5,5
統一宜蘭  ,00679B元大美債20年,4,0,4
統一宜蘭  ,亞泰,4,0,4
統一宜蘭  ,眾達-KY,8,4,4
統一宜蘭  ,立敦,19,15,4
統一宜蘭  ,力積電,5,1,4
統一宜蘭  ,連展投控,4,0,4
統一宜蘭  ,晉倫,3,0,3
統一宜蘭  ,康舒,3,0,3
統一宜蘭  ,鼎基,3,0,3
統一宜蘭  ,00712復華富時不動產,2,0,2
統一宜蘭  ,006208富邦台50,2,0,2
統一宜蘭  ,金寶,2,0,2
統一宜蘭  ,興富發,2,0,2
統一宜蘭  ,遠百,2,0,2
統一宜蘭  ,英濟,11,9,2
統一宜蘭  ,富晶通,2,0,2
統一宜蘭  ,聿新科,2,0,2
統一宜蘭  ,創威,2,0,2
統一宜蘭  ,全福生技,2,0,2
統一宜蘭  ,富威電力,2,0,2
統一宜蘭  ,南茂,5,3,2
統一宜蘭  ,百和,2,0,2
統一宜蘭  ,亞翔,3,1,2
統一宜蘭  ,永豐金,2,0,2
統一宜蘭  ,凱基金,0,91,-91
統一宜蘭  ,00980B台新特選IG債10+,1,74,-73
統一宜蘭  ,泰鼎-KY,5,77,-72
統一宜蘭  ,新光金,0,60,-60
統一宜蘭  ,00929復華台灣科技優息,0,47,-47
統一宜蘭  ,00940元大台灣價值高息,0,43,-43
統一宜蘭  ,欣銓,0,20,-20
統一宜蘭  ,錸德,0,20,-20
統一宜蘭  ,華晶科,0,20,-20
統一宜蘭  ,神達,16,31,-15
統一宜蘭  ,台康生技,0,13,-13
統一宜蘭  ,00642U期元大S＆P石油,0,12,-12
統一宜蘭  ,英業達,1,12,-11
統一宜蘭  ,00939統一台灣高息動能,0,10,-10
統一宜蘭  ,康和證,0,10,-10
統一宜蘭  ,茂迪,0,10,-10
統一宜蘭  ,IET-KY,1,10,-9
統一宜蘭  ,00934中信成長高股息,0,7,-7
統一宜蘭  ,亞航,0,7,-7
統一宜蘭  ,新日興,1,7,-6
統一宜蘭  ,淘帝-KY,0,6,-6
統一宜蘭  ,光環,0,6,-6
統一宜蘭  ,台耀,0,6,-6
統一宜蘭  ,大成鋼,1,6,-5
統一宜蘭  ,裕隆,0,5,-5
統一宜蘭  ,牧德,0,5,-5
統一宜蘭  ,時碩工業,0,5,-5
統一宜蘭  ,大宇資,0,5,-5
統一宜蘭  ,華景電,0,5,-5
統一宜蘭  ,立��,2,7,-5
統一宜蘭  ,富喬,8,12,-4
統一宜蘭  ,順達,1,5,-4
統一宜蘭  ,臺企銀,0,4,-4
統一宜蘭  ,亞光,0,4,-4
統一宜蘭  ,聯光通,7,11,-4
統一宜蘭  ,鈺齊-KY,0,4,-4
統一宜蘭  ,世紀鋼,0,4,-4
統一宜蘭  ,00675L富邦臺灣加權正2,0,3,-3
統一宜蘭  ,00893國泰智能電動車,0,3,-3
統一宜蘭  ,光寶科,0,3,-3
統一宜蘭  ,晶華,0,3,-3
統一宜蘭  ,宇環,5,8,-3
統一宜蘭  ,大銀微系統,1,4,-3
統一宜蘭  ,鈺創,0,3,-3
統一宜蘭  ,興能高,4,7,-3
統一宜蘭  ,泰金寶-DR,0,3,-3
統一宜蘭  ,偉訓,2,4,-2
統一宜蘭  ,日月光投控,1,3,-2
統一宜蘭  ,台積電,0,2,-2
統一宜蘭  ,彰銀,0,2,-2
群益天母,南亞科,111,0,111
群益天母,立端,86,0,86
群益天母,聯電,76,2,74
群益天母,00671R富邦NASDAQ反1,30,0,30
群益天母,00753L中信中國50正2,30,0,30
群益天母,長盛,30,0,30
群益天母,緯創,26,1,25
群益天母,英濟,21,0,21
群益天母,00953B群益優選非投等債,20,0,20
群益天母,00937B群益ESG投等債20,14,0,14
群益天母,00688L國泰20年美債正2,10,0,10
群益天母,00668國泰美國道瓊,10,0,10
群益天母,聯華,10,0,10
群益天母,合庫金,10,0,10
群益天母,雍智科技,12,2,10
群益天母,華友聯,9,0,9
群益天母,00878國泰永續高股息,7,1,6
群益天母,00665L富邦�琤肭磪囓�2,6,0,6
群益天母,00676R富邦臺灣加權反1,5,0,5
群益天母,00719B元大美債1-3,5,0,5
群益天母,晶睿,5,0,5
群益天母,00637L元大滬深300正2,4,0,4
群益天母,僑威,4,0,4
群益天母,台達化,3,0,3
群益天母,00910第一金太空衛星,3,0,3
群益天母,浪凡,4,1,3
群益天母,精成科,24,21,3
群益天母,和椿,4,1,3
群益天母,環宇-KY,16,14,2
群益天母,大立光,2,0,2
群益天母,00830國泰費城半導體,2,0,2
群益天母,00725B國泰投資級公司債,2,0,2
群益天母,00687B國泰20年美債,2,0,2
群益天母,濱川,3,1,2
群益天母,旺宏,2,0,2
群益天母,定穎投控,2,0,2
群益天母,華星光,11,9,2
群益天母,邁達特,12,10,2
群益天母,AES-KY,2,0,2
群益天母,鴻海,6,4,2
群益天母,康霈*,2,1,1
群益天母,廣達,3,2,1
群益天母,廣明,1,0,1
群益天母,華航,1,0,1
群益天母,00935野村臺灣新科技50,1,0,1
群益天母,00962台新AI優息動能,1,0,1
群益天母,00632R元大台灣50反1,1,0,1
群益天母,元大MSCI金融,1,0,1
群益天母,元大電子,1,0,1
群益天母,元大中型100,1,0,1
群益天母,00980B台新特選IG債10+,0,150,-150
群益天母,國光生,2,100,-98
群益天母,00905FT臺灣Smart,2,40,-38
群益天母,昇貿,0,35,-35
群益天母,長榮航,0,25,-25
群益天母,00891中信關鍵半導體,0,21,-21
群益天母,華新,0,20,-20
群益天母,義隆,0,20,-20
群益天母,00940元大台灣價值高息,0,19,-19
群益天母,東浦,0,16,-16
群益天母,創惟,2,17,-15
群益天母,盟立,0,13,-13
群益天母,系微,0,12,-12
群益天母,立隆電,1,12,-11
群益天母,迅得,5,16,-11
群益天母,台積電,20,31,-11
群益天母,00915凱基優選高股息30,0,10,-10
群益天母,01010T京城樂富R1,0,10,-10
群益天母,陽明,0,6,-6
群益天母,宜進,0,6,-6
群益天母,00929復華台灣科技優息,0,6,-6
群益天母,中鋼,0,5,-5
群益天母,明泰,0,5,-5
群益天母,展達,0,5,-5
群益天母,漢磊,0,5,-5
群益天母,合晶,0,5,-5
群益天母,台新藥,0,5,-5
群益天母,眾達-KY,4,8,-4
群益天母,友訊,0,4,-4
群益天母,銘旺科,0,4,-4
群益天母,玉山金,0,4,-4
群益天母,建漢,1,5,-4
群益天母,台灣虎航,0,4,-4
群益天母,宏達電,11,15,-4
群益天母,00679B元大美債20年,1,4,-3
群益天母,00631L元大台灣50正2,1,4,-3
群益天母,西勝,0,3,-3
群益天母,邦特,0,3,-3
群益天母,台達電,1,3,-2
群益天母,元大台灣50,2,4,-2
群益天母,永冠-KY,0,2,-2
群益天母,中電,0,2,-2
群益天母,矽統,1,3,-2
群益天母,全新,3,5,-2
群益天母,鈞興-KY,0,2,-2
群益天母,亞昕,0,2,-2
群益天母,jpp-KY,0,2,-2
群益天母,力成,3,5,-2
群益天母,保瑞,1,3,-2
群益天母,銳澤,0,2,-2
兆豐嘉義,00680L元大美債20正2,600,105,495
兆豐嘉義,00637L元大滬深300正2,255,0,255
兆豐嘉義,立敦,164,36,128
兆豐嘉義,能率網通,100,0,100
兆豐嘉義,00937B群益ESG投等債20,63,0,63
兆豐嘉義,00878國泰永續高股息,58,2,56
兆豐嘉義,台新金,61,5,56
兆豐嘉義,00858永豐美國500大,55,0,55
兆豐嘉義,台肥,51,0,51
兆豐嘉義,宏達電,191,154,37
兆豐嘉義,大銀微系統,31,0,31
兆豐嘉義,00772B中信高評級公司債,30,1,29
兆豐嘉義,力成,26,0,26
兆豐嘉義,00882中信中國高股息,25,1,24
兆豐嘉義,漢翔,20,0,20
兆豐嘉義,長佳智能,21,3,18
兆豐嘉義,連展投控,41,24,17
兆豐嘉義,00688L國泰20年美債正2,15,0,15
兆豐嘉義,英業達,25,10,15
兆豐嘉義,聯電,43,30,13
兆豐嘉義,00679B元大美債20年,12,0,12
兆豐嘉義,京元電子,12,0,12
兆豐嘉義,加百裕,27,16,11
兆豐嘉義,兆豐金,13,2,11
兆豐嘉義,元大金,10,0,10
兆豐嘉義,00927群益半導體收益,10,0,10
兆豐嘉義,00891中信關鍵半導體,10,0,10
兆豐嘉義,00915凱基優選高股息30,10,0,10
兆豐嘉義,泰金寶-DR,532,522,10
兆豐嘉義,美律,9,0,9
兆豐嘉義,北極星藥業-KY,9,0,9
兆豐嘉義,遠東銀,18,10,8
兆豐嘉義,通嘉,9,1,8
兆豐嘉義,佰鴻,7,0,7
兆豐嘉義,海華,10,3,7
兆豐嘉義,00919群益台灣精選高息,15,9,6
兆豐嘉義,堤維西,7,1,6
兆豐嘉義,穩懋,8,2,6
兆豐嘉義,寬宏藝術,6,0,6
兆豐嘉義,國喬,5,0,5
兆豐嘉義,台化,5,0,5
兆豐嘉義,南紡,5,0,5
兆豐嘉義,中興電,5,0,5
兆豐嘉義,皇翔,5,0,5
兆豐嘉義,陽明,16,11,5
兆豐嘉義,永豐金,5,0,5
兆豐嘉義,晶豪科,5,0,5
兆豐嘉義,00893國泰智能電動車,4,0,4
兆豐嘉義,台航,4,0,4
兆豐嘉義,華星光,38,34,4
兆豐嘉義,00980B台新特選IG債10+,0,389,-389
兆豐嘉義,00933B國泰10Y+金融債,0,350,-350
兆豐嘉義,00715L期街口布蘭特正2,0,120,-120
兆豐嘉義,00633L富邦上証正2,0,100,-100
兆豐嘉義,00929復華台灣科技優息,10,74,-64
兆豐嘉義,台灣高鐵,0,30,-30
兆豐嘉義,昇達科,7,34,-27
兆豐嘉義,凱基金,10,32,-22
兆豐嘉義,神達,178,199,-21
兆豐嘉義,00904新光臺灣半導體30,0,21,-21
兆豐嘉義,瑞儀,0,21,-21
兆豐嘉義,農林,0,20,-20
兆豐嘉義,華電網,0,20,-20
兆豐嘉義,力積電,26,44,-18
兆豐嘉義,臺企銀,0,15,-15
兆豐嘉義,彰銀,0,14,-14
兆豐嘉義,宏致,4,18,-14
兆豐嘉義,矽格,2,16,-14
兆豐嘉義,順達,3,16,-13
兆豐嘉義,中石化,0,12,-12
兆豐嘉義,東碩,0,10,-10
兆豐嘉義,00753L中信中國50正2,0,10,-10
兆豐嘉義,00712復華富時不動產,1,11,-10
兆豐嘉義,龍巖,0,10,-10
兆豐嘉義,頎邦,0,10,-10
兆豐嘉義,聯發科,0,10,-10
兆豐嘉義,元大高股息,15,25,-10
兆豐嘉義,正達,0,9,-9
兆豐嘉義,群創,2,11,-9
兆豐嘉義,欣興,4,12,-8
兆豐嘉義,中信金,0,8,-8
兆豐嘉義,大同,1,9,-8
兆豐嘉義,00940元大台灣價值高息,20,28,-8
兆豐嘉義,00885富邦越南,0,8,-8
兆豐嘉義,欣銓,16,24,-8
兆豐嘉義,旺宏,2,9,-7
兆豐嘉義,華經,0,7,-7
兆豐嘉義,恆大,2,8,-6
兆豐嘉義,華航,0,6,-6
兆豐嘉義,光環,5,11,-6
兆豐嘉義,亞翔,0,6,-6
兆豐嘉義,國泰金,0,6,-6
兆豐嘉義,00757統一FANG+,0,6,-6
兆豐嘉義,台積電,13,19,-6
兆豐嘉義,盟立,0,5,-5
兆豐嘉義,吉茂,2,7,-5
兆豐嘉義,中華,0,5,-5
兆豐嘉義,岱稜,0,5,-5
兆豐嘉義,營邦,0,5,-5
兆豐嘉義,松瑞藥,0,5,-5
凱基頭份,00950B凱基A級公司債,100,0,100
凱基頭份,華星光,55,7,48
凱基頭份,00937B群益ESG投等債20,42,0,42
凱基頭份,得力,40,0,40
凱基頭份,聯電,24,1,23
凱基頭份,00674R期元大S＆P黃金反1,20,0,20
凱基頭份,00665L富邦�琤肭磪囓�2,20,0,20
凱基頭份,大亞,20,1,19
凱基頭份,永道-KY,19,0,19
凱基頭份,緯創,15,1,14
凱基頭份,00918大華優利高填息30,13,0,13
凱基頭份,00882中信中國高股息,12,0,12
凱基頭份,神達,62,50,12
凱基頭份,英業達,12,1,11
凱基頭份,00708L期元大S＆P黃金正2,10,0,10
凱基頭份,00688L國泰20年美債正2,10,0,10
凱基頭份,00655L國泰中國A50正2,9,1,8
凱基頭份,全友,7,0,7
凱基頭份,大成鋼,6,0,6
凱基頭份,環泥,6,0,6
凱基頭份,宏齊,6,0,6
凱基頭份,台汽電,6,0,6
凱基頭份,旺宏,6,0,6
凱基頭份,00878國泰永續高股息,9,3,6
凱基頭份,永豐金,5,0,5
凱基頭份,興能高,29,24,5
凱基頭份,00753L中信中國50正2,5,0,5
凱基頭份,00635U期元大S＆P黃金,5,0,5
凱基頭份,力特,5,0,5
凱基頭份,欣大健康,5,0,5
凱基頭份,富威電力,5,0,5
凱基頭份,00922國泰台灣領袖50,15,10,5
凱基頭份,連展投控,6,2,4
凱基頭份,加百裕,5,1,4
凱基頭份,朋億*,4,0,4
凱基頭份,宏達電,19,15,4
凱基頭份,力積電,9,6,3
凱基頭份,00679B元大美債20年,4,1,3
凱基頭份,華新,3,0,3
凱基頭份,IKKA-KY,3,0,3
凱基頭份,星宇航空,3,0,3
凱基頭份,麗清,3,0,3
凱基頭份,揚明光,3,0,3
凱基頭份,高鋒,3,0,3
凱基頭份,長科*,3,0,3
凱基頭份,東哥遊艇,3,0,3
凱基頭份,欣銓,12,10,2
凱基頭份,中信金,12,10,2
凱基頭份,00915凱基優選高股息30,2,0,2
凱基頭份,廣達,3,1,2
凱基頭份,00885富邦越南,0,130,-130
凱基頭份,00891中信關鍵半導體,0,72,-72
凱基頭份,00706L期元大S＆P日圓正2,0,60,-60
凱基頭份,雍智科技,0,41,-41
凱基頭份,00971野村美國研發龍頭,0,38,-38
凱基頭份,00940元大台灣價值高息,0,30,-30
凱基頭份,00680L元大美債20正2,0,20,-20
凱基頭份,00764B群益25年美債,0,20,-20
凱基頭份,00951台新日本半導體,0,20,-20
凱基頭份,國泰金,0,20,-20
凱基頭份,宏致,0,16,-16
凱基頭份,00948B中信優息投資級債,0,15,-15
凱基頭份,榮成,0,14,-14
凱基頭份,長榮航,1,14,-13
凱基頭份,誠美材,0,13,-13
凱基頭份,正隆,0,11,-11
凱基頭份,00980B台新特選IG債10+,0,10,-10
凱基頭份,00887永豐中國科技50大,0,10,-10
凱基頭份,鴻準,0,10,-10
凱基頭份,00919群益台灣精選高息,5,15,-10
凱基頭份,台積電,0,9,-9
凱基頭份,大同,3,11,-8
凱基頭份,聯詠,0,8,-8
凱基頭份,亞翔,1,8,-7
凱基頭份,中光電,3,10,-7
凱基頭份,00696B富邦美債20年,0,7,-7
凱基頭份,立德,0,7,-7
凱基頭份,乙盛-KY,3,10,-7
凱基頭份,藥華藥,0,7,-7
凱基頭份,00675L富邦臺灣加權正2,0,6,-6
凱基頭份,超豐,0,6,-6
凱基頭份,綠界科技*,3,9,-6
凱基頭份,凱基金,0,6,-6
凱基頭份,順達,0,6,-6
凱基頭份,00637L元大滬深300正2,4,9,-5
凱基頭份,眾達-KY,4,9,-5
凱基頭份,華南金,2,6,-4
凱基頭份,新盛力,5,9,-4
凱基頭份,00929復華台灣科技優息,1,4,-3
凱基頭份,00692富邦公司治理,0,3,-3
凱基頭份,華夏,0,3,-3
凱基頭份,東元,0,3,-3
凱基頭份,堤維西,0,3,-3
凱基頭份,萬海,1,4,-3
凱基頭份,原相,0,3,-3
凱基頭份,達邁,20,23,-3
凱基頭份,太景*-KY,0,3,-3
凱基頭份,創惟,1,4,-3
凱基頭份,精誠,0,3,-3
凱基頭份,寶成,0,3,-3
華南永昌,長榮航,2232,45,2187
華南永昌,中鋼,1206,11,1195
華南永昌,精成科,396,24,372
華南永昌,遠東新,383,14,369
華南永昌,台泥,353,20,333
華南永昌,聯電,363,52,311
華南永昌,志強-KY,444,167,277
華南永昌,00637L元大滬深300正2,277,19,258
華南永昌,正新,244,1,243
華南永昌,00929復華台灣科技優息,237,30,207
華南永昌,華邦電,207,3,204
華南永昌,00878國泰永續高股息,208,9,199
華南永昌,欣銓,479,289,190
華南永昌,中租-KY,153,3,150
華南永昌,00950B凱基A級公司債,154,6,148
華南永昌,宏全,146,0,146
華南永昌,統一,146,2,144
華南永昌,元大高股息,137,3,134
華南永昌,華星光,366,234,132
華南永昌,00650L復華香港正2,191,60,131
華南永昌,偉訓,126,7,119
華南永昌,皇昌,115,2,113
華南永昌,宏達電,320,225,95
華南永昌,00708L期元大S＆P黃金正2,100,10,90
華南永昌,環宇-KY,351,264,87
華南永昌,jpp-KY,84,1,83
華南永昌,振樺電,80,1,79
華南永昌,00953B群益優選非投等債,79,1,78
華南永昌,金像電,84,12,72
華南永昌,00673R期元大S＆P原油反1,84,20,64
華南永昌,神達,271,209,62
華南永昌,00959B大華投等美債15Y+,61,0,61
華南永昌,00919群益台灣精選高息,89,29,60
華南永昌,銘異,60,0,60
華南永昌,緯創,135,76,59
華南永昌,博智,57,0,57
華南永昌,擎亞,113,58,55
華南永昌,泰鼎-KY,61,7,54
華南永昌,欣興,82,30,52
華南永昌,00882中信中國高股息,47,2,45
華南永昌,泰金寶-DR,149,104,45
華南永昌,00701國泰股利精選30,44,0,44
華南永昌,興能高,293,249,44
華南永昌,毛寶,43,0,43
華南永昌,大成鋼,45,2,43
華南永昌,亞航,45,2,43
華南永昌,台灣大,57,15,42
華南永昌,00918大華優利高填息30,40,0,40
華南永昌,巨鎧精密-創,118,78,40
華南永昌,聚陽,41,2,39
華南永昌,力積電,1229,2613,-1384
華南永昌,東陽,1,909,-908
華南永昌,00632R元大台灣50反1,78,669,-591
華南永昌,普安,3,501,-498
華南永昌,三商壽,27,522,-495
華南永昌,富邦金,6,447,-441
華南永昌,上銀,2,436,-434
華南永昌,彰源,0,431,-431
華南永昌,映泰,0,368,-368
華南永昌,00948B中信優息投資級債,2,297,-295
華南永昌,富喬,283,564,-281
華南永昌,海光,0,255,-255
華南永昌,美隆電,0,251,-251
華南永昌,立��,39,282,-243
華南永昌,耿鼎,5,244,-239
華南永昌,新巨,0,221,-221
華南永昌,日勝生,0,200,-200
華南永昌,偉詮電,0,197,-197
華南永昌,中華化,0,197,-197
華南永昌,00940元大台灣價值高息,19,191,-172
華南永昌,00671R富邦NASDAQ反1,6,175,-169
華南永昌,鴻名,0,159,-159
華南永昌,精材,12,167,-155
華南永昌,波若威,234,386,-152
華南永昌,00719B元大美債1-3,6,157,-151
華南永昌,喬福,2,143,-141
華南永昌,00946群益科技高息成長,2,140,-138
華南永昌,佳大,0,136,-136
華南永昌,中櫃,0,130,-130
華南永昌,精誠,1,117,-116
華南永昌,喬山,1,114,-113
華南永昌,中信金,8,110,-102
華南永昌,亞光,91,185,-94
華南永昌,合騏,24,116,-92
華南永昌,技嘉,11,103,-92
華南永昌,00715L期街口布蘭特正2,1,90,-89
華南永昌,新建,20,100,-80
華南永昌,鴻海,24,104,-80
華南永昌,仁寶,2,68,-66
華南永昌,華南金,9,67,-58
華南永昌,澤米,70,127,-57
華南永昌,00892富邦台灣半導體,2,56,-54
華南永昌,零壹,83,136,-53
華南永昌,惠特,0,52,-52
華南永昌,00939統一台灣高息動能,7,59,-52
華南永昌,立隆電,28,78,-50
華南永昌,友達,5,55,-50
華南永昌,正隆,0,50,-50
華南永昌,永豐餘,0,50,-50
華南永昌,奇鋐,44,92,-48
石橋,00937B群益ESG投等債20,20,0,20
石橋,神達,19,8,11
石橋,聯電,7,0,7
石橋,力成,6,0,6
石橋,佳世達,5,0,5
石橋,中鋼,5,0,5
石橋,圓剛,5,0,5
石橋,精成科,11,6,5
石橋,中工,4,0,4
石橋,眾達-KY,7,3,4
石橋,富喬,3,0,3
石橋,00971野村美國研發龍頭,3,0,3
石橋,麗嬰房,3,0,3
石橋,達邁,5,2,3
石橋,東陽,2,0,2
石橋,直得,2,0,2
石橋,佳能,2,0,2
石橋,波若威,4,2,2
石橋,加百裕,6,4,2
石橋,台特化,2,0,2
石橋,台郡,2,0,2
石橋,宏��,1,0,1
石橋,星宇航空,2,1,1
石橋,國巨,1,0,1
石橋,鴻海,1,0,1
石橋,IKKA-KY,3,2,1
石橋,大成鋼,1,0,1
石橋,南僑,1,0,1
石橋,00945B凱基美國非投等債,1,0,1
石橋,00830國泰費城半導體,1,0,1
石橋,統一超,1,0,1
石橋,今皓,1,0,1
石橋,亞光,3,2,1
石橋,建漢,1,0,1
石橋,僑威,2,1,1
石橋,正達,1,0,1
石橋,順達,2,1,1
石橋,光環,1,0,1
石橋,弘憶股,1,0,1
石橋,漢科,1,0,1
石橋,玉晶光,1,0,1
石橋,聯鈞,1,0,1
石橋,單井,1,0,1
石橋,瑞鼎,1,0,1
石橋,海華,1,0,1
石橋,泰鼎-KY,1,0,1
石橋,飛捷,1,0,1
石橋,同欣電,1,0,1
石橋,訊芯-KY,1,0,1
石橋,興能高,9,8,1
石橋,00927群益半導體收益,0,30,-30
石橋,合機,0,30,-30
石橋,湯石照明,0,26,-26
石橋,玉山金,0,20,-20
石橋,和桐,0,16,-16
石橋,太欣,0,15,-15
石橋,佳格,0,12,-12
石橋,00935野村臺灣新科技50,0,12,-12
石橋,00679B元大美債20年,0,10,-10
石橋,騰輝電子-KY,0,9,-9
石橋,永崴投控,0,6,-6
石橋,建達,0,6,-6
石橋,00929復華台灣科技優息,0,5,-5
石橋,萬海,0,5,-5
石橋,陽程,0,5,-5
石橋,萬達光電,0,5,-5
石橋,萬旭,0,5,-5
石橋,能率,0,3,-3
石橋,陽明,0,2,-2
石橋,新建,0,2,-2
石橋,仁寶,0,2,-2
石橋,力積電,3,5,-2
石橋,中鼎,0,2,-2
石橋,台積電,0,1,-1
石橋,兆豐金,0,1,-1
石橋,富野,0,1,-1
石橋,全新,0,1,-1
石橋,一詮,1,2,-1
石橋,群光,0,1,-1
石橋,展宇,0,1,-1
石橋,金寶,0,1,-1
石橋,光寶科,0,1,-1
石橋,士電,0,1,-1
石橋,得力,0,1,-1
石橋,川寶,0,1,-1
石橋,全漢,0,1,-1
石橋,奇鋐,0,1,-1
石橋,力特,0,1,-1
石橋,大綜,1,2,-1
石橋,台星科,0,1,-1
石橋,雙鴻,0,1,-1
石橋,群創,0,1,-1
石橋,友威科,0,1,-1
石橋,西勝,0,1,-1
石橋,日月光投控,1,2,-1
石橋,加捷生醫,0,1,-1
石橋,協易機,0,1,-1
石橋,全球傳動,0,1,-1
石橋,事欣科,0,1,-1
石橋,新唐,0,1,-1
康和高雄,聯電,96,4,92
康和高雄,00945B凱基美國非投等債,60,0,60
康和高雄,再生-KY,60,0,60
康和高雄,00933B國泰10Y+金融債,40,0,40
康和高雄,友達,35,1,34
康和高雄,康聯訊,30,0,30
康和高雄,事欣科,44,17,27
康和高雄,00919群益台灣精選高息,25,0,25
康和高雄,精成科,31,8,23
康和高雄,邦泰,22,0,22
康和高雄,00687B國泰20年美債,20,0,20
康和高雄,00971野村美國研發龍頭,20,0,20
康和高雄,上曜,20,0,20
康和高雄,加高,20,0,20
康和高雄,南電,19,0,19
康和高雄,宏達電,45,26,19
康和高雄,品安,18,0,18
康和高雄,00664R國泰臺灣加權反1,15,0,15
康和高雄,立敦,22,8,14
康和高雄,浩鼎,14,0,14
康和高雄,亞泰,18,4,14
康和高雄,彬台,14,1,13
康和高雄,群創,22,10,12
康和高雄,IET-KY,17,5,12
康和高雄,元大高股息,15,4,11
康和高雄,新盛力,53,42,11
康和高雄,緯創,31,20,11
康和高雄,00909國泰數位支付服務,10,0,10
康和高雄,00673R期元大S＆P原油反1,10,0,10
康和高雄,00953B群益優選非投等債,10,0,10
康和高雄,佳大,10,0,10
康和高雄,錩新,10,0,10
康和高雄,潤泰全,10,0,10
康和高雄,晶豪科,10,0,10
康和高雄,麗豐-KY,10,0,10
康和高雄,五福,10,1,9
康和高雄,中信金,10,2,8
康和高雄,宏捷科,8,0,8
康和高雄,00665L富邦�琤肭磪囓�2,168,160,8
康和高雄,波若威,23,16,7
康和高雄,立隆電,39,32,7
康和高雄,台塑,6,0,6
康和高雄,中環,6,0,6
康和高雄,達邁,51,45,6
康和高雄,00882中信中國高股息,5,0,5
康和高雄,00650L復華香港正2,5,0,5
康和高雄,中石化,5,0,5
康和高雄,中纖,5,0,5
康和高雄,吉祥全,5,0,5
康和高雄,御嵿,5,0,5
康和高雄,00637L元大滬深300正2,19,240,-221
康和高雄,力積電,14,169,-155
康和高雄,00753L中信中國50正2,58,123,-65
康和高雄,00937B群益ESG投等債20,20,65,-45
康和高雄,英濟,80,116,-36
康和高雄,00706L期元大S＆P日圓正2,0,35,-35
康和高雄,圓剛,6,36,-30
康和高雄,上海商銀,0,30,-30
康和高雄,大成鋼,0,30,-30
康和高雄,立��,15,42,-27
康和高雄,神基,0,26,-26
康和高雄,瀚宇博,2,24,-22
康和高雄,凱基金,0,22,-22
康和高雄,00680L元大美債20正2,0,20,-20
康和高雄,台燿,0,20,-20
康和高雄,擎亞,9,25,-16
康和高雄,00907永豐優息存股,0,15,-15
康和高雄,00878國泰永續高股息,0,15,-15
康和高雄,系統電,2,16,-14
康和高雄,00912中信臺灣智慧50,0,13,-13
康和高雄,中化控股,0,13,-13
康和高雄,濱川,6,18,-12
康和高雄,00931B統一美債20年,0,11,-11
康和高雄,00926凱基全球菁英55,0,10,-10
康和高雄,裕隆,0,10,-10
康和高雄,兆赫,0,10,-10
康和高雄,聯上發,5,15,-10
康和高雄,亞航,5,15,-10
康和高雄,新光金,3,13,-10
康和高雄,圓展,0,10,-10
康和高雄,定穎投控,0,10,-10
康和高雄,龍巖,0,10,-10
康和高雄,00885富邦越南,0,10,-10
康和高雄,中華,0,9,-9
康和高雄,華南金,0,9,-9
康和高雄,金益鼎,0,9,-9
康和高雄,富邦金,30,38,-8
康和高雄,神達,14,22,-8
康和高雄,綠界科技*,1,9,-8
康和高雄,金山電,12,20,-8
康和高雄,鴻準,3,11,-8
康和高雄,台積電,2,9,-7
康和高雄,華星光,26,33,-7
康和高雄,鴻海,1,7,-6
康和高雄,00930永豐ESG低碳高息,0,6,-6
康和高雄,國泰金,0,6,-6
康和高雄,和碩,0,6,-6
康和高雄,00830國泰費城半導體,0,6,-6
康和高雄,雷虎,2,7,-5
康和高雄,00927群益半導體收益,1,6,-5
永豐虎尾,00706L期元大S＆P日圓正2,50,0,50
永豐虎尾,00632R元大台灣50反1,36,0,36
永豐虎尾,綠界科技*,30,0,30
永豐虎尾,大同,28,1,27
永豐虎尾,富喬,42,22,20
永豐虎尾,亞聚,17,0,17
永豐虎尾,華晶科,17,0,17
永豐虎尾,亞翔,14,0,14
永豐虎尾,台榮,11,0,11
永豐虎尾,凱基金,10,0,10
永豐虎尾,00673R期元大S＆P原油反1,10,2,8
永豐虎尾,岱宇,8,0,8
永豐虎尾,建漢,8,0,8
永豐虎尾,光隆,8,0,8
永豐虎尾,立敦,7,0,7
永豐虎尾,00945B凱基美國非投等債,7,0,7
永豐虎尾,00637L元大滬深300正2,29,22,7
永豐虎尾,00858永豐美國500大,7,1,6
永豐虎尾,全福生技,6,0,6
永豐虎尾,00878國泰永續高股息,6,0,6
永豐虎尾,元大高股息,6,0,6
永豐虎尾,力積電,7,2,5
永豐虎尾,永豐金,5,0,5
永豐虎尾,00953B群益優選非投等債,5,0,5
永豐虎尾,得力,5,0,5
永豐虎尾,IKKA-KY,5,0,5
永豐虎尾,輔信,5,0,5
永豐虎尾,富野,5,0,5
永豐虎尾,台新金,5,0,5
永豐虎尾,聯光通,17,12,5
永豐虎尾,全訊,5,0,5
永豐虎尾,詮欣,5,0,5
永豐虎尾,波若威,16,12,4
永豐虎尾,精成科,8,4,4
永豐虎尾,雷虎,4,0,4
永豐虎尾,緯創,4,0,4
永豐虎尾,00910第一金太空衛星,4,1,3
永豐虎尾,00909國泰數位支付服務,3,0,3
永豐虎尾,00697B元大美債7-10,3,0,3
永豐虎尾,聯電,16,13,3
永豐虎尾,光洋科,2,0,2
永豐虎尾,萬海,2,0,2
永豐虎尾,新日興,6,4,2
永豐虎尾,高鋒,2,0,2
永豐虎尾,錸寶,2,0,2
永豐虎尾,美食-KY,1,0,1
永豐虎尾,合庫金,1,0,1
永豐虎尾,00712復華富時不動產,1,0,1
永豐虎尾,00915凱基優選高股息30,1,0,1
永豐虎尾,00795B中信美國公債20年,1,0,1
永豐虎尾,00919群益台灣精選高息,1,133,-132
永豐虎尾,00965元大航太防衛科技,0,114,-114
永豐虎尾,00937B群益ESG投等債20,0,80,-80
永豐虎尾,友達,0,52,-52
永豐虎尾,台聚,0,34,-34
永豐虎尾,00971野村美國研發龍頭,0,34,-34
永豐虎尾,科妍,0,30,-30
永豐虎尾,宏達電,56,78,-22
永豐虎尾,國泰金,0,20,-20
永豐虎尾,眾達-KY,16,32,-16
永豐虎尾,精華,0,15,-15
永豐虎尾,新盛力,50,65,-15
永豐虎尾,和椿,4,19,-15
永豐虎尾,技嘉,1,14,-13
永豐虎尾,新建,1,12,-11
永豐虎尾,興能高,21,32,-11
永豐虎尾,00893國泰智能電動車,0,10,-10
永豐虎尾,毅嘉,0,9,-9
永豐虎尾,環宇-KY,11,19,-8
永豐虎尾,聯鈞,26,33,-7
永豐虎尾,00929復華台灣科技優息,1,6,-5
永豐虎尾,00688L國泰20年美債正2,0,5,-5
永豐虎尾,華建,0,5,-5
永豐虎尾,網龍,0,5,-5
永豐虎尾,展達,0,5,-5
永豐虎尾,大銀微系統,1,6,-5
永豐虎尾,群益期,0,5,-5
永豐虎尾,宏觀,0,5,-5
永豐虎尾,邦泰,0,5,-5
永豐虎尾,鈺齊-KY,1,6,-5
永豐虎尾,台積電,1,6,-5
永豐虎尾,鴻準,0,4,-4
永豐虎尾,欣銓,2,6,-4
永豐虎尾,擎亞,0,4,-4
永豐虎尾,元大台灣50,0,4,-4
永豐虎尾,00687B國泰20年美債,0,3,-3
永豐虎尾,00675L富邦臺灣加權正2,0,3,-3
永豐虎尾,富邦金,0,3,-3
永豐虎尾,新光金,0,3,-3
永豐虎尾,神達,23,26,-3
永豐虎尾,朋億*,0,3,-3
永豐虎尾,凱美,0,3,-3
永豐虎尾,南亞,0,2,-2
永豐虎尾,00679B元大美債20年,1,3,-2
永豐虎尾,合機,0,2,-2
永豐虎尾,川湖,0,2,-2
永豐虎尾,光寶科,0,2,-2
永豐虎尾,潤弘,0,2,-2
永豐虎尾,明泰,0,2,-2
永豐虎尾,群創,0,2,-2
 元大敦南,00637L元大滬深300正2,198,30,168
 元大敦南,00655L國泰中國A50正2,357,251,106
 元大敦南,鴻準,94,4,90
 元大敦南,泰谷,90,0,90
 元大敦南,聯電,86,10,76
 元大敦南,00882中信中國高股息,63,3,60
 元大敦南,迅得,61,4,57
 元大敦南,00937B群益ESG投等債20,51,0,51
 元大敦南,金寶,51,0,51
 元大敦南,堤維西,50,0,50
 元大敦南,力積電,66,16,50
 元大敦南,00632R元大台灣50反1,46,1,45
 元大敦南,00650L復華香港正2,45,0,45
 元大敦南,00687B國泰20年美債,43,0,43
 元大敦南,00665L富邦�琤肭磪囓�2,53,18,35
 元大敦南,00887永豐中國科技50大,32,0,32
 元大敦南,長榮航太,30,2,28
 元大敦南,00725B國泰投資級公司債,23,0,23
 元大敦南,廣達,25,4,21
 元大敦南,006208富邦台50,31,11,20
 元大敦南,00948B中信優息投資級債,20,0,20
 元大敦南,大車隊,20,0,20
 元大敦南,聯華食,20,0,20
 元大敦南,泰鼎-KY,19,0,19
 元大敦南,元大高股息,32,14,18
 元大敦南,陽明,24,7,17
 元大敦南,加百裕,25,8,17
 元大敦南,00878國泰永續高股息,22,6,16
 元大敦南,新盛力,66,52,14
 元大敦南,緯創,22,10,12
 元大敦南,泰金寶-DR,22,10,12
 元大敦南,00959B大華投等美債15Y+,12,0,12
 元大敦南,聯合,12,0,12
 元大敦南,成信實業*-創,57,45,12
 元大敦南,藥華藥,13,1,12
 元大敦南,宏旭-KY,10,0,10
 元大敦南,台聚,10,0,10
 元大敦南,台積電,22,12,10
 元大敦南,南亞,10,1,9
 元大敦南,神達,151,143,8
 元大敦南,00830國泰費城半導體,7,0,7
 元大敦南,台新金,7,0,7
 元大敦南,海華,7,0,7
 元大敦南,正文,7,0,7
 元大敦南,00753L中信中國50正2,7,0,7
 元大敦南,台玻,11,5,6
 元大敦南,中美實,6,0,6
 元大敦南,立積,6,0,6
 元大敦南,彰銀,5,0,5
 元大敦南,00918大華優利高填息30,5,0,5
 元大敦南,00965元大航太防衛科技,10,124,-114
 元大敦南,新光金,6,90,-84
 元大敦南,00953B群益優選非投等債,0,75,-75
 元大敦南,連展投控,1,70,-69
 元大敦南,00923群益台ESG低碳50,0,64,-64
 元大敦南,00945B凱基美國非投等債,1,55,-54
 元大敦南,宏致,6,56,-50
 元大敦南,亞泰,2,46,-44
 元大敦南,立��,2,43,-41
 元大敦南,中信金,0,38,-38
 元大敦南,00673R期元大S＆P原油反1,14,50,-36
 元大敦南,00940元大台灣價值高息,0,34,-34
 元大敦南,00936台新永續高息中小,0,31,-31
 元大敦南,康舒,0,28,-28
 元大敦南,大同,0,24,-24
 元大敦南,愛山林,2,25,-23
 元大敦南,國泰金,0,21,-21
 元大敦南,淘帝-KY,0,20,-20
 元大敦南,高力,17,37,-20
 元大敦南,玉山金,2,22,-20
 元大敦南,華航,0,18,-18
 元大敦南,僑威,4,21,-17
 元大敦南,南茂,1,17,-16
 元大敦南,華城,2,18,-16
 元大敦南,00631L元大台灣50正2,2,17,-15
 元大敦南,凱基金,0,15,-15
 元大敦南,晟德,1,16,-15
 元大敦南,00670L富邦NASDAQ正2,0,15,-15
 元大敦南,瑞智,0,14,-14
 元大敦南,福華,0,14,-14
 元大敦南,英業達,11,25,-14
 元大敦南,精英,0,12,-12
 元大敦南,元大台灣50,5,16,-11
 元大敦南,台塑,4,15,-11
 元大敦南,晶豪科,0,11,-11
 元大敦南,瑞儀,0,10,-10
 元大敦南,漢翔,0,10,-10
 元大敦南,雷笛克光學,0,10,-10
 元大敦南,零壹,0,10,-10
 元大敦南,台虹,1,11,-10
 元大敦南,億光,0,10,-10
 元大敦南,中石化,0,10,-10
 元大敦南,日月光投控,0,10,-10
 元大敦南,仁寶,2,12,-10
 元大敦南,華星光,38,47,-9
 元大敦南,寶碩,0,9,-9
 元大敦南,新日興,14,22,-8
 元大敦南,00934中信成長高股息,0,8,-8
 元大敦南,鈺太,0,8,-8
 元大敦南,台達電,1,9,-8
 元大府城,00950B凱基A級公司債,100,0,100
 元大府城,聯電,68,9,59
 元大府城,00665L富邦�琤肭磪囓�2,60,4,56
 元大府城,00878國泰永續高股息,72,26,46
 元大府城,00752中信中國50,45,0,45
 元大府城,00882中信中國高股息,32,0,32
 元大府城,連展投控,31,0,31
 元大府城,立��,44,14,30
 元大府城,元大高股息,28,1,27
 元大府城,00937B群益ESG投等債20,25,0,25
 元大府城,00688L國泰20年美債正2,27,2,25
 元大府城,00753L中信中國50正2,15,0,15
 元大府城,中石化,11,0,11
 元大府城,00919群益台灣精選高息,14,4,10
 元大府城,四維航,10,0,10
 元大府城,藥華藥,9,0,9
 元大府城,新盛力,247,239,8
 元大府城,00679B元大美債20年,13,5,8
 元大府城,台積電,14,7,7
 元大府城,全新,8,2,6
 元大府城,晶達,6,0,6
 元大府城,台塑,9,3,6
 元大府城,揚明光,5,0,5
 元大府城,912000晨訊科-DR,5,0,5
 元大府城,和椿,20,15,5
 元大府城,台中銀,4,0,4
 元大府城,光洋科,4,0,4
 元大府城,00720B元大投資級公司債,4,0,4
 元大府城,聯鈞,18,14,4
 元大府城,華新,5,1,4
 元大府城,晶技,4,0,4
 元大府城,高鋒,4,0,4
 元大府城,全球傳動,8,4,4
 元大府城,華容,7,3,4
 元大府城,世界,4,0,4
 元大府城,廣明,4,0,4
 元大府城,鼎基,4,0,4
 元大府城,綠界科技*,4,0,4
 元大府城,迅得,6,2,4
 元大府城,力成,4,1,3
 元大府城,濱川,3,0,3
 元大府城,耿鼎,3,0,3
 元大府城,兆勁,3,0,3
 元大府城,揚博,3,0,3
 元大府城,光環,8,5,3
 元大府城,聯合再生,3,0,3
 元大府城,鑫聯大投控,3,0,3
 元大府城,泰鼎-KY,3,0,3
 元大府城,系統電,4,1,3
 元大府城,大洋-KY,3,0,3
 元大府城,00637L元大滬深300正2,11,120,-109
 元大府城,00965元大航太防衛科技,1,102,-101
 元大府城,00929復華台灣科技優息,0,91,-91
 元大府城,彰銀,30,110,-80
 元大府城,亞光,7,59,-52
 元大府城,00673R期元大S＆P原油反1,50,100,-50
 元大府城,神達,33,75,-42
 元大府城,元大台灣50,1,36,-35
 元大府城,堤維西,0,34,-34
 元大府城,環宇-KY,22,52,-30
 元大府城,泰金寶-DR,22,51,-29
 元大府城,正文,0,21,-21
 元大府城,00830國泰費城半導體,0,21,-21
 元大府城,00940元大台灣價值高息,5,22,-17
 元大府城,正達,1,16,-15
 元大府城,群創,10,24,-14
 元大府城,國泰金,2,16,-14
 元大府城,新保,0,14,-14
 元大府城,中信金,1,14,-13
 元大府城,僑威,4,16,-12
 元大府城,晟田,0,12,-12
 元大府城,00952凱基台灣AI50,0,11,-11
 元大府城,00642U期元大S＆P石油,0,10,-10
 元大府城,00930永豐ESG低碳高息,0,10,-10
 元大府城,友訊,9,18,-9
 元大府城,錸德,2,11,-9
 元大府城,頎邦,1,10,-9
 元大府城,00675L富邦臺灣加權正2,0,9,-9
 元大府城,南亞科,1,9,-8
 元大府城,欣銓,4,12,-8
 元大府城,00923群益台ESG低碳50,0,8,-8
 元大府城,00794B群益7+中國政金債,0,8,-8
 元大府城,中鋼,7,15,-8
 元大府城,華通,2,10,-8
 元大府城,玉山金,1,8,-7
 元大府城,00877復華中國5G,0,7,-7
 元大府城,00948B中信優息投資級債,0,7,-7
 元大府城,鴻準,2,9,-7
 元大府城,圓剛,4,11,-7
 元大府城,聯光通,2,9,-7
 元大府城,華星光,16,23,-7
 元大府城,恆大,3,9,-6
 元大府城,凱基金,0,6,-6
 元大府城,中光電,0,6,-6
 元大府城,友達,0,6,-6
 元大府城,順達,2,8,-6
 元大府城,南亞,1,6,-5
 元大府城,緯創,10,15,-5
 元大府城,00708L期元大S＆P黃金正2,0,5,-5
 元大府城,00751B元大AAA至A公司債,0,5,-5
群益西松,00937B群益ESG投等債20,126,0,126
群益西松,00637L元大滬深300正2,112,23,89
群益西松,聯電,91,7,84
群益西松,奇鋐,77,1,76
群益西松,吉茂,72,0,72
群益西松,聯亞,73,1,72
群益西松,00665L富邦�琤肭磪囓�2,100,50,50
群益西松,聯光通,48,2,46
群益西松,鴻海,65,27,38
群益西松,00878國泰永續高股息,35,1,34
群益西松,00673R期元大S＆P原油反1,30,0,30
群益西松,商億-KY,39,13,26
群益西松,元大高股息,24,2,22
群益西松,00952凱基台灣AI50,20,0,20
群益西松,澤米,20,0,20
群益西松,泰金寶-DR,30,10,20
群益西松,華星光,103,88,15
群益西松,00926凱基全球菁英55,13,0,13
群益西松,00919群益台灣精選高息,31,18,13
群益西松,宏��,12,0,12
群益西松,神準,14,2,12
群益西松,大洋-KY,18,6,12
群益西松,00909國泰數位支付服務,11,0,11
群益西松,合晶,17,6,11
群益西松,緯創,16,6,10
群益西松,00706L期元大S＆P日圓正2,10,0,10
群益西松,00885富邦越南,10,0,10
群益西松,台新金,10,0,10
群益西松,建國,10,0,10
群益西松,晶采,10,0,10
群益西松,銳澤,11,1,10
群益西松,凱美,11,2,9
群益西松,宏達電,21,12,9
群益西松,鳳凰,9,0,9
群益西松,圓剛,8,0,8
群益西松,大同,24,16,8
群益西松,00912中信臺灣智慧50,7,0,7
群益西松,亞聚,7,0,7
群益西松,聯傑,7,0,7
群益西松,00731復華富時高息低波,7,0,7
群益西松,00713元大台灣高息低波,7,0,7
群益西松,眾達-KY,29,23,6
群益西松,榮創,6,0,6
群益西松,熒茂,6,0,6
群益西松,久昌,10,4,6
群益西松,潤泰新,6,0,6
群益西松,華新,6,0,6
群益西松,恆大,5,0,5
群益西松,中鴻,6,1,5
群益西松,致茂,5,0,5
群益西松,00891中信關鍵半導體,0,67,-67
群益西松,英業達,76,127,-51
群益西松,00877復華中國5G,0,50,-50
群益西松,00965元大航太防衛科技,0,50,-50
群益西松,台中銀,1,50,-49
群益西松,00929復華台灣科技優息,3,51,-48
群益西松,富喬,48,94,-46
群益西松,通泰,5,42,-37
群益西松,台積電,58,94,-36
群益西松,00938凱基優選30,0,35,-35
群益西松,聯鈞,23,54,-31
群益西松,昇達科,22,48,-26
群益西松,大亞,1,25,-24
群益西松,00688L國泰20年美債正2,0,23,-23
群益西松,00888永豐台灣ESG,0,23,-23
群益西松,00949復華日本龍頭,0,23,-23
群益西松,興能高,217,240,-23
群益西松,中鋼,3,25,-22
群益西松,00887永豐中國科技50大,1,23,-22
群益西松,昆盈,1,23,-22
群益西松,新光金,0,21,-21
群益西松,聯德控股-KY,0,20,-20
群益西松,光鋐,0,17,-17
群益西松,00915凱基優選高股息30,3,19,-16
群益西松,力積電,7,23,-16
群益西松,廣宇,20,35,-15
群益西松,友達,19,34,-15
群益西松,神達,24,38,-14
群益西松,00679B元大美債20年,15,28,-13
群益西松,00940元大台灣價值高息,0,13,-13
群益西松,景碩,1,13,-12
群益西松,連展投控,8,20,-12
群益西松,00951台新日本半導體,0,11,-11
群益西松,雷科,0,11,-11
群益西松,國泰金,1,12,-11
群益西松,00720B元大投資級公司債,0,10,-10
群益西松,00936台新永續高息中小,0,10,-10
群益西松,富強鑫,0,10,-10
群益西松,第一保,0,9,-9
群益西松,群創,28,37,-9
群益西松,鑫聯大投控,0,9,-9
群益西松,環宇-KY,35,44,-9
群益西松,宣德,0,9,-9
群益西松,安集,0,8,-8
群益西松,廣達,3,10,-7
群益西松,凱基金,0,7,-7
群益西松,富邦金,0,7,-7
群益西松,中興電,1,7,-6
群益西松,合機,0,6,-6
群益西松,華通,4,10,-6
華南小港,00706L期元大S＆P日圓正2,120,0,120
華南小港,聰泰,65,0,65
華南小港,和椿,67,8,59
華南小港,聯電,44,3,41
華南小港,00632R元大台灣50反1,22,0,22
華南小港,00919群益台灣精選高息,32,11,21
華南小港,國喬,20,0,20
華南小港,00858永豐美國500大,17,0,17
華南小港,00637L元大滬深300正2,18,2,16
華南小港,元大高股息,18,3,15
華南小港,華新,15,0,15
華南小港,大井泵浦,14,0,14
華南小港,環宇-KY,19,6,13
華南小港,緯創,17,4,13
華南小港,眾達-KY,16,4,12
華南小港,技嘉,12,0,12
華南小港,兆豐金,11,0,11
華南小港,亞光,23,12,11
華南小港,00713元大台灣高息低波,10,0,10
華南小港,00882中信中國高股息,10,0,10
華南小港,00664R國泰臺灣加權反1,10,0,10
華南小港,00942B台新美A公司債20+,10,0,10
華南小港,興勤,10,0,10
華南小港,晟銘電,10,0,10
華南小港,馬光-KY,10,0,10
華南小港,凌通,10,0,10
華南小港,2883B凱基金乙特,8,0,8
華南小港,910322康師傅-DR,8,0,8
華南小港,陽明,10,3,7
華南小港,大銀微系統,11,4,7
華南小港,聯光通,12,5,7
華南小港,立隆電,16,10,6
華南小港,英濟,9,3,6
華南小港,創惟,6,0,6
華南小港,萬潤,7,1,6
華南小港,00633L富邦上証正2,5,0,5
華南小港,00642U期元大S＆P石油,5,0,5
華南小港,00680L元大美債20正2,5,0,5
華南小港,鼎元,5,0,5
華南小港,慧洋-KY,5,0,5
華南小港,盛群,5,0,5
華南小港,中鋼,15,10,5
華南小港,濱川,4,0,4
華南小港,00878國泰永續高股息,4,0,4
華南小港,大成鋼,5,1,4
華南小港,冠西電,4,0,4
華南小港,欣興,5,1,4
華南小港,鈊象,7,3,4
華南小港,點序,4,0,4
華南小港,新盛力,19,15,4
華南小港,華南金,0,95,-95
華南小港,912000晨訊科-DR,0,70,-70
華南小港,00940元大台灣價值高息,0,55,-55
華南小港,力積電,18,69,-51
華南小港,00899FT潔淨能源,0,41,-41
華南小港,神達,45,76,-31
華南小港,00693U期街口S＆P黃豆,0,30,-30
華南小港,00753L中信中國50正2,30,60,-30
華南小港,中信金,1,29,-28
華南小港,華航,6,31,-25
華南小港,昇達科,10,33,-23
華南小港,凱基金,0,22,-22
華南小港,立積,0,20,-20
華南小港,00939統一台灣高息動能,0,20,-20
華南小港,00971野村美國研發龍頭,0,20,-20
華南小港,新建,0,20,-20
華南小港,台塑,2,21,-19
華南小港,采鈺,4,21,-17
華南小港,00941中信上游半導體,0,15,-15
華南小港,誠美材,10,25,-15
華南小港,00773B中信優先金融債,0,14,-14
華南小港,矽統,0,14,-14
華南小港,00675L富邦臺灣加權正2,0,13,-13
華南小港,00929復華台灣科技優息,0,13,-13
華南小港,00922國泰台灣領袖50,0,12,-12
華南小港,新光金,0,12,-12
華南小港,憶聲,0,12,-12
華南小港,全球傳動,4,16,-12
華南小港,亞翔,0,11,-11
華南小港,京元電子,0,11,-11
華南小港,00772B中信高評級公司債,0,10,-10
華南小港,亞聚,0,10,-10
華南小港,萬海,0,10,-10
華南小港,漢翔,0,10,-10
華南小港,國泰金,1,11,-10
華南小港,嘉晶,0,10,-10
華南小港,事欣科,3,13,-10
華南小港,華邦電,0,10,-10
華南小港,合一,0,9,-9
華南小港,立��,3,11,-8
華南小港,00888永豐台灣ESG,0,8,-8
華南小港,玉山金,3,11,-8
華南小港,00877復華中國5G,0,7,-7
華南小港,英業達,8,15,-7
華南小港,全新,2,9,-7
華南小港,達邁,34,41,-7
華南小港,華星光,12,19,-7
華南小港,欣銓,1,8,-7
華南小港,亞航,0,6,-6
華南小港,正德,0,6,-6
 元大汐止,00680L元大美債20正2,271,0,271
 元大汐止,聯電,284,22,262
 元大汐止,00969B元大零息超長美債,100,0,100
 元大汐止,00664R國泰臺灣加權反1,80,0,80
 元大汐止,00693U期街口S＆P黃豆,70,0,70
 元大汐止,群創,64,6,58
 元大汐止,元大高股息,64,10,54
 元大汐止,00638R元大滬深300反1,50,0,50
 元大汐止,金寶,59,11,48
 元大汐止,海華,45,0,45
 元大汐止,00887永豐中國科技50大,40,0,40
 元大汐止,中石化,41,1,40
 元大汐止,達邁,54,24,30
 元大汐止,元大金,28,2,26
 元大汐止,新日興,34,8,26
 元大汐止,至上,27,2,25
 元大汐止,泰山,24,2,22
 元大汐止,00905FT臺灣Smart,33,12,21
 元大汐止,00937B群益ESG投等債20,23,3,20
 元大汐止,恩德,20,0,20
 元大汐止,元大台灣50,34,16,18
 元大汐止,大洋,17,0,17
 元大汐止,00878國泰永續高股息,41,25,16
 元大汐止,00918大華優利高填息30,19,3,16
 元大汐止,瀧澤科,23,7,16
 元大汐止,GIS-KY,15,0,15
 元大汐止,柏文,15,0,15
 元大汐止,中鋼,19,5,14
 元大汐止,00687B國泰20年美債,15,2,13
 元大汐止,立敦,21,8,13
 元大汐止,欣興,19,7,12
 元大汐止,大宇資,12,0,12
 元大汐止,華通,13,1,12
 元大汐止,統一超,31,20,11
 元大汐止,環宇-KY,44,34,10
 元大汐止,王道銀行,10,0,10
 元大汐止,鑫科,10,0,10
 元大汐止,台船,10,0,10
 元大汐止,三貝德,10,0,10
 元大汐止,台光電,11,1,10
 元大汐止,圓剛,11,2,9
 元大汐止,00632R元大台灣50反1,30,21,9
 元大汐止,寶雅,9,0,9
 元大汐止,00858永豐美國500大,8,0,8
 元大汐止,00753L中信中國50正2,8,0,8
 元大汐止,台虹,9,1,8
 元大汐止,台通,9,1,8
 元大汐止,茂迪,8,0,8
 元大汐止,伍豐,8,0,8
 元大汐止,泰金寶-DR,39,31,8
 元大汐止,00965元大航太防衛科技,1,572,-571
 元大汐止,神達,323,477,-154
 元大汐止,00673R期元大S＆P原油反1,30,140,-110
 元大汐止,00940元大台灣價值高息,5,114,-109
 元大汐止,00929復華台灣科技優息,1,94,-93
 元大汐止,00637L元大滬深300正2,102,195,-93
 元大汐止,立��,12,87,-75
 元大汐止,新光金,18,87,-69
 元大汐止,富邦金,2,69,-67
 元大汐止,力積電,60,126,-66
 元大汐止,緯創,61,125,-64
 元大汐止,長榮航,5,68,-63
 元大汐止,凱基金,1,53,-52
 元大汐止,00679B元大美債20年,5,55,-50
 元大汐止,欣銓,8,57,-49
 元大汐止,大魯閣,0,44,-44
 元大汐止,光環,6,48,-42
 元大汐止,00900富邦特選高股息30,2,41,-39
 元大汐止,00830國泰費城半導體,0,39,-39
 元大汐止,第一金,1,36,-35
 元大汐止,台化,3,37,-34
 元大汐止,00882中信中國高股息,5,36,-31
 元大汐止,大國鋼,0,28,-28
 元大汐止,中鴻,37,64,-27
 元大汐止,富喬,13,40,-27
 元大汐止,00692富邦公司治理,0,27,-27
 元大汐止,青新-創,0,23,-23
 元大汐止,矽格,0,22,-22
 元大汐止,友達,11,33,-22
 元大汐止,華航,11,32,-21
 元大汐止,南茂,0,20,-20
 元大汐止,亞翔,23,43,-20
 元大汐止,松瑞藥,0,20,-20
 元大汐止,文曄,0,20,-20
 元大汐止,鴻海,21,40,-19
 元大汐止,00934中信成長高股息,0,19,-19
 元大汐止,聯成,0,18,-18
 元大汐止,大同,3,21,-18
 元大汐止,威健,0,17,-17
 元大汐止,00941中信上游半導體,0,17,-17
 元大汐止,智擎,1,16,-15
 元大汐止,亞泰,7,22,-15
 元大汐止,元翎,0,15,-15
 元大汐止,00951台新日本半導體,0,14,-14
 元大汐止,台達電,1,15,-14
 元大汐止,00881國泰台灣5G+,47,60,-13
 元大汐止,南港,0,13,-13
 元大汐止,中裕,0,12,-12
 元大汐止,精成科,21,32,-11
 元大汐止,新唐,0,11,-11
凱基員林,建漢,106,0,106
凱基員林,00753L中信中國50正2,75,5,70
凱基員林,聯電,52,3,49
凱基員林,國揚,30,0,30
凱基員林,鴻準,30,2,28
凱基員林,金寶,22,0,22
凱基員林,00937B群益ESG投等債20,17,0,17
凱基員林,緯創,15,0,15
凱基員林,00932兆豐永續高息等權,10,0,10
凱基員林,00633L富邦上証正2,10,0,10
凱基員林,富邦金,10,0,10
凱基員林,00665L富邦�琤肭磪囓�2,9,0,9
凱基員林,00878國泰永續高股息,6,0,6
凱基員林,廣運,6,0,6
凱基員林,佳凌,6,0,6
凱基員林,金益鼎,7,1,6
凱基員林,台塑,5,0,5
凱基員林,00900富邦特選高股息30,5,0,5
凱基員林,中鋼,5,0,5
凱基員林,兆赫,5,0,5
凱基員林,日月光投控,5,0,5
凱基員林,和椿,7,2,5
凱基員林,00919群益台灣精選高息,6,2,4
凱基員林,八貫,3,0,3
凱基員林,宏達電,37,34,3
凱基員林,亞光,4,1,3
凱基員林,加百裕,10,7,3
凱基員林,聯鈞,22,19,3
凱基員林,柏騰,3,0,3
凱基員林,達邁,28,25,3
凱基員林,中天,3,0,3
凱基員林,台特化,3,0,3
凱基員林,惠特,3,0,3
凱基員林,千附精密,3,0,3
凱基員林,能率網通,4,1,3
凱基員林,立��,3,0,3
凱基員林,中租-KY,2,0,2
凱基員林,00902中信電池及儲能,2,0,2
凱基員林,聯華,2,0,2
凱基員林,官田鋼,2,0,2
凱基員林,長榮鋼,2,0,2
凱基員林,錸德,2,0,2
凱基員林,凌陽,2,0,2
凱基員林,輔信,2,0,2
凱基員林,六角,2,0,2
凱基員林,錦明,2,0,2
凱基員林,世禾,2,0,2
凱基員林,TPK-KY,2,0,2
凱基員林,宏齊,2,0,2
凱基員林,矽力*-KY,2,0,2
凱基員林,友達,175,1180,-1005
凱基員林,力積電,147,236,-89
凱基員林,00980B台新特選IG債10+,0,76,-76
凱基員林,00965元大航太防衛科技,0,63,-63
凱基員林,華航,0,56,-56
凱基員林,00637L元大滬深300正2,29,55,-26
凱基員林,旺宏,0,23,-23
凱基員林,00953B群益優選非投等債,8,30,-22
凱基員林,00752中信中國50,0,20,-20
凱基員林,欣銓,1,21,-20
凱基員林,英濟,0,20,-20
凱基員林,冠軍,0,16,-16
凱基員林,00971野村美國研發龍頭,2,17,-15
凱基員林,神達,2,16,-14
凱基員林,聯亞,0,12,-12
凱基員林,泰金寶-DR,0,11,-11
凱基員林,鴻海,9,20,-11
凱基員林,光洋科,0,10,-10
凱基員林,偉訓,1,11,-10
凱基員林,大同,0,10,-10
凱基員林,國產,0,8,-8
凱基員林,中櫃,0,8,-8
凱基員林,連展投控,2,10,-8
凱基員林,光聖,1,8,-7
凱基員林,仁寶,0,6,-6
凱基員林,寶成,0,6,-6
凱基員林,台泥,1,7,-6
凱基員林,佳能,6,11,-5
凱基員林,柏承,0,5,-5
凱基員林,超豐,0,4,-4
凱基員林,新興,0,4,-4
凱基員林,立敦,7,11,-4
凱基員林,環球晶,0,4,-4
凱基員林,中美晶,0,4,-4
凱基員林,合富-KY,0,4,-4
凱基員林,國泰金,0,3,-3
凱基員林,美時,0,3,-3
凱基員林,長園科,0,3,-3
凱基員林,恆大,0,2,-2
凱基員林,00941中信上游半導體,0,2,-2
凱基員林,00905FT臺灣Smart,0,2,-2
凱基員林,00885富邦越南,0,2,-2
凱基員林,00881國泰台灣5G+,3,5,-2
凱基員林,00675L富邦臺灣加權正2,0,2,-2
凱基員林,00631L元大台灣50正2,0,2,-2
凱基員林,力山,0,2,-2
凱基員林,濱川,2,4,-2
凱基員林,大山,0,2,-2
凱基員林,華紙,0,2,-2
凱基員林,高興昌,0,2,-2
兆豐台中,友訊,372,6,366
兆豐台中,英業達,173,0,173
兆豐台中,濱川,136,0,136
兆豐台中,宏��,118,0,118
兆豐台中,力山,116,16,100
兆豐台中,波若威,130,48,82
兆豐台中,聯電,83,8,75
兆豐台中,00945B凱基美國非投等債,60,0,60
兆豐台中,群創,55,0,55
兆豐台中,00878國泰永續高股息,55,3,52
兆豐台中,勤美,50,0,50
兆豐台中,興富發,40,0,40
兆豐台中,00918大華優利高填息30,37,1,36
兆豐台中,五鼎,30,0,30
兆豐台中,神準,26,0,26
兆豐台中,00680L元大美債20正2,24,0,24
兆豐台中,長華*,24,0,24
兆豐台中,精材,27,4,23
兆豐台中,00937B群益ESG投等債20,22,0,22
兆豐台中,遠百,21,0,21
兆豐台中,胡連,21,0,21
兆豐台中,緯創,29,8,21
兆豐台中,00706L期元大S＆P日圓正2,20,0,20
兆豐台中,春源,20,0,20
兆豐台中,聯光通,26,6,20
兆豐台中,力積電,43,25,18
兆豐台中,環宇-KY,32,15,17
兆豐台中,00646元大S＆P500,16,0,16
兆豐台中,泰金寶-DR,15,0,15
兆豐台中,00919群益台灣精選高息,42,28,14
兆豐台中,00648R元大S＆P500反1,13,0,13
兆豐台中,兆豐金,14,1,13
兆豐台中,英濟,12,0,12
兆豐台中,元大高股息,38,26,12
兆豐台中,永豐金,11,0,11
兆豐台中,彬台,15,4,11
兆豐台中,富采,11,0,11
兆豐台中,00882中信中國高股息,11,0,11
兆豐台中,00936台新永續高息中小,10,0,10
兆豐台中,00944野村趨勢動能高息,10,0,10
兆豐台中,00954中信日本半導體,10,0,10
兆豐台中,華晶科,10,0,10
兆豐台中,美利達,10,0,10
兆豐台中,中鋼,11,1,10
兆豐台中,00960野村全球航運龍頭,9,0,9
兆豐台中,新盛力,50,41,9
兆豐台中,00632R元大台灣50反1,8,0,8
兆豐台中,欣興,8,0,8
兆豐台中,鴻海,17,9,8
兆豐台中,創惟,11,4,7
兆豐台中,新建,0,612,-612
兆豐台中,00929復華台灣科技優息,1,203,-202
兆豐台中,00637L元大滬深300正2,33,200,-167
兆豐台中,00753L中信中國50正2,36,169,-133
兆豐台中,鈺齊-KY,0,72,-72
兆豐台中,宏達電,180,240,-60
兆豐台中,華星光,103,148,-45
兆豐台中,友達,11,55,-44
兆豐台中,00655L國泰中國A50正2,0,42,-42
兆豐台中,華邦電,0,41,-41
兆豐台中,00980B台新特選IG債10+,0,30,-30
兆豐台中,共信-KY,0,30,-30
兆豐台中,00905FT臺灣Smart,0,26,-26
兆豐台中,00907永豐優息存股,5,31,-26
兆豐台中,達邁,12,37,-25
兆豐台中,欣銓,2,26,-24
兆豐台中,00654R富邦印度反1,0,20,-20
兆豐台中,00877復華中國5G,0,18,-18
兆豐台中,宏捷科,2,19,-17
兆豐台中,神達,37,54,-17
兆豐台中,富喬,11,27,-16
兆豐台中,旺矽,0,15,-15
兆豐台中,中信金,0,14,-14
兆豐台中,來頡,0,14,-14
兆豐台中,台達化,0,13,-13
兆豐台中,00713元大台灣高息低波,5,18,-13
兆豐台中,玉山金,1,13,-12
兆豐台中,凱基金,1,13,-12
兆豐台中,00909國泰數位支付服務,0,12,-12
兆豐台中,006208富邦台50,7,18,-11
兆豐台中,光寶科,0,11,-11
兆豐台中,台積電,2,12,-10
兆豐台中,00665L富邦�琤肭磪囓�2,1,11,-10
兆豐台中,00940元大台灣價值高息,20,30,-10
兆豐台中,00963中信全球高股息,0,10,-10
兆豐台中,厚生,0,10,-10
兆豐台中,菱生,0,10,-10
兆豐台中,達運光電,0,10,-10
兆豐台中,矽統,0,10,-10
兆豐台中,眾達-KY,31,40,-9
兆豐台中,華南金,0,9,-9
兆豐台中,日月光投控,1,10,-9
兆豐台中,華通,1,10,-9
兆豐台中,中華電,0,9,-9
兆豐台中,華榮,0,8,-8
兆豐台中,大同,0,8,-8
兆豐台中,泰鼎-KY,0,8,-8
兆豐台中,廣運,2,10,-8
兆豐台中,星宇航空,0,7,-7
兆豐台中,00690兆豐藍籌30,0,7,-7
 元大大安,宏致,210,1,209
 元大大安,華航,100,0,100
 元大大安,欣銓,98,3,95
 元大大安,華星光,166,75,91
 元大大安,00881國泰台灣5G+,47,0,47
 元大大安,聯電,51,11,40
 元大大安,友達,40,12,28
 元大大安,00878國泰永續高股息,24,0,24
 元大大安,00637L元大滬深300正2,26,5,21
 元大大安,00830國泰費城半導體,23,3,20
 元大大安,鴻海,22,2,20
 元大大安,00919群益台灣精選高息,21,2,19
 元大大安,擎亞,32,15,17
 元大大安,亞光,18,1,17
 元大大安,新光金,14,0,14
 元大大安,元大高股息,13,0,13
 元大大安,波若威,43,31,12
 元大大安,00679B元大美債20年,11,0,11
 元大大安,00918大華優利高填息30,14,3,11
 元大大安,00665L富邦�琤肭磪囓�2,14,4,10
 元大大安,昇貿,10,0,10
 元大大安,力成,14,5,9
 元大大安,00757統一FANG+,10,2,8
 元大大安,富喬,11,3,8
 元大大安,聯合再生,7,0,7
 元大大安,00631L元大台灣50正2,20,14,6
 元大大安,00633L富邦上証正2,6,0,6
 元大大安,00632R元大台灣50反1,6,0,6
 元大大安,00891中信關鍵半導體,6,0,6
 元大大安,仲琦,6,0,6
 元大大安,慧洋-KY,6,0,6
 元大大安,信立,6,0,6
 元大大安,佳能,17,12,5
 元大大安,遠百,5,0,5
 元大大安,緯創,32,28,4
 元大大安,英業達,5,1,4
 元大大安,00893國泰智能電動車,4,0,4
 元大大安,00858永豐美國500大,4,0,4
 元大大安,臻鼎-KY,5,1,4
 元大大安,前鼎,11,8,3
 元大大安,00772B中信高評級公司債,3,0,3
 元大大安,00753L中信中國50正2,6,3,3
 元大大安,00751B元大AAA至A公司債,3,0,3
 元大大安,大成鋼,6,3,3
 元大大安,新盛力,366,363,3
 元大大安,詮欣,3,0,3
 元大大安,興能高,190,187,3
 元大大安,龍德造船,3,0,3
 元大大安,昇陽半導體,6,3,3
 元大大安,鈺齊-KY,2,0,2
 元大大安,神達,52,105,-53
 元大大安,00922國泰台灣領袖50,0,52,-52
 元大大安,00940元大台灣價值高息,2,51,-49
 元大大安,00905FT臺灣Smart,0,42,-42
 元大大安,和碩,1,22,-21
 元大大安,00770國泰北美科技,0,20,-20
 元大大安,00939統一台灣高息動能,0,20,-20
 元大大安,力積電,25,44,-19
 元大大安,智通*,0,17,-17
 元大大安,僑威,2,19,-17
 元大大安,新日興,10,27,-17
 元大大安,環宇-KY,7,22,-15
 元大大安,能率,0,14,-14
 元大大安,006208富邦台50,18,31,-13
 元大大安,00929復華台灣科技優息,0,12,-12
 元大大安,事欣科,0,11,-11
 元大大安,華城,0,10,-10
 元大大安,宏全,0,10,-10
 元大大安,00680L元大美債20正2,1,10,-9
 元大大安,漢磊,0,9,-9
 元大大安,台積電,1,10,-9
 元大大安,00936台新永續高息中小,0,8,-8
 元大大安,中鴻,0,8,-8
 元大大安,第一保,0,8,-8
 元大大安,台肥,0,7,-7
 元大大安,金寶,3,10,-7
 元大大安,台塑,6,12,-6
 元大大安,長榮,0,6,-6
 元大大安,中鋼,0,5,-5
 元大大安,喬山,4,9,-5
 元大大安,鴻華先進-創,0,5,-5
 元大大安,中信金,0,5,-5
 元大大安,聯光通,6,11,-5
 元大大安,鴻準,0,4,-4
 元大大安,雲品,0,4,-4
 元大大安,凱基金,1,5,-4
 元大大安,00915凱基優選高股息30,0,3,-3
 元大大安,旺宏,0,3,-3
 元大大安,富邦金,0,3,-3
 元大大安,國光生,0,3,-3
 元大大安,雷虎,1,4,-3
 元大大安,采鈺,0,3,-3
 元大大安,元大金,0,3,-3
 元大大安,元大台灣50,1,4,-3
 元大大安,神基,5,7,-2
 元大大安,長榮航,2,4,-2
 元大大安,元太,0,2,-2
 元大大安,00720B元大投資級公司債,0,2,-2
 元大大安,00662富邦NASDAQ,1,3,-2
 元大大安,00965元大航太防衛科技,1,3,-2
華南長虹,00633L富邦上証正2,200,4,196
華南長虹,00637L元大滬深300正2,136,8,128
華南長虹,泰金寶-DR,125,16,109
華南長虹,聯電,109,13,96
華南長虹,所羅門,53,1,52
華南長虹,00664R國泰臺灣加權反1,50,0,50
華南長虹,聯鈞,57,8,49
華南長虹,力積電,44,15,29
華南長虹,英業達,30,2,28
華南長虹,國泰金,30,5,25
華南長虹,00715L期街口布蘭特正2,23,0,23
華南長虹,亞泰,19,0,19
華南長虹,台泥,18,0,18
華南長虹,00919群益台灣精選高息,21,4,17
華南長虹,大成鋼,16,0,16
華南長虹,金寶,61,46,15
華南長虹,宏��,13,0,13
華南長虹,華邦電,13,0,13
華南長虹,新盛力,21,10,11
華南長虹,和椿,15,4,11
華南長虹,00902中信電池及儲能,11,0,11
華南長虹,星宇航空,10,0,10
華南長虹,00852L國泰美國道瓊正2,10,0,10
華南長虹,00878國泰永續高股息,12,2,10
華南長虹,富威電力,10,0,10
華南長虹,00757統一FANG+,11,1,10
華南長虹,勤美,10,0,10
華南長虹,達運光電,10,0,10
華南長虹,jpp-KY,10,1,9
華南長虹,承啟,9,0,9
華南長虹,泰碩,9,0,9
華南長虹,立德,8,0,8
華南長虹,南電,10,2,8
華南長虹,希華,7,0,7
華南長虹,康舒,7,0,7
華南長虹,00953B群益優選非投等債,7,0,7
華南長虹,興能高,47,40,7
華南長虹,聯發科,6,0,6
華南長虹,兆豐金,6,0,6
華南長虹,00882中信中國高股息,6,0,6
華南長虹,再生-KY,6,0,6
華南長虹,立隆電,6,0,6
華南長虹,能率,9,3,6
華南長虹,歐買尬,6,0,6
華南長虹,彬台,6,0,6
華南長虹,亞光,11,5,6
華南長虹,華容,5,0,5
華南長虹,恆大,10,5,5
華南長虹,訊達,5,0,5
華南長虹,國碩,5,0,5
華南長虹,新光金,50,288,-238
華南長虹,欣銓,8,105,-97
華南長虹,彰銀,5,82,-77
華南長虹,立��,32,107,-75
華南長虹,大同,2,48,-46
華南長虹,神達,410,453,-43
華南長虹,彩晶,0,27,-27
華南長虹,富喬,11,34,-23
華南長虹,連展投控,3,26,-23
華南長虹,中鴻,0,21,-21
華南長虹,加百裕,4,24,-20
華南長虹,00673R期元大S＆P原油反1,0,20,-20
華南長虹,中光電,1,21,-20
華南長虹,00712復華富時不動產,0,20,-20
華南長虹,聯光通,10,30,-20
華南長虹,00940元大台灣價值高息,0,17,-17
華南長虹,亞翔,1,17,-16
華南長虹,富邦金,1,16,-15
華南長虹,元大高股息,7,22,-15
華南長虹,友訊,0,14,-14
華南長虹,鴻準,2,14,-12
華南長虹,00930永豐ESG低碳高息,0,12,-12
華南長虹,00937B群益ESG投等債20,1,13,-12
華南長虹,燿華,0,11,-11
華南長虹,00929復華台灣科技優息,0,10,-10
華南長虹,華星光,8,18,-10
華南長虹,長榮航,2,12,-10
華南長虹,百一,0,10,-10
華南長虹,00897富邦基因免疫生技,0,10,-10
華南長虹,00939統一台灣高息動能,0,10,-10
華南長虹,00795B中信美國公債20年,0,10,-10
華南長虹,鈊象,0,10,-10
華南長虹,建錩,1,10,-9
華南長虹,華航,0,9,-9
華南長虹,普安,1,10,-9
華南長虹,偉訓,17,25,-8
華南長虹,熒茂,0,8,-8
華南長虹,明泰,0,8,-8
華南長虹,裕隆,1,9,-8
華南長虹,長榮,4,11,-7
華南長虹,龍德造船,2,9,-7
華南長虹,華城,0,7,-7
華南長虹,萬泰科,0,7,-7
華南長虹,00924復華S＆P500成長,0,7,-7
華南長虹,00941中信上游半導體,0,6,-6
華南長虹,官田鋼,0,6,-6
華南長虹,玉山金,0,6,-6
華南長虹,華南金,0,6,-6
華南長虹,00936台新永續高息中小,0,6,-6
華南長虹,006208富邦台50,1,6,-5
統一新台中,榮剛,286,3,283
統一新台中,00665L富邦�琤肭磪囓�2,202,20,182
統一新台中,中華,155,1,154
統一新台中,合庫金,164,14,150
統一新台中,聯電,152,36,116
統一新台中,友訊,75,2,73
統一新台中,精成科,96,36,60
統一新台中,僑威,54,5,49
統一新台中,00687B國泰20年美債,43,0,43
統一新台中,玉晶光,42,2,40
統一新台中,00632R元大台灣50反1,36,0,36
統一新台中,宏齊,35,0,35
統一新台中,百和,35,0,35
統一新台中,日月光投控,52,19,33
統一新台中,00637L元大滬深300正2,51,20,31
統一新台中,00966B統一ESG投等債15,30,1,29
統一新台中,擎邦,27,0,27
統一新台中,富邦科技,25,0,25
統一新台中,國光生,23,0,23
統一新台中,00753L中信中國50正2,36,14,22
統一新台中,中鋼,25,3,22
統一新台中,欣興,23,2,21
統一新台中,00959B大華投等美債15Y+,21,0,21
統一新台中,宏達電,89,68,21
統一新台中,京元電子,21,1,20
統一新台中,海華,22,2,20
統一新台中,中光電,23,4,19
統一新台中,欣銓,72,53,19
統一新台中,00881國泰台灣5G+,20,1,19
統一新台中,00915凱基優選高股息30,33,16,17
統一新台中,達邁,52,35,17
統一新台中,驊訊,19,2,17
統一新台中,三商壽,20,5,15
統一新台中,力麒,15,0,15
統一新台中,聯發,15,0,15
統一新台中,百和興業-KY,16,1,15
統一新台中,凱美,16,1,15
統一新台中,華星光,47,33,14
統一新台中,00917中信特選金融,14,0,14
統一新台中,豐興,13,0,13
統一新台中,耿鼎,12,0,12
統一新台中,00909國泰數位支付服務,12,0,12
統一新台中,亞光,18,7,11
統一新台中,中鼎,10,0,10
統一新台中,00858永豐美國500大,10,0,10
統一新台中,00960野村全球航運龍頭,10,0,10
統一新台中,台船,20,10,10
統一新台中,華邦電,10,0,10
統一新台中,中石化,10,0,10
統一新台中,連展投控,11,1,10
統一新台中,00939統一台灣高息動能,0,250,-250
統一新台中,00980B台新特選IG債10+,26,230,-204
統一新台中,台泥,5,206,-201
統一新台中,群創,25,153,-128
統一新台中,力積電,9,112,-103
統一新台中,彰銀,100,200,-100
統一新台中,友達,1,82,-81
統一新台中,神達,35,89,-54
統一新台中,00923群益台ESG低碳50,0,52,-52
統一新台中,南電,7,57,-50
統一新台中,麗正,0,50,-50
統一新台中,00934中信成長高股息,0,44,-44
統一新台中,00940元大台灣價值高息,160,203,-43
統一新台中,仲琦,0,42,-42
統一新台中,00951台新日本半導體,0,41,-41
統一新台中,00720B元大投資級公司債,0,35,-35
統一新台中,00929復華台灣科技優息,1,34,-33
統一新台中,大同,2,34,-32
統一新台中,健和興,0,29,-29
統一新台中,新光金,0,25,-25
統一新台中,00712復華富時不動產,1,25,-24
統一新台中,愛山林,0,19,-19
統一新台中,超豐,1,19,-18
統一新台中,宏致,3,20,-17
統一新台中,長榮,1,16,-15
統一新台中,國泰金,1,16,-15
統一新台中,太景*-KY,0,15,-15
統一新台中,台積電,4,19,-15
統一新台中,00937B群益ESG投等債20,15,30,-15
統一新台中,00878國泰永續高股息,11,26,-15
統一新台中,00685L群益臺灣加權正2,0,13,-13
統一新台中,00673R期元大S＆P原油反1,0,13,-13
統一新台中,燿華,1,13,-12
統一新台中,富邦金,1,12,-11
統一新台中,臺企銀,0,11,-11
統一新台中,南亞,2,12,-10
統一新台中,00903富邦元宇宙,0,10,-10
統一新台中,攸泰科技,0,10,-10
統一新台中,新日興,3,12,-9
統一新台中,矽統,1,10,-9
統一新台中,鴻準,1,10,-9
統一新台中,龍德造船,1,10,-9
統一新台中,中鴻,6,15,-9
統一新台中,00948B中信優息投資級債,0,9,-9
統一新台中,迅得,4,12,-8
統一新台中,00905FT臺灣Smart,0,8,-8
統一新台中,00941中信上游半導體,0,8,-8
統一新台中,揚博,0,8,-8
統一新台中,020030統一智慧電動車N,0,8,-8
統一新台中,元大台灣50,7,14,-7
 元大歸仁,00637L元大滬深300正2,928,2,926
 元大歸仁,00933B國泰10Y+金融債,310,1,309
 元大歸仁,聯電,163,56,107
 元大歸仁,新唐,50,0,50
 元大歸仁,力新,42,0,42
 元大歸仁,群創,48,12,36
 元大歸仁,00858永豐美國500大,27,0,27
 元大歸仁,00713元大台灣高息低波,25,1,24
 元大歸仁,南茂,32,10,22
 元大歸仁,元大高股息,36,15,21
 元大歸仁,緯創,34,12,22
 元大歸仁,聯華,20,0,20
 元大歸仁,00633L富邦上証正2,23,3,20
 元大歸仁,00673R期元大S＆P原油反1,50,31,19
 元大歸仁,三商壽,20,1,19
 元大歸仁,聯發,19,1,18
 元大歸仁,永道-KY,16,0,16
 元大歸仁,全新,18,4,14
 元大歸仁,00937B群益ESG投等債20,25,11,14
 元大歸仁,00878國泰永續高股息,16,3,13
 元大歸仁,00882中信中國高股息,14,2,12
 元大歸仁,恆大,12,0,12
 元大歸仁,晶睿,12,0,12
 元大歸仁,騰輝電子-KY,12,1,11
 元大歸仁,00712復華富時不動產,10,0,10
 元大歸仁,兆豐金,10,0,10
 元大歸仁,三商電,10,0,10
 元大歸仁,和碩,10,0,10
 元大歸仁,合富-KY,9,0,9
 元大歸仁,台塑化,11,2,9
 元大歸仁,美律,10,1,9
 元大歸仁,華新,10,1,9
 元大歸仁,新盛力,146,137,9
 元大歸仁,00881國泰台灣5G+,9,0,9
 元大歸仁,連展投控,9,1,8
 元大歸仁,聯寶,8,0,8
 元大歸仁,00770國泰北美科技,7,0,7
 元大歸仁,中化控股,8,1,7
 元大歸仁,達邁,25,18,7
 元大歸仁,00919群益台灣精選高息,17,11,6
 元大歸仁,國碩,6,0,6
 元大歸仁,威盛,6,0,6
 元大歸仁,綠界科技*,15,9,6
 元大歸仁,欣興,5,0,5
 元大歸仁,華邦電,7,2,5
 元大歸仁,廣達,14,9,5
 元大歸仁,00725B國泰投資級公司債,5,0,5
 元大歸仁,晟銘電,5,0,5
 元大歸仁,大亞,7,2,5
 元大歸仁,00664R國泰臺灣加權反1,5,0,5
 元大歸仁,00965元大航太防衛科技,0,836,-836
 元大歸仁,凱基金,0,322,-322
 元大歸仁,力積電,16,177,-161
 元大歸仁,擎亞,5,154,-149
 元大歸仁,大同,9,87,-78
 元大歸仁,00929復華台灣科技優息,0,63,-63
 元大歸仁,神達,89,149,-60
 元大歸仁,00924復華S＆P500成長,0,53,-53
 元大歸仁,北基,0,50,-50
 元大歸仁,中鋼,8,47,-39
 元大歸仁,宏致,5,42,-37
 元大歸仁,00680L元大美債20正2,0,30,-30
 元大歸仁,00688L國泰20年美債正2,0,28,-28
 元大歸仁,光寶科,0,28,-28
 元大歸仁,大成鋼,37,63,-26
 元大歸仁,友達,2,27,-25
 元大歸仁,00940元大台灣價值高息,10,32,-22
 元大歸仁,新日興,24,46,-22
 元大歸仁,00941中信上游半導體,0,21,-21
 元大歸仁,川寶,0,20,-20
 元大歸仁,得力,0,20,-20
 元大歸仁,鴻準,1,21,-20
 元大歸仁,台積電,8,24,-16
 元大歸仁,合機,1,16,-15
 元大歸仁,奇鋐,0,14,-14
 元大歸仁,鴻海,8,22,-14
 元大歸仁,立敦,7,20,-13
 元大歸仁,榮剛,0,13,-13
 元大歸仁,圓剛,2,15,-13
 元大歸仁,00951台新日本半導體,0,11,-11
 元大歸仁,欣銓,5,16,-11
 元大歸仁,昆盈,0,11,-11
 元大歸仁,元大台灣50,3,13,-10
 元大歸仁,00948B中信優息投資級債,0,10,-10
 元大歸仁,00896中信綠能及電動車,0,10,-10
 元大歸仁,中光電,2,12,-10
 元大歸仁,合正,0,10,-10
 元大歸仁,00934中信成長高股息,0,10,-10
 元大歸仁,樂事綠能,1,11,-10
 元大歸仁,IKKA-KY,6,16,-10
 元大歸仁,光洋科,1,10,-9
 元大歸仁,英濟,31,40,-9
 元大歸仁,金像電,3,12,-9
 元大歸仁,邁達特,0,9,-9
 元大歸仁,台塑,1,10,-9
 元大歸仁,興能高,90,99,-9
 元大歸仁,亞翔,1,9,-8
 元大歸仁,順達,6,14,-8
 元大歸仁,00675L富邦臺灣加權正2,0,8,-8
 元大歸仁,南亞科,7,15,-8
永豐竹科,聯電,174,3,171
永豐竹科,00937B群益ESG投等債20,154,16,138
永豐竹科,00753L中信中國50正2,100,1,99
永豐竹科,00637L元大滬深300正2,117,22,95
永豐竹科,元大高股息,98,19,79
永豐竹科,00919群益台灣精選高息,207,135,72
永豐竹科,00679B元大美債20年,77,6,71
永豐竹科,00830國泰費城半導體,75,7,68
永豐竹科,00918大華優利高填息30,62,12,50
永豐竹科,00650L復華香港正2,50,1,49
永豐竹科,寶成,43,1,42
永豐竹科,永豐金,57,19,38
永豐竹科,國光生,40,2,38
永豐竹科,統一實,39,1,38
永豐竹科,00687B國泰20年美債,39,1,38
永豐竹科,00915凱基優選高股息30,37,5,32
永豐竹科,京元電子,56,24,32
永豐竹科,五鼎,30,0,30
永豐竹科,00706L期元大S＆P日圓正2,28,0,28
永豐竹科,00713元大台灣高息低波,26,2,24
永豐竹科,佳能,25,2,23
永豐竹科,南亞科,23,1,22
永豐竹科,堤維西,22,0,22
永豐竹科,新盛力,142,120,22
永豐竹科,旺宏,23,1,22
永豐竹科,00882中信中國高股息,24,3,21
永豐竹科,長榮鋼,21,0,21
永豐竹科,長榮,34,14,20
永豐竹科,帆宣,20,0,20
永豐竹科,建國,20,0,20
永豐竹科,僑威,22,3,19
永豐竹科,友訊,19,0,19
永豐竹科,精材,25,6,19
永豐竹科,金益鼎,18,0,18
永豐竹科,佳龍,18,0,18
永豐竹科,00948B中信優息投資級債,17,0,17
永豐竹科,006208富邦台50,45,30,15
永豐竹科,中化生,14,0,14
永豐竹科,金山電,45,31,14
永豐竹科,精成科,21,7,14
永豐竹科,南港,12,0,12
永豐竹科,00688L國泰20年美債正2,14,2,12
永豐竹科,欣興,37,25,12
永豐竹科,聯鈞,45,34,11
永豐竹科,00673R期元大S＆P原油反1,11,0,11
永豐竹科,00891中信關鍵半導體,13,2,11
永豐竹科,亞光,33,23,10
永豐竹科,富喬,54,44,10
永豐竹科,00858永豐美國500大,10,0,10
永豐竹科,環宇-KY,63,53,10
永豐竹科,三商壽,56,2973,-2917
永豐竹科,華通,1,787,-786
永豐竹科,頎邦,0,670,-670
永豐竹科,耿鼎,23,430,-407
永豐竹科,00929復華台灣科技優息,1,348,-347
永豐竹科,榮剛,0,332,-332
永豐竹科,力積電,10,322,-312
永豐竹科,00757統一FANG+,20,280,-260
永豐竹科,神達,214,354,-140
永豐竹科,00680L元大美債20正2,60,189,-129
永豐竹科,00738U期元大道瓊白銀,10,103,-93
永豐竹科,00965元大航太防衛科技,0,92,-92
永豐竹科,00715L期街口布蘭特正2,0,80,-80
永豐竹科,00971野村美國研發龍頭,18,91,-73
永豐竹科,美時,0,64,-64
永豐竹科,00632R元大台灣50反1,36,97,-61
永豐竹科,東隆興,0,58,-58
永豐竹科,健喬,12,70,-58
永豐竹科,00946群益科技高息成長,1,58,-57
永豐竹科,00951台新日本半導體,0,43,-43
永豐竹科,鴻準,9,51,-42
永豐竹科,泰藝,0,42,-42
永豐竹科,00940元大台灣價值高息,3,41,-38
永豐竹科,00696B富邦美債20年,0,36,-36
永豐竹科,00954中信日本半導體,0,31,-31
永豐竹科,00631L元大台灣50正2,1,31,-30
永豐竹科,長榮航,4,35,-31
永豐竹科,00928中信上櫃ESG30,0,30,-30
永豐竹科,00955中信日本商社,0,30,-30
永豐竹科,00941中信上游半導體,2,31,-29
永豐竹科,宏達電,79,108,-29
永豐竹科,00949復華日本龍頭,0,29,-29
永豐竹科,台泥,11,37,-26
永豐竹科,宏致,6,31,-25
永豐竹科,欣銓,10,35,-25
永豐竹科,群創,164,189,-25
永豐竹科,廣隆,0,24,-24
永豐竹科,00903富邦元宇宙,1,25,-24
永豐竹科,00878國泰永續高股息,90,112,-22
永豐竹科,台積電,10,32,-22
永豐竹科,聯華食,0,22,-22
永豐竹科,國泰金,0,22,-22
永豐竹科,波若威,116,137,-21
永豐竹科,富威電力,0,21,-21
永豐竹科,訊舟,2,22,-20
永豐竹科,中租-KY,1,21,-20
永豐竹科,朋億*,1,20,-19
永豐竹科,立敦,19,38,-19
永豐竹科,00922國泰台灣領袖50,6,24,-18
永豐竹科,亞翔,3,20,-17
永豐苓雅,聯電,196,7,189
永豐苓雅,00937B群益ESG投等債20,144,12,132
永豐苓雅,00878國泰永續高股息,138,57,81
永豐苓雅,00637L元大滬深300正2,100,26,74
永豐苓雅,00885富邦越南,50,0,50
永豐苓雅,邁達特,41,0,41
永豐苓雅,00679B元大美債20年,44,7,37
永豐苓雅,00712復華富時不動產,41,5,36
永豐苓雅,光環,38,5,33
永豐苓雅,緯創,45,17,28
永豐苓雅,華安,27,0,27
永豐苓雅,力積電,38,12,26
永豐苓雅,陽明,32,8,24
永豐苓雅,00753L中信中國50正2,26,2,24
永豐苓雅,來頡,21,0,21
永豐苓雅,輔信,21,0,21
永豐苓雅,亞光,24,4,20
永豐苓雅,新興,20,0,20
永豐苓雅,00722B群益投資級電信債,20,0,20
永豐苓雅,台灣虎航,23,5,18
永豐苓雅,揚智,60,44,16
永豐苓雅,00680L元大美債20正2,15,0,15
永豐苓雅,台塑化,16,1,15
永豐苓雅,宏��,15,1,14
永豐苓雅,台泥,13,0,13
永豐苓雅,僑威,26,13,13
永豐苓雅,佳世達,13,0,13
永豐苓雅,三商壽,25,13,12
永豐苓雅,GIS-KY,12,0,12
永豐苓雅,00882中信中國高股息,12,0,12
永豐苓雅,潤泰新,12,0,12
永豐苓雅,鴻海,23,12,11
永豐苓雅,力麗,11,0,11
永豐苓雅,00633L富邦上証正2,11,0,11
永豐苓雅,鑫龍騰,11,0,11
永豐苓雅,00915凱基優選高股息30,12,1,11
永豐苓雅,富華新,11,1,10
永豐苓雅,00918大華優利高填息30,10,0,10
永豐苓雅,00671R富邦NASDAQ反1,30,20,10
永豐苓雅,柏騰,10,0,10
永豐苓雅,南仁湖,11,1,10
永豐苓雅,00945B凱基美國非投等債,10,0,10
永豐苓雅,台特化,11,1,10
永豐苓雅,燿華,31,21,10
永豐苓雅,華晶科,10,1,9
永豐苓雅,群益證,9,0,9
永豐苓雅,00960野村全球航運龍頭,8,0,8
永豐苓雅,群創,597,589,8
永豐苓雅,新復興,15,7,8
永豐苓雅,00632R元大台灣50反1,20,12,8
永豐苓雅,台新金,4,88,-84
永豐苓雅,00720B元大投資級公司債,0,76,-76
永豐苓雅,宏達電,30,105,-75
永豐苓雅,00877復華中國5G,0,73,-73
永豐苓雅,華南金,0,61,-61
永豐苓雅,00932兆豐永續高息等權,3,63,-60
永豐苓雅,00881國泰台灣5G+,2,61,-59
永豐苓雅,00929復華台灣科技優息,5,60,-55
永豐苓雅,00830國泰費城半導體,1,37,-36
永豐苓雅,00940元大台灣價值高息,0,34,-34
永豐苓雅,00971野村美國研發龍頭,1,34,-33
永豐苓雅,00930永豐ESG低碳高息,0,30,-30
永豐苓雅,神達,176,205,-29
永豐苓雅,國泰金,7,34,-27
永豐苓雅,中鋼,4,30,-26
永豐苓雅,元晶,3,27,-24
永豐苓雅,昇貿,0,24,-24
永豐苓雅,中光電,5,28,-23
永豐苓雅,順達,20,42,-22
永豐苓雅,新光金,15,37,-22
永豐苓雅,元大台灣50,1,22,-21
永豐苓雅,廣宇,4,24,-20
永豐苓雅,00939統一台灣高息動能,0,20,-20
永豐苓雅,茂迪,0,20,-20
永豐苓雅,菱光,37,57,-20
永豐苓雅,興能高,217,236,-19
永豐苓雅,長榮航,1,19,-18
永豐苓雅,新盛力,146,161,-15
永豐苓雅,00965元大航太防衛科技,5,19,-14
永豐苓雅,健椿,12,25,-13
永豐苓雅,星宇航空,2,15,-13
永豐苓雅,00934中信成長高股息,0,13,-13
永豐苓雅,系統電,5,17,-12
永豐苓雅,汎銓,0,12,-12
永豐苓雅,台虹,0,11,-11
永豐苓雅,00715L期街口布蘭特正2,20,31,-11
永豐苓雅,群聯,0,11,-11
永豐苓雅,宏致,8,19,-11
永豐苓雅,聯光通,19,30,-11
永豐苓雅,智原,21,32,-11
永豐苓雅,006208富邦台50,3,14,-11
永豐苓雅,00891中信關鍵半導體,0,10,-10
永豐苓雅,中華電,10,20,-10
永豐苓雅,威健,0,10,-10
永豐苓雅,誠美材,0,10,-10
永豐苓雅,中砂,8,18,-10
永豐苓雅,台船,0,10,-10
永豐苓雅,利奇,0,10,-10
永豐苓雅,00909國泰數位支付服務,1,10,-9
永豐苓雅,00941中信上游半導體,0,9,-9
台新新莊,元大台灣50,80,2,78
台新新莊,聯電,88,11,77
台新新莊,00637L元大滬深300正2,67,0,67
台新新莊,00919群益台灣精選高息,59,4,55
台新新莊,新盛力,131,79,52
台新新莊,00664R國泰臺灣加權反1,50,0,50
台新新莊,廣宇,60,12,48
台新新莊,00753L中信中國50正2,32,1,31
台新新莊,太景*-KY,30,0,30
台新新莊,00670L富邦NASDAQ正2,30,1,29
台新新莊,泰金寶-DR,119,90,29
台新新莊,日電貿,28,0,28
台新新莊,達邁,142,115,27
台新新莊,中鼎,25,0,25
台新新莊,群創,25,1,24
台新新莊,00937B群益ESG投等債20,24,0,24
台新新莊,元大高股息,33,11,22
台新新莊,熱映,20,0,20
台新新莊,和椿,47,27,20
台新新莊,世禾,20,1,19
台新新莊,00712復華富時不動產,17,0,17
台新新莊,華通,17,1,16
台新新莊,00679B元大美債20年,24,8,16
台新新莊,台塑,23,7,16
台新新莊,00680L元大美債20正2,15,0,15
台新新莊,中鴻,15,0,15
台新新莊,旺宏,15,0,15
台新新莊,昇陽半導體,17,2,15
台新新莊,00891中信關鍵半導體,15,3,12
台新新莊,英業達,20,8,12
台新新莊,能率,16,5,11
台新新莊,慧友,10,0,10
台新新莊,美律,10,0,10
台新新莊,永光,15,5,10
台新新莊,弘憶股,10,0,10
台新新莊,牧東,10,0,10
台新新莊,高端疫苗,10,0,10
台新新莊,威宏-KY,10,0,10
台新新莊,大同,11,1,10
台新新莊,00900富邦特選高股息30,10,1,9
台新新莊,友達,13,4,9
台新新莊,前鼎,13,4,9
台新新莊,00687B國泰20年美債,9,0,9
台新新莊,00665L富邦�琤肭磪囓�2,8,0,8
台新新莊,臺企銀,8,0,8
台新新莊,達麗,8,0,8
台新新莊,鴻海,12,5,7
台新新莊,00940元大台灣價值高息,10,3,7
台新新莊,台化,13,6,7
台新新莊,台新金,10,3,7
台新新莊,00980B台新特選IG債10+,5,327,-322
台新新莊,神達,265,363,-98
台新新莊,南亞科,0,67,-67
台新新莊,新鋼,0,59,-59
台新新莊,00965元大航太防衛科技,0,51,-51
台新新莊,聯上發,0,50,-50
台新新莊,華星光,61,110,-49
台新新莊,擎亞,12,57,-45
台新新莊,00951台新日本半導體,0,40,-40
台新新莊,力積電,20,54,-34
台新新莊,浩鼎,0,33,-33
台新新莊,華新,0,28,-28
台新新莊,裕民,0,24,-24
台新新莊,生達,0,20,-20
台新新莊,立德,0,20,-20
台新新莊,00929復華台灣科技優息,1,21,-20
台新新莊,長榮航,4,21,-17
台新新莊,友訊,2,18,-16
台新新莊,宏致,5,21,-16
台新新莊,僑威,1,16,-15
台新新莊,佳能,7,22,-15
台新新莊,揚明光,3,18,-15
台新新莊,迅得,6,21,-15
台新新莊,欣銓,18,33,-15
台新新莊,中鋼,3,16,-13
台新新莊,澤米,3,16,-13
台新新莊,技嘉,0,12,-12
台新新莊,新日興,6,17,-11
台新新莊,00692富邦公司治理,0,10,-10
台新新莊,定穎投控,0,10,-10
台新新莊,力麒,0,10,-10
台新新莊,台灣虎航,6,16,-10
台新新莊,新光金,4,13,-9
台新新莊,欣興,9,17,-8
台新新莊,國泰金,0,8,-8
台新新莊,燿華,7,14,-7
台新新莊,聯鈞,53,60,-7
台新新莊,華南金,0,7,-7
台新新莊,金橋,0,7,-7
台新新莊,雷虎,2,9,-7
台新新莊,菱光,0,7,-7
台新新莊,00770國泰北美科技,0,6,-6
台新新莊,宏泰,0,6,-6
台新新莊,大山,0,6,-6
台新新莊,宏達電,129,135,-6
台新新莊,雙鍵,0,6,-6
台新新莊,亞泰,1,7,-6
台新新莊,00918大華優利高填息30,35,41,-6
台新新莊,亞翔,2,7,-5
台新新莊,00912中信臺灣智慧50,0,5,-5
 元大竹南,聯電,81,4,77
 元大竹南,泰金寶-DR,97,22,75
 元大竹南,三商壽,50,10,40
 元大竹南,連展投控,47,11,36
 元大竹南,00937B群益ESG投等債20,33,0,33
 元大竹南,00753L中信中國50正2,31,0,31
 元大竹南,00673R期元大S＆P原油反1,30,0,30
 元大竹南,京元電子,28,3,25
 元大竹南,兆豐金,20,0,20
 元大竹南,王道銀行,20,0,20
 元大竹南,00637L元大滬深300正2,178,159,19
 元大竹南,大亞,19,1,18
 元大竹南,00864B中信美國公債0-1,17,0,17
 元大竹南,00680L元大美債20正2,10,0,10
 元大竹南,台玻,10,0,10
 元大竹南,新興,10,0,10
 元大竹南,宏遠證,10,0,10
 元大竹南,006208富邦台50,9,0,9
 元大竹南,擎亞,46,37,9
 元大竹南,金寶,8,0,8
 元大竹南,元大高股息,19,11,8
 元大竹南,富喬,7,0,7
 元大竹南,緯創,10,4,6
 元大竹南,00919群益台灣精選高息,6,0,6
 元大竹南,長榮航,10,4,6
 元大竹南,宏齊,6,0,6
 元大竹南,台塑化,6,0,6
 元大竹南,英業達,6,1,5
 元大竹南,亞光,17,12,5
 元大竹南,00687B國泰20年美債,12,7,5
 元大竹南,台揚,5,0,5
 元大竹南,西勝,5,0,5
 元大竹南,大眾控,5,0,5
 元大竹南,永崴投控,5,0,5
 元大竹南,光鋐,5,0,5
 元大竹南,能率,5,0,5
 元大竹南,達運光電,5,0,5
 元大竹南,00940元大台灣價值高息,10,5,5
 元大竹南,00918大華優利高填息30,4,0,4
 元大竹南,00633L富邦上証正2,6,2,4
 元大竹南,訊舟,4,0,4
 元大竹南,虹冠電,4,0,4
 元大竹南,勝德,4,0,4
 元大竹南,加百裕,18,14,4
 元大竹南,00922國泰台灣領袖50,5,2,3
 元大竹南,00930永豐ESG低碳高息,3,0,3
 元大竹南,00962台新AI優息動能,3,0,3
 元大竹南,三晃,3,0,3
 元大竹南,技嘉,3,0,3
 元大竹南,佰鴻,3,0,3
 元大竹南,00706L期元大S＆P日圓正2,0,260,-260
 元大竹南,佳世達,4,234,-230
 元大竹南,中鋼,3,204,-201
 元大竹南,00965元大航太防衛科技,1,81,-80
 元大竹南,聯合再生,0,61,-61
 元大竹南,神達,61,122,-61
 元大竹南,00878國泰永續高股息,6,64,-58
 元大竹南,00665L富邦�琤肭磪囓�2,4,60,-56
 元大竹南,華航,0,40,-40
 元大竹南,玉山金,2,41,-39
 元大竹南,華星光,49,79,-30
 元大竹南,中環,0,20,-20
 元大竹南,新日興,1,20,-19
 元大竹南,力成,21,38,-17
 元大竹南,力積電,22,33,-11
 元大竹南,鴻海,5,17,-12
 元大竹南,元大台灣50,1,12,-11
 元大竹南,00632R元大台灣50反1,5,15,-10
 元大竹南,00662富邦NASDAQ,0,10,-10
 元大竹南,光罩,0,10,-10
 元大竹南,群創,0,10,-10
 元大竹南,十銓,0,10,-10
 元大竹南,邁達特,0,10,-10
 元大竹南,00795B中信美國公債20年,0,10,-10
 元大竹南,912000晨訊科-DR,0,9,-9
 元大竹南,東浦,0,8,-8
 元大竹南,台積電,5,12,-7
 元大竹南,鼎元,0,7,-7
 元大竹南,漢翔,0,7,-7
 元大竹南,00929復華台灣科技優息,0,7,-7
 元大竹南,國泰金,0,6,-6
 元大竹南,00932兆豐永續高息等權,0,6,-6
 元大竹南,光寶科,0,5,-5
 元大竹南,00700富邦�琤肭磪�,0,5,-5
 元大竹南,00877復華中國5G,0,5,-5
 元大竹南,華城,0,5,-5
 元大竹南,千興,0,5,-5
 元大竹南,燿華,0,5,-5
 元大竹南,宏達電,44,49,-5
 元大竹南,彰銀,0,5,-5
 元大竹南,新光金,2,7,-5
 元大竹南,國光生,0,5,-5
 元大竹南,晟田,0,5,-5
 元大竹南,元晶,0,5,-5
 元大竹南,統一實,0,5,-5
 元大竹南,群聯,0,5,-5
 元大竹南,欣銓,0,4,-4
 元大竹南,00882中信中國高股息,1,5,-4
 元大竹南,耿鼎,1,5,-4
 元大竹南,敦陽科,0,4,-4
國票嘉義,00713元大台灣高息低波,133,16,117
國票嘉義,聯電,61,16,45
國票嘉義,雲豹能源,45,0,45
國票嘉義,僑威,44,8,36
國票嘉義,00852L國泰美國道瓊正2,35,0,35
國票嘉義,00637L元大滬深300正2,30,9,21
國票嘉義,立��,21,5,16
國票嘉義,鴻海,15,0,15
國票嘉義,00922國泰台灣領袖50,15,0,15
國票嘉義,00953B群益優選非投等債,15,0,15
國票嘉義,達邁,18,4,14
國票嘉義,凱美,10,0,10
國票嘉義,國產,10,0,10
國票嘉義,合庫金,8,0,8
國票嘉義,華邦電,7,0,7
國票嘉義,亞光,10,3,7
國票嘉義,華星光,22,15,7
國票嘉義,大洋-KY,8,1,7
國票嘉義,萬海,6,0,6
國票嘉義,新盛力,52,46,6
國票嘉義,長科*,6,0,6
國票嘉義,緯創,10,5,5
國票嘉義,永豐金,5,0,5
國票嘉義,聯華食,5,0,5
國票嘉義,華新,5,0,5
國票嘉義,兆豐金,5,0,5
國票嘉義,聯亞,5,0,5
國票嘉義,IET-KY,5,0,5
國票嘉義,亞泰,5,0,5
國票嘉義,順藥,5,0,5
國票嘉義,志強-KY,10,5,5
國票嘉義,伯特光,5,0,5
國票嘉義,耀勝,5,0,5
國票嘉義,新應材,4,0,4
國票嘉義,系微,4,0,4
國票嘉義,錸德,4,0,4
國票嘉義,新美齊,4,0,4
國票嘉義,神達,45,41,4
國票嘉義,力成,4,0,4
國票嘉義,立端,4,0,4
國票嘉義,威剛,3,0,3
國票嘉義,00643群益深証中小,3,0,3
國票嘉義,敦吉,3,0,3
國票嘉義,英濟,8,5,3
國票嘉義,宏致,4,1,3
國票嘉義,大銀微系統,3,0,3
國票嘉義,聯光通,5,2,3
國票嘉義,訊達,3,0,3
國票嘉義,訊芯-KY,5,2,3
國票嘉義,保銳,3,0,3
國票嘉義,00680L元大美債20正2,0,749,-749
國票嘉義,00715L期街口布蘭特正2,0,200,-200
國票嘉義,泰金寶-DR,7,186,-179
國票嘉義,00929復華台灣科技優息,0,132,-132
國票嘉義,00949復華日本龍頭,0,60,-60
國票嘉義,元大高股息,1,50,-49
國票嘉義,友達,0,38,-38
國票嘉義,亞航,0,31,-31
國票嘉義,大同,1,26,-25
國票嘉義,新建,0,24,-24
國票嘉義,皇昌,0,22,-22
國票嘉義,凱基金,0,21,-21
國票嘉義,南亞,0,21,-21
國票嘉義,新光金,0,20,-20
國票嘉義,雷科,0,20,-20
國票嘉義,00631L元大台灣50正2,0,19,-19
國票嘉義,宏達電,38,57,-19
國票嘉義,中信金,0,17,-17
國票嘉義,00915凱基優選高股息30,1,17,-16
國票嘉義,台塑,12,24,-12
國票嘉義,興能高,43,54,-11
國票嘉義,00968B元大優息投等債,0,10,-10
國票嘉義,00671R富邦NASDAQ反1,0,10,-10
國票嘉義,00941中信上游半導體,0,10,-10
國票嘉義,東洋,0,10,-10
國票嘉義,00937B群益ESG投等債20,6,15,-9
國票嘉義,茂迪,0,9,-9
國票嘉義,力積電,1,10,-9
國票嘉義,中鋼,5,14,-9
國票嘉義,昆盈,6,15,-9
國票嘉義,欣銓,2,10,-8
國票嘉義,由田,0,8,-8
國票嘉義,環宇-KY,8,15,-7
國票嘉義,華宏,0,7,-7
國票嘉義,00878國泰永續高股息,4,10,-6
國票嘉義,友訊,0,6,-6
國票嘉義,波若威,11,17,-6
國票嘉義,西勝,0,6,-6
國票嘉義,00858永豐美國500大,0,5,-5
國票嘉義,00725B國泰投資級公司債,0,5,-5
國票嘉義,00692富邦公司治理,0,5,-5
國票嘉義,首利,0,5,-5
國票嘉義,富喬,7,12,-5
國票嘉義,順達,9,14,-5
國票嘉義,聯鈞,15,20,-5
國票嘉義,瑞智,0,5,-5
國票嘉義,長榮航太,0,5,-5
國票嘉義,南亞科,37,41,-4
國票嘉義,盟立,0,4,-4
國票嘉義,華航,1,5,-4
永豐台南,00688L國泰20年美債正2,1010,0,1010
永豐台南,00671R富邦NASDAQ反1,146,0,146
永豐台南,聯電,185,40,145
永豐台南,00637L元大滬深300正2,124,5,119
永豐台南,00919群益台灣精選高息,106,18,88
永豐台南,聯發科,78,2,76
永豐台南,國際中橡,80,10,70
永豐台南,元大高股息,73,17,56
永豐台南,00937B群益ESG投等債20,67,11,56
永豐台南,連展投控,58,4,54
永豐台南,00953B群益優選非投等債,44,3,41
永豐台南,00632R元大台灣50反1,41,3,38
永豐台南,00878國泰永續高股息,60,23,37
永豐台南,立��,51,17,34
永豐台南,00679B元大美債20年,36,5,31
永豐台南,00945B凱基美國非投等債,30,0,30
永豐台南,旺宏,32,5,27
永豐台南,光群雷,24,0,24
永豐台南,亞光,40,18,22
永豐台南,兆豐金,23,1,22
永豐台南,太子,20,0,20
永豐台南,環宇-KY,65,45,20
永豐台南,合庫金,19,0,19
永豐台南,00909國泰數位支付服務,19,0,19
永豐台南,皇龍,22,4,18
永豐台南,緯創,31,13,18
永豐台南,欣興,16,0,16
永豐台南,昇陽半導體,21,5,16
永豐台南,00680L元大美債20正2,27,11,16
永豐台南,新光金,45,30,15
永豐台南,台灣大,13,0,13
永豐台南,00858永豐美國500大,29,17,12
永豐台南,00633L富邦上証正2,13,1,12
永豐台南,全新,22,10,12
永豐台南,00706L期元大S＆P日圓正2,14,3,11
永豐台南,00712復華富時不動產,16,5,11
永豐台南,00713元大台灣高息低波,19,9,10
永豐台南,愛山林,10,0,10
永豐台南,00957B兆豐US優選投等債,10,0,10
永豐台南,00650L復華香港正2,32,22,10
永豐台南,00664R國泰臺灣加權反1,10,0,10
永豐台南,00950B凱基A級公司債,20,10,10
永豐台南,建達,10,0,10
永豐台南,AES-KY,16,6,10
永豐台南,元大金,10,0,10
永豐台南,洋基工程,10,1,9
永豐台南,新應材,9,0,9
永豐台南,00770國泰北美科技,11,2,9
永豐台南,海華,18,9,9
永豐台南,立隆電,37,29,8
永豐台南,陽明,11,342,-331
永豐台南,00929復華台灣科技優息,2,202,-200
永豐台南,00939統一台灣高息動能,0,127,-127
永豐台南,00965元大航太防衛科技,10,134,-124
永豐台南,凱基金,3,115,-112
永豐台南,00971野村美國研發龍頭,31,129,-98
永豐台南,大同,22,74,-52
永豐台南,王道銀行,2,50,-48
永豐台南,中石化,5,52,-47
永豐台南,神達,141,187,-46
永豐台南,仁寶,0,42,-42
永豐台南,富邦金,0,41,-41
永豐台南,堤維西,1,42,-41
永豐台南,力積電,59,100,-41
永豐台南,宏��,5,42,-37
永豐台南,前鼎,3,39,-36
永豐台南,台積電,18,54,-36
永豐台南,南茂,2,36,-34
永豐台南,華城,2,34,-32
永豐台南,彰銀,0,28,-28
永豐台南,鴻海,42,70,-28
永豐台南,00951台新日本半導體,3,28,-25
永豐台南,00757統一FANG+,5,27,-22
永豐台南,中信金,9,30,-21
永豐台南,中鋼,18,38,-20
永豐台南,00959B大華投等美債15Y+,0,20,-20
永豐台南,宏致,5,25,-20
永豐台南,00881國泰台灣5G+,2,21,-19
永豐台南,00673R期元大S＆P原油反1,13,32,-19
永豐台南,00948B中信優息投資級債,11,29,-18
永豐台南,華票,0,17,-17
永豐台南,台塑,16,33,-17
永豐台南,和碩,0,16,-16
永豐台南,國泰金,2,17,-15
永豐台南,00954中信日本半導體,0,14,-14
永豐台南,頎邦,0,14,-14
永豐台南,00930永豐ESG低碳高息,1,15,-14
永豐台南,臺企銀,0,13,-13
永豐台南,泰碩,0,13,-13
永豐台南,邑錡,0,13,-13
永豐台南,日月光投控,3,16,-13
永豐台南,群創,2,15,-13
永豐台南,大亞,1,13,-12
永豐台南,榮運,0,12,-12
永豐台南,佳世達,20,31,-11
永豐台南,力鵬,10,21,-11
永豐台南,宏普,0,11,-11
永豐台南,元大台灣50,6,17,-11
永豐台南,欣銓,5,16,-11
永豐台南,00907永豐優息存股,3,13,-10
兆豐    ,中鋼,759,50,709
兆豐    ,00830國泰費城半導體,500,10,490
兆豐    ,上海商銀,316,0,316
兆豐    ,良維,300,5,295
兆豐    ,元太,281,3,278
兆豐    ,精成科,318,56,262
兆豐    ,神達,317,58,259
兆豐    ,金像電,255,15,240
兆豐    ,力積電,287,52,235
兆豐    ,智邦,203,6,197
兆豐    ,00715L期街口布蘭特正2,163,0,163
兆豐    ,世界,162,0,162
兆豐    ,遠傳,154,0,154
兆豐    ,新纖,150,0,150
兆豐    ,日月光投控,608,467,141
兆豐    ,緯創,139,9,130
兆豐    ,南亞,119,0,119
兆豐    ,欣銓,208,91,117
兆豐    ,台灣大,115,0,115
兆豐    ,晶睿,104,2,102
兆豐    ,00720B元大投資級公司債,100,0,100
兆豐    ,微星,99,1,98
兆豐    ,00878國泰永續高股息,81,3,78
兆豐    ,晶技,70,0,70
兆豐    ,台燿,100,30,70
兆豐    ,順達,90,35,55
兆豐    ,漢翔,51,0,51
兆豐    ,富喬,126,75,51
兆豐    ,彩晶,50,0,50
兆豐    ,貿聯-KY,50,5,45
兆豐    ,群光,44,0,44
兆豐    ,堤維西,39,0,39
兆豐    ,達邦蛋白,39,0,39
兆豐    ,國統,35,1,34
兆豐    ,日電貿,30,0,30
兆豐    ,健策,30,0,30
兆豐    ,泰金寶-DR,51,21,30
兆豐    ,新光鋼,30,0,30
兆豐    ,友達,30,0,30
兆豐    ,合機,25,0,25
兆豐    ,聯上,24,0,24
兆豐    ,聯詠,21,0,21
兆豐    ,鴻海,23,2,21
兆豐    ,擎亞,21,0,21
兆豐    ,廣達,20,0,20
兆豐    ,優群,20,0,20
兆豐    ,新光金,31,11,20
兆豐    ,邁達特,20,0,20
兆豐    ,中宇,23,3,20
兆豐    ,研華,19,0,19
兆豐    ,兆豐金,7,1582,-1575
兆豐    ,裕隆,0,1416,-1416
兆豐    ,00648R元大S＆P500反1,0,998,-998
兆豐    ,致茂,49,801,-752
兆豐    ,三芳,1,706,-705
兆豐    ,遠百,0,662,-662
兆豐    ,光寶科,0,502,-502
兆豐    ,台灣高鐵,0,500,-500
兆豐    ,統一超,0,350,-350
兆豐    ,京元電子,0,271,-271
兆豐    ,00980B台新特選IG債10+,0,183,-183
兆豐    ,國泰金,0,180,-180
兆豐    ,眾達-KY,174,329,-155
兆豐    ,瑞儀,0,143,-143
兆豐    ,可成,0,141,-141
兆豐    ,凡甲,25,145,-120
兆豐    ,中美晶,0,100,-100
兆豐    ,啟��,0,95,-95
兆豐    ,力成,1,90,-89
兆豐    ,台積電,4,87,-83
兆豐    ,泰鼎-KY,0,79,-79
兆豐    ,聯發科,64,138,-74
兆豐    ,東元,3,67,-64
兆豐    ,華新,0,61,-61
兆豐    ,長華*,0,50,-50
兆豐    ,台郡,0,49,-49
兆豐    ,宏捷科,1,48,-47
兆豐    ,大銀微系統,0,41,-41
兆豐    ,義隆,0,40,-40
兆豐    ,振曜,2,40,-38
兆豐    ,大成鋼,2,38,-36
兆豐    ,亞光,0,33,-33
兆豐    ,國票金,0,33,-33
兆豐    ,00943兆豐電子高息等權,0,32,-32
兆豐    ,台達電,32,63,-31
兆豐    ,神基,57,88,-31
兆豐    ,元大高股息,3,32,-29
兆豐    ,精材,2,27,-25
兆豐    ,聯陽,1,26,-25
兆豐    ,富邦金,1,26,-25
兆豐    ,湧德,16,40,-24
兆豐    ,元大台灣50,8,32,-24
兆豐    ,台泥,20,43,-23
兆豐    ,南亞科,0,23,-23
兆豐    ,中信金,1,23,-22
兆豐    ,00936台新永續高息中小,0,20,-20
兆豐    ,00940元大台灣價值高息,0,19,-19
兆豐    ,00632R元大台灣50反1,1,20,-19
兆豐    ,00929復華台灣科技優息,0,19,-19
兆豐    ,前鼎,1,19,-18
 元大發財,00905FT臺灣Smart,210,0,210
 元大發財,聯電,102,24,78
 元大發財,瑞智,60,0,60
 元大發財,中石化,47,0,47
 元大發財,英業達,40,0,40
 元大發財,00850元大臺灣ESG永續,28,0,28
 元大發財,松上,27,1,26
 元大發財,欣興,16,0,16
 元大發財,合庫金,18,3,15
 元大發財,群創,22,8,14
 元大發財,台灣虎航,12,0,12
 元大發財,昇陽半導體,14,2,12
 元大發財,元大高股息,12,1,11
 元大發財,00757統一FANG+,22,12,10
 元大發財,00927群益半導體收益,10,0,10
 元大發財,00882中信中國高股息,10,0,10
 元大發財,宏和,10,0,10
 元大發財,瑞軒,10,0,10
 元大發財,新興,10,0,10
 元大發財,泰福-KY,10,0,10
 元大發財,陽明,14,6,8
 元大發財,台泥,8,0,8
 元大發財,彰銀,8,0,8
 元大發財,00878國泰永續高股息,21,13,8
 元大發財,騰輝電子-KY,10,3,7
 元大發財,大成鋼,79,73,6
 元大發財,正達,6,0,6
 元大發財,中鋼,6,0,6
 元大發財,鴻準,12,6,6
 元大發財,聯鈞,19,13,6
 元大發財,00919群益台灣精選高息,12,6,6
 元大發財,啟��,5,0,5
 元大發財,宏捷科,5,0,5
 元大發財,00918大華優利高填息30,5,0,5
 元大發財,華南金,14,9,5
 元大發財,集盛,5,0,5
 元大發財,益航,5,0,5
 元大發財,第一店,5,0,5
 元大發財,台中銀,5,0,5
 元大發財,建漢,5,0,5
 元大發財,譁裕,5,0,5
 元大發財,華容,7,2,5
 元大發財,創惟,5,0,5
 元大發財,采鈺,5,0,5
 元大發財,大井泵浦,5,0,5
 元大發財,友訊,6,2,4
 元大發財,慧洋-KY,5,1,4
 元大發財,波若威,18,14,4
 元大發財,順達,7,4,3
 元大發財,僑威,10,7,3
 元大發財,00965元大航太防衛科技,0,158,-158
 元大發財,友達,1,145,-144
 元大發財,宏達電,57,157,-100
 元大發財,臺企銀,3,101,-98
 元大發財,00673R期元大S＆P原油反1,0,70,-70
 元大發財,00830國泰費城半導體,0,65,-65
 元大發財,新光金,15,75,-60
 元大發財,良維,0,40,-40
 元大發財,星宇航空,0,27,-27
 元大發財,00940元大台灣價值高息,0,23,-23
 元大發財,宏泰,0,20,-20
 元大發財,神達,32,50,-18
 元大發財,能率網通,2,20,-18
 元大發財,00915凱基優選高股息30,0,18,-18
 元大發財,元大台灣50,0,18,-18
 元大發財,光寶科,1,16,-15
 元大發財,凱基金,4,19,-15
 元大發財,00923群益台ESG低碳50,0,15,-15
 元大發財,00715L期街口布蘭特正2,0,14,-14
 元大發財,力積電,71,83,-12
 元大發財,大同,6,18,-12
 元大發財,研華,0,12,-12
 元大發財,台新金,1,13,-12
 元大發財,00929復華台灣科技優息,0,11,-11
 元大發財,華新,1,12,-11
 元大發財,擎亞,5,16,-11
 元大發財,瀚宇博,0,10,-10
 元大發財,00967B元大優息美債,0,10,-10
 元大發財,永光,0,10,-10
 元大發財,新鋼,0,10,-10
 元大發財,敬鵬,0,10,-10
 元大發財,南亞科,2,12,-10
 元大發財,百德,0,10,-10
 元大發財,00881國泰台灣5G+,2,12,-10
 元大發財,凱美,2,11,-9
 元大發財,連展投控,2,11,-9
 元大發財,威盛,1,10,-9
 元大發財,大銀微系統,3,12,-9
 元大發財,海悅,1,10,-9
 元大發財,富喬,11,19,-8
 元大發財,精成科,6,14,-8
 元大發財,006208富邦台50,1,8,-7
 元大發財,鈺齊-KY,1,8,-7
 元大發財,欣銓,4,11,-7
 元大發財,宏致,4,11,-7
 元大發財,奇鋐,3,9,-6
 元大發財,英濟,7,13,-6
 元大發財,00688L國泰20年美債正2,2,8,-6
 元大發財,聯強,0,6,-6
 元大發財,鴻翊,0,6,-6
 元富林園,00637L元大滬深300正2,324,40,284
 元富林園,聯電,123,4,119
 元富林園,00665L富邦�琤肭磪囓�2,75,5,70
 元富林園,00905FT臺灣Smart,45,1,44
 元富林園,00919群益台灣精選高息,44,2,42
 元富林園,00878國泰永續高股息,40,2,38
 元富林園,長榮航,52,15,37
 元富林園,福懋油,27,2,25
 元富林園,聯光通,30,5,25
 元富林園,台化,22,1,21
 元富林園,京元電子,20,0,20
 元富林園,凌巨,20,0,20
 元富林園,普安,16,0,16
 元富林園,環宇-KY,31,15,16
 元富林園,元大高股息,17,4,13
 元富林園,華通,16,3,13
 元富林園,00918大華優利高填息30,10,0,10
 元富林園,00912中信臺灣智慧50,10,0,10
 元富林園,00904新光臺灣半導體30,10,0,10
 元富林園,00894中信小資高價30,10,0,10
 元富林園,00652富邦印度,10,0,10
 元富林園,00646元大S＆P500,10,0,10
 元富林園,緯創,14,4,10
 元富林園,宜特,10,0,10
 元富林園,榮群,10,0,10
 元富林園,慧友,11,2,9
 元富林園,友達,8,0,8
 元富林園,玉山金,9,1,8
 元富林園,京城銀,7,0,7
 元富林園,新盛力,20,13,7
 元富林園,彩晶,9,2,7
 元富林園,南亞,7,0,7
 元富林園,00631L元大台灣50正2,7,0,7
 元富林園,00664R國泰臺灣加權反1,6,0,6
 元富林園,富喬,23,17,6
 元富林園,泰鼎-KY,6,0,6
 元富林園,昇達科,8,3,5
 元富林園,00917中信特選金融,5,0,5
 元富林園,堤維西,5,0,5
 元富林園,國碩,5,0,5
 元富林園,京晨科,5,0,5
 元富林園,高端疫苗,5,0,5
 元富林園,00858永豐美國500大,4,0,4
 元富林園,華新,4,0,4
 元富林園,勝一,4,0,4
 元富林園,所羅門,4,0,4
 元富林園,昆盈,4,0,4
 元富林園,廣達,8,4,4
 元富林園,鼎元,4,0,4
 元富林園,富野,4,0,4
 元富林園,00980B台新特選IG債10+,18,1020,-1002
 元富林園,彰銀,0,107,-107
 元富林園,金寶,2,55,-53
 元富林園,00970B新光BBB投等債20,0,50,-50
 元富林園,鴻海,4,39,-35
 元富林園,擎亞,2,34,-32
 元富林園,00951台新日本半導體,0,27,-27
 元富林園,連展投控,1,26,-25
 元富林園,泰金寶-DR,12,36,-24
 元富林園,中石化,10,30,-20
 元富林園,00877復華中國5G,0,19,-19
 元富林園,00937B群益ESG投等債20,12,30,-18
 元富林園,00675L富邦臺灣加權正2,0,15,-15
 元富林園,00929復華台灣科技優息,5,19,-14
 元富林園,力積電,21,35,-14
 元富林園,華城,1,15,-14
 元富林園,凱基金,0,13,-13
 元富林園,光寶科,1,14,-13
 元富林園,神達,61,73,-12
 元富林園,良維,1,12,-11
 元富林園,和椿,12,22,-10
 元富林園,00752中信中國50,0,10,-10
 元富林園,佳能,13,23,-10
 元富林園,皇昌,0,10,-10
 元富林園,漢翔,0,10,-10
 元富林園,立凱-KY,0,10,-10
 元富林園,茂迪,6,16,-10
 元富林園,長華*,0,10,-10
 元富林園,商億-KY,0,10,-10
 元富林園,興能高,25,34,-9
 元富林園,英業達,3,11,-8
 元富林園,十銓,0,8,-8
 元富林園,立積,0,8,-8
 元富林園,00941中信上游半導體,1,8,-7
 元富林園,00830國泰費城半導體,0,7,-7
 元富林園,00671R富邦NASDAQ反1,0,7,-7
 元富林園,華航,1,8,-7
 元富林園,僑威,1,8,-7
 元富林園,群創,0,6,-6
 元富林園,神基,0,5,-5
 元富林園,00692富邦公司治理,0,5,-5
 元富林園,大同,0,5,-5
 元富林園,臺企銀,0,5,-5
 元富林園,晉倫,0,5,-5
 元富林園,立敦,1,6,-5
 元富林園,正基,0,5,-5
 元富林園,加百裕,13,18,-5
 元富林園,奇鋐,3,7,-4
 元富林園,統一,1,5,-4
 元富林園,國喬,1,5,-4
群益中山,00688L國泰20年美債正2,55,0,55
群益中山,00680L元大美債20正2,50,0,50
群益中山,友訊,45,0,45
群益中山,聯電,40,15,25
群益中山,00878國泰永續高股息,23,0,23
群益中山,00909國泰數位支付服務,23,0,23
群益中山,大洋,21,0,21
群益中山,台揚,25,4,21
群益中山,00945B凱基美國非投等債,20,0,20
群益中山,典範,20,0,20
群益中山,華邦電,20,2,18
群益中山,00910第一金太空衛星,20,3,17
群益中山,大綜,17,0,17
群益中山,台虹,15,0,15
群益中山,力山,13,0,13
群益中山,00882中信中國高股息,13,0,13
群益中山,00637L元大滬深300正2,28,17,11
群益中山,00858永豐美國500大,10,0,10
群益中山,台泥,10,0,10
群益中山,新建,10,0,10
群益中山,連展投控,10,0,10
群益中山,亞翔,13,4,9
群益中山,中光電,9,0,9
群益中山,00919群益台灣精選高息,8,0,8
群益中山,立隆電,19,11,8
群益中山,僑威,8,0,8
群益中山,神達,21,13,8
群益中山,佰鴻,12,5,7
群益中山,泰金寶-DR,8,1,7
群益中山,00960野村全球航運龍頭,6,0,6
群益中山,國產,6,0,6
群益中山,玉晶光,6,0,6
群益中山,工信,10,4,6
群益中山,點序,6,0,6
群益中山,南電,7,1,6
群益中山,立��,8,2,6
群益中山,欣興,7,2,5
群益中山,兆利,5,0,5
群益中山,00715L期街口布蘭特正2,5,0,5
群益中山,晶豪科,5,0,5
群益中山,矽格,5,0,5
群益中山,安國,5,0,5
群益中山,宏捷科,5,0,5
群益中山,愛普*,7,2,5
群益中山,京元電子,5,1,4
群益中山,00918大華優利高填息30,4,0,4
群益中山,00687B國泰20年美債,4,0,4
群益中山,堤維西,4,0,4
群益中山,廣宇,4,0,4
群益中山,宸曜,4,0,4
群益中山,台積電,104,382,-278
群益中山,00980B台新特選IG債10+,15,110,-95
群益中山,00675L富邦臺灣加權正2,0,46,-46
群益中山,第一保,0,43,-43
群益中山,群創,1,30,-29
群益中山,太欣,0,29,-29
群益中山,00966B統一ESG投等債15,0,27,-27
群益中山,00940元大台灣價值高息,3,27,-24
群益中山,正達,0,23,-23
群益中山,力積電,72,93,-21
群益中山,欣銓,0,19,-19
群益中山,聯一光,0,17,-17
群益中山,緯創,8,24,-16
群益中山,揚智,0,15,-15
群益中山,00892富邦台灣半導體,0,12,-12
群益中山,中鋼,0,11,-11
群益中山,光寶科,0,11,-11
群益中山,臻鼎-KY,0,11,-11
群益中山,彰銀,0,10,-10
群益中山,華通,0,10,-10
群益中山,三商壽,0,10,-10
群益中山,訊舟,0,10,-10
群益中山,虹堡,0,10,-10
群益中山,伍豐,0,10,-10
群益中山,宏達電,46,55,-9
群益中山,鴻海,1,10,-9
群益中山,南港,0,8,-8
群益中山,承啟,19,27,-8
群益中山,樂威科-KY,0,8,-8
群益中山,創威,10,18,-8
群益中山,華星光,16,24,-8
群益中山,波若威,5,13,-8
群益中山,環宇-KY,10,18,-8
群益中山,00965元大航太防衛科技,0,7,-7
群益中山,名軒,2,9,-7
群益中山,台玻,23,30,-7
群益中山,力特,0,7,-7
群益中山,順達,5,11,-6
群益中山,00905FT臺灣Smart,2,8,-6
群益中山,巨庭,0,6,-6
群益中山,仁寶,0,6,-6
群益中山,鴻準,0,6,-6
群益中山,正崴,0,6,-6
群益中山,大量,0,6,-6
群益中山,前鼎,6,12,-6
群益中山,寶得利,0,6,-6
群益中山,力新,0,5,-5
群益中山,00941中信上游半導體,0,5,-5
群益中山,台榮,0,5,-5
群益中山,南亞,0,5,-5
富邦台北,緯創,685,53,632
富邦台北,長榮航,570,47,523
富邦台北,統一,391,1,390
富邦台北,力積電,703,350,353
富邦台北,聯電,383,84,299
富邦台北,欣興,293,9,284
富邦台北,宏達電,502,302,200
富邦台北,IET-KY,150,9,141
富邦台北,00679B元大美債20年,163,44,119
富邦台北,台積電,507,389,118
富邦台北,華固,110,1,109
富邦台北,第一金,105,5,100
富邦台北,00637L元大滬深300正2,346,262,84
富邦台北,00712復華富時不動產,74,3,71
富邦台北,00632R元大台灣50反1,70,0,70
富邦台北,00924復華S＆P500成長,68,0,68
富邦台北,僑威,94,30,64
富邦台北,慧洋-KY,64,1,63
富邦台北,緯軟,65,4,61
富邦台北,元大高股息,155,96,59
富邦台北,上詮,62,4,58
富邦台北,00937B群益ESG投等債20,201,144,57
富邦台北,英業達,88,32,56
富邦台北,精成科,92,39,53
富邦台北,00915凱基優選高股息30,65,12,53
富邦台北,三商壽,73,21,52
富邦台北,912000晨訊科-DR,50,0,50
富邦台北,新日興,102,53,49
富邦台北,百和,50,3,47
富邦台北,00882中信中國高股息,43,1,42
富邦台北,00655L國泰中國A50正2,41,0,41
富邦台北,合庫金,39,1,38
富邦台北,千附精密,39,1,38
富邦台北,廣達,55,20,35
富邦台北,英濟,95,60,35
富邦台北,00706L期元大S＆P日圓正2,43,10,33
富邦台北,00858永豐美國500大,34,2,32
富邦台北,鉅祥,32,0,32
富邦台北,威致,30,0,30
富邦台北,岳豐,30,0,30
富邦台北,麗正,30,0,30
富邦台北,00955中信日本商社,28,0,28
富邦台北,00918大華優利高填息30,34,7,27
富邦台北,00900富邦特選高股息30,32,6,26
富邦台北,鴻海,93,67,26
富邦台北,海華,54,31,23
富邦台北,亞昕,29,6,23
富邦台北,波若威,204,183,21
富邦台北,迅得,35,14,21
富邦台北,00665L富邦�琤肭磪囓�2,83,62,21
富邦台北,00980B台新特選IG債10+,217,1113,-896
富邦台北,富邦金,6,281,-275
富邦台北,凱基金,12,236,-224
富邦台北,00929復華台灣科技優息,4,215,-211
富邦台北,聯上發,1,178,-177
富邦台北,群創,81,248,-167
富邦台北,玉晶光,17,173,-156
富邦台北,00753L中信中國50正2,56,209,-153
富邦台北,00940元大台灣價值高息,6,145,-139
富邦台北,台灣虎航,19,153,-134
富邦台北,南亞,10,142,-132
富邦台北,00965元大航太防衛科技,0,116,-116
富邦台北,合勤控,0,110,-110
富邦台北,00680L元大美債20正2,13,116,-103
富邦台北,00946群益科技高息成長,2,104,-102
富邦台北,00675L富邦臺灣加權正2,8,107,-99
富邦台北,00770國泰北美科技,3,95,-92
富邦台北,致伸,1,82,-81
富邦台北,00701國泰股利精選30,0,80,-80
富邦台北,友訊,3,81,-78
富邦台北,富喬,48,124,-76
富邦台北,欣銓,130,198,-68
富邦台北,00830國泰費城半導體,11,79,-68
富邦台北,台達電,1,57,-56
富邦台北,友達,16,70,-54
富邦台北,00892富邦台灣半導體,1,53,-52
富邦台北,台塑,45,97,-52
富邦台北,新光金,1,53,-52
富邦台北,廣宇,128,180,-52
富邦台北,華航,12,63,-51
富邦台北,華南金,0,50,-50
富邦台北,中石化,4,53,-49
富邦台北,富采,11,59,-48
富邦台北,仁寶,3,50,-47
富邦台北,宏致,23,70,-47
富邦台北,興能高,268,314,-46
富邦台北,元大台灣50,18,62,-44
富邦台北,01010T京城樂富R1,0,43,-43
富邦台北,佰鴻,0,41,-41
富邦台北,00638R元大滬深300反1,0,40,-40
富邦台北,00877復華中國5G,0,37,-37
富邦台北,瀚宇博,0,35,-35
富邦台北,三陽工業,0,32,-32
富邦台北,寶碩,0,32,-32
富邦台北,精材,134,166,-32
富邦台北,00951台新日本半導體,5,36,-31
富邦台北,信邦,2,32,-30
富邦台北,00949復華日本龍頭,1,31,-30
富邦台北,00923群益台ESG低碳50,0,30,-30
富邦台北,合正,1,30,-29
第一華江,潤泰全,221,0,221
第一華江,聯電,214,19,195
第一華江,00664R國泰臺灣加權反1,150,0,150
第一華江,00965元大航太防衛科技,85,0,85
第一華江,緯創,101,21,80
第一華江,合庫金,52,1,51
第一華江,瀚荃,51,0,51
第一華江,創惟,52,2,50
第一華江,泰鼎-KY,50,0,50
第一華江,谷崧,49,5,44
第一華江,00632R元大台灣50反1,40,1,39
第一華江,亞光,40,13,27
第一華江,立��,37,11,26
第一華江,興能高,90,66,24
第一華江,00878國泰永續高股息,50,26,24
第一華江,00915凱基優選高股息30,38,15,23
第一華江,宏達電,150,127,23
第一華江,00882中信中國高股息,30,9,21
第一華江,華容,20,0,20
第一華江,定穎投控,20,0,20
第一華江,台塑,28,12,16
第一華江,00937B群益ESG投等債20,72,57,15
第一華江,立敦,52,37,15
第一華江,00753L中信中國50正2,15,1,14
第一華江,00680L元大美債20正2,14,0,14
第一華江,中鴻,15,1,14
第一華江,友訊,19,5,14
第一華江,群創,31,18,13
第一華江,00700富邦�琤肭磪�,13,0,13
第一華江,矽統,14,2,12
第一華江,建準,17,5,12
第一華江,00713元大台灣高息低波,11,0,11
第一華江,通泰,11,0,11
第一華江,景碩,11,0,11
第一華江,00912中信臺灣智慧50,10,0,10
第一華江,澤米,11,1,10
第一華江,2897B王道銀乙特,10,0,10
第一華江,越峰,10,0,10
第一華江,志超,10,0,10
第一華江,陸海,10,0,10
第一華江,00850元大臺灣ESG永續,10,0,10
第一華江,00674R期元大S＆P黃金反1,9,0,9
第一華江,00924復華S＆P500成長,9,0,9
第一華江,廣達,13,4,9
第一華江,欣興,10,1,9
第一華江,中鋼,12,4,8
第一華江,綠界科技*,8,0,8
第一華江,台泥,11,3,8
第一華江,00910第一金太空衛星,10,3,7
第一華江,元大高股息,27,19,8
第一華江,陽明,15,385,-370
第一華江,00929復華台灣科技優息,5,118,-113
第一華江,遠東銀,0,107,-107
第一華江,華航,1,100,-99
第一華江,00637L元大滬深300正2,83,162,-79
第一華江,凱基金,0,76,-76
第一華江,00946群益科技高息成長,0,70,-70
第一華江,神達,71,134,-63
第一華江,英濟,50,109,-59
第一華江,力積電,70,116,-46
第一華江,新日興,6,52,-46
第一華江,00934中信成長高股息,0,41,-41
第一華江,00968B元大優息投等債,0,40,-40
第一華江,福懋,3,42,-39
第一華江,鴻海,22,59,-37
第一華江,連展投控,8,41,-33
第一華江,00918大華優利高填息30,14,47,-33
第一華江,晶睿,0,31,-31
第一華江,00922國泰台灣領袖50,7,37,-30
第一華江,富喬,35,65,-30
第一華江,凌陽創新,0,29,-29
第一華江,00939統一台灣高息動能,0,28,-28
第一華江,光寶科,0,28,-28
第一華江,00927群益半導體收益,2,27,-25
第一華江,00940元大台灣價值高息,37,61,-24
第一華江,元大台灣50,0,24,-24
第一華江,長榮航,9,31,-22
第一華江,時碩工業,0,21,-21
第一華江,光洋科,2,23,-21
第一華江,00919群益台灣精選高息,54,75,-21
第一華江,華星光,41,61,-20
第一華江,彰銀,0,20,-20
第一華江,立德,0,19,-19
第一華江,新光金,0,18,-18
第一華江,00687B國泰20年美債,22,40,-18
第一華江,00715L期街口布蘭特正2,0,17,-17
第一華江,環宇-KY,24,40,-16
第一華江,信立,0,16,-16
第一華江,高技,2,17,-15
第一華江,欣銓,2,16,-14
第一華江,聯光通,9,23,-14
第一華江,台積電,8,21,-13
第一華江,宏益,0,13,-13
第一華江,波若威,37,49,-12
第一華江,美德醫療-DR,0,12,-12
第一華江,鴻準,3,14,-11
第一華江,良維,2,13,-11
第一華江,國喬,1,12,-11
第一華江,錸寶,0,11,-11
第一華江,00960野村全球航運龍頭,9,20,-11
群益東門,00665L富邦�琤肭磪囓�2,100,1,99
群益東門,聯電,88,6,82
群益東門,泰金寶-DR,96,26,70
群益東門,環泰,65,0,65
群益東門,統一實,62,8,54
群益東門,上銀,52,2,50
群益東門,00655L國泰中國A50正2,102,52,50
群益東門,00919群益台灣精選高息,42,3,39
群益東門,精材,32,2,30
群益東門,萬泰科,31,1,30
群益東門,00688L國泰20年美債正2,20,0,20
群益東門,00959B大華投等美債15Y+,20,0,20
群益東門,00878國泰永續高股息,21,3,18
群益東門,合庫金,15,0,15
群益東門,華電網,14,0,14
群益東門,00725B國泰投資級公司債,13,0,13
群益東門,南亞,13,0,13
群益東門,IET-KY,12,0,12
群益東門,鼎天,13,1,12
群益東門,00953B群益優選非投等債,12,0,12
群益東門,00751B元大AAA至A公司債,12,0,12
群益東門,眾達-KY,31,20,11
群益東門,元山,10,0,10
群益東門,百和興業-KY,10,0,10
群益東門,00632R元大台灣50反1,12,2,10
群益東門,力積電,33,23,10
群益東門,雄獅,10,0,10
群益東門,緯創,15,6,9
群益東門,一詮,9,0,9
群益東門,00937B群益ESG投等債20,8,0,8
群益東門,巨虹,8,0,8
群益東門,群益證,7,0,7
群益東門,台特化,7,0,7
群益東門,采鈺,7,1,6
群益東門,力成,7,1,6
群益東門,00909國泰數位支付服務,6,0,6
群益東門,00713元大台灣高息低波,7,2,5
群益東門,00679B元大美債20年,5,0,5
群益東門,裕融,5,0,5
群益東門,新盛力,72,67,5
群益東門,華航,6,1,5
群益東門,020039元大加權N,5,0,5
群益東門,三商壽,5,0,5
群益東門,聯光通,19,14,5
群益東門,易飛網,4,0,4
群益東門,谷崧,4,0,4
群益東門,昇陽半導體,4,0,4
群益東門,00881國泰台灣5G+,5,1,4
群益東門,迅得,4,0,4
群益東門,陽明,7,3,4
群益東門,00980B台新特選IG債10+,5,660,-655
群益東門,星宇航空,1,100,-99
群益東門,宏達電,69,149,-80
群益東門,神達,80,134,-54
群益東門,00927群益半導體收益,0,52,-52
群益東門,達邁,6,57,-51
群益東門,00954中信日本半導體,0,49,-49
群益東門,00715L期街口布蘭特正2,0,40,-40
群益東門,00877復華中國5G,0,38,-38
群益東門,雷虎,2,37,-35
群益東門,00941中信上游半導體,0,30,-30
群益東門,台積電,7,32,-25
群益東門,凱基金,0,23,-23
群益東門,中鴻,2,23,-21
群益東門,玉山金,1,20,-19
群益東門,事欣科,11,27,-16
群益東門,先進光,0,15,-15
群益東門,宏致,3,17,-14
群益東門,欣銓,91,101,-10
群益東門,彰銀,0,10,-10
群益東門,立隆電,16,26,-10
群益東門,00851台新全球AI,0,10,-10
群益東門,中光電,1,11,-10
群益東門,華新,0,10,-10
群益東門,台塑,1,10,-9
群益東門,光環,1,10,-9
群益東門,台橡,0,9,-9
群益東門,興能高,134,143,-9
群益東門,大成鋼,17,26,-9
群益東門,萬潤,4,12,-8
群益東門,元大高股息,13,21,-8
群益東門,華南金,0,7,-7
群益東門,富驊,1,8,-7
群益東門,台玻,2,9,-7
群益東門,神基,1,8,-7
群益東門,群創,3,10,-7
群益東門,元大台灣50,9,15,-6
群益東門,鴻海,5,11,-6
群益東門,擎亞,1,7,-6
群益東門,承啟,0,6,-6
群益東門,金寶,8,14,-6
群益東門,遠百,0,6,-6
群益東門,中興電,2,8,-6
群益東門,順達,19,24,-5
群益東門,神準,0,5,-5
群益東門,立積,0,5,-5
群益東門,00762元大全球AI,0,5,-5
群益東門,豐達科,0,5,-5
群益東門,佳世達,0,5,-5
群益東門,精成科,9,14,-5
合庫桃園,00673R期元大S＆P原油反1,900,10,890
合庫桃園,聯電,133,54,79
合庫桃園,緯創,59,24,35
合庫桃園,連展投控,41,8,33
合庫桃園,泰金寶-DR,39,7,32
合庫桃園,00918大華優利高填息30,29,0,29
合庫桃園,00919群益台灣精選高息,36,11,25
合庫桃園,00937B群益ESG投等債20,37,12,25
合庫桃園,00637L元大滬深300正2,22,0,22
合庫桃園,精成科,27,5,22
合庫桃園,三商壽,21,0,21
合庫桃園,合庫金,26,7,19
合庫桃園,建達,19,0,19
合庫桃園,華新,19,0,19
合庫桃園,鴻準,27,8,19
合庫桃園,00878國泰永續高股息,105,89,16
合庫桃園,金寶,14,1,13
合庫桃園,00905FT臺灣Smart,12,0,12
合庫桃園,00960野村全球航運龍頭,12,0,12
合庫桃園,友威科,29,17,12
合庫桃園,聯合再生,11,0,11
合庫桃園,00953B群益優選非投等債,11,0,11
合庫桃園,富邦科技,11,0,11
合庫桃園,00662富邦NASDAQ,11,0,11
合庫桃園,00713元大台灣高息低波,13,3,10
合庫桃園,00858永豐美國500大,10,0,10
合庫桃園,00679B元大美債20年,10,0,10
合庫桃園,潤泰全,10,0,10
合庫桃園,00952凱基台灣AI50,10,0,10
合庫桃園,為升,10,0,10
合庫桃園,三商電,10,0,10
合庫桃園,00706L期元大S＆P日圓正2,10,0,10
合庫桃園,凱美,21,11,10
合庫桃園,瀚宇博,10,0,10
合庫桃園,00635U期元大S＆P黃金,9,0,9
合庫桃園,正達,10,1,9
合庫桃園,達能,9,0,9
合庫桃園,大成鋼,11,3,8
合庫桃園,西勝,9,1,8
合庫桃園,00933B國泰10Y+金融債,10,2,8
合庫桃園,華孚,8,0,8
合庫桃園,雷虎,11,3,8
合庫桃園,台揚,7,0,7
合庫桃園,台燿,7,0,7
合庫桃園,台新金,6,0,6
合庫桃園,聯上發,6,0,6
合庫桃園,00725B國泰投資級公司債,6,0,6
合庫桃園,00971野村美國研發龍頭,6,0,6
合庫桃園,聯德控股-KY,6,0,6
合庫桃園,00915凱基優選高股息30,6,0,6
合庫桃園,00665L富邦�琤肭磪囓�2,8,185,-177
合庫桃園,00929復華台灣科技優息,2,116,-114
合庫桃園,00922國泰台灣領袖50,0,86,-86
合庫桃園,00940元大台灣價值高息,0,71,-71
合庫桃園,00680L元大美債20正2,0,70,-70
合庫桃園,00715L期街口布蘭特正2,6,62,-56
合庫桃園,00939統一台灣高息動能,1,50,-49
合庫桃園,凱基金,1,44,-43
合庫桃園,友訊,0,35,-35
合庫桃園,力積電,4,38,-34
合庫桃園,富邦金,1,35,-34
合庫桃園,00907永豐優息存股,0,32,-32
合庫桃園,第一金,2,31,-29
合庫桃園,宏致,1,28,-27
合庫桃園,毛寶,0,26,-26
合庫桃園,群創,17,42,-25
合庫桃園,00757統一FANG+,0,25,-25
合庫桃園,上海商銀,0,24,-24
合庫桃園,006208富邦台50,4,27,-23
合庫桃園,神達,62,85,-23
合庫桃園,華南金,4,26,-22
合庫桃園,東鹼,0,20,-20
合庫桃園,首利,0,20,-20
合庫桃園,華航,2,22,-20
合庫桃園,中鴻,5,25,-20
合庫桃園,00675L富邦臺灣加權正2,0,20,-20
合庫桃園,凌巨,1,20,-19
合庫桃園,台積電,3,21,-18
合庫桃園,00923群益台ESG低碳50,0,16,-16
合庫桃園,元大高股息,14,30,-16
合庫桃園,新光金,0,16,-16
合庫桃園,元大台灣50,0,16,-16
合庫桃園,鉅祥,0,15,-15
合庫桃園,永光,0,15,-15
合庫桃園,興能高,75,90,-15
合庫桃園,中華,1,15,-14
合庫桃園,台塑,13,26,-13
合庫桃園,台中銀,2,14,-12
合庫桃園,華城,14,26,-12
合庫桃園,00936台新永續高息中小,0,12,-12
合庫桃園,材料-KY,0,11,-11
合庫桃園,東元,1,12,-11
合庫桃園,萬泰科,0,11,-11
合庫桃園,玉山金,4,14,-10
合庫桃園,立隆電,14,24,-10
合庫桃園,一詮,5,15,-10
合庫桃園,振發,0,10,-10
合庫桃園,康普,0,10,-10
合庫桃園,環球晶,0,10,-10
合庫桃園,偉詮電,0,10,-10
 元大大里德芳,台玻,209,5,204
 元大大里德芳,聯電,197,84,113
 元大大里德芳,泰金寶-DR,134,33,101
 元大大里德芳,新建,79,0,79
 元大大里德芳,00637L元大滬深300正2,81,22,59
 元大大里德芳,正崴,39,0,39
 元大大里德芳,00919群益台灣精選高息,46,9,37
 元大大里德芳,恩德,36,0,36
 元大大里德芳,合庫金,35,0,35
 元大大里德芳,百和興業-KY,30,0,30
 元大大里德芳,台灣高鐵,30,0,30
 元大大里德芳,00665L富邦�琤肭磪囓�2,30,0,30
 元大大里德芳,第一金,23,0,23
 元大大里德芳,元大高股息,43,21,22
 元大大里德芳,宏��,24,3,21
 元大大里德芳,凱美,20,0,20
 元大大里德芳,雷虎,23,4,19
 元大大里德芳,00922國泰台灣領袖50,18,1,17
 元大大里德芳,00688L國泰20年美債正2,17,0,17
 元大大里德芳,昇陽半導體,20,3,17
 元大大里德芳,00664R國泰臺灣加權反1,15,0,15
 元大大里德芳,00706L期元大S＆P日圓正2,15,0,15
 元大大里德芳,00882中信中國高股息,14,0,14
 元大大里德芳,連展投控,16,2,14
 元大大里德芳,00971野村美國研發龍頭,13,0,13
 元大大里德芳,佳能,21,9,12
 元大大里德芳,宏齊,12,0,12
 元大大里德芳,00864B中信美國公債0-1,11,0,11
 元大大里德芳,亞光,14,3,11
 元大大里德芳,廣達,15,4,11
 元大大里德芳,大成鋼,13,3,10
 元大大里德芳,大銀微系統,15,5,10
 元大大里德芳,金山電,10,0,10
 元大大里德芳,台橡,10,0,10
 元大大里德芳,聯一光,10,0,10
 元大大里德芳,立��,16,7,9
 元大大里德芳,英業達,14,5,9
 元大大里德芳,力成,8,0,8
 元大大里德芳,南亞科,8,0,8
 元大大里德芳,00887永豐中國科技50大,8,1,7
 元大大里德芳,00632R元大台灣50反1,7,0,7
 元大大里德芳,00673R期元大S＆P原油反1,17,10,7
 元大大里德芳,致伸,8,1,7
 元大大里德芳,00937B群益ESG投等債20,7,0,7
 元大大里德芳,京元電子,6,0,6
 元大大里德芳,皇昌,6,0,6
 元大大里德芳,欣興,41,35,6
 元大大里德芳,晶技,5,0,5
 元大大里德芳,鴻準,6,1,5
 元大大里德芳,永崴投控,5,0,5
 元大大里德芳,群創,1,266,-265
 元大大里德芳,神達,109,221,-112
 元大大里德芳,力積電,26,87,-61
 元大大里德芳,00712復華富時不動產,0,60,-60
 元大大里德芳,00965元大航太防衛科技,0,54,-54
 元大大里德芳,00940元大台灣價值高息,3,53,-50
 元大大里德芳,00915凱基優選高股息30,0,44,-44
 元大大里德芳,華航,0,37,-37
 元大大里德芳,凱基金,0,37,-37
 元大大里德芳,00892富邦台灣半導體,0,32,-32
 元大大里德芳,興能高,75,101,-26
 元大大里德芳,台積電,12,37,-25
 元大大里德芳,宏達電,65,87,-22
 元大大里德芳,臺企銀,8,30,-22
 元大大里德芳,越峰,0,20,-20
 元大大里德芳,華容,3,23,-20
 元大大里德芳,瑞軒,0,20,-20
 元大大里德芳,仁寶,4,24,-20
 元大大里德芳,乙盛-KY,2,21,-19
 元大大里德芳,南亞,1,20,-19
 元大大里德芳,00715L期街口布蘭特正2,2,20,-18
 元大大里德芳,00687B國泰20年美債,2,20,-18
 元大大里德芳,陽明,16,33,-17
 元大大里德芳,長榮航,25,42,-17
 元大大里德芳,金麗科,3,19,-16
 元大大里德芳,006208富邦台50,7,22,-15
 元大大里德芳,台泥,5,20,-15
 元大大里德芳,達邁,22,36,-14
 元大大里德芳,富喬,6,17,-11
 元大大里德芳,00941中信上游半導體,0,11,-11
 元大大里德芳,00929復華台灣科技優息,1,12,-11
 元大大里德芳,中磊,0,11,-11
 元大大里德芳,中信金,0,11,-11
 元大大里德芳,00933B國泰10Y+金融債,0,10,-10
 元大大里德芳,康控-KY,0,10,-10
 元大大里德芳,華豐,0,10,-10
 元大大里德芳,00647L元大S＆P500正2,0,10,-10
 元大大里德芳,富邦金,0,10,-10
 元大大里德芳,00675L富邦臺灣加權正2,1,10,-9
 元大大里德芳,創惟,4,13,-9
 元大大里德芳,中美晶,0,9,-9
 元大大里德芳,華城,3,11,-8
 元大大里德芳,豐泰,0,8,-8
 元大大里德芳,00725B國泰投資級公司債,1,9,-8
 元大大里德芳,三福化,0,8,-8
 元大大里德芳,00961FT臺灣永續高息,0,8,-8
 元大大里德芳,友達,1,9,-8
 元大大里德芳,東哥遊艇,0,7,-7
 元大大里德芳,00690兆豐藍籌30,0,7,-7
 元大大里德芳,鈞興-KY,1,8,-7
 元大永寧,神達,6299,624,5675
 元大永寧,00665L富邦�琤肭磪囓�2,2276,6,2270
 元大永寧,00753L中信中國50正2,1006,60,946
 元大永寧,00637L元大滬深300正2,225,21,204
 元大永寧,聯電,215,16,199
 元大永寧,富喬,295,122,173
 元大永寧,00878國泰永續高股息,135,28,107
 元大永寧,華星光,347,250,97
 元大永寧,達邁,184,102,82
 元大永寧,00632R元大台灣50反1,68,0,68
 元大永寧,緯創,75,8,67
 元大永寧,00673R期元大S＆P原油反1,50,4,46
 元大永寧,力積電,2094,2055,39
 元大永寧,凌陽,32,0,32
 元大永寧,泰金寶-DR,50,19,31
 元大永寧,矽格,31,1,30
 元大永寧,元大高股息,30,3,27
 元大永寧,00936台新永續高息中小,26,0,26
 元大永寧,台化,24,0,24
 元大永寧,台星科,24,0,24
 元大永寧,00650L復華香港正2,24,0,24
 元大永寧,00909國泰數位支付服務,20,0,20
 元大永寧,佳世達,20,0,20
 元大永寧,維田,21,2,19
 元大永寧,友達,30,11,19
 元大永寧,00882中信中國高股息,18,0,18
 元大永寧,00971野村美國研發龍頭,18,0,18
 元大永寧,連展投控,22,5,17
 元大永寧,英濟,55,38,17
 元大永寧,松瑞藥,18,1,17
 元大永寧,欣興,20,4,16
 元大永寧,加捷生醫,16,0,16
 元大永寧,科妍,45,31,14
 元大永寧,精聯,13,0,13
 元大永寧,00919群益台灣精選高息,12,0,12
 元大永寧,00946群益科技高息成長,12,0,12
 元大永寧,00713元大台灣高息低波,11,0,11
 元大永寧,上海商銀,11,0,11
 元大永寧,精成科,18,7,11
 元大永寧,瑞軒,10,0,10
 元大永寧,永豐金,31,21,10
 元大永寧,麗正,10,0,10
 元大永寧,全譜,13,3,10
 元大永寧,00918大華優利高填息30,9,0,9
 元大永寧,環宇-KY,19,10,9
 元大永寧,立敦,17,8,9
 元大永寧,永彰,9,0,9
 元大永寧,圓剛,11,3,8
 元大永寧,00655L國泰中國A50正2,18,10,8
 元大永寧,裕融,7,0,7
 元大永寧,新盛力,189,1024,-835
 元大永寧,世芯-KY,149,369,-220
 元大永寧,00915凱基優選高股息30,1,133,-132
 元大永寧,00940元大台灣價值高息,26,142,-116
 元大永寧,欣銓,43,127,-84
 元大永寧,00712復華富時不動產,1,75,-74
 元大永寧,富邦金,0,72,-72
 元大永寧,聯嘉,0,70,-70
 元大永寧,00941中信上游半導體,0,50,-50
 元大永寧,00635U期元大S＆P黃金,3,50,-47
 元大永寧,宏致,52,97,-45
 元大永寧,宏��,9,51,-42
 元大永寧,00939統一台灣高息動能,0,40,-40
 元大永寧,00934中信成長高股息,0,40,-40
 元大永寧,彰銀,1,40,-39
 元大永寧,00929復華台灣科技優息,21,60,-39
 元大永寧,僑威,9,44,-35
 元大永寧,00965元大航太防衛科技,0,26,-26
 元大永寧,光鋐,0,24,-24
 元大永寧,新光金,1,24,-23
 元大永寧,凱基金,0,21,-21
 元大永寧,榮剛,0,21,-21
 元大永寧,力鵬,0,20,-20
 元大永寧,00687B國泰20年美債,3,20,-17
 元大永寧,和碩,1,18,-17
 元大永寧,金山電,0,15,-15
 元大永寧,健椿,0,14,-14
 元大永寧,00751B元大AAA至A公司債,0,13,-13
 元大永寧,原相,0,13,-13
 元大永寧,立凱-KY,0,13,-13
 元大永寧,皇昌,1,13,-12
 元大永寧,雷虎,1,13,-12
 元大永寧,南茂,1,12,-11
 元大永寧,台塑化,0,11,-11
 元大永寧,00631L元大台灣50正2,0,11,-11
 元大永寧,大同,10,21,-11
 元大永寧,國泰金,2,12,-10
 元大永寧,眾達-KY,14,24,-10
 元大永寧,佶優,0,10,-10
 元大永寧,堤維西,0,10,-10
 元大永寧,聲寶,0,10,-10
 元大永寧,金寶,1,11,-10
 元大永寧,遠東新,2,12,-10
 元大永寧,南亞,5,14,-9
 元大永寧,鴻準,1,10,-9
 元大永寧,興能高,135,144,-9
 元大永寧,頎邦,0,9,-9
 元大永寧,華南金,0,9,-9
 元大永寧,新華,0,8,-8
 元大永寧,華邦電,5,13,-8
玉山南京,00637L元大滬深300正2,383,0,383
玉山南京,00919群益台灣精選高息,341,7,334
玉山南京,聯電,184,3,181
玉山南京,00688L國泰20年美債正2,74,0,74
玉山南京,國光生,70,0,70
玉山南京,00953B群益優選非投等債,60,0,60
玉山南京,00639富邦深100,51,0,51
玉山南京,00830國泰費城半導體,58,8,50
玉山南京,國賓,36,0,36
玉山南京,00882中信中國高股息,33,0,33
玉山南京,00687B國泰20年美債,32,3,29
玉山南京,緯創,42,13,29
玉山南京,00924復華S＆P500成長,27,1,26
玉山南京,廣達,33,10,23
玉山南京,00878國泰永續高股息,36,14,22
玉山南京,00757統一FANG+,25,4,21
玉山南京,廣運,20,1,19
玉山南京,泰金寶-DR,33,14,19
玉山南京,宏達電,70,51,19
玉山南京,百和興業-KY,18,0,18
玉山南京,00753L中信中國50正2,17,2,15
玉山南京,元大寶滬深,15,1,14
玉山南京,00720B元大投資級公司債,12,0,12
玉山南京,華新,13,1,12
玉山南京,00633L富邦上証正2,12,0,12
玉山南京,訊舟,14,2,12
玉山南京,00905FT臺灣Smart,13,2,11
玉山南京,兆豐金,11,0,11
玉山南京,006208富邦台50,17,7,10
玉山南京,00936台新永續高息中小,10,0,10
玉山南京,00725B國泰投資級公司債,10,0,10
玉山南京,華碩,10,0,10
玉山南京,00670L富邦NASDAQ正2,10,0,10
玉山南京,00900富邦特選高股息30,10,0,10
玉山南京,亞泥,10,0,10
玉山南京,英業達,10,0,10
玉山南京,南亞科,10,0,10
玉山南京,昇陽,10,0,10
玉山南京,亞光,10,1,9
玉山南京,展達,10,1,9
玉山南京,立��,21,12,9
玉山南京,00858永豐美國500大,8,0,8
玉山南京,宏齊,11,3,8
玉山南京,台新金,7,0,7
玉山南京,00909國泰數位支付服務,8,1,7
玉山南京,信立,11,4,7
玉山南京,環宇-KY,14,7,7
玉山南京,大華,7,0,7
玉山南京,迅得,9,2,7
玉山南京,欣興,8,2,6
玉山南京,00679B元大美債20年,6,240,-234
玉山南京,00877復華中國5G,1,198,-197
玉山南京,00887永豐中國科技50大,50,200,-150
玉山南京,台積電,11,151,-140
玉山南京,00940元大台灣價值高息,2,107,-105
玉山南京,玉山金,18,117,-99
玉山南京,富喬,7,87,-80
玉山南京,00675L富邦臺灣加權正2,1,60,-59
玉山南京,訊芯-KY,2,60,-58
玉山南京,神基,4,59,-55
玉山南京,力積電,3,57,-54
玉山南京,亞翔,3,54,-51
玉山南京,神達,68,116,-48
玉山南京,宏致,12,52,-40
玉山南京,華邦電,0,40,-40
玉山南京,台塑,6,46,-40
玉山南京,00933B國泰10Y+金融債,2,40,-38
玉山南京,00929復華台灣科技優息,5,42,-37
玉山南京,晟田,0,33,-33
玉山南京,00960野村全球航運龍頭,7,35,-28
玉山南京,彰銀,1,25,-24
玉山南京,京元電子,32,55,-23
玉山南京,長榮,0,20,-20
玉山南京,佳邦,0,20,-20
玉山南京,三商壽,1,20,-19
玉山南京,00937B群益ESG投等債20,27,46,-19
玉山南京,僑威,0,18,-18
玉山南京,中華電,0,17,-17
玉山南京,00692富邦公司治理,0,15,-15
玉山南京,五福,0,14,-14
玉山南京,00946群益科技高息成長,0,14,-14
玉山南京,00631L元大台灣50正2,3,16,-13
玉山南京,新光金,0,14,-14
玉山南京,鈺齊-KY,0,12,-12
玉山南京,國泰金,1,13,-12
玉山南京,大同,0,12,-12
玉山南京,聿新科,0,10,-10
玉山南京,ITH-KY,0,10,-10
玉山南京,南茂,0,10,-10
玉山南京,裕隆,1,10,-9
玉山南京,鴻海,9,18,-9
玉山南京,華通,0,8,-8
玉山南京,台達電,0,7,-7
玉山南京,元大台灣50,1,8,-7
玉山南京,燿華,0,7,-7
玉山南京,00926凱基全球菁英55,3,10,-7
玉山南京,成霖,0,7,-7
玉山南京,順達,4,11,-7
玉山南京,長榮航,1,7,-6
玉山南京,日月光投控,0,6,-6
 元大樹林,緯創,247,19,228
 元大樹林,00878國泰永續高股息,146,20,126
 元大樹林,泰金寶-DR,198,95,103
 元大樹林,台塑,110,26,84
 元大樹林,聯電,148,71,77
 元大樹林,00919群益台灣精選高息,78,2,76
 元大樹林,00637L元大滬深300正2,224,150,74
 元大樹林,玉晶光,54,0,54
 元大樹林,華夏,51,0,51
 元大樹林,廣達,56,5,51
 元大樹林,00937B群益ESG投等債20,98,53,45
 元大樹林,鴻海,76,34,42
 元大樹林,宏達電,143,108,35
 元大樹林,00664R國泰臺灣加權反1,30,0,30
 元大樹林,00924復華S＆P500成長,41,12,29
 元大樹林,鉅祥,26,0,26
 元大樹林,00671R富邦NASDAQ反1,25,0,25
 元大樹林,恆大,25,1,24
 元大樹林,元大高股息,45,21,24
 元大樹林,亞聚,23,0,23
 元大樹林,00712復華富時不動產,31,9,22
 元大樹林,00858永豐美國500大,21,0,21
 元大樹林,立敦,47,26,21
 元大樹林,立��,125,105,20
 元大樹林,高技,21,1,20
 元大樹林,新興,20,0,20
 元大樹林,台化,20,1,19
 元大樹林,00882中信中國高股息,19,0,19
 元大樹林,台泥,17,1,16
 元大樹林,AES-KY,42,26,16
 元大樹林,昇陽半導體,19,4,15
 元大樹林,新盛力,113,99,14
 元大樹林,富威電力,13,0,13
 元大樹林,台特化,26,13,13
 元大樹林,年興,13,0,13
 元大樹林,00753L中信中國50正2,15,3,12
 元大樹林,加百裕,23,11,12
 元大樹林,大銀微系統,13,2,11
 元大樹林,榮群,11,0,11
 元大樹林,嘉聯益,11,0,11
 元大樹林,台揚,10,0,10
 元大樹林,好德,10,0,10
 元大樹林,00676R富邦臺灣加權反1,10,0,10
 元大樹林,00715L期街口布蘭特正2,10,0,10
 元大樹林,全科,10,0,10
 元大樹林,擎亞,21,11,10
 元大樹林,00830國泰費城半導體,31,21,10
 元大樹林,00894中信小資高價30,10,1,9
 元大樹林,東浦,9,0,9
 元大樹林,立隆電,48,39,9
 元大樹林,慧洋-KY,8,180,-172
 元大樹林,力積電,157,301,-144
 元大樹林,台達電,0,82,-82
 元大樹林,00940元大台灣價值高息,14,76,-62
 元大樹林,00929復華台灣科技優息,0,62,-62
 元大樹林,耿鼎,1,54,-53
 元大樹林,富喬,13,56,-43
 元大樹林,006208富邦台50,3,43,-40
 元大樹林,群創,6,40,-34
 元大樹林,光寶科,0,26,-26
 元大樹林,凱基金,5,31,-26
 元大樹林,宏致,4,29,-25
 元大樹林,英業達,14,38,-24
 元大樹林,長榮航,8,32,-24
 元大樹林,寶成,0,20,-20
 元大樹林,五福,2,20,-18
 元大樹林,華航,1,19,-18
 元大樹林,新普,1,19,-18
 元大樹林,神基,0,17,-17
 元大樹林,鴻準,15,32,-17
 元大樹林,堤維西,1,17,-16
 元大樹林,00948B中信優息投資級債,0,16,-16
 元大樹林,和椿,29,45,-16
 元大樹林,創惟,3,18,-15
 元大樹林,00965元大航太防衛科技,1,16,-15
 元大樹林,華孚,0,15,-15
 元大樹林,欣銓,13,28,-15
 元大樹林,仲琦,0,14,-14
 元大樹林,神達,80,94,-14
 元大樹林,岱宇,0,13,-13
 元大樹林,友訊,3,16,-13
 元大樹林,競國,0,12,-12
 元大樹林,南亞,1,13,-12
 元大樹林,華城,8,20,-12
 元大樹林,聯鈞,45,57,-12
 元大樹林,00757統一FANG+,6,17,-11
 元大樹林,00632R元大台灣50反1,2,13,-11
 元大樹林,00631L元大台灣50正2,0,11,-11
 元大樹林,榮剛,0,10,-10
 元大樹林,00899FT潔淨能源,0,10,-10
 元大樹林,富華新,0,10,-10
 元大樹林,00927群益半導體收益,0,10,-10
 元大樹林,鈞寶,14,24,-10
 元大樹林,汎銓,0,10,-10
 元大樹林,國泰金,0,9,-9
 元大樹林,華新,2,11,-9
 元大樹林,融程電,0,9,-9
 元大樹林,美時,0,9,-9
 元大樹林,金寶,7,16,-9
 元大樹林,台光電,1,9,-8
凱基雙和,三商壽,214,0,214
凱基雙和,聯電,138,3,135
凱基雙和,00680L元大美債20正2,60,0,60
凱基雙和,00887永豐中國科技50大,50,0,50
凱基雙和,中鋼,50,0,50
凱基雙和,中華,25,1,24
凱基雙和,海光,20,0,20
凱基雙和,德宏,20,0,20
凱基雙和,力積電,27,7,20
凱基雙和,英濟,19,2,17
凱基雙和,00919群益台灣精選高息,17,0,17
凱基雙和,燿華,19,3,16
凱基雙和,亞航,16,0,16
凱基雙和,台泥,15,0,15
凱基雙和,新漢,13,0,13
凱基雙和,旺宏,11,0,11
凱基雙和,汎銓,13,2,11
凱基雙和,00900富邦特選高股息30,10,0,10
凱基雙和,00752中信中國50,10,0,10
凱基雙和,00646元大S＆P500,10,0,10
凱基雙和,立德,10,0,10
凱基雙和,泰金寶-DR,10,0,10
凱基雙和,聯發科,10,0,10
凱基雙和,緯創,16,7,9
凱基雙和,立敦,29,21,8
凱基雙和,欣陸,8,0,8
凱基雙和,新盛力,56,48,8
凱基雙和,廣穎,8,0,8
凱基雙和,潤泰全,7,0,7
凱基雙和,環宇-KY,14,7,7
凱基雙和,富喬,11,6,5
凱基雙和,宏��,5,0,5
凱基雙和,正崴,5,0,5
凱基雙和,凌陽,5,0,5
凱基雙和,瑞軒,5,0,5
凱基雙和,華建,5,0,5
凱基雙和,東台,5,0,5
凱基雙和,中光電,7,2,5
凱基雙和,華電網,5,0,5
凱基雙和,00648R元大S＆P500反1,4,0,4
凱基雙和,得力,4,0,4
凱基雙和,英業達,5,1,4
凱基雙和,皇昌,5,1,4
凱基雙和,台新金,4,0,4
凱基雙和,中磊,4,0,4
凱基雙和,彩晶,5,1,4
凱基雙和,騰輝電子-KY,4,0,4
凱基雙和,千附精密,4,0,4
凱基雙和,00878國泰永續高股息,12,8,4
凱基雙和,00795B中信美國公債20年,3,0,3
凱基雙和,00937B群益ESG投等債20,7,180,-173
凱基雙和,00632R元大台灣50反1,0,163,-163
凱基雙和,00980B台新特選IG債10+,0,122,-122
凱基雙和,00951台新日本半導體,35,150,-115
凱基雙和,00965元大航太防衛科技,1,70,-69
凱基雙和,台積電,8,62,-54
凱基雙和,00922國泰台灣領袖50,0,31,-31
凱基雙和,00934中信成長高股息,0,31,-31
凱基雙和,新建,3,33,-30
凱基雙和,中鴻,1,30,-29
凱基雙和,漢翔,0,24,-24
凱基雙和,宏達電,13,36,-23
凱基雙和,00946群益科技高息成長,0,21,-21
凱基雙和,00687B國泰20年美債,0,21,-21
凱基雙和,00952凱基台灣AI50,20,40,-20
凱基雙和,國泰金,1,21,-20
凱基雙和,新光金,6,26,-20
凱基雙和,東捷,0,16,-16
凱基雙和,00905FT臺灣Smart,0,15,-15
凱基雙和,00882中信中國高股息,0,15,-15
凱基雙和,詮欣,0,15,-15
凱基雙和,華通,3,16,-13
凱基雙和,00929復華台灣科技優息,1,13,-12
凱基雙和,00938凱基優選30,0,11,-11
凱基雙和,00940元大台灣價值高息,2,13,-11
凱基雙和,凱基金,2,13,-11
凱基雙和,全漢,0,11,-11
凱基雙和,普安,0,11,-11
凱基雙和,00945B凱基美國非投等債,0,10,-10
凱基雙和,憶聲,0,10,-10
凱基雙和,銘異,0,10,-10
凱基雙和,來億-KY,0,10,-10
凱基雙和,玉晶光,0,10,-10
凱基雙和,和大,0,10,-10
凱基雙和,00713元大台灣高息低波,0,10,-10
凱基雙和,聯合再生,0,8,-8
凱基雙和,西勝,3,11,-8
凱基雙和,順達,0,8,-8
凱基雙和,僑威,1,8,-7
凱基雙和,勝德,0,7,-7
凱基雙和,宏齊,5,12,-7
凱基雙和,宏觀,0,7,-7
凱基雙和,元大高股息,10,17,-7
凱基雙和,00894中信小資高價30,0,6,-6
凱基雙和,鼎元,0,6,-6
凱基雙和,光環,0,6,-6
凱基雙和,連展投控,2,8,-6
凱基雙和,台達電,0,6,-6
凱基雙和,萬海,0,5,-5
凱基雙和,富邦金,3,8,-5
聯邦三重,聯電,64,21,43
聯邦三重,00637L元大滬深300正2,25,0,25
聯邦三重,神達,87,63,24
聯邦三重,華星光,22,2,20
聯邦三重,00687B國泰20年美債,12,0,12
聯邦三重,鈊象,11,0,11
聯邦三重,聯鈞,11,0,11
聯邦三重,力積電,21,10,11
聯邦三重,精剛,10,0,10
聯邦三重,中環,10,0,10
聯邦三重,晶技,10,0,10
聯邦三重,穩懋,10,0,10
聯邦三重,光環,10,0,10
聯邦三重,華容,10,0,10
聯邦三重,工信,10,0,10
聯邦三重,立隆電,8,0,8
聯邦三重,00937B群益ESG投等債20,7,0,7
聯邦三重,國泰金,10,3,7
聯邦三重,京元電子,6,0,6
聯邦三重,晶睿,7,1,6
聯邦三重,廣明,6,0,6
聯邦三重,長華*,6,0,6
聯邦三重,廣達,5,0,5
聯邦三重,銘旺科,5,0,5
聯邦三重,星宇航空,12,7,5
聯邦三重,雲品,5,0,5
聯邦三重,緯創,5,0,5
聯邦三重,晟德,5,0,5
聯邦三重,台表科,5,0,5
聯邦三重,安集,5,0,5
聯邦三重,昇陽半導體,5,0,5
聯邦三重,元大高股息,4,0,4
聯邦三重,00757統一FANG+,5,1,4
聯邦三重,00712復華富時不動產,5,1,4
聯邦三重,南亞科,13,9,4
聯邦三重,新盛力,9,5,4
聯邦三重,聯合再生,3,0,3
聯邦三重,巨庭,3,0,3
聯邦三重,僑威,3,0,3
聯邦三重,德晉,3,0,3
聯邦三重,冠軍,3,0,3
聯邦三重,統一,2,0,2
聯邦三重,00929復華台灣科技優息,2,0,2
聯邦三重,00632R元大台灣50反1,2,0,2
聯邦三重,00882中信中國高股息,2,0,2
聯邦三重,所羅門,2,0,2
聯邦三重,佳能,5,3,2
聯邦三重,技嘉,3,1,2
聯邦三重,資通,2,0,2
聯邦三重,博磊,2,0,2
聯邦三重,彰銀,0,270,-270
聯邦三重,富邦金,10,102,-92
聯邦三重,泰金寶-DR,0,90,-90
聯邦三重,華邦電,15,63,-48
聯邦三重,00940元大台灣價值高息,0,45,-45
聯邦三重,宏達電,27,65,-38
聯邦三重,康全電訊,0,21,-21
聯邦三重,陽明,2,19,-17
聯邦三重,志信,0,14,-14
聯邦三重,大同,0,14,-14
聯邦三重,宏致,0,13,-13
聯邦三重,00939統一台灣高息動能,0,10,-10
聯邦三重,00852L國泰美國道瓊正2,0,10,-10
聯邦三重,華新,2,12,-10
聯邦三重,金寶,0,10,-10
聯邦三重,錸德,0,10,-10
聯邦三重,新巨,0,10,-10
聯邦三重,皇普,0,10,-10
聯邦三重,凱基金,0,10,-10
聯邦三重,彬台,0,10,-10
聯邦三重,振發,0,10,-10
聯邦三重,00631L元大台灣50正2,0,6,-6
聯邦三重,00900富邦特選高股息30,0,6,-6
聯邦三重,聯發科,0,6,-6
聯邦三重,聯邦銀,0,6,-6
聯邦三重,台積電,3,8,-5
聯邦三重,鴻海,2,7,-5
聯邦三重,大成鋼,5,10,-5
聯邦三重,聯昌,0,5,-5
聯邦三重,三商壽,0,5,-5
聯邦三重,驊訊,5,10,-5
聯邦三重,雷虎,0,5,-5
聯邦三重,新興,1,5,-4
聯邦三重,和大,0,4,-4
聯邦三重,仁寶,0,4,-4
聯邦三重,友訊,0,4,-4
聯邦三重,長榮航,0,4,-4
聯邦三重,茂迪,0,4,-4
聯邦三重,00918大華優利高填息30,1,5,-4
聯邦三重,00934中信成長高股息,0,3,-3
聯邦三重,永豐餘,0,3,-3
聯邦三重,承啟,0,3,-3
聯邦三重,皇昌,2,5,-3
聯邦三重,神基,0,3,-3
聯邦三重,智原,0,3,-3
聯邦三重,群益證,0,3,-3
聯邦三重,康和證,0,3,-3
聯邦三重,康舒,0,3,-3
聯邦三重,興能高,4,7,-3
聯邦三重,蜜望實,1,4,-3
群益新竹,00673R期元大S＆P原油反1,335,25,310
群益新竹,00665L富邦�琤肭磪囓�2,210,0,210
群益新竹,00680L元大美債20正2,119,0,119
群益新竹,聯電,124,26,98
群益新竹,00937B群益ESG投等債20,87,2,85
群益新竹,00757統一FANG+,79,1,78
群益新竹,00953B群益優選非投等債,73,2,71
群益新竹,第一保,45,0,45
群益新竹,南茂,44,1,43
群益新竹,京元電子,37,2,35
群益新竹,00637L元大滬深300正2,31,0,31
群益新竹,00878國泰永續高股息,50,20,30
群益新竹,威力暘-創,30,0,30
群益新竹,藥華藥,29,1,28
群益新竹,00933B國泰10Y+金融債,26,0,26
群益新竹,00730富邦臺灣優質高息,25,0,25
群益新竹,天擎,23,0,23
群益新竹,00858永豐美國500大,21,0,21
群益新竹,華通,62,41,21
群益新竹,神達,55,34,21
群益新竹,006208富邦台50,21,3,18
群益新竹,00918大華優利高填息30,19,1,18
群益新竹,博磊,20,2,18
群益新竹,元大高股息,18,2,16
群益新竹,00725B國泰投資級公司債,15,0,15
群益新竹,00905FT臺灣Smart,20,6,14
群益新竹,大成鋼,14,2,12
群益新竹,啟��,13,1,12
群益新竹,兆豐金,11,0,11
群益新竹,宏齊,11,0,11
群益新竹,緯創,24,13,11
群益新竹,亞光,17,7,10
群益新竹,聯鈞,52,42,10
群益新竹,00713元大台灣高息低波,10,0,10
群益新竹,佰鴻,10,0,10
群益新竹,宇環,10,0,10
群益新竹,晟田,10,0,10
群益新竹,00675L富邦臺灣加權正2,10,0,10
群益新竹,華航,11,2,9
群益新竹,星宇航空,10,1,9
群益新竹,鳳凰,10,1,9
群益新竹,00882中信中國高股息,7,0,7
群益新竹,00910第一金太空衛星,7,0,7
群益新竹,耀登,7,0,7
群益新竹,大銀微系統,8,1,7
群益新竹,昇陽半導體,8,1,7
群益新竹,點序,7,0,7
群益新竹,00965元大航太防衛科技,6,0,6
群益新竹,華榮,6,0,6
群益新竹,五鼎,6,0,6
群益新竹,力積電,34,564,-530
群益新竹,新光金,0,267,-267
群益新竹,00966B統一ESG投等債15,0,242,-242
群益新竹,00926凱基全球菁英55,0,213,-213
群益新竹,00940元大台灣價值高息,1,124,-123
群益新竹,00924復華S＆P500成長,0,110,-110
群益新竹,泰金寶-DR,10,79,-69
群益新竹,00632R元大台灣50反1,1,65,-64
群益新竹,玉山金,0,51,-51
群益新竹,台半,0,51,-51
群益新竹,群創,0,51,-51
群益新竹,宏達電,64,108,-44
群益新竹,00980B台新特選IG債10+,30,74,-44
群益新竹,00970B新光BBB投等債20,0,42,-42
群益新竹,光罩,0,40,-40
群益新竹,國泰金,10,44,-34
群益新竹,00687B國泰20年美債,6,40,-34
群益新竹,00929復華台灣科技優息,0,33,-33
群益新竹,台灣虎航,0,31,-31
群益新竹,00952凱基台灣AI50,0,30,-30
群益新竹,光鋐,0,30,-30
群益新竹,富喬,10,37,-27
群益新竹,雷虎,0,26,-26
群益新竹,宏致,8,33,-25
群益新竹,台虹,0,25,-25
群益新竹,00949復華日本龍頭,0,20,-20
群益新竹,立隆電,17,36,-19
群益新竹,訊映,0,18,-18
群益新竹,00923群益台ESG低碳50,1,19,-18
群益新竹,鈺齊-KY,0,16,-16
群益新竹,00922國泰台灣領袖50,0,12,-12
群益新竹,凱基金,0,12,-12
群益新竹,環宇-KY,24,36,-12
群益新竹,台泥,0,11,-11
群益新竹,富邦金,0,10,-10
群益新竹,亞泥,0,10,-10
群益新竹,元創精密,0,10,-10
群益新竹,訊連,0,10,-10
群益新竹,新盛力,61,71,-10
群益新竹,佳能,7,16,-9
群益新竹,中興電,1,10,-9
群益新竹,中華電,0,9,-9
群益新竹,遠雄,1,10,-9
群益新竹,安格,0,9,-9
群益新竹,眾達-KY,19,27,-8
群益新竹,廣宇,1,9,-8
群益新竹,事欣科,4,12,-8
群益新竹,乙盛-KY,0,8,-8
群益新竹,中信金,0,8,-8
群益新竹,奇鋐,10,18,-8
玉山城中,00937B群益ESG投等債20,724,16,708
玉山城中,00712復華富時不動產,400,0,400
玉山城中,玉山金,216,94,122
玉山城中,國際中橡,120,0,120
玉山城中,聯電,134,23,111
玉山城中,00965元大航太防衛科技,111,0,111
玉山城中,佳世達,105,2,103
玉山城中,台橡,85,0,85
玉山城中,00671R富邦NASDAQ反1,80,0,80
玉山城中,00687B國泰20年美債,57,1,56
玉山城中,00919群益台灣精選高息,77,25,52
玉山城中,00637L元大滬深300正2,102,51,51
玉山城中,00940元大台灣價值高息,47,1,46
玉山城中,00676R富邦臺灣加權反1,30,0,30
玉山城中,天品,25,0,25
玉山城中,00882中信中國高股息,33,13,20
玉山城中,00679B元大美債20年,20,0,20
玉山城中,大江,20,0,20
玉山城中,上曜,20,0,20
玉山城中,00852L國泰美國道瓊正2,17,0,17
玉山城中,力成,26,10,16
玉山城中,力積電,51,35,16
玉山城中,台新金,15,0,15
玉山城中,輔信,15,0,15
玉山城中,00633L富邦上証正2,21,6,15
玉山城中,00650L復華香港正2,14,0,14
玉山城中,00665L富邦�琤肭磪囓�2,23,10,13
玉山城中,欣興,16,4,12
玉山城中,00753L中信中國50正2,12,0,12
玉山城中,00830國泰費城半導體,11,0,11
玉山城中,00668國泰美國道瓊,11,0,11
玉山城中,僑威,14,3,11
玉山城中,統一,11,0,11
玉山城中,00955中信日本商社,10,0,10
玉山城中,如興,10,0,10
玉山城中,台榮,10,0,10
玉山城中,聯穎,10,0,10
玉山城中,聯嘉,10,0,10
玉山城中,新建,10,0,10
玉山城中,00680L元大美債20正2,10,0,10
玉山城中,恩德,10,0,10
玉山城中,00688L國泰20年美債正2,10,0,10
玉山城中,嘉泥,10,0,10
玉山城中,漢唐,10,0,10
玉山城中,00926凱基全球菁英55,9,0,9
玉山城中,亞光,28,19,9
玉山城中,00945B凱基美國非投等債,19,10,9
玉山城中,英濟,98,89,9
玉山城中,006205富邦上証,9,0,9
玉山城中,元大台灣50,21,12,9
玉山城中,00942B台新美A公司債20+,0,400,-400
玉山城中,00918大華優利高填息30,15,240,-225
玉山城中,日月光投控,3,137,-134
玉山城中,神達,59,155,-96
玉山城中,正崴,0,80,-80
玉山城中,愛之味,0,80,-80
玉山城中,年興,0,77,-77
玉山城中,金寶,9,75,-66
玉山城中,00929復華台灣科技優息,0,64,-64
玉山城中,00922國泰台灣領袖50,0,44,-44
玉山城中,欣銓,0,43,-43
玉山城中,富喬,14,56,-42
玉山城中,中信金,3,44,-41
玉山城中,順達,28,68,-40
玉山城中,富邦金,6,43,-37
玉山城中,台積電,12,49,-37
玉山城中,三顧,0,35,-35
玉山城中,彰銀,1,31,-30
玉山城中,六角,0,29,-29
玉山城中,華航,2,31,-29
玉山城中,00949復華日本龍頭,5,32,-27
玉山城中,中美實,0,25,-25
玉山城中,廣達,5,29,-24
玉山城中,00692富邦公司治理,1,24,-23
玉山城中,迅得,2,23,-21
玉山城中,佳凌,0,21,-21
玉山城中,泰金寶-DR,22,43,-21
玉山城中,燿華,11,32,-21
玉山城中,群創,0,21,-21
玉山城中,00877復華中國5G,0,20,-20
玉山城中,永豐金,0,20,-20
玉山城中,伊雲谷,0,19,-19
玉山城中,晟田,0,19,-19
玉山城中,006208富邦台50,6,25,-19
玉山城中,鴻海,18,37,-19
玉山城中,台達化,0,18,-18
玉山城中,華南金,1,19,-18
玉山城中,凱基金,1,18,-17
玉山城中,臺鹽,0,15,-15
玉山城中,連展投控,16,31,-15
玉山城中,華星光,28,42,-14
玉山城中,亞翔,4,18,-14
玉山城中,新光金,1,15,-14
玉山城中,00715L期街口布蘭特正2,1,15,-14
玉山城中,長榮,1,14,-13
玉山城中,台達電,2,15,-13
玉山城中,康霈*,1,13,-12
玉山城中,新日興,9,21,-12
玉山城中,揚博,0,12,-12
玉山城中,宏致,3,14,-11
永豐桃盛,00953B群益優選非投等債,358,2,356
永豐桃盛,新光金,343,2,341
永豐桃盛,聯電,162,28,134
永豐桃盛,臺企銀,80,0,80
永豐桃盛,富采,52,1,51
永豐桃盛,00919群益台灣精選高息,49,5,44
永豐桃盛,00687B國泰20年美債,41,0,41
永豐桃盛,00878國泰永續高股息,47,8,39
永豐桃盛,元大高股息,54,19,35
永豐桃盛,三商壽,32,0,32
永豐桃盛,00635U期元大S＆P黃金,30,0,30
永豐桃盛,亞光,29,2,27
永豐桃盛,00665L富邦�琤肭磪囓�2,30,5,25
永豐桃盛,00676R富邦臺灣加權反1,20,0,20
永豐桃盛,2888B新光金乙特,20,0,20
永豐桃盛,瀚荃,20,0,20
永豐桃盛,宏��,20,0,20
永豐桃盛,台泥,20,0,20
永豐桃盛,國邑*,19,0,19
永豐桃盛,達邁,24,6,18
永豐桃盛,合庫金,18,1,17
永豐桃盛,00637L元大滬深300正2,24,7,17
永豐桃盛,環宇-KY,22,5,17
永豐桃盛,新盛力,195,179,16
永豐桃盛,耿鼎,12,0,12
永豐桃盛,00633L富邦上証正2,23,12,11
永豐桃盛,00882中信中國高股息,10,0,10
永豐桃盛,00688L國泰20年美債正2,10,0,10
永豐桃盛,00948B中信優息投資級債,10,0,10
永豐桃盛,00970B新光BBB投等債20,10,0,10
永豐桃盛,達欣工,10,0,10
永豐桃盛,欣興,10,1,9
永豐桃盛,00650L復華香港正2,9,0,9
永豐桃盛,00927群益半導體收益,9,0,9
永豐桃盛,昆盈,8,0,8
永豐桃盛,港建*,8,0,8
永豐桃盛,信立,10,2,8
永豐桃盛,元大金,8,0,8
永豐桃盛,00712復華富時不動產,7,0,7
永豐桃盛,中信金,8,1,7
永豐桃盛,富邦金,7,0,7
永豐桃盛,泰金寶-DR,10,3,7
永豐桃盛,00909國泰數位支付服務,7,0,7
永豐桃盛,英業達,7,1,6
永豐桃盛,00664R國泰臺灣加權反1,6,0,6
永豐桃盛,00751B元大AAA至A公司債,6,0,6
永豐桃盛,00945B凱基美國非投等債,6,0,6
永豐桃盛,00753L中信中國50正2,5,0,5
永豐桃盛,零壹,10,5,5
永豐桃盛,廣運,5,0,5
永豐桃盛,00929復華台灣科技優息,0,113,-113
永豐桃盛,00725B國泰投資級公司債,3,100,-97
永豐桃盛,00937B群益ESG投等債20,16,100,-84
永豐桃盛,00720B元大投資級公司債,0,69,-69
永豐桃盛,00965元大航太防衛科技,0,60,-60
永豐桃盛,00971野村美國研發龍頭,0,52,-52
永豐桃盛,英濟,23,57,-34
永豐桃盛,朋億*,1,33,-32
永豐桃盛,中鋼,5,37,-32
永豐桃盛,00730富邦臺灣優質高息,0,30,-30
永豐桃盛,00938凱基優選30,0,30,-30
永豐桃盛,亞翔,0,27,-27
永豐桃盛,凱基金,0,23,-23
永豐桃盛,南茂,0,21,-21
永豐桃盛,00952凱基台灣AI50,0,20,-20
永豐桃盛,力積電,28,48,-20
永豐桃盛,00646元大S＆P500,1,19,-18
永豐桃盛,台灣虎航,1,18,-17
永豐桃盛,新日興,8,23,-15
永豐桃盛,宏致,11,26,-15
永豐桃盛,00949復華日本龍頭,0,15,-15
永豐桃盛,連展投控,0,15,-15
永豐桃盛,華航,1,15,-14
永豐桃盛,精成科,6,20,-14
永豐桃盛,臺慶科,0,13,-13
永豐桃盛,00922國泰台灣領袖50,0,12,-12
永豐桃盛,00715L期街口布蘭特正2,1,13,-12
永豐桃盛,00894中信小資高價30,0,12,-12
永豐桃盛,友達,2,14,-12
永豐桃盛,00923群益台ESG低碳50,0,12,-12
永豐桃盛,00675L富邦臺灣加權正2,4,15,-11
永豐桃盛,協易機,0,11,-11
永豐桃盛,宏達電,32,43,-11
永豐桃盛,華城,4,14,-10
永豐桃盛,台灣高鐵,0,10,-10
永豐桃盛,寒舍,0,10,-10
永豐桃盛,智擎,0,10,-10
永豐桃盛,台通,0,10,-10
永豐桃盛,中興電,3,12,-9
永豐桃盛,友訊,1,10,-9
永豐桃盛,元大台灣50,1,10,-9
永豐桃盛,神達,135,143,-8
永豐桃盛,00877復華中國5G,2,10,-8
永豐桃盛,永豐餘,0,8,-8
永豐桃盛,欣銓,4,12,-8
永豐桃盛,國泰金,0,7,-7
永豐桃盛,00940元大台灣價值高息,0,7,-7
永豐桃盛,樺晟,0,7,-7
永豐桃盛,日月光投控,0,7,-7
永豐桃盛,GIS-KY,0,7,-7
群益大甲,泰金寶-DR,413,36,377
群益大甲,凱基金,389,19,370
群益大甲,00665L富邦�琤肭磪囓�2,235,0,235
群益大甲,聯電,247,62,185
群益大甲,00637L元大滬深300正2,169,4,165
群益大甲,台泥,154,0,154
群益大甲,群創,118,2,116
群益大甲,00953B群益優選非投等債,119,12,107
群益大甲,00937B群益ESG投等債20,66,0,66
群益大甲,新盛力,95,31,64
群益大甲,00910第一金太空衛星,61,0,61
群益大甲,台榮,52,0,52
群益大甲,00680L元大美債20正2,50,3,47
群益大甲,欣興,37,6,31
群益大甲,威盛,32,2,30
群益大甲,元大高股息,32,2,30
群益大甲,華邦電,33,5,28
群益大甲,00878國泰永續高股息,40,18,22
群益大甲,00919群益台灣精選高息,23,1,22
群益大甲,00858永豐美國500大,22,0,22
群益大甲,新興,20,0,20
群益大甲,英濟,38,20,18
群益大甲,00948B中信優息投資級債,18,0,18
群益大甲,南茂,19,4,15
群益大甲,東陽,12,0,12
群益大甲,富喬,20,8,12
群益大甲,海華,27,16,11
群益大甲,00915凱基優選高股息30,11,0,11
群益大甲,創惟,33,22,11
群益大甲,英業達,12,2,10
群益大甲,00687B國泰20年美債,10,0,10
群益大甲,00795B中信美國公債20年,10,0,10
群益大甲,正隆,11,1,10
群益大甲,三商壽,9,0,9
群益大甲,錸德,9,0,9
群益大甲,千興,11,2,9
群益大甲,00632R元大台灣50反1,10,1,9
群益大甲,廣宇,10,1,9
群益大甲,兆豐金,8,0,8
群益大甲,康全電訊,8,0,8
群益大甲,訊達,10,2,8
群益大甲,華容,23,15,8
群益大甲,金山電,8,0,8
群益大甲,00918大華優利高填息30,12,5,7
群益大甲,宏��,7,0,7
群益大甲,宏齊,9,2,7
群益大甲,慧洋-KY,8,2,6
群益大甲,加百裕,37,31,6
群益大甲,新漢,9,3,6
群益大甲,時碩工業,6,1,5
群益大甲,00940元大台灣價值高息,0,315,-315
群益大甲,力積電,40,131,-91
群益大甲,00673R期元大S＆P原油反1,28,85,-57
群益大甲,迅得,16,67,-51
群益大甲,華夏,0,49,-49
群益大甲,00706L期元大S＆P日圓正2,5,50,-45
群益大甲,鴻海,25,64,-39
群益大甲,群益證,8,45,-37
群益大甲,精金,4,40,-36
群益大甲,00980B台新特選IG債10+,0,33,-33
群益大甲,力麒,0,31,-31
群益大甲,大同,1,30,-29
群益大甲,欣銓,3,29,-26
群益大甲,金寶,0,26,-26
群益大甲,華航,0,25,-25
群益大甲,連展投控,11,35,-24
群益大甲,南電,0,23,-23
群益大甲,穎漢,1,22,-21
群益大甲,永彰,0,20,-20
群益大甲,光環,1,21,-20
群益大甲,00929復華台灣科技優息,5,25,-20
群益大甲,陽明,1,20,-19
群益大甲,康和證,0,17,-17
群益大甲,國光生,0,17,-17
群益大甲,長榮航,0,16,-16
群益大甲,00936台新永續高息中小,0,16,-16
群益大甲,新光金,11,27,-16
群益大甲,立隆電,4,19,-15
群益大甲,宏達電,58,72,-14
群益大甲,中興電,0,13,-13
群益大甲,00676R富邦臺灣加權反1,0,13,-13
群益大甲,全球傳動,1,13,-12
群益大甲,長榮航太,0,11,-11
群益大甲,聯合再生,5,16,-11
群益大甲,基泰,1,11,-10
群益大甲,彰銀,0,10,-10
群益大甲,萬泰科,1,11,-10
群益大甲,富華新,0,10,-10
群益大甲,中工,0,10,-10
群益大甲,和大,0,10,-10
群益大甲,鴻華先進-創,0,10,-10
群益大甲,能率網通,3,13,-10
群益大甲,鴻準,6,16,-10
群益大甲,富邦金,2,11,-9
群益大甲,台達電,4,13,-9
群益大甲,華星光,26,35,-9
群益大甲,00939統一台灣高息動能,0,9,-9
群益大甲,擎亞,14,23,-9
群益大甲,00712復華富時不動產,0,9,-9
群益大甲,廣達,2,11,-9
凱基市府,00960野村全球航運龍頭,63,0,63
凱基市府,00937B群益ESG投等債20,55,0,55
凱基市府,聯電,49,2,47
凱基市府,富邦金,52,10,42
凱基市府,士電,40,4,36
凱基市府,00637L元大滬深300正2,29,0,29
凱基市府,兆豐金,20,0,20
凱基市府,台化,19,1,18
凱基市府,時碩工業,20,2,18
凱基市府,00665L富邦�琤肭磪囓�2,16,0,16
凱基市府,大同,40,25,15
凱基市府,元大高股息,17,2,15
凱基市府,精剛,15,0,15
凱基市府,英業達,14,0,14
凱基市府,台塑化,15,2,13
凱基市府,新華,13,0,13
凱基市府,立端,13,0,13
凱基市府,宏達電,53,40,13
凱基市府,亞光,14,3,11
凱基市府,00680L元大美債20正2,15,5,10
凱基市府,和康生,10,0,10
凱基市府,臺企銀,10,0,10
凱基市府,憶聲,10,0,10
凱基市府,新應材,10,0,10
凱基市府,至上,10,0,10
凱基市府,國票金,10,1,9
凱基市府,00865B國泰US短期公債,8,0,8
凱基市府,華邦電,8,0,8
凱基市府,00753L中信中國50正2,7,0,7
凱基市府,00915凱基優選高股息30,7,0,7
凱基市府,00926凱基全球菁英55,7,0,7
凱基市府,富喬,11,4,7
凱基市府,立��,15,8,7
凱基市府,台泥,19,12,7
凱基市府,中光電,6,0,6
凱基市府,00909國泰數位支付服務,6,0,6
凱基市府,00655L國泰中國A50正2,6,0,6
凱基市府,統一,6,0,6
凱基市府,全新,8,2,6
凱基市府,瑞鼎,6,0,6
凱基市府,台灣虎航,11,5,6
凱基市府,精材,7,1,6
凱基市府,矽統,10,5,5
凱基市府,能率,28,23,5
凱基市府,慧友,5,0,5
凱基市府,長虹,5,0,5
凱基市府,聯茂,5,0,5
凱基市府,力成,5,0,5
凱基市府,盟立,5,0,5
凱基市府,聯鈞,7,3,4
凱基市府,力積電,1,1951,-1950
凱基市府,00980B台新特選IG債10+,35,415,-380
凱基市府,00938凱基優選30,3,312,-309
凱基市府,一詮,0,150,-150
凱基市府,00949復華日本龍頭,0,116,-116
凱基市府,00725B國泰投資級公司債,3,110,-107
凱基市府,IET-KY,0,82,-82
凱基市府,00965元大航太防衛科技,0,77,-77
凱基市府,欣銓,2,74,-72
凱基市府,00950B凱基A級公司債,0,50,-50
凱基市府,00930永豐ESG低碳高息,0,45,-45
凱基市府,中信金,8,51,-43
凱基市府,東台,0,40,-40
凱基市府,寶成,0,34,-34
凱基市府,00891中信關鍵半導體,0,31,-31
凱基市府,安集,0,30,-30
凱基市府,智邦,8,33,-25
凱基市府,國泰金,1,26,-25
凱基市府,00929復華台灣科技優息,0,23,-23
凱基市府,00919群益台灣精選高息,3,24,-21
凱基市府,00687B國泰20年美債,3,23,-20
凱基市府,00752中信中國50,1,21,-20
凱基市府,遠東銀,0,20,-20
凱基市府,陽明,6,26,-20
凱基市府,友訊,3,22,-19
凱基市府,長榮航,10,29,-19
凱基市府,00952凱基台灣AI50,1,19,-18
凱基市府,萬泰科,0,18,-18
凱基市府,00646元大S＆P500,1,19,-18
凱基市府,可寧衛,0,17,-17
凱基市府,富采,28,44,-16
凱基市府,創惟,1,17,-16
凱基市府,富世達,5,21,-16
凱基市府,裕民,1,16,-15
凱基市府,台積電,5,20,-15
凱基市府,騰輝電子-KY,0,13,-13
凱基市府,京城銀,0,12,-12
凱基市府,凱基金,1,13,-12
凱基市府,神達,19,31,-12
凱基市府,名軒,1,12,-11
凱基市府,00951台新日本半導體,0,10,-10
凱基市府,禾瑞亞,0,10,-10
凱基市府,立敦,9,19,-10
凱基市府,瀚荃,0,10,-10
凱基市府,興能高,8,17,-9
凱基市府,大亞,0,9,-9
凱基市府,智易,0,9,-9
凱基市府,高鋒,0,9,-9
凱基市府,南亞,0,8,-8
凱基市府,愛山林,0,8,-8
(牛牛牛)亞-鑫豐,00753L中信中國50正2,496,72,424
(牛牛牛)亞-鑫豐,00673R期元大S＆P原油反1,410,15,395
(牛牛牛)亞-鑫豐,聯電,234,22,212
(牛牛牛)亞-鑫豐,00637L元大滬深300正2,431,228,203
(牛牛牛)亞-鑫豐,00918大華優利高填息30,188,2,186
(牛牛牛)亞-鑫豐,00937B群益ESG投等債20,253,134,119
(牛牛牛)亞-鑫豐,立敦,162,46,116
(牛牛牛)亞-鑫豐,00945B凱基美國非投等債,134,32,102
(牛牛牛)亞-鑫豐,遠百,97,0,97
(牛牛牛)亞-鑫豐,長科*,89,0,89
(牛牛牛)亞-鑫豐,00712復華富時不動產,97,18,79
(牛牛牛)亞-鑫豐,00664R國泰臺灣加權反1,76,0,76
(牛牛牛)亞-鑫豐,中鋼,97,21,76
(牛牛牛)亞-鑫豐,00665L富邦�琤肭磪囓�2,78,8,70
(牛牛牛)亞-鑫豐,00650L復華香港正2,71,5,66
(牛牛牛)亞-鑫豐,台達電,62,1,61
(牛牛牛)亞-鑫豐,彩晶,63,5,58
(牛牛牛)亞-鑫豐,光洋科,57,0,57
(牛牛牛)亞-鑫豐,上銀,75,18,57
(牛牛牛)亞-鑫豐,神達,150,93,57
(牛牛牛)亞-鑫豐,順達,70,21,49
(牛牛牛)亞-鑫豐,台塑,53,5,48
(牛牛牛)亞-鑫豐,00706L期元大S＆P日圓正2,44,0,44
(牛牛牛)亞-鑫豐,元大寶滬深,40,0,40
(牛牛牛)亞-鑫豐,00671R富邦NASDAQ反1,34,0,34
(牛牛牛)亞-鑫豐,00968B元大優息投等債,34,0,34
(牛牛牛)亞-鑫豐,00688L國泰20年美債正2,45,13,32
(牛牛牛)亞-鑫豐,海光,29,0,29
(牛牛牛)亞-鑫豐,良維,32,4,28
(牛牛牛)亞-鑫豐,旭暉應材,28,0,28
(牛牛牛)亞-鑫豐,00858永豐美國500大,28,0,28
(牛牛牛)亞-鑫豐,緯創,45,17,28
(牛牛牛)亞-鑫豐,高雄銀,32,5,27
(牛牛牛)亞-鑫豐,加百裕,39,13,26
(牛牛牛)亞-鑫豐,富邦科技,25,1,24
(牛牛牛)亞-鑫豐,宏��,25,1,24
(牛牛牛)亞-鑫豐,欣興,57,33,24
(牛牛牛)亞-鑫豐,得力,23,0,23
(牛牛牛)亞-鑫豐,健喬,24,2,22
(牛牛牛)亞-鑫豐,00887永豐中國科技50大,94,72,22
(牛牛牛)亞-鑫豐,第一金,26,4,22
(牛牛牛)亞-鑫豐,達邁,38,17,21
(牛牛牛)亞-鑫豐,和成,20,0,20
(牛牛牛)亞-鑫豐,00795B中信美國公債20年,21,1,20
(牛牛牛)亞-鑫豐,00969B元大零息超長美債,19,0,19
(牛牛牛)亞-鑫豐,永豐金,29,11,18
(牛牛牛)亞-鑫豐,澤米,18,0,18
(牛牛牛)亞-鑫豐,聯陽,18,0,18
(牛牛牛)亞-鑫豐,漢平,18,0,18
(牛牛牛)亞-鑫豐,彰源,17,0,17
(牛牛牛)亞-鑫豐,00882中信中國高股息,63,410,-347
(牛牛牛)亞-鑫豐,元大高股息,24,325,-301
(牛牛牛)亞-鑫豐,長榮航,56,209,-153
(牛牛牛)亞-鑫豐,00922國泰台灣領袖50,3,149,-146
(牛牛牛)亞-鑫豐,00948B中信優息投資級債,6,143,-137
(牛牛牛)亞-鑫豐,彰銀,16,144,-128
(牛牛牛)亞-鑫豐,眾達-KY,17,144,-127
(牛牛牛)亞-鑫豐,00680L元大美債20正2,77,200,-123
(牛牛牛)亞-鑫豐,00934中信成長高股息,1,120,-119
(牛牛牛)亞-鑫豐,00715L期街口布蘭特正2,18,113,-95
(牛牛牛)亞-鑫豐,00687B國泰20年美債,69,158,-89
(牛牛牛)亞-鑫豐,00655L國泰中國A50正2,12,95,-83
(牛牛牛)亞-鑫豐,00675L富邦臺灣加權正2,13,86,-73
(牛牛牛)亞-鑫豐,全球傳動,1,72,-71
(牛牛牛)亞-鑫豐,00924復華S＆P500成長,3,74,-71
(牛牛牛)亞-鑫豐,國泰金,7,76,-69
(牛牛牛)亞-鑫豐,玉山金,1,65,-64
(牛牛牛)亞-鑫豐,凌巨,5,68,-63
(牛牛牛)亞-鑫豐,中石化,5,64,-59
(牛牛牛)亞-鑫豐,00864B中信美國公債0-1,0,55,-55
(牛牛牛)亞-鑫豐,華星光,16,70,-54
(牛牛牛)亞-鑫豐,北基,0,50,-50
(牛牛牛)亞-鑫豐,富邦金,4,52,-48
(牛牛牛)亞-鑫豐,長榮,6,50,-44
(牛牛牛)亞-鑫豐,陽明,2,46,-44
(牛牛牛)亞-鑫豐,力積電,56,96,-40
(牛牛牛)亞-鑫豐,三商壽,8,48,-40
(牛牛牛)亞-鑫豐,精成科,55,95,-40
(牛牛牛)亞-鑫豐,00878國泰永續高股息,12,51,-39
(牛牛牛)亞-鑫豐,台聚,2,37,-35
(牛牛牛)亞-鑫豐,福懋科,0,33,-33
(牛牛牛)亞-鑫豐,盛群,0,32,-32
(牛牛牛)亞-鑫豐,友達,19,49,-30
(牛牛牛)亞-鑫豐,合機,4,34,-30
(牛牛牛)亞-鑫豐,006208富邦台50,21,51,-30
(牛牛牛)亞-鑫豐,亞崴,0,28,-28
(牛牛牛)亞-鑫豐,南茂,49,76,-27
(牛牛牛)亞-鑫豐,中華,13,40,-27
(牛牛牛)亞-鑫豐,宏達電,50,76,-26
(牛牛牛)亞-鑫豐,00895富邦未來車,2,26,-24
(牛牛牛)亞-鑫豐,國巨,1,25,-24
(牛牛牛)亞-鑫豐,和碩,0,23,-23
(牛牛牛)亞-鑫豐,炎洲,0,22,-22
(牛牛牛)亞-鑫豐,萬海,0,22,-22
(牛牛牛)亞-鑫豐,麗正,0,22,-22
(牛牛牛)亞-鑫豐,神基,2,23,-21
(牛牛牛)亞-鑫豐,友訊,1,22,-21
(牛牛牛)亞-鑫豐,00852L國泰美國道瓊正2,0,21,-21
(牛牛牛)亞-鑫豐,矽統,0,21,-21
(牛牛牛)亞-鑫豐,精剛,0,20,-20
國泰館前,00959B大華投等美債15Y+,320,60,260
國泰館前,00891中信關鍵半導體,268,21,247
國泰館前,00878國泰永續高股息,388,206,182
國泰館前,聯電,437,269,168
國泰館前,元大高股息,192,54,138
國泰館前,台達化,104,0,104
國泰館前,00968B元大優息投等債,103,0,103
國泰館前,00882中信中國高股息,113,19,94
國泰館前,緯創,141,47,94
國泰館前,00706L期元大S＆P日圓正2,99,6,93
國泰館前,00638R元大滬深300反1,104,12,92
國泰館前,新美齊,81,0,81
國泰館前,00858永豐美國500大,72,0,72
國泰館前,兆豐金,76,4,72
國泰館前,00751B元大AAA至A公司債,66,13,53
國泰館前,興能高,268,218,50
國泰館前,00945B凱基美國非投等債,45,0,45
國泰館前,英業達,77,33,44
國泰館前,00881國泰台灣5G+,56,12,44
國泰館前,力成,41,2,39
國泰館前,立��,66,27,39
國泰館前,00919群益台灣精選高息,133,95,38
國泰館前,永信建,38,0,38
國泰館前,彰銀,45,7,38
國泰館前,慧洋-KY,40,4,36
國泰館前,立敦,77,42,35
國泰館前,鴻海,103,69,34
國泰館前,00712復華富時不動產,34,0,34
國泰館前,00752中信中國50,32,1,31
國泰館前,亞光,67,37,30
國泰館前,00679B元大美債20年,51,23,28
國泰館前,00719B元大美債1-3,28,1,27
國泰館前,朋億*,30,5,25
國泰館前,欣興,47,23,24
國泰館前,廣達,42,19,23
國泰館前,00676R富邦臺灣加權反1,23,0,23
國泰館前,中租-KY,28,5,23
國泰館前,大成鋼,44,22,22
國泰館前,00646元大S＆P500,28,7,21
國泰館前,德昌,19,0,19
國泰館前,00633L富邦上証正2,421,402,19
國泰館前,00720B元大投資級公司債,57,39,18
國泰館前,ITH-KY,20,3,17
國泰館前,康舒,17,0,17
國泰館前,玉山金,38,22,16
國泰館前,艾訊,19,3,16
國泰館前,00924復華S＆P500成長,31,15,16
國泰館前,廣運,26,10,16
國泰館前,00636國泰中國A50,17,2,15
國泰館前,友訊,25,10,15
國泰館前,00948B中信優息投資級債,2,390,-388
國泰館前,00929復華台灣科技優息,24,301,-277
國泰館前,國泰金,8,279,-271
國泰館前,00954中信日本半導體,0,212,-212
國泰館前,00940元大台灣價值高息,67,272,-205
國泰館前,華航,9,182,-173
國泰館前,創惟,30,201,-171
國泰館前,群創,34,197,-163
國泰館前,基泰,30,148,-118
國泰館前,中信金,40,145,-105
國泰館前,00933B國泰10Y+金融債,4,109,-105
國泰館前,旺宏,2,106,-104
國泰館前,凱基金,19,106,-87
國泰館前,00941中信上游半導體,0,85,-85
國泰館前,泰金寶-DR,55,139,-84
國泰館前,神達,392,472,-80
國泰館前,00637L元大滬深300正2,586,665,-79
國泰館前,鴻準,4,76,-72
國泰館前,00675L富邦臺灣加權正2,5,73,-68
國泰館前,長榮航,26,93,-67
國泰館前,富邦金,26,92,-66
國泰館前,映泰,1,65,-64
國泰館前,00650L復華香港正2,2,64,-62
國泰館前,元大台灣50,13,71,-58
國泰館前,00887永豐中國科技50大,16,70,-54
國泰館前,00937B群益ESG投等債20,203,254,-51
國泰館前,力積電,78,127,-49
國泰館前,欣銓,37,85,-48
國泰館前,00932兆豐永續高息等權,1,49,-48
國泰館前,00757統一FANG+,33,78,-45
國泰館前,新光金,3,47,-44
國泰館前,宏致,12,55,-43
國泰館前,新日興,58,100,-42
國泰館前,00915凱基優選高股息30,20,59,-39
國泰館前,瀚宇博,0,36,-36
國泰館前,台達電,6,40,-34
國泰館前,00708L期元大S＆P黃金正2,0,34,-34
國泰館前,立德,6,39,-33
國泰館前,台灣虎航,6,40,-34
國泰館前,仁寶,2,35,-33
國泰館前,00753L中信中國50正2,17,48,-31
國泰館前,精成科,35,65,-30
國泰館前,茂迪,0,30,-30
國泰館前,冠德,1,30,-29
國泰館前,全福生技,0,29,-29
國泰館前,00923群益台ESG低碳50,9,37,-28
國泰館前,亞翔,10,38,-28
國泰館前,台積電,48,76,-28
國泰館前,波若威,141,168,-27
國泰館前,00724B群益投資級金融債,1,27,-26
華南東勢,英業達,106,5,101
華南東勢,聯電,90,11,79
華南東勢,一詮,52,0,52
華南東勢,00878國泰永續高股息,47,3,44
華南東勢,澤米,34,0,34
華南東勢,陽明,38,6,32
華南東勢,00885富邦越南,25,0,25
華南東勢,台玻,18,0,18
華南東勢,00882中信中國高股息,11,0,11
華南東勢,00665L富邦�琤肭磪囓�2,20,9,11
華南東勢,鴻準,11,0,11
華南東勢,海華,12,1,11
華南東勢,泰金寶-DR,11,0,11
華南東勢,00945B凱基美國非投等債,10,0,10
華南東勢,00953B群益優選非投等債,10,0,10
華南東勢,國喬,10,0,10
華南東勢,台化,10,0,10
華南東勢,瑞軒,10,0,10
華南東勢,農林,10,0,10
華南東勢,華容,10,0,10
華南東勢,立敦,10,1,9
華南東勢,立��,20,12,8
華南東勢,00918大華優利高填息30,7,0,7
華南東勢,台泥,7,0,7
華南東勢,緯創,7,0,7
華南東勢,亞光,9,3,6
華南東勢,00935野村臺灣新科技50,5,0,5
華南東勢,廣宇,7,2,5
華南東勢,錸德,5,0,5
華南東勢,昆盈,6,1,5
華南東勢,長榮航,6,1,5
華南東勢,漢翔,5,0,5
華南東勢,家登,5,0,5
華南東勢,萬海,5,0,5
華南東勢,元大高股息,5,1,4
華南東勢,佰鴻,4,0,4
華南東勢,建漢,4,0,4
華南東勢,僑威,9,5,4
華南東勢,日月光投控,6,2,4
華南東勢,力成,4,0,4
華南東勢,00960野村全球航運龍頭,3,0,3
華南東勢,輔信,3,0,3
華南東勢,華新科,3,0,3
華南東勢,富野,3,0,3
華南東勢,博磊,3,0,3
華南東勢,和椿,4,1,3
華南東勢,菱光,4,1,3
華南東勢,合庫金,3,0,3
華南東勢,矽統,2,0,2
華南東勢,玉晶光,2,0,2
華南東勢,凌巨,0,370,-370
華南東勢,00940元大台灣價值高息,5,114,-109
華南東勢,00751B元大AAA至A公司債,0,59,-59
華南東勢,大同,0,30,-30
華南東勢,00937B群益ESG投等債20,1,30,-29
華南東勢,00632R元大台灣50反1,6,30,-24
華南東勢,神達,63,80,-17
華南東勢,00905FT臺灣Smart,1,17,-16
華南東勢,臺企銀,0,16,-16
華南東勢,台灣虎航,0,12,-12
華南東勢,00932兆豐永續高息等權,0,11,-11
華南東勢,華星光,2,12,-10
華南東勢,00959B大華投等美債15Y+,0,10,-10
華南東勢,南亞科,1,11,-10
華南東勢,宏達電,64,74,-10
華南東勢,頎邦,0,10,-10
華南東勢,力積電,0,10,-10
華南東勢,福貞-KY,0,10,-10
華南東勢,宏致,3,12,-9
華南東勢,冠軍,0,8,-8
華南東勢,和碩,0,8,-8
華南東勢,精成科,3,11,-8
華南東勢,00712復華富時不動產,2,10,-8
華南東勢,00923群益台ESG低碳50,11,18,-7
華南東勢,00708L期元大S＆P黃金正2,0,7,-7
華南東勢,台中銀,0,7,-7
華南東勢,新鉅科,0,7,-7
華南東勢,富邦金,0,6,-6
華南東勢,華晶科,5,11,-6
華南東勢,康控-KY,0,6,-6
華南東勢,太欣,0,6,-6
華南東勢,00673R期元大S＆P原油反1,0,5,-5
華南東勢,台塑,1,6,-5
華南東勢,智邦,0,5,-5
華南東勢,亞翔,0,5,-5
華南東勢,驊訊,2,7,-5
華南東勢,鴻海,4,9,-5
華南東勢,華城,2,6,-4
華南東勢,光環,2,6,-4
華南東勢,00830國泰費城半導體,1,4,-3
華南東勢,00929復華台灣科技優息,0,3,-3
華南東勢,光寶科,0,3,-3
華南東勢,華邦電,0,3,-3
華南東勢,華航,0,3,-3
華南東勢,華南金,0,3,-3
華南東勢,今皓,0,3,-3
華南東勢,鈺德,88,91,-3
華南東勢,波若威,8,11,-3
華南東勢,臺慶科,0,3,-3
華南東勢,群創,1,4,-3
兆豐彰化,00637L元大滬深300正2,119,38,81
兆豐彰化,三商壽,40,0,40
兆豐彰化,彬台,27,1,26
兆豐彰化,昇陽半導體,27,7,20
兆豐彰化,冠軍,20,0,20
兆豐彰化,中石化,15,2,13
兆豐彰化,台積電,18,8,10
兆豐彰化,友訊,10,0,10
兆豐彰化,立隆電,21,12,9
兆豐彰化,晶彩科,10,1,9
兆豐彰化,興能高,131,123,8
兆豐彰化,00915凱基優選高股息30,6,0,6
兆豐彰化,環宇-KY,19,13,6
兆豐彰化,台揚,6,0,6
兆豐彰化,00919群益台灣精選高息,6,1,5
兆豐彰化,台泥,5,0,5
兆豐彰化,00858永豐美國500大,5,0,5
兆豐彰化,展宇,5,0,5
兆豐彰化,華邦電,5,0,5
兆豐彰化,宏��,5,0,5
兆豐彰化,兆豐金,5,0,5
兆豐彰化,新盛力,103,98,5
兆豐彰化,眾達-KY,9,5,4
兆豐彰化,燦星旅,4,0,4
兆豐彰化,寶緯,4,0,4
兆豐彰化,迅得,5,1,4
兆豐彰化,00878國泰永續高股息,10,7,3
兆豐彰化,南僑,3,0,3
兆豐彰化,揚智,3,0,3
兆豐彰化,銘異,3,0,3
兆豐彰化,緯創,6,3,3
兆豐彰化,熱映,3,0,3
兆豐彰化,環球晶,3,0,3
兆豐彰化,亞航,4,1,3
兆豐彰化,大成鋼,13,10,3
兆豐彰化,00918大華優利高填息30,2,0,2
兆豐彰化,亞光,3,1,2
兆豐彰化,00942B台新美A公司債20+,2,0,2
兆豐彰化,00715L期街口布蘭特正2,2,0,2
兆豐彰化,00673R期元大S＆P原油反1,2,0,2
兆豐彰化,濱川,2,0,2
兆豐彰化,光洋科,2,0,2
兆豐彰化,中鋼,2,0,2
兆豐彰化,盟立,2,0,2
兆豐彰化,美食-KY,2,0,2
兆豐彰化,第一金,2,0,2
兆豐彰化,健鼎,2,0,2
兆豐彰化,永崴投控,2,0,2
兆豐彰化,前鼎,4,2,2
兆豐彰化,能率,2,0,2
兆豐彰化,聯電,63,194,-131
兆豐彰化,00980B台新特選IG債10+,0,122,-122
兆豐彰化,日月光投控,1,70,-69
兆豐彰化,00830國泰費城半導體,0,52,-52
兆豐彰化,00650L復華香港正2,0,25,-25
兆豐彰化,00940元大台灣價值高息,5,30,-25
兆豐彰化,日勝生,0,20,-20
兆豐彰化,00953B群益優選非投等債,0,15,-15
兆豐彰化,亞翔,1,15,-14
兆豐彰化,00937B群益ESG投等債20,0,13,-13
兆豐彰化,富野,0,10,-10
兆豐彰化,西勝,0,10,-10
兆豐彰化,群益證,0,10,-10
兆豐彰化,岱宇,0,9,-9
兆豐彰化,承業醫,0,9,-9
兆豐彰化,00687B國泰20年美債,0,9,-9
兆豐彰化,廣達,0,9,-9
兆豐彰化,訊芯-KY,2,10,-8
兆豐彰化,鈺德,0,7,-7
兆豐彰化,群創,0,7,-7
兆豐彰化,神達,13,19,-6
兆豐彰化,宏全,0,6,-6
兆豐彰化,中信金,0,6,-6
兆豐彰化,00946群益科技高息成長,0,5,-5
兆豐彰化,00929復華台灣科技優息,0,5,-5
兆豐彰化,華航,0,4,-4
兆豐彰化,聯鈞,16,20,-4
兆豐彰化,00954中信日本半導體,1,5,-4
兆豐彰化,達邁,28,32,-4
兆豐彰化,光聖,0,4,-4
兆豐彰化,安集,0,4,-4
兆豐彰化,泰金寶-DR,2,6,-4
兆豐彰化,世芯-KY,2,5,-3
兆豐彰化,00922國泰台灣領袖50,2,5,-3
兆豐彰化,00939統一台灣高息動能,0,3,-3
兆豐彰化,富喬,6,9,-3
兆豐彰化,聯昌,0,3,-3
兆豐彰化,新日興,11,14,-3
兆豐彰化,宏致,5,8,-3
兆豐彰化,上奇,0,3,-3
兆豐彰化,精誠,0,3,-3
兆豐彰化,台塑,0,3,-3
兆豐彰化,宏達電,38,41,-3
兆豐彰化,技嘉,1,4,-3
兆豐彰化,華城,1,3,-2
兆豐彰化,朋億*,3,5,-2
兆豐彰化,00642U期元大S＆P石油,0,2,-2
兆豐彰化,順德,0,2,-2
兆豐彰化,超豐,0,2,-2
兆豐彰化,長榮航,1,3,-2
富邦和美,聯電,167,24,143
富邦和美,00636國泰中國A50,100,0,100
富邦和美,00753L中信中國50正2,70,0,70
富邦和美,弘裕,61,0,61
富邦和美,00687B國泰20年美債,52,2,50
富邦和美,00650L復華香港正2,42,0,42
富邦和美,00637L元大滬深300正2,34,0,34
富邦和美,達邁,38,4,34
富邦和美,00946群益科技高息成長,31,0,31
富邦和美,星宇航空,32,2,30
富邦和美,台化,26,5,21
富邦和美,德淵,21,0,21
富邦和美,亞泥,20,0,20
富邦和美,台塑,32,12,20
富邦和美,00878國泰永續高股息,21,2,19
富邦和美,00665L富邦�琤肭磪囓�2,22,3,19
富邦和美,00882中信中國高股息,24,5,19
富邦和美,弘凱,18,1,17
富邦和美,百和,19,2,17
富邦和美,00858永豐美國500大,16,0,16
富邦和美,00676R富邦臺灣加權反1,15,0,15
富邦和美,和椿,15,3,12
富邦和美,欣興,12,1,11
富邦和美,南亞科,11,0,11
富邦和美,正達,12,1,11
富邦和美,健和興,10,0,10
富邦和美,華榮,10,0,10
富邦和美,正新,15,5,10
富邦和美,緯創,24,14,10
富邦和美,聰泰,11,2,9
富邦和美,矽格,10,1,9
富邦和美,元大高股息,12,3,9
富邦和美,新光金,24,16,8
富邦和美,台灣大,8,0,8
富邦和美,永豐金,7,0,7
富邦和美,國光生,7,0,7
富邦和美,新漢,8,1,7
富邦和美,第一金,7,0,7
富邦和美,英濟,31,24,7
富邦和美,宏捷科,9,2,7
富邦和美,中環,7,0,7
富邦和美,泰金寶-DR,7,0,7
富邦和美,南亞,9,3,6
富邦和美,00918大華優利高填息30,9,3,6
富邦和美,00632R元大台灣50反1,6,0,6
富邦和美,和碩,6,0,6
富邦和美,三商壽,6,0,6
富邦和美,富喬,9,3,6
富邦和美,台新金,5,0,5
富邦和美,兆豐金,5,0,5
富邦和美,金麗-KY,0,300,-300
富邦和美,力積電,8,168,-160
富邦和美,聯合再生,2,114,-112
富邦和美,00970B新光BBB投等債20,0,96,-96
富邦和美,加百裕,94,184,-90
富邦和美,00919群益台灣精選高息,9,81,-72
富邦和美,00929復華台灣科技優息,11,80,-69
富邦和美,台積電,6,60,-54
富邦和美,神達,27,77,-50
富邦和美,長榮航,0,45,-45
富邦和美,凱基金,0,45,-45
富邦和美,宏達電,28,69,-41
富邦和美,中鋼,40,77,-37
富邦和美,陽明,11,43,-32
富邦和美,彰銀,0,31,-31
富邦和美,華新,1,31,-30
富邦和美,00945B凱基美國非投等債,0,29,-29
富邦和美,泰山,1,30,-29
富邦和美,岱宇,0,24,-24
富邦和美,仁寶,1,24,-23
富邦和美,鴻海,10,32,-22
富邦和美,富強鑫,1,23,-22
富邦和美,中鴻,2,23,-21
富邦和美,興能高,57,78,-21
富邦和美,精成科,8,28,-20
富邦和美,中櫃,0,20,-20
富邦和美,盟立,6,25,-19
富邦和美,南茂,1,19,-18
富邦和美,00940元大台灣價值高息,3,20,-17
富邦和美,華邦電,2,19,-17
富邦和美,友達,0,16,-16
富邦和美,00953B群益優選非投等債,14,29,-15
富邦和美,晟銘電,0,14,-14
富邦和美,台泥,3,16,-13
富邦和美,群創,6,18,-12
富邦和美,富邦金,0,11,-11
富邦和美,00830國泰費城半導體,0,11,-11
富邦和美,萬海,1,12,-11
富邦和美,元大台灣50,1,12,-11
富邦和美,華南金,0,10,-10
富邦和美,精金,0,10,-10
富邦和美,菱生,0,10,-10
富邦和美,永崴投控,0,10,-10
富邦和美,建大,0,10,-10
富邦和美,玉山金,10,20,-10
富邦和美,中光電,1,10,-9
富邦和美,宏致,0,9,-9
富邦和美,威健,1,10,-9
富邦和美,台玻,14,23,-9
富邦和美,環宇-KY,22,31,-9
 元富桃園,中石化,80,0,80
 元富桃園,聯電,65,4,61
 元富桃園,上曜,50,0,50
 元富桃園,日勝生,40,1,39
 元富桃園,00664R國泰臺灣加權反1,20,0,20
 元富桃園,中鋼,20,1,19
 元富桃園,台玻,18,0,18
 元富桃園,京元電子,22,5,17
 元富桃園,00953B群益優選非投等債,16,0,16
 元富桃園,00673R期元大S＆P原油反1,14,0,14
 元富桃園,大成鋼,20,6,14
 元富桃園,連展投控,29,16,13
 元富桃園,潤泰全,12,0,12
 元富桃園,新盛力,24,13,11
 元富桃園,陽明,13,2,11
 元富桃園,力麒,12,1,11
 元富桃園,00632R元大台灣50反1,10,0,10
 元富桃園,力山,10,0,10
 元富桃園,五福,10,0,10
 元富桃園,元晶,10,0,10
 元富桃園,洋基工程,10,0,10
 元富桃園,鑽石投資,10,0,10
 元富桃園,南茂,10,0,10
 元富桃園,達方,10,0,10
 元富桃園,00918大華優利高填息30,10,0,10
 元富桃園,得力,22,13,9
 元富桃園,錸德,10,1,9
 元富桃園,松瑞藥,9,0,9
 元富桃園,精材,10,1,9
 元富桃園,友達,10,2,8
 元富桃園,00679B元大美債20年,8,0,8
 元富桃園,聯鈞,24,16,8
 元富桃園,創為精密,8,0,8
 元富桃園,昇陽半導體,7,0,7
 元富桃園,00637L元大滬深300正2,7,0,7
 元富桃園,亞光,13,6,7
 元富桃園,系統電,11,4,7
 元富桃園,00858永豐美國500大,6,0,6
 元富桃園,浪凡,6,0,6
 元富桃園,00919群益台灣精選高息,14,9,5
 元富桃園,友訊,5,0,5
 元富桃園,冠德,5,0,5
 元富桃園,銘異,5,0,5
 元富桃園,國精化,5,0,5
 元富桃園,聯光通,19,14,5
 元富桃園,三聯,5,0,5
 元富桃園,育富,5,0,5
 元富桃園,櫻花,5,0,5
 元富桃園,佳格,4,0,4
 元富桃園,揚博,4,0,4
 元富桃園,00980B台新特選IG債10+,0,1084,-1084
 元富桃園,力積電,38,328,-290
 元富桃園,中纖,0,90,-90
 元富桃園,00940元大台灣價值高息,1,86,-85
 元富桃園,00680L元大美債20正2,0,50,-50
 元富桃園,凱基金,0,42,-42
 元富桃園,神達,30,66,-36
 元富桃園,圓剛,3,36,-33
 元富桃園,00939統一台灣高息動能,0,32,-32
 元富桃園,燁興,0,32,-32
 元富桃園,宏達電,38,68,-30
 元富桃園,威健,0,30,-30
 元富桃園,宏益,0,26,-26
 元富桃園,00905FT臺灣Smart,4,25,-21
 元富桃園,亞翔,0,20,-20
 元富桃園,00929復華台灣科技優息,0,18,-18
 元富桃園,長榮航,11,29,-18
 元富桃園,台塑化,0,17,-17
 元富桃園,富喬,6,21,-15
 元富桃園,台積電,4,18,-14
 元富桃園,國泰金,0,14,-14
 元富桃園,泰金寶-DR,29,43,-14
 元富桃園,良維,0,12,-12
 元富桃園,00936台新永續高息中小,0,10,-10
 元富桃園,遠東新,0,10,-10
 元富桃園,堤維西,0,10,-10
 元富桃園,精英,0,10,-10
 元富桃園,第一店,0,10,-10
 元富桃園,奇偶,0,10,-10
 元富桃園,元太,0,10,-10
 元富桃園,聯華,0,10,-10
 元富桃園,欣銓,1,11,-10
 元富桃園,新光金,0,10,-10
 元富桃園,翔耀,0,9,-9
 元富桃園,岱稜,0,9,-9
 元富桃園,立��,4,13,-9
 元富桃園,立敦,2,11,-9
 元富桃園,006208富邦台50,0,9,-9
 元富桃園,華城,9,17,-8
 元富桃園,光寶科,0,8,-8
 元富桃園,山富,0,8,-8
 元富桃園,英濟,6,14,-8
 元富桃園,中鴻,0,7,-7
 元富桃園,凌陽,0,7,-7
 元富桃園,和碩,0,7,-7
 元富桃園,鴻海,3,10,-7
 元富桃園,永光,0,6,-6
 元富桃園,佳世達,0,6,-6
 元富桃園,波若威,24,30,-6
 元富桃園,事欣科,0,6,-6
台新台南,聯電,406,83,323
台新台南,00664R國泰臺灣加權反1,204,0,204
台新台南,00881國泰台灣5G+,134,1,133
台新台南,00878國泰永續高股息,147,21,126
台新台南,00673R期元大S＆P原油反1,120,0,120
台新台南,元大高股息,136,42,94
台新台南,西勝,95,2,93
台新台南,毛寶,71,0,71
台新台南,中鋼,78,19,59
台新台南,富邦科技,50,0,50
台新台南,00919群益台灣精選高息,57,11,46
台新台南,能率,55,14,41
台新台南,康舒,38,0,38
台新台南,泰金寶-DR,95,60,35
台新台南,00937B群益ESG投等債20,42,10,32
台新台南,華安,25,0,25
台新台南,台船,25,0,25
台新台南,遠東銀,33,8,25
台新台南,欣興,30,7,23
台新台南,英濟,49,27,22
台新台南,00953B群益優選非投等債,21,0,21
台新台南,大成鋼,37,17,20
台新台南,00971野村美國研發龍頭,20,0,20
台新台南,00950B凱基A級公司債,20,0,20
台新台南,006208富邦台50,41,25,16
台新台南,鴻海,52,35,17
台新台南,南仁湖,16,0,16
台新台南,南亞,26,10,16
台新台南,00858永豐美國500大,16,0,16
台新台南,華邦電,23,8,15
台新台南,耿鼎,15,0,15
台新台南,事欣科,28,13,15
台新台南,瑞軒,14,0,14
台新台南,玉晶光,15,1,14
台新台南,00665L富邦�琤肭磪囓�2,14,0,14
台新台南,中光電,14,0,14
台新台南,前鼎,15,2,13
台新台南,精成科,39,26,13
台新台南,00955中信日本商社,13,0,13
台新台南,華榮,13,0,13
台新台南,911608明輝-DR,13,0,13
台新台南,亞光,25,13,12
台新台南,統一超,13,1,12
台新台南,00882中信中國高股息,12,0,12
台新台南,富喬,103,91,12
台新台南,連展投控,12,0,12
台新台南,台境*,25,13,12
台新台南,高端疫苗,13,1,12
台新台南,騰輝電子-KY,15,3,12
台新台南,宏齊,19,8,11
台新台南,00680L元大美債20正2,20,1209,-1189
台新台南,00688L國泰20年美債正2,0,805,-805
台新台南,凱基金,1,649,-648
台新台南,00980B台新特選IG債10+,81,415,-334
台新台南,00637L元大滬深300正2,83,289,-206
台新台南,00909國泰數位支付服務,9,143,-134
台新台南,00940元大台灣價值高息,11,115,-104
台新台南,00929復華台灣科技優息,8,104,-96
台新台南,00887永豐中國科技50大,0,83,-83
台新台南,群創,7,87,-80
台新台南,00965元大航太防衛科技,0,73,-73
台新台南,東浦,1,70,-69
台新台南,00951台新日本半導體,0,61,-61
台新台南,柏承,0,60,-60
台新台南,神達,262,321,-59
台新台南,矽格,1,57,-56
台新台南,912000晨訊科-DR,0,55,-55
台新台南,00712復華富時不動產,7,55,-48
台新台南,欣銓,16,53,-37
台新台南,00852L國泰美國道瓊正2,0,37,-37
台新台南,新光金,12,49,-37
台新台南,敬鵬,0,36,-36
台新台南,神基,0,34,-34
台新台南,燿華,7,41,-34
台新台南,宏達電,109,140,-31
台新台南,00905FT臺灣Smart,0,28,-28
台新台南,上海商銀,0,28,-28
台新台南,00918大華優利高填息30,22,50,-28
台新台南,華新,10,36,-26
台新台南,英業達,17,40,-23
台新台南,晉泰,0,23,-23
台新台南,友達,16,38,-22
台新台南,京元電子,3,25,-22
台新台南,力積電,74,95,-21
台新台南,00687B國泰20年美債,11,32,-21
台新台南,00922國泰台灣領袖50,0,20,-20
台新台南,南紡,0,20,-20
台新台南,李洲,0,20,-20
台新台南,00902中信電池及儲能,0,20,-20
台新台南,00676R富邦臺灣加權反1,11,30,-19
台新台南,天剛,0,19,-19
台新台南,00915凱基優選高股息30,2,21,-19
台新台南,廣宇,6,24,-18
台新台南,和椿,36,53,-17
台新台南,00939統一台灣高息動能,4,20,-16
台新台南,台達電,0,16,-16
台新台南,日月光投控,8,24,-16
台新台南,00947台新臺灣IC設計,0,15,-15
台新台南,00896中信綠能及電動車,0,15,-15
台新台南,00675L富邦臺灣加權正2,17,31,-14
 元大基孝,00953B群益優選非投等債,544,0,544
 元大基孝,00680L元大美債20正2,300,0,300
 元大基孝,00637L元大滬深300正2,267,2,265
 元大基孝,聯電,123,17,106
 元大基孝,泰金寶-DR,128,55,73
 元大基孝,新建,72,1,71
 元大基孝,三商壽,65,2,63
 元大基孝,00924復華S＆P500成長,63,0,63
 元大基孝,第一金,53,0,53
 元大基孝,大華,35,0,35
 元大基孝,台積電,39,7,32
 元大基孝,緯創,41,12,29
 元大基孝,元大高股息,30,3,27
 元大基孝,兆豐金,25,0,25
 元大基孝,00918大華優利高填息30,22,0,22
 元大基孝,新盛力,91,70,21
 元大基孝,力積電,56,37,19
 元大基孝,華邦電,18,0,18
 元大基孝,波若威,42,25,17
 元大基孝,凱美,19,5,14
 元大基孝,00632R元大台灣50反1,13,1,12
 元大基孝,00919群益台灣精選高息,16,4,12
 元大基孝,台新金,13,2,11
 元大基孝,前鼎,14,3,11
 元大基孝,建漢,12,1,11
 元大基孝,00712復華富時不動產,11,0,11
 元大基孝,昇陽半導體,11,1,10
 元大基孝,ABC-KY,10,0,10
 元大基孝,00945B凱基美國非投等債,10,0,10
 元大基孝,嘉聯益,10,0,10
 元大基孝,宏齊,10,0,10
 元大基孝,冠軍,10,0,10
 元大基孝,永豐金,10,0,10
 元大基孝,00687B國泰20年美債,10,1,9
 元大基孝,華星光,28,19,9
 元大基孝,佳能,10,2,8
 元大基孝,00927群益半導體收益,8,0,8
 元大基孝,和椿,16,8,8
 元大基孝,00882中信中國高股息,8,0,8
 元大基孝,欣興,14,6,8
 元大基孝,00725B國泰投資級公司債,8,0,8
 元大基孝,凱撒衛,7,0,7
 元大基孝,正達,12,5,7
 元大基孝,聯合再生,7,0,7
 元大基孝,金寶,10,4,6
 元大基孝,建達,6,0,6
 元大基孝,全新,7,1,6
 元大基孝,大成鋼,10,5,5
 元大基孝,群創,15,10,5
 元大基孝,00751B元大AAA至A公司債,5,0,5
 元大基孝,長榮航,4,132,-128
 元大基孝,00965元大航太防衛科技,0,56,-56
 元大基孝,華南金,0,55,-55
 元大基孝,00929復華台灣科技優息,0,49,-49
 元大基孝,00909國泰數位支付服務,4,46,-42
 元大基孝,台揚,1,30,-29
 元大基孝,擎亞,14,43,-29
 元大基孝,神達,92,120,-28
 元大基孝,潤泰新,0,27,-27
 元大基孝,00720B元大投資級公司債,0,25,-25
 元大基孝,欣銓,14,37,-23
 元大基孝,星宇航空,0,22,-22
 元大基孝,鴻準,3,24,-21
 元大基孝,3036A文曄甲特,0,20,-20
 元大基孝,新日興,1,19,-18
 元大基孝,宏致,0,18,-18
 元大基孝,瑞軒,0,17,-17
 元大基孝,00941中信上游半導體,0,17,-17
 元大基孝,友達,1,15,-14
 元大基孝,智原,2,14,-12
 元大基孝,國泰金,1,13,-12
 元大基孝,00887永豐中國科技50大,0,11,-11
 元大基孝,亞泰,2,13,-11
 元大基孝,00934中信成長高股息,0,11,-11
 元大基孝,幸福,0,10,-10
 元大基孝,台虹,4,14,-10
 元大基孝,首利,0,10,-10
 元大基孝,華晶科,1,11,-10
 元大基孝,創威,0,10,-10
 元大基孝,光環,1,11,-10
 元大基孝,彰銀,0,10,-10
 元大基孝,金山電,2,12,-10
 元大基孝,00948B中信優息投資級債,0,10,-10
 元大基孝,鴻海,19,28,-9
 元大基孝,00937B群益ESG投等債20,1,10,-9
 元大基孝,00905FT臺灣Smart,1,10,-9
 元大基孝,台玻,4,13,-9
 元大基孝,台聚,2,11,-9
 元大基孝,廣達,12,21,-9
 元大基孝,光罩,0,8,-8
 元大基孝,良維,0,8,-8
 元大基孝,矽力*-KY,0,8,-8
 元大基孝,立德,2,10,-8
 元大基孝,矽格,0,7,-7
 元大基孝,興能高,65,72,-7
 元大基孝,亞翔,1,7,-6
 元大基孝,台達電,0,6,-6
 元大基孝,華孚,0,6,-6
 元大基孝,尚凡*,0,6,-6
 元大基孝,華航,0,6,-6
港商麥格理,新光金,3722,319,3403
港商麥格理,日月光投控,1970,63,1907
港商麥格理,鴻海,1467,522,945
港商麥格理,臺企銀,733,0,733
港商麥格理,台積電,2048,1452,596
港商麥格理,廣達,1055,466,589
港商麥格理,寶成,619,43,576
港商麥格理,台達電,617,68,549
港商麥格理,國泰金,893,430,463
港商麥格理,仁寶,419,62,357
港商麥格理,研華,366,9,357
港商麥格理,正新,330,26,304
港商麥格理,欣銓,293,22,271
港商麥格理,順達,167,10,157
港商麥格理,華新,378,248,130
港商麥格理,和碩,258,136,122
港商麥格理,台化,384,296,88
港商麥格理,大聯大,106,21,85
港商麥格理,中租-KY,102,27,75
港商麥格理,聯強,174,105,69
港商麥格理,豐泰,62,0,62
港商麥格理,和泰車,54,4,50
港商麥格理,聯發科,135,85,50
港商麥格理,聯詠,88,40,48
港商麥格理,南亞科,46,0,46
港商麥格理,英業達,106,65,41
港商麥格理,緯穎,80,40,40
港商麥格理,遠傳,61,25,36
港商麥格理,臻鼎-KY,85,50,35
港商麥格理,世界,62,28,34
港商麥格理,旺矽,37,3,34
港商麥格理,鈊象,37,4,33
港商麥格理,潤泰新,57,35,22
港商麥格理,致茂,32,14,18
港商麥格理,儒鴻,15,3,12
港商麥格理,展達,11,0,11
港商麥格理,正文,10,0,10
港商麥格理,大立光,15,8,7
港商麥格理,創意,8,1,7
港商麥格理,祥碩,8,1,7
港商麥格理,世芯-KY,10,4,6
港商麥格理,群聯,13,7,6
港商麥格理,力旺,7,2,5
港商麥格理,智邦,52,48,4
港商麥格理,微星,17,14,3
港商麥格理,名軒,1,0,1
港商麥格理,欣興,2,2717,-2715
港商麥格理,友達,0,2105,-2105
港商麥格理,台新金,0,2086,-2086
港商麥格理,玉山金,0,1740,-1740
港商麥格理,永豐金,0,1478,-1478
港商麥格理,聯電,0,1220,-1220
港商麥格理,合庫金,0,794,-794
港商麥格理,中信金,457,1227,-770
港商麥格理,台泥,0,711,-711
港商麥格理,台塑,0,672,-672
港商麥格理,凱基金,823,1355,-532
港商麥格理,富邦金,10,518,-508
港商麥格理,上海商銀,0,433,-433
港商麥格理,兆豐金,0,380,-380
港商麥格理,力積電,0,347,-347
港商麥格理,南亞,0,330,-330
港商麥格理,遠東新,0,314,-314
港商麥格理,矽力*-KY,12,297,-285
港商麥格理,中鋼,0,281,-281
港商麥格理,統一,0,259,-259
港商麥格理,南茂,0,218,-218
港商麥格理,中石化,0,194,-194
港商麥格理,亞泥,0,193,-193
港商麥格理,三商壽,0,193,-193
港商麥格理,華南金,0,187,-187
港商麥格理,王道銀行,0,165,-165
港商麥格理,家登,0,162,-162
港商麥格理,國票金,0,139,-139
港商麥格理,遠百,0,137,-137
港商麥格理,第一金,0,132,-132
港商麥格理,貿聯-KY,9,136,-127
港商麥格理,南僑,0,104,-104
港商麥格理,彩晶,0,103,-103
港商麥格理,大成鋼,0,94,-94
港商麥格理,台中銀,0,90,-90
港商麥格理,中鼎,0,87,-87
港商麥格理,興富發,0,80,-80
港商麥格理,中纖,0,79,-79
港商麥格理,精元,0,79,-79
港商麥格理,佳世達,0,78,-78
港商麥格理,智易,2,79,-77
港商麥格理,瑞昱,19,93,-74
港商麥格理,金寶,0,70,-70
港商麥格理,統一證,0,69,-69
港商麥格理,元太,0,66,-66
港商麥格理,億豐,10,76,-66
港商麥格理,群創,0,64,-64
港商麥格理,旺宏,0,60,-60
港商麥格理,太子,0,58,-58
港商麥格理,中工,0,57,-57
康和仁愛,神達,152,29,123
康和仁愛,亞航,59,3,56
康和仁愛,台積電,53,2,51
康和仁愛,聯電,95,45,50
康和仁愛,僑威,51,2,49
康和仁愛,微星,44,0,44
康和仁愛,中信金,44,1,43
康和仁愛,波若威,68,26,42
康和仁愛,高技,42,1,41
康和仁愛,00637L元大滬深300正2,36,4,32
康和仁愛,彩晶,32,0,32
康和仁愛,愛山林,28,0,28
康和仁愛,聯詠,28,0,28
康和仁愛,皇昌,30,3,27
康和仁愛,得力,26,0,26
康和仁愛,台達電,20,3,17
康和仁愛,00919群益台灣精選高息,19,2,17
康和仁愛,敦陽科,16,0,16
康和仁愛,00952凱基台灣AI50,15,0,15
康和仁愛,00927群益半導體收益,15,0,15
康和仁愛,00632R元大台灣50反1,15,0,15
康和仁愛,國泰金,20,6,14
康和仁愛,一詮,17,4,13
康和仁愛,炎洲,13,0,13
康和仁愛,天虹,12,0,12
康和仁愛,事欣科,12,0,12
康和仁愛,上海商銀,12,0,12
康和仁愛,元太,12,0,12
康和仁愛,00878國泰永續高股息,10,0,10
康和仁愛,00917中信特選金融,10,0,10
康和仁愛,00753L中信中國50正2,10,0,10
康和仁愛,廣宇,11,1,10
康和仁愛,邦泰,10,0,10
康和仁愛,佳能,11,2,9
康和仁愛,英業達,10,2,8
康和仁愛,憶聲,8,0,8
康和仁愛,華航,12,4,8
康和仁愛,立隆電,15,8,7
康和仁愛,萬潤,8,1,7
康和仁愛,台灣虎航,10,3,7
康和仁愛,00655L國泰中國A50正2,6,0,6
康和仁愛,漢平,6,0,6
康和仁愛,長榮,7,1,6
康和仁愛,新盛力,54,48,6
康和仁愛,菱光,6,0,6
康和仁愛,00898國泰基因免疫革命,5,0,5
康和仁愛,00897富邦基因免疫生技,5,0,5
康和仁愛,00638R元大滬深300反1,5,0,5
康和仁愛,美時,5,0,5
康和仁愛,榮運,5,0,5
康和仁愛,緯創,23,740,-717
康和仁愛,00937B群益ESG投等債20,0,663,-663
康和仁愛,00877復華中國5G,5,440,-435
康和仁愛,力積電,0,121,-121
康和仁愛,泰金寶-DR,1,100,-99
康和仁愛,jpp-KY,1,61,-60
康和仁愛,久昌,3,61,-58
康和仁愛,00953B群益優選非投等債,0,50,-50
康和仁愛,精成科,1,42,-41
康和仁愛,凱美,10,42,-32
康和仁愛,精材,0,32,-32
康和仁愛,佳格,0,30,-30
康和仁愛,華南金,0,20,-20
康和仁愛,00680L元大美債20正2,0,19,-19
康和仁愛,興能高,52,70,-18
康和仁愛,宏達電,7,23,-16
康和仁愛,00939統一台灣高息動能,0,15,-15
康和仁愛,00935野村臺灣新科技50,0,15,-15
康和仁愛,國喬,0,15,-15
康和仁愛,006208富邦台50,0,14,-14
康和仁愛,富喬,10,23,-13
康和仁愛,新漢,0,13,-13
康和仁愛,創惟,0,12,-12
康和仁愛,順達,4,15,-11
康和仁愛,艾姆勒,0,11,-11
康和仁愛,00738U期元大道瓊白銀,0,10,-10
康和仁愛,南亞科,0,10,-10
康和仁愛,全國電,0,10,-10
康和仁愛,貿聯-KY,2,12,-10
康和仁愛,光寶科,0,8,-8
康和仁愛,廣明,0,8,-8
康和仁愛,長榮航,0,7,-7
康和仁愛,康霈*,0,7,-7
康和仁愛,00929復華台灣科技優息,0,6,-6
康和仁愛,台揚,0,6,-6
康和仁愛,國巨,0,6,-6
康和仁愛,00940元大台灣價值高息,0,5,-5
康和仁愛,00635U期元大S＆P黃金,0,5,-5
康和仁愛,樺晟,0,5,-5
康和仁愛,高鋒,5,10,-5
康和仁愛,榮剛,0,5,-5
康和仁愛,緯穎,0,4,-4
康和仁愛,元大台灣50,0,4,-4
康和仁愛,中華,0,4,-4
康和仁愛,日月光投控,0,4,-4
康和仁愛,大同,2,6,-4
康和仁愛,豐達科,0,4,-4
康和仁愛,晟銘電,10,14,-4
康和仁愛,李洲,0,4,-4
康和仁愛,欣銓,0,4,-4
合庫台南,台新金,690,0,690
合庫台南,00757統一FANG+,266,1,265
合庫台南,00665L富邦�琤肭磪囓�2,201,0,201
合庫台南,台泥,183,1,182
合庫台南,00878國泰永續高股息,111,5,106
合庫台南,00919群益台灣精選高息,107,12,95
合庫台南,聯電,105,20,85
合庫台南,全訊,60,0,60
合庫台南,至上,60,0,60
合庫台南,00725B國泰投資級公司債,56,0,56
合庫台南,眾達-KY,77,22,55
合庫台南,00937B群益ESG投等債20,74,37,37
合庫台南,新盛力,67,33,34
合庫台南,聯光通,41,9,32
合庫台南,宏捷科,30,0,30
合庫台南,緯創,35,7,28
合庫台南,00637L元大滬深300正2,129,105,24
合庫台南,立敦,30,7,23
合庫台南,00918大華優利高填息30,28,6,22
合庫台南,鴻準,21,0,21
合庫台南,00671R富邦NASDAQ反1,20,0,20
合庫台南,昆盈,20,1,19
合庫台南,華邦電,23,9,14
合庫台南,00655L國泰中國A50正2,13,0,13
合庫台南,00971野村美國研發龍頭,12,0,12
合庫台南,華航,12,0,12
合庫台南,邑昇,12,0,12
合庫台南,立隆電,13,2,11
合庫台南,廣宇,12,1,11
合庫台南,00632R元大台灣50反1,10,0,10
合庫台南,力特,10,0,10
合庫台南,德淵,10,0,10
合庫台南,榮剛,10,0,10
合庫台南,中租-KY,12,2,10
合庫台南,911608明輝-DR,10,0,10
合庫台南,康霈*,8,0,8
合庫台南,旭源,8,0,8
合庫台南,光洋科,17,10,7
合庫台南,正新,7,0,7
合庫台南,中石化,11,5,6
合庫台南,宏��,7,1,6
合庫台南,僑威,16,10,6
合庫台南,禾瑞亞,6,0,6
合庫台南,永崴投控,7,1,6
合庫台南,創惟,8,2,6
合庫台南,福興,7,1,6
合庫台南,富喬,10,5,5
合庫台南,00882中信中國高股息,5,0,5
合庫台南,00958B永豐ESG銀行債15,5,0,5
合庫台南,上曜,10,5,5
合庫台南,00687B國泰20年美債,6,416,-410
合庫台南,新光金,0,172,-172
合庫台南,00680L元大美債20正2,0,100,-100
合庫台南,00936台新永續高息中小,0,69,-69
合庫台南,元大高股息,15,82,-67
合庫台南,00753L中信中國50正2,9,70,-61
合庫台南,00948B中信優息投資級債,0,60,-60
合庫台南,00953B群益優選非投等債,3,50,-47
合庫台南,00940元大台灣價值高息,1,46,-45
合庫台南,海華,40,80,-40
合庫台南,興能高,64,102,-38
合庫台南,00701國泰股利精選30,1,30,-29
合庫台南,直得,1,30,-29
合庫台南,大亞,0,28,-28
合庫台南,金寶,4,31,-27
合庫台南,台灣虎航,9,30,-21
合庫台南,玉山金,0,19,-19
合庫台南,華南金,0,18,-18
合庫台南,凱基金,1,19,-18
合庫台南,中信金,2,19,-17
合庫台南,宏達電,41,58,-17
合庫台南,00877復華中國5G,0,16,-16
合庫台南,神達,38,54,-16
合庫台南,貿聯-KY,0,14,-14
合庫台南,00941中信上游半導體,0,14,-14
合庫台南,揚明光,0,13,-13
合庫台南,長榮航,4,17,-13
合庫台南,00939統一台灣高息動能,0,12,-12
合庫台南,00929復華台灣科技優息,3,15,-12
合庫台南,台積電,7,18,-11
合庫台南,廣明,0,11,-11
合庫台南,良維,0,11,-11
合庫台南,雷虎,1,12,-11
合庫台南,北基,0,11,-11
合庫台南,潤泰新,0,11,-11
合庫台南,日月光投控,0,11,-11
合庫台南,宜進,0,10,-10
合庫台南,中纖,0,10,-10
合庫台南,晟銘電,2,12,-10
合庫台南,南亞科,0,9,-9
合庫台南,昇貿,0,9,-9
合庫台南,連展投控,3,12,-9
合庫台南,00713元大台灣高息低波,0,9,-9
合庫台南,00685L群益臺灣加權正2,0,8,-8
合庫台南,富邦金,0,8,-8
合庫台南,東洋,2,10,-8
合庫台南,佶優,0,8,-8
合庫台南,奇鋐,1,9,-8
合庫台南,鴻海,12,19,-7
合庫台南,力積電,16,23,-7
日茂,聯電,102,7,95
日茂,中鋼,84,0,84
日茂,達邁,50,3,47
日茂,友達,39,5,34
日茂,00633L富邦上証正2,30,0,30
日茂,南茂,30,0,30
日茂,泰金寶-DR,40,11,29
日茂,富采,21,0,21
日茂,興富發,20,0,20
日茂,台中銀,20,0,20
日茂,聯一光,20,0,20
日茂,興能高,27,8,19
日茂,圓剛,15,0,15
日茂,聯鈞,11,0,11
日茂,00937B群益ESG投等債20,10,0,10
日茂,矽統,10,0,10
日茂,惠光,10,0,10
日茂,緯穎,15,6,9
日茂,力積電,57,48,9
日茂,東鹼,8,0,8
日茂,00637L元大滬深300正2,8,0,8
日茂,連展投控,13,5,8
日茂,立端,8,0,8
日茂,00795B中信美國公債20年,7,0,7
日茂,立��,8,1,7
日茂,欣興,36,30,6
日茂,立積,6,0,6
日茂,中石化,5,0,5
日茂,00878國泰永續高股息,5,0,5
日茂,00918大華優利高填息30,5,0,5
日茂,00665L富邦�琤肭磪囓�2,5,0,5
日茂,亞光,6,1,5
日茂,漢科,5,0,5
日茂,和椿,6,1,5
日茂,宏��,4,0,4
日茂,群光,5,1,4
日茂,世界,4,0,4
日茂,今展科,8,4,4
日茂,元晶,4,0,4
日茂,台虹,4,0,4
日茂,元大高股息,3,0,3
日茂,台泥,3,0,3
日茂,上銀,3,0,3
日茂,佰鴻,3,0,3
日茂,泰碩,3,0,3
日茂,眾達-KY,7,4,3
日茂,耕興,3,0,3
日茂,訊芯-KY,3,0,3
日茂,富喬,11,9,2
日茂,台橡,2,0,2
日茂,00882中信中國高股息,0,64,-64
日茂,廣達,1,64,-63
日茂,瑞軒,0,61,-61
日茂,友訊,20,63,-43
日茂,神達,3,46,-43
日茂,長榮航,0,41,-41
日茂,宏達電,2,39,-37
日茂,中信金,0,30,-30
日茂,驊訊,0,30,-30
日茂,華航,2,28,-26
日茂,國泰金,0,25,-25
日茂,凱基金,0,22,-22
日茂,上海商銀,0,21,-21
日茂,聯合再生,0,20,-20
日茂,保銳,0,20,-20
日茂,大同,10,28,-18
日茂,品安,0,17,-17
日茂,中光電,2,17,-15
日茂,堤維西,1,15,-14
日茂,廣宇,1,13,-12
日茂,華新,0,11,-11
日茂,光寶科,0,11,-11
日茂,昆盈,0,10,-10
日茂,中華電,0,10,-10
日茂,立隆電,1,11,-10
日茂,冠德,0,10,-10
日茂,新興,0,10,-10
日茂,亞帝歐,0,10,-10
日茂,三一東林,0,10,-10
日茂,來頡,0,10,-10
日茂,光菱,0,10,-10
日茂,博智,0,10,-10
日茂,鴻海,2,12,-10
日茂,00922國泰台灣領袖50,0,8,-8
日茂,國碩,0,8,-8
日茂,增你強,0,8,-8
日茂,00919群益台灣精選高息,3,10,-7
日茂,家登,5,12,-7
日茂,擎亞,1,8,-7
日茂,台積電,2,8,-6
日茂,東友,0,6,-6
日茂,川湖,5,10,-5
日茂,00887永豐中國科技50大,0,5,-5
日茂,00929復華台灣科技優息,0,5,-5
日茂,00927群益半導體收益,0,5,-5
日茂,金寶,0,5,-5
日茂,華邦電,0,5,-5
日茂,建舜電,0,5,-5
日茂,宏捷科,0,5,-5
日茂,建暐,0,5,-5
 元大大同,榮剛,97,0,97
 元大大同,聯鈞,130,40,90
 元大大同,00637L元大滬深300正2,84,0,84
 元大大同,威剛,85,2,83
 元大大同,00753L中信中國50正2,80,11,69
 元大大同,彩晶,60,0,60
 元大大同,00878國泰永續高股息,81,26,55
 元大大同,寶成,81,28,53
 元大大同,上曜,51,0,51
 元大大同,康控-KY,38,0,38
 元大大同,聯電,122,88,34
 元大大同,00919群益台灣精選高息,30,0,30
 元大大同,擎亞,43,15,28
 元大大同,00680L元大美債20正2,28,0,28
 元大大同,驊訊,22,1,21
 元大大同,泰山,20,0,20
 元大大同,中環,20,0,20
 元大大同,00937B群益ESG投等債20,29,10,19
 元大大同,國產,21,2,19
 元大大同,興能高,100,82,18
 元大大同,緯穎,19,2,17
 元大大同,元大高股息,27,10,17
 元大大同,00646元大S＆P500,16,0,16
 元大大同,冠軍,15,0,15
 元大大同,遠百,15,0,15
 元大大同,欣興,22,7,15
 元大大同,00713元大台灣高息低波,15,2,13
 元大大同,中鋼,17,4,13
 元大大同,泰金寶-DR,18,6,12
 元大大同,立積,12,0,12
 元大大同,富威電力,12,0,12
 元大大同,緯創,35,24,11
 元大大同,富喬,23,12,11
 元大大同,00910第一金太空衛星,10,0,10
 元大大同,00633L富邦上証正2,10,0,10
 元大大同,榮成,10,0,10
 元大大同,00887永豐中國科技50大,10,0,10
 元大大同,廣達,11,2,9
 元大大同,聯發科,11,2,9
 元大大同,華新,12,3,9
 元大大同,富世達,9,0,9
 元大大同,和椿,23,15,8
 元大大同,00715L期街口布蘭特正2,8,0,8
 元大大同,台塑,9,1,8
 元大大同,六角,8,0,8
 元大大同,南亞科,10,2,8
 元大大同,00679B元大美債20年,7,0,7
 元大大同,星宇航空,13,6,7
 元大大同,瑞基,7,0,7
 元大大同,金寶,9,2,7
 元大大同,欣銓,7,218,-211
 元大大同,00965元大航太防衛科技,52,209,-157
 元大大同,至上,0,142,-142
 元大大同,00940元大台灣價值高息,2,129,-127
 元大大同,鴻海,11,125,-114
 元大大同,宏致,20,115,-95
 元大大同,00945B凱基美國非投等債,5,88,-83
 元大大同,00673R期元大S＆P原油反1,0,80,-80
 元大大同,凱基金,3,63,-60
 元大大同,力積電,26,86,-60
 元大大同,00922國泰台灣領袖50,0,54,-54
 元大大同,00936台新永續高息中小,1,45,-44
 元大大同,采鈺,4,45,-41
 元大大同,00712復華富時不動產,0,40,-40
 元大大同,富邦金,2,39,-37
 元大大同,元晶,0,35,-35
 元大大同,00852L國泰美國道瓊正2,2,37,-35
 元大大同,泰豐,0,30,-30
 元大大同,南亞,2,32,-30
 元大大同,遠東新,0,30,-30
 元大大同,陽明,6,32,-26
 元大大同,宏達電,81,106,-25
 元大大同,中信金,0,23,-23
 元大大同,三商壽,0,23,-23
 元大大同,雷虎,0,22,-22
 元大大同,華南金,0,21,-21
 元大大同,事欣科,0,21,-21
 元大大同,00706L期元大S＆P日圓正2,0,20,-20
 元大大同,慶騰,0,20,-20
 元大大同,00725B國泰投資級公司債,2,21,-19
 元大大同,00909國泰數位支付服務,0,19,-19
 元大大同,長榮航,7,24,-17
 元大大同,00946群益科技高息成長,5,21,-16
 元大大同,006208富邦台50,7,23,-16
 元大大同,三商,0,15,-15
 元大大同,華城,3,17,-14
 元大大同,玉山金,3,16,-13
 元大大同,長榮,0,13,-13
 元大大同,新纖,0,13,-13
 元大大同,00934中信成長高股息,0,13,-13
 元大大同,00939統一台灣高息動能,0,13,-13
 元大大同,信立,0,13,-13
 元大大同,華星光,44,56,-12
 元大大同,大同,23,35,-12
 元大大同,合庫金,0,12,-12
 元大大同,信錦,0,12,-12
 元大大同,裕民,0,12,-12
 元大大同,00929復華台灣科技優息,2,13,-11
 元大大同,國巨,0,11,-11
 元大大同,立隆電,18,28,-10
 元大站前,00680L元大美債20正2,998,0,998
 元大站前,00633L富邦上証正2,334,101,233
 元大站前,00632R元大台灣50反1,131,0,131
 元大站前,聯電,160,58,102
 元大站前,新盛力,157,88,69
 元大站前,興能高,162,102,60
 元大站前,00679B元大美債20年,63,12,51
 元大站前,00637L元大滬深300正2,170,120,50
 元大站前,信立,42,0,42
 元大站前,00882中信中國高股息,43,3,40
 元大站前,泰金寶-DR,61,21,40
 元大站前,星宇航空,39,0,39
 元大站前,00953B群益優選非投等債,28,0,28
 元大站前,00665L富邦�琤肭磪囓�2,27,0,27
 元大站前,元大高股息,32,8,24
 元大站前,00687B國泰20年美債,32,11,21
 元大站前,中再保,20,0,20
 元大站前,洋華,19,0,19
 元大站前,大同,20,5,15
 元大站前,緯創,26,13,13
 元大站前,00719B元大美債1-3,13,0,13
 元大站前,大銀微系統,25,12,13
 元大站前,驊訊,13,1,12
 元大站前,00918大華優利高填息30,11,0,11
 元大站前,大亞,11,0,11
 元大站前,00706L期元大S＆P日圓正2,11,0,11
 元大站前,亞光,134,123,11
 元大站前,00751B元大AAA至A公司債,10,0,10
 元大站前,00971野村美國研發龍頭,10,0,10
 元大站前,台新金,15,5,10
 元大站前,陽程,10,0,10
 元大站前,第一金,10,0,10
 元大站前,00725B國泰投資級公司債,10,0,10
 元大站前,00919群益台灣精選高息,20,10,10
 元大站前,波若威,40,31,9
 元大站前,保瑞,9,0,9
 元大站前,欣興,24,15,9
 元大站前,達興材料,9,0,9
 元大站前,英業達,10,2,8
 元大站前,九暘,8,0,8
 元大站前,達邁,42,34,8
 元大站前,00673R期元大S＆P原油反1,8,0,8
 元大站前,00955中信日本商社,8,0,8
 元大站前,00830國泰費城半導體,8,1,7
 元大站前,00770國泰北美科技,6,0,6
 元大站前,東洋,6,0,6
 元大站前,華航,13,7,6
 元大站前,鈺創,6,0,6
 元大站前,國泰金,8,2,6
 元大站前,材料-KY,5,0,5
 元大站前,三商壽,0,210,-210
 元大站前,00965元大航太防衛科技,0,210,-210
 元大站前,鴻名,0,109,-109
 元大站前,00937B群益ESG投等債20,38,105,-67
 元大站前,神達,84,151,-67
 元大站前,力積電,55,113,-58
 元大站前,環宇-KY,28,74,-46
 元大站前,群創,2,47,-45
 元大站前,富喬,19,60,-41
 元大站前,新光金,5,38,-33
 元大站前,00933B國泰10Y+金融債,0,32,-32
 元大站前,宏致,4,35,-31
 元大站前,玉山金,4,31,-27
 元大站前,長榮航,5,32,-27
 元大站前,00887永豐中國科技50大,0,27,-27
 元大站前,00891中信關鍵半導體,10,36,-26
 元大站前,00929復華台灣科技優息,11,37,-26
 元大站前,大成,1,24,-23
 元大站前,宏達電,83,106,-23
 元大站前,台揚,1,23,-22
 元大站前,元大台灣50,1,22,-21
 元大站前,00631L元大台灣50正2,0,20,-20
 元大站前,光寶科,2,20,-18
 元大站前,王品,0,17,-17
 元大站前,006208富邦台50,1,17,-16
 元大站前,日月光投控,3,19,-16
 元大站前,全漢,1,17,-16
 元大站前,佳能,9,24,-15
 元大站前,陽明,3,17,-14
 元大站前,中信金,0,12,-12
 元大站前,廣達,1,13,-12
 元大站前,和碩,0,11,-11
 元大站前,西勝,0,11,-11
 元大站前,龍德造船,0,11,-11
 元大站前,00878國泰永續高股息,30,40,-10
 元大站前,力麗,0,10,-10
 元大站前,中鴻,0,10,-10
 元大站前,台化,10,20,-10
 元大站前,華泰,0,10,-10
 元大站前,燿華,0,9,-9
 元大站前,三陽工業,1,10,-9
 元大站前,榮剛,1,10,-9
 元大站前,富強鑫,1,10,-9
 元大站前,00650L復華香港正2,1,10,-9
 元大站前,00753L中信中國50正2,0,9,-9
 元大站前,明泰,0,9,-9
 元大站前,中鋼,15,24,-9
 元大站前,中電,0,8,-8
 元大站前,楠梓電,0,8,-8
 元大站前,玉晶光,3,11,-8
凱基中港,00637L元大滬深300正2,155,1,154
凱基中港,聯電,148,23,125
凱基中港,00937B群益ESG投等債20,84,2,82
凱基中港,瀚宇博,81,1,80
凱基中港,台中銀,50,0,50
凱基中港,慶豐富,51,1,50
凱基中港,00720B元大投資級公司債,38,0,38
凱基中港,00632R元大台灣50反1,35,2,33
凱基中港,浪凡,33,0,33
凱基中港,00954中信日本半導體,30,0,30
凱基中港,00949復華日本龍頭,30,0,30
凱基中港,00673R期元大S＆P原油反1,30,0,30
凱基中港,元大高股息,42,13,29
凱基中港,海光,30,3,27
凱基中港,力麗,27,0,27
凱基中港,00858永豐美國500大,25,0,25
凱基中港,00915凱基優選高股息30,24,1,23
凱基中港,00945B凱基美國非投等債,23,0,23
凱基中港,加百裕,78,55,23
凱基中港,緯創,45,22,23
凱基中港,元大台灣50,23,1,22
凱基中港,星宇航空,22,0,22
凱基中港,00753L中信中國50正2,22,1,21
凱基中港,雄獅,21,0,21
凱基中港,東陽,20,0,20
凱基中港,00706L期元大S＆P日圓正2,18,0,18
凱基中港,昆盈,37,22,15
凱基中港,富喬,17,2,15
凱基中港,00897富邦基因免疫生技,14,0,14
凱基中港,慧洋-KY,12,0,12
凱基中港,00882中信中國高股息,22,10,12
凱基中港,00679B元大美債20年,12,0,12
凱基中港,00830國泰費城半導體,14,2,12
凱基中港,欣興,12,1,11
凱基中港,00733富邦臺灣中小,11,0,11
凱基中港,宏��,11,0,11
凱基中港,立��,15,4,11
凱基中港,興能高,498,488,10
凱基中港,盟立,11,1,10
凱基中港,興富發,10,0,10
凱基中港,訊芯-KY,14,4,10
凱基中港,亞泰,12,2,10
凱基中港,00946群益科技高息成長,10,0,10
凱基中港,東隆興,10,0,10
凱基中港,晉倫,11,1,10
凱基中港,廣宇,10,0,10
凱基中港,00919群益台灣精選高息,12,2,10
凱基中港,新盛力,372,362,10
凱基中港,00918大華優利高填息30,9,0,9
凱基中港,00910第一金太空衛星,11,2,9
凱基中港,凱基金,15,171,-156
凱基中港,廣運,0,111,-111
凱基中港,00905FT臺灣Smart,3,60,-57
凱基中港,日月光投控,53,107,-54
凱基中港,力積電,35,89,-54
凱基中港,泰山,0,50,-50
凱基中港,華航,5,44,-39
凱基中港,元翎,0,37,-37
凱基中港,00929復華台灣科技優息,2,36,-34
凱基中港,立敦,38,71,-33
凱基中港,00941中信上游半導體,1,33,-32
凱基中港,達邁,59,90,-31
凱基中港,泰谷,0,30,-30
凱基中港,五鼎,0,30,-30
凱基中港,00878國泰永續高股息,31,60,-29
凱基中港,矽格,1,30,-29
凱基中港,正德,1,30,-29
凱基中港,高技,7,35,-28
凱基中港,精成科,33,59,-26
凱基中港,友訊,10,36,-26
凱基中港,映泰,1,26,-25
凱基中港,中鴻,1,23,-22
凱基中港,騰輝電子-KY,0,22,-22
凱基中港,中信金,0,22,-22
凱基中港,昇陽半導體,4,25,-21
凱基中港,00922國泰台灣領袖50,0,19,-19
凱基中港,陽明,6,24,-18
凱基中港,00971野村美國研發龍頭,1,18,-17
凱基中港,業強,0,16,-16
凱基中港,00892富邦台灣半導體,0,15,-15
凱基中港,聯光通,12,26,-14
凱基中港,佳世達,0,14,-14
凱基中港,貿聯-KY,0,14,-14
凱基中港,00951台新日本半導體,30,44,-14
凱基中港,台通,0,12,-12
凱基中港,全友,0,12,-12
凱基中港,00927群益半導體收益,1,12,-11
凱基中港,00980B台新特選IG債10+,0,11,-11
凱基中港,中興電,4,14,-10
凱基中港,00934中信成長高股息,0,10,-10
凱基中港,富鼎,0,10,-10
凱基中港,國泰金,0,9,-9
凱基中港,和碩,0,9,-9
凱基中港,宏達電,53,62,-9
凱基中港,辛耘,0,9,-9
凱基中港,元大寶滬深,0,9,-9
凱基中港,華城,3,11,-8
凱基中港,環宇-KY,15,23,-8
凱基中港,群益證,0,8,-8
凱基中港,富邦金,0,8,-8
華南忠孝,力積電,605,109,496
華南忠孝,合勤控,40,0,40
華南忠孝,廣宇,31,0,31
華南忠孝,00948B中信優息投資級債,20,0,20
華南忠孝,彩晶,20,0,20
華南忠孝,海華,20,1,19
華南忠孝,欣興,22,9,13
華南忠孝,00919群益台灣精選高息,13,0,13
華南忠孝,緯創,13,0,13
華南忠孝,揚明光,17,4,13
華南忠孝,宏達電,20,8,12
華南忠孝,宏齊,11,0,11
華南忠孝,中環,10,0,10
華南忠孝,第一金,10,0,10
華南忠孝,聯亞,10,0,10
華南忠孝,瀚宇博,10,0,10
華南忠孝,中石化,10,1,9
華南忠孝,聯電,8,0,8
華南忠孝,00960野村全球航運龍頭,8,0,8
華南忠孝,00878國泰永續高股息,7,0,7
華南忠孝,中華,7,0,7
華南忠孝,濱川,17,11,6
華南忠孝,00927群益半導體收益,6,0,6
華南忠孝,大成鋼,13,7,6
華南忠孝,淳安,6,0,6
華南忠孝,新日興,6,0,6
華南忠孝,加百裕,27,22,5
華南忠孝,錸寶,5,0,5
華南忠孝,亞光,9,4,5
華南忠孝,00637L元大滬深300正2,4,0,4
華南忠孝,海光,4,0,4
華南忠孝,友訊,10,6,4
華南忠孝,陽明,5,1,4
華南忠孝,世界,4,0,4
華南忠孝,元晶,4,0,4
華南忠孝,現觀科,4,0,4
華南忠孝,00937B群益ESG投等債20,4,0,4
華南忠孝,眾達-KY,5,2,3
華南忠孝,金寶,3,0,3
華南忠孝,景碩,3,0,3
華南忠孝,熱映,3,0,3
華南忠孝,御嵿,3,0,3
華南忠孝,廣明,3,0,3
華南忠孝,精成科,7,4,3
華南忠孝,雷科,4,1,3
華南忠孝,興能高,45,42,3
華南忠孝,康霈*,3,0,3
華南忠孝,立��,4,1,3
華南忠孝,台星科,2,0,2
華南忠孝,迅得,11,9,2
華南忠孝,南亞科,0,55,-55
華南忠孝,統一實,2,37,-35
華南忠孝,夆典,0,30,-30
華南忠孝,鴻準,0,30,-30
華南忠孝,宏致,16,42,-26
華南忠孝,彬台,0,25,-25
華南忠孝,00940元大台灣價值高息,0,21,-21
華南忠孝,凱基金,0,20,-20
華南忠孝,台積電,1,16,-15
華南忠孝,華新,0,15,-15
華南忠孝,欣銓,2,17,-15
華南忠孝,環宇-KY,16,30,-14
華南忠孝,華榮,0,10,-10
華南忠孝,長榮航,0,10,-10
華南忠孝,中砂,0,9,-9
華南忠孝,00688L國泰20年美債正2,0,9,-9
華南忠孝,富喬,0,9,-9
華南忠孝,立隆電,2,9,-7
華南忠孝,可成,0,7,-7
華南忠孝,敦泰,0,7,-7
華南忠孝,立端,0,7,-7
華南忠孝,00941中信上游半導體,0,6,-6
華南忠孝,志強-KY,0,6,-6
華南忠孝,006208富邦台50,0,6,-6
華南忠孝,華夏,0,5,-5
華南忠孝,台泥,0,5,-5
華南忠孝,華南金,0,5,-5
華南忠孝,驊訊,0,5,-5
華南忠孝,元大台灣50,0,5,-5
華南忠孝,台達電,0,4,-4
華南忠孝,台塑,4,8,-4
華南忠孝,00895富邦未來車,0,4,-4
華南忠孝,岱宇,0,4,-4
華南忠孝,錩新,0,4,-4
華南忠孝,大銀微系統,1,5,-4
華南忠孝,神達,34,38,-4
華南忠孝,華城,0,3,-3
華南忠孝,堤維西,0,3,-3
華南忠孝,中華電,0,3,-3
華南忠孝,長榮航太,0,3,-3
華南忠孝,晟銘電,0,3,-3
華南忠孝,宏觀,3,6,-3
華南忠孝,芯鼎,0,3,-3
華南忠孝,ITH-KY,0,3,-3
華南忠孝,台虹,0,3,-3
華南忠孝,百和興業-KY,0,3,-3
華南忠孝,泰金寶-DR,0,3,-3
華南忠孝,鴻海,2,5,-3
華南忠孝,長榮,1,4,-3
華南忠孝,日月光投控,0,2,-2
 元富板橋,00953B群益優選非投等債,308,0,308
 元富板橋,00676R富邦臺灣加權反1,100,0,100
 元富板橋,聯電,189,97,92
 元富板橋,恆大,75,0,75
 元富板橋,僑威,82,11,71
 元富板橋,三商壽,80,11,69
 元富板橋,00643群益深証中小,30,0,30
 元富板橋,中光電,29,2,27
 元富板橋,00919群益台灣精選高息,33,8,25
 元富板橋,彰銀,22,2,20
 元富板橋,亞光,42,23,19
 元富板橋,驊訊,20,1,19
 元富板橋,元大高股息,17,1,16
 元富板橋,京元電子,16,0,16
 元富板橋,廣宇,32,16,16
 元富板橋,泰金寶-DR,64,48,16
 元富板橋,濱川,14,1,13
 元富板橋,國光生,15,2,13
 元富板橋,宏達電,179,166,13
 元富板橋,立��,37,25,12
 元富板橋,00770國泰北美科技,10,0,10
 元富板橋,台船,10,0,10
 元富板橋,建準,10,0,10
 元富板橋,立敦,47,37,10
 元富板橋,朋億*,10,0,10
 元富板橋,聯鈞,86,77,9
 元富板橋,興能高,163,154,9
 元富板橋,廣達,20,10,10
 元富板橋,星通,9,0,9
 元富板橋,世紀鋼,11,2,9
 元富板橋,逸昌,9,0,9
 元富板橋,00632R元大台灣50反1,14,5,9
 元富板橋,能率,9,0,9
 元富板橋,亞泰,10,1,9
 元富板橋,大成鋼,11,2,9
 元富板橋,旺宏,8,0,8
 元富板橋,新華,8,0,8
 元富板橋,騰輝電子-KY,8,0,8
 元富板橋,健喬,10,2,8
 元富板橋,新應材,8,1,7
 元富板橋,欣興,18,11,7
 元富板橋,00971野村美國研發龍頭,7,0,7
 元富板橋,廣運,8,1,7
 元富板橋,00687B國泰20年美債,8,1,7
 元富板橋,中美晶,7,0,7
 元富板橋,00958B永豐ESG銀行債15,7,0,7
 元富板橋,雄獅,7,0,7
 元富板橋,台塑,10,3,7
 元富板橋,00882中信中國高股息,7,0,7
 元富板橋,00637L元大滬深300正2,83,76,7
 元富板橋,新光金,0,3967,-3967
 元富板橋,00980B台新特選IG債10+,0,455,-455
 元富板橋,00680L元大美債20正2,15,344,-329
 元富板橋,00970B新光BBB投等債20,0,300,-300
 元富板橋,00959B大華投等美債15Y+,0,250,-250
 元富板橋,力積電,48,244,-196
 元富板橋,00940元大台灣價值高息,0,155,-155
 元富板橋,00948B中信優息投資級債,1,100,-99
 元富板橋,00673R期元大S＆P原油反1,2,100,-98
 元富板橋,華航,5,69,-64
 元富板橋,神達,144,201,-57
 元富板橋,仁寶,0,53,-53
 元富板橋,邁達特,3,55,-52
 元富板橋,欣銓,5,48,-43
 元富板橋,00918大華優利高填息30,50,84,-34
 元富板橋,新日興,7,40,-33
 元富板橋,00852L國泰美國道瓊正2,1,30,-29
 元富板橋,谷崧,0,25,-25
 元富板橋,新纖,0,23,-23
 元富板橋,00941中信上游半導體,0,23,-23
 元富板橋,東科-KY,0,22,-22
 元富板橋,創惟,5,26,-21
 元富板橋,華新,0,21,-21
 元富板橋,益航,0,20,-20
 元富板橋,昇達科,4,24,-20
 元富板橋,華南金,0,20,-20
 元富板橋,信邦,0,20,-20
 元富板橋,00751B元大AAA至A公司債,0,20,-20
 元富板橋,華晶科,0,19,-19
 元富板橋,順達,8,27,-19
 元富板橋,連展投控,5,22,-17
 元富板橋,00929復華台灣科技優息,0,17,-17
 元富板橋,長榮,5,21,-16
 元富板橋,晟銘電,1,16,-15
 元富板橋,00712復華富時不動產,0,15,-15
 元富板橋,鈺齊-KY,0,14,-14
 元富板橋,英業達,27,41,-14
 元富板橋,大同,7,21,-14
 元富板橋,榮剛,0,13,-13
 元富板橋,精成科,7,20,-13
 元富板橋,南亞,0,12,-12
 元富板橋,中華電,0,12,-12
 元富板橋,宏致,0,11,-11
 元富板橋,中鴻,0,11,-11
 元富板橋,良維,0,11,-11
 元富板橋,長榮航,7,18,-11
 元富板橋,三一東林,0,11,-11
 元富板橋,群創,2,13,-11
 元富板橋,金寶,15,26,-11
 元富板橋,006208富邦台50,0,11,-11
大昌新店,新光金,413,14,399
大昌新店,聯電,281,52,229
大昌新店,00650L復華香港正2,123,0,123
大昌新店,鴻海,148,45,103
大昌新店,兆豐金,86,2,84
大昌新店,00675L富邦臺灣加權正2,75,4,71
大昌新店,00753L中信中國50正2,63,0,63
大昌新店,欣銓,98,46,52
大昌新店,00641R富邦日本反1,50,0,50
大昌新店,00637L元大滬深300正2,65,16,49
大昌新店,00895富邦未來車,50,5,45
大昌新店,00680L元大美債20正2,81,40,41
大昌新店,友達,53,16,37
大昌新店,00687B國泰20年美債,39,2,37
大昌新店,神達,139,102,37
大昌新店,00882中信中國高股息,35,1,34
大昌新店,00661元大日經225,33,0,33
大昌新店,00652富邦印度,31,0,31
大昌新店,龍德造船,33,3,30
大昌新店,昇陽半導體,29,1,28
大昌新店,大成鋼,26,2,24
大昌新店,晶華,27,5,22
大昌新店,麗正,21,0,21
大昌新店,00646元大S＆P500,21,0,21
大昌新店,00919群益台灣精選高息,21,1,20
大昌新店,久昌,20,0,20
大昌新店,環宇-KY,51,31,20
大昌新店,亞翔,31,14,17
大昌新店,長聖,17,0,17
大昌新店,達邁,44,29,15
大昌新店,英業達,40,26,14
大昌新店,合庫金,14,0,14
大昌新店,亞光,23,9,14
大昌新店,廣達,26,12,14
大昌新店,00878國泰永續高股息,21,8,13
大昌新店,玉山金,13,0,13
大昌新店,耀登,12,0,12
大昌新店,緯創,36,24,12
大昌新店,00679B元大美債20年,14,3,11
大昌新店,揚明光,11,0,11
大昌新店,00918大華優利高填息30,10,0,10
大昌新店,仲琦,10,0,10
大昌新店,瀚荃,10,0,10
大昌新店,00960野村全球航運龍頭,10,0,10
大昌新店,00948B中信優息投資級債,10,0,10
大昌新店,聯鈞,25,16,9
大昌新店,欣興,18,9,9
大昌新店,炎洲,10,1,9
大昌新店,力致,10,1,9
大昌新店,廣運,10,1,9
大昌新店,00937B群益ESG投等債20,20,1154,-1134
大昌新店,力積電,43,163,-120
大昌新店,00887永豐中國科技50大,0,112,-112
大昌新店,仁寶,4,103,-99
大昌新店,中信金,11,84,-73
大昌新店,00850元大臺灣ESG永續,0,63,-63
大昌新店,00664R國泰臺灣加權反1,0,60,-60
大昌新店,00929復華台灣科技優息,2,62,-60
大昌新店,成霖,0,55,-55
大昌新店,長榮航,15,62,-47
大昌新店,富邦金,1,45,-44
大昌新店,00940元大台灣價值高息,0,43,-43
大昌新店,宏致,7,49,-42
大昌新店,台汽電,0,36,-36
大昌新店,00852L國泰美國道瓊正2,0,35,-35
大昌新店,大同,9,41,-32
大昌新店,00877復華中國5G,0,32,-32
大昌新店,迅得,1,32,-31
大昌新店,00673R期元大S＆P原油反1,0,30,-30
大昌新店,群創,7,34,-27
大昌新店,橋椿,0,26,-26
大昌新店,00642U期元大S＆P石油,0,26,-26
大昌新店,華南金,0,23,-23
大昌新店,聯詠,0,21,-21
大昌新店,神基,2,20,-18
大昌新店,元翎,0,18,-18
大昌新店,威剛,2,20,-18
大昌新店,00632R元大台灣50反1,30,48,-18
大昌新店,連展投控,18,35,-17
大昌新店,千興,0,16,-16
大昌新店,宏達電,35,51,-16
大昌新店,永冠-KY,0,15,-15
大昌新店,國泰金,1,16,-15
大昌新店,晟銘電,2,16,-14
大昌新店,中工,16,30,-14
大昌新店,台塑,13,27,-14
大昌新店,冠德,0,14,-14
大昌新店,華航,9,22,-13
大昌新店,00932兆豐永續高息等權,0,13,-13
大昌新店,彰銀,0,13,-13
大昌新店,寶成,5,17,-12
大昌新店,台達電,1,13,-12
大昌新店,茂迪,0,11,-11
大昌新店,永豐金,3,14,-11
大昌新店,華邦電,1,12,-11
大昌新店,00923群益台ESG低碳50,0,11,-11
大昌新店,鳳凰,0,10,-10
大昌新店,頎邦,1,11,-10
大昌新店,中纖,0,10,-10
大昌新店,三晃,0,10,-10
國泰松江,聯電,183,43,140
國泰松江,00937B群益ESG投等債20,154,25,129
國泰松江,宏致,132,40,92
國泰松江,00953B群益優選非投等債,63,0,63
國泰松江,00632R元大台灣50反1,64,17,47
國泰松江,00948B中信優息投資級債,50,3,47
國泰松江,00919群益台灣精選高息,50,11,39
國泰松江,長榮航,41,9,32
國泰松江,00720B元大投資級公司債,32,1,31
國泰松江,00712復華富時不動產,30,0,30
國泰松江,訊舟,30,0,30
國泰松江,榮運,29,0,29
國泰松江,友訊,26,2,24
國泰松江,環宇-KY,55,31,24
國泰松江,泰金寶-DR,79,56,23
國泰松江,台塑,29,7,22
國泰松江,欣興,36,15,21
國泰松江,寶得利,20,0,20
國泰松江,英業達,31,12,19
國泰松江,國光生,31,12,19
國泰松江,00770國泰北美科技,19,1,18
國泰松江,鈺齊-KY,17,3,14
國泰松江,聯鈞,142,128,14
國泰松江,00662富邦NASDAQ,15,1,14
國泰松江,00878國泰永續高股息,49,36,13
國泰松江,00918大華優利高填息30,16,2,14
國泰松江,大成鋼,23,10,13
國泰松江,兆豐金,16,3,13
國泰松江,00852L國泰美國道瓊正2,18,5,13
國泰松江,00751B元大AAA至A公司債,13,0,13
國泰松江,和椿,27,15,12
國泰松江,漢唐,15,3,12
國泰松江,00706L期元大S＆P日圓正2,12,0,12
國泰松江,上銀,15,4,11
國泰松江,新日興,55,44,11
國泰松江,擎亞,18,7,11
國泰松江,3036A文曄甲特,11,0,11
國泰松江,南茂,15,5,10
國泰松江,00715L期街口布蘭特正2,13,3,10
國泰松江,綠界科技*,10,0,10
國泰松江,集盛,10,1,9
國泰松江,新盛力,118,109,9
國泰松江,00858永豐美國500大,9,0,9
國泰松江,聯發科,10,1,9
國泰松江,寒舍,9,0,9
國泰松江,00679B元大美債20年,11,3,8
國泰松江,雲品,8,0,8
國泰松江,大銀微系統,13,5,8
國泰松江,00719B元大美債1-3,11,3,8
國泰松江,00687B國泰20年美債,57,49,8
國泰松江,中鋼,8,263,-255
國泰松江,華航,10,264,-254
國泰松江,00940元大台灣價值高息,7,190,-183
國泰松江,00929復華台灣科技優息,3,177,-174
國泰松江,006208富邦台50,19,146,-127
國泰松江,00631L元大台灣50正2,14,125,-111
國泰松江,00688L國泰20年美債正2,7,115,-108
國泰松江,宏達電,141,233,-92
國泰松江,00881國泰台灣5G+,7,88,-81
國泰松江,緯創,41,119,-78
國泰松江,00939統一台灣高息動能,0,62,-62
國泰松江,神基,2,62,-60
國泰松江,00891中信關鍵半導體,1,47,-46
國泰松江,00670L富邦NASDAQ正2,7,50,-43
國泰松江,國泰金,3,42,-39
國泰松江,00680L元大美債20正2,88,125,-37
國泰松江,欣銓,22,55,-33
國泰松江,鴻海,40,73,-33
國泰松江,蔚華科,0,30,-30
國泰松江,亞翔,10,40,-30
國泰松江,台積電,19,47,-28
國泰松江,元大台灣50,8,36,-28
國泰松江,富邦金,2,30,-28
國泰松江,00951台新日本半導體,0,27,-27
國泰松江,日月光投控,2,28,-26
國泰松江,00909國泰數位支付服務,1,25,-24
國泰松江,神達,150,174,-24
國泰松江,長華*,1,25,-24
國泰松江,凱基金,3,24,-21
國泰松江,00664R國泰臺灣加權反1,10,31,-21
國泰松江,大亞,1,21,-20
國泰松江,00965元大航太防衛科技,0,20,-20
國泰松江,興能高,68,88,-20
國泰松江,00941中信上游半導體,0,19,-19
國泰松江,榮創,2,20,-18
國泰松江,友達,1,16,-15
國泰松江,矽格,2,17,-15
國泰松江,玉山金,2,17,-15
國泰松江,00923群益台ESG低碳50,0,15,-15
國泰松江,精英,0,14,-14
國泰松江,力積電,55,69,-14
國泰松江,旺宏,2,15,-13
國泰松江,華通,5,18,-13
國泰松江,00913兆豐台灣晶圓製造,0,13,-13
國泰松江,台灣虎航,9,21,-12
國泰松江,上海商銀,0,12,-12
國泰松江,新光金,1,12,-11
國泰松江,光鋐,16,27,-11
國泰松江,中工,0,10,-10
國泰松江,大同,30,40,-10
土銀高雄,00665L富邦�琤肭磪囓�2,566,0,566
土銀高雄,元大高股息,68,0,68
土銀高雄,聯上發,30,0,30
土銀高雄,華友聯,15,0,15
土銀高雄,聯電,26,12,14
土銀高雄,台中銀,12,0,12
土銀高雄,台塑,13,2,11
土銀高雄,中電,10,0,10
土銀高雄,00664R國泰臺灣加權反1,10,0,10
土銀高雄,錸德,10,0,10
土銀高雄,聯合再生,10,0,10
土銀高雄,南亞,9,0,9
土銀高雄,緯創,13,4,9
土銀高雄,00687B國泰20年美債,7,0,7
土銀高雄,006208富邦台50,6,0,6
土銀高雄,新纖,6,0,6
土銀高雄,星宇航空,6,0,6
土銀高雄,競國,6,0,6
土銀高雄,台積電,7,1,6
土銀高雄,恆大,5,0,5
土銀高雄,00701國泰股利精選30,5,0,5
土銀高雄,富邦科技,5,0,5
土銀高雄,光寶科,5,0,5
土銀高雄,建通,5,0,5
土銀高雄,龍邦,5,0,5
土銀高雄,國光生,5,0,5
土銀高雄,菱光,5,0,5
土銀高雄,元大台灣50,5,0,5
土銀高雄,中鋼,6,2,4
土銀高雄,品安,4,0,4
土銀高雄,00633L富邦上証正2,3,0,3
土銀高雄,00915凱基優選高股息30,3,0,3
土銀高雄,00911兆豐洲際半導體,3,0,3
土銀高雄,泰山,3,0,3
土銀高雄,華邦電,3,0,3
土銀高雄,佳世達,3,0,3
土銀高雄,台新金,3,0,3
土銀高雄,雙邦,3,0,3
土銀高雄,興能高,13,10,3
土銀高雄,南亞科,2,0,2
土銀高雄,00922國泰台灣領袖50,3,1,2
土銀高雄,允強,2,0,2
土銀高雄,堤維西,2,0,2
土銀高雄,立隆電,5,3,2
土銀高雄,宏達電,45,43,2
土銀高雄,兆豐金,2,0,2
土銀高雄,中信金,2,0,2
土銀高雄,光環,2,0,2
土銀高雄,鼎天,2,0,2
土銀高雄,和椿,5,3,2
土銀高雄,力積電,1,248,-247
土銀高雄,00940元大台灣價值高息,0,231,-231
土銀高雄,泰金寶-DR,17,176,-159
土銀高雄,華南金,1,50,-49
土銀高雄,神達,16,51,-35
土銀高雄,群創,0,25,-25
土銀高雄,太景*-KY,0,25,-25
土銀高雄,映泰,0,20,-20
土銀高雄,華航,15,30,-15
土銀高雄,00878國泰永續高股息,12,26,-14
土銀高雄,00673R期元大S＆P原油反1,0,10,-10
土銀高雄,國喬,0,10,-10
土銀高雄,億泰,0,10,-10
土銀高雄,中磊,0,9,-9
土銀高雄,寒舍,0,8,-8
土銀高雄,氣立,0,7,-7
土銀高雄,富喬,4,10,-6
土銀高雄,南港,0,6,-6
土銀高雄,長榮航,6,12,-6
土銀高雄,太普高,0,5,-5
土銀高雄,國泰金,0,5,-5
土銀高雄,東台,0,5,-5
土銀高雄,大武山,0,5,-5
土銀高雄,華城,0,4,-4
土銀高雄,富鼎,0,4,-4
土銀高雄,奇鋐,1,4,-3
土銀高雄,00929復華台灣科技優息,0,3,-3
土銀高雄,華泰,0,3,-3
土銀高雄,鴻準,0,3,-3
土銀高雄,超豐,0,3,-3
土銀高雄,凱基金,0,3,-3
土銀高雄,元大金,0,3,-3
土銀高雄,湧德,0,3,-3
土銀高雄,慧友,0,3,-3
土銀高雄,創威,4,7,-3
土銀高雄,福華,0,3,-3
土銀高雄,中興電,0,2,-2
土銀高雄,00930永豐ESG低碳高息,0,2,-2
土銀高雄,00952凱基台灣AI50,0,2,-2
土銀高雄,00725B國泰投資級公司債,0,2,-2
土銀高雄,宏旭-KY,0,2,-2
土銀高雄,友訊,1,3,-2
土銀高雄,信邦,0,2,-2
土銀高雄,科風,0,2,-2
土銀高雄,鈞寶,0,2,-2
土銀高雄,廣明,0,2,-2
土銀高雄,國邑*,0,2,-2
土銀高雄,鈺齊-KY,0,2,-2
土銀高雄,00670L富邦NASDAQ正2,0,1,-1
土銀高雄,廣達,0,1,-1
國泰忠孝,00937B群益ESG投等債20,224,5,219
國泰忠孝,豐藝,100,0,100
國泰忠孝,00919群益台灣精選高息,95,4,91
國泰忠孝,00680L元大美債20正2,301,217,84
國泰忠孝,春源,80,0,80
國泰忠孝,緯創,81,14,67
國泰忠孝,邦泰,57,0,57
國泰忠孝,高技,41,2,39
國泰忠孝,聯電,143,105,38
國泰忠孝,國光生,33,0,33
國泰忠孝,泰山,31,0,31
國泰忠孝,上緯投控,32,2,30
國泰忠孝,00701國泰股利精選30,30,1,29
國泰忠孝,揚智,23,0,23
國泰忠孝,00655L國泰中國A50正2,22,0,22
國泰忠孝,新華,21,0,21
國泰忠孝,00713元大台灣高息低波,22,1,21
國泰忠孝,力積電,50,30,20
國泰忠孝,2887Z1台新己特,20,0,20
國泰忠孝,00927群益半導體收益,19,0,19
國泰忠孝,00877復華中國5G,20,2,18
國泰忠孝,立德,17,0,17
國泰忠孝,合庫金,25,8,17
國泰忠孝,擎亞,44,27,17
國泰忠孝,台玻,14,0,14
國泰忠孝,世界,12,0,12
國泰忠孝,00637L元大滬深300正2,29,17,12
國泰忠孝,康那香,12,0,12
國泰忠孝,00910第一金太空衛星,13,2,11
國泰忠孝,零壹,12,1,11
國泰忠孝,大立,11,0,11
國泰忠孝,00933B國泰10Y+金融債,10,0,10
國泰忠孝,聯發,10,0,10
國泰忠孝,00916國泰全球品牌50,10,0,10
國泰忠孝,00762元大全球AI,10,0,10
國泰忠孝,00633L富邦上証正2,10,0,10
國泰忠孝,亞昕,10,0,10
國泰忠孝,00957B兆豐US優選投等債,10,0,10
國泰忠孝,宅配通,10,0,10
國泰忠孝,00706L期元大S＆P日圓正2,10,0,10
國泰忠孝,精誠,10,0,10
國泰忠孝,金像電,20,10,10
國泰忠孝,華新,10,1,9
國泰忠孝,00931B統一美債20年,8,0,8
國泰忠孝,松瑞藥,8,0,8
國泰忠孝,3036A文曄甲特,8,0,8
國泰忠孝,新唐,8,0,8
國泰忠孝,波若威,52,44,8
國泰忠孝,京元電子,8,0,8
國泰忠孝,兆豐金,8,0,8
國泰忠孝,00753L中信中國50正2,15,200,-185
國泰忠孝,00664R國泰臺灣加權反1,19,150,-131
國泰忠孝,宏達電,79,209,-130
國泰忠孝,惠特,3,100,-97
國泰忠孝,00929復華台灣科技優息,3,97,-94
國泰忠孝,00953B群益優選非投等債,0,82,-82
國泰忠孝,中信金,5,72,-67
國泰忠孝,國泰金,15,80,-65
國泰忠孝,宏全,0,60,-60
國泰忠孝,昇達科,15,73,-58
國泰忠孝,00725B國泰投資級公司債,6,57,-51
國泰忠孝,00922國泰台灣領袖50,1,48,-47
國泰忠孝,致伸,0,47,-47
國泰忠孝,凱基金,0,47,-47
國泰忠孝,00939統一台灣高息動能,0,46,-46
國泰忠孝,誠美材,0,40,-40
國泰忠孝,圓剛,1,38,-37
國泰忠孝,00959B大華投等美債15Y+,4,40,-36
國泰忠孝,00918大華優利高填息30,6,41,-35
國泰忠孝,00905FT臺灣Smart,0,35,-35
國泰忠孝,創惟,18,52,-34
國泰忠孝,00881國泰台灣5G+,15,48,-33
國泰忠孝,元大台灣50,5,35,-30
國泰忠孝,00751B元大AAA至A公司債,7,37,-30
國泰忠孝,志強-KY,4,32,-28
國泰忠孝,長榮航,57,83,-26
國泰忠孝,神達,156,181,-25
國泰忠孝,006208富邦台50,27,52,-25
國泰忠孝,天剛,0,24,-24
國泰忠孝,鴻華先進-創,0,22,-22
國泰忠孝,新光金,0,22,-22
國泰忠孝,宏致,14,36,-22
國泰忠孝,允強,0,21,-21
國泰忠孝,兆勁,0,21,-21
國泰忠孝,00926凱基全球菁英55,1,21,-20
國泰忠孝,創威,0,20,-20
國泰忠孝,台灣虎航,6,26,-20
國泰忠孝,台積電,12,30,-18
國泰忠孝,00631L元大台灣50正2,3,22,-19
國泰忠孝,日月光投控,2,20,-18
國泰忠孝,新盛力,118,135,-17
國泰忠孝,廣運,3,20,-17
國泰忠孝,臺企銀,0,16,-16
國泰忠孝,柏騰,18,34,-16
國泰忠孝,亞翔,5,20,-15
國泰忠孝,威強電,0,14,-14
國泰忠孝,00693U期街口S＆P黃豆,0,14,-14
國泰忠孝,華航,12,26,-14
國泰忠孝,00949復華日本龍頭,0,14,-14
國泰忠孝,00687B國泰20年美債,29,43,-14
兆豐大同,冠德,800,0,800
兆豐大同,一詮,57,1,56
兆豐大同,台康生技,25,5,20
兆豐大同,凱基金,20,1,19
兆豐大同,商億-KY,15,0,15
兆豐大同,台積電,26,12,14
兆豐大同,00637L元大滬深300正2,34,21,13
兆豐大同,00680L元大美債20正2,13,0,13
兆豐大同,普安,13,0,13
兆豐大同,緯創,25,12,13
兆豐大同,神達,16,5,11
兆豐大同,台燿,11,0,11
兆豐大同,00687B國泰20年美債,10,0,10
兆豐大同,00891中信關鍵半導體,9,0,9
兆豐大同,大統新創,7,0,7
兆豐大同,僑威,13,6,7
兆豐大同,台達電,7,0,7
兆豐大同,聯電,8,1,7
兆豐大同,元大高股息,6,0,6
兆豐大同,英濟,12,6,6
兆豐大同,國光生,6,0,6
兆豐大同,科懋,6,0,6
兆豐大同,擎亞,30,24,6
兆豐大同,力積電,6,0,6
兆豐大同,00918大華優利高填息30,10,5,5
兆豐大同,勤誠,5,0,5
兆豐大同,00652富邦印度,4,0,4
兆豐大同,華通,6,2,4
兆豐大同,六角,4,0,4
兆豐大同,順達,8,4,4
兆豐大同,景碩,4,0,4
兆豐大同,大成鋼,4,0,4
兆豐大同,金寶,5,2,3
兆豐大同,所羅門,3,0,3
兆豐大同,誠美材,3,0,3
兆豐大同,十銓,5,2,3
兆豐大同,華電網,3,0,3
兆豐大同,光菱,3,0,3
兆豐大同,大億金茂,3,0,3
兆豐大同,威宏-KY,3,0,3
兆豐大同,康霈*,3,0,3
兆豐大同,華航,3,1,2
兆豐大同,00919群益台灣精選高息,2,0,2
兆豐大同,00795B中信美國公債20年,3,1,2
兆豐大同,00895富邦未來車,2,0,2
兆豐大同,00893國泰智能電動車,2,0,2
兆豐大同,00971野村美國研發龍頭,2,0,2
兆豐大同,台泥,2,0,2
兆豐大同,首利,2,0,2
兆豐大同,耿鼎,2,0,2
兆豐大同,2838A聯邦銀甲特,0,265,-265
兆豐大同,00959B大華投等美債15Y+,1,150,-149
兆豐大同,00980B台新特選IG債10+,0,140,-140
兆豐大同,00937B群益ESG投等債20,0,100,-100
兆豐大同,00668國泰美國道瓊,0,40,-40
兆豐大同,建大,0,30,-30
兆豐大同,00665L富邦�琤肭磪囓�2,2,26,-24
兆豐大同,00922國泰台灣領袖50,8,30,-22
兆豐大同,元大台灣50,0,20,-20
兆豐大同,00929復華台灣科技優息,0,20,-20
兆豐大同,00932兆豐永續高息等權,0,20,-20
兆豐大同,00965元大航太防衛科技,0,20,-20
兆豐大同,00725B國泰投資級公司債,0,20,-20
兆豐大同,00740B富邦全球投等債,2,20,-18
兆豐大同,南良,0,18,-18
兆豐大同,台南,0,12,-12
兆豐大同,富喬,6,18,-12
兆豐大同,00905FT臺灣Smart,0,11,-11
兆豐大同,00645富邦日本,0,10,-10
兆豐大同,新光鋼,0,10,-10
兆豐大同,國泰金,0,10,-10
兆豐大同,定穎投控,0,10,-10
兆豐大同,事欣科,0,10,-10
兆豐大同,宏致,2,11,-9
兆豐大同,00650L復華香港正2,0,8,-8
兆豐大同,燿華,0,8,-8
兆豐大同,東浦,0,8,-8
兆豐大同,中信金,0,7,-7
兆豐大同,彬台,11,18,-7
兆豐大同,泰鼎-KY,2,9,-7
兆豐大同,00923群益台ESG低碳50,0,6,-6
兆豐大同,華新,0,6,-6
兆豐大同,仁寶,0,6,-6
兆豐大同,宏達電,24,30,-6
兆豐大同,佶優,0,6,-6
兆豐大同,合騏,1,7,-6
兆豐大同,欣銓,4,10,-6
兆豐大同,京元電子,0,5,-5
兆豐大同,新日興,4,9,-5
兆豐大同,聯茂,2,7,-5
兆豐大同,波若威,54,58,-4
兆豐大同,00954中信日本半導體,10,14,-4
兆豐大同,奇鋐,0,4,-4
兆豐大同,新唐,0,4,-4
兆豐大同,華星光,37,41,-4
兆豐大同,均豪,0,4,-4
兆豐大同,鈺邦,0,4,-4
兆豐大同,鈺齊-KY,1,5,-4
兆豐大同,漢唐,2,5,-3
兆豐大同,00877復華中國5G,0,3,-3
永豐敦南,浪凡,300,1,299
永豐敦南,00719B元大美債1-3,155,3,152
永豐敦南,00632R元大台灣50反1,107,0,107
永豐敦南,欣銓,232,148,84
永豐敦南,波若威,219,140,79
永豐敦南,00919群益台灣精選高息,80,5,75
永豐敦南,台積電,109,36,73
永豐敦南,龍德造船,69,3,66
永豐敦南,新日興,145,88,57
永豐敦南,力積電,132,76,56
永豐敦南,台塑化,58,2,56
永豐敦南,00878國泰永續高股息,69,19,50
永豐敦南,00959B大華投等美債15Y+,50,0,50
永豐敦南,精成科,59,9,50
永豐敦南,00910第一金太空衛星,47,2,45
永豐敦南,00680L元大美債20正2,52,7,45
永豐敦南,00937B群益ESG投等債20,86,43,43
永豐敦南,星宇航空,50,8,42
永豐敦南,保瑞,55,17,38
永豐敦南,順達,53,16,37
永豐敦南,00687B國泰20年美債,45,11,34
永豐敦南,聯電,184,152,32
永豐敦南,晟德,31,0,31
永豐敦南,00953B群益優選非投等債,30,0,30
永豐敦南,澤米,29,2,27
永豐敦南,00882中信中國高股息,32,6,26
永豐敦南,00753L中信中國50正2,27,1,26
永豐敦南,兆豐金,24,0,24
永豐敦南,創惟,30,6,24
永豐敦南,00650L復華香港正2,29,6,23
永豐敦南,長華*,22,0,22
永豐敦南,中鋼,33,11,22
永豐敦南,00858永豐美國500大,22,1,21
永豐敦南,全新,33,13,20
永豐敦南,00706L期元大S＆P日圓正2,20,0,20
永豐敦南,00637L元大滬深300正2,99,79,20
永豐敦南,亞翔,24,4,20
永豐敦南,鴻海,39,19,20
永豐敦南,00931B統一美債20年,21,2,19
永豐敦南,欣興,20,1,19
永豐敦南,元大高股息,30,13,17
永豐敦南,擎亞,16,0,16
永豐敦南,立積,22,7,15
永豐敦南,大銀微系統,27,12,15
永豐敦南,00665L富邦�琤肭磪囓�2,15,0,15
永豐敦南,三商壽,15,0,15
永豐敦南,昇陽半導體,31,16,15
永豐敦南,00633L富邦上証正2,14,0,14
永豐敦南,駿吉-KY,14,0,14
永豐敦南,今皓,14,0,14
永豐敦南,華航,0,272,-272
永豐敦南,宏達電,107,301,-194
永豐敦南,00965元大航太防衛科技,0,83,-83
永豐敦南,皇昌,2,84,-82
永豐敦南,00929復華台灣科技優息,2,67,-65
永豐敦南,聯發科,1,60,-59
永豐敦南,長榮航,5,61,-56
永豐敦南,東華,0,53,-53
永豐敦南,00951台新日本半導體,0,50,-50
永豐敦南,00968B元大優息投等債,1,50,-49
永豐敦南,光洋科,4,53,-49
永豐敦南,00933B國泰10Y+金融債,0,47,-47
永豐敦南,友達,9,51,-42
永豐敦南,00949復華日本龍頭,0,40,-40
永豐敦南,00673R期元大S＆P原油反1,0,40,-40
永豐敦南,國泰金,6,43,-37
永豐敦南,元大台灣50,1,38,-37
永豐敦南,00635U期元大S＆P黃金,0,35,-35
永豐敦南,華星光,65,100,-35
永豐敦南,中信金,13,48,-35
永豐敦南,00852L國泰美國道瓊正2,0,33,-33
永豐敦南,台灣虎航,0,32,-32
永豐敦南,德晉,13,43,-30
永豐敦南,00912中信臺灣智慧50,1,29,-28
永豐敦南,前鼎,37,65,-28
永豐敦南,00940元大台灣價值高息,4,32,-28
永豐敦南,漢翔,3,30,-27
永豐敦南,致茂,24,49,-25
永豐敦南,環宇-KY,61,86,-25
永豐敦南,亞光,22,46,-24
永豐敦南,006208富邦台50,13,37,-24
永豐敦南,00941中信上游半導體,0,24,-24
永豐敦南,笙泉,0,22,-22
永豐敦南,00877復華中國5G,1,22,-21
永豐敦南,燿華,12,33,-21
永豐敦南,高技,0,21,-21
永豐敦南,寶徠,0,20,-20
永豐敦南,00738U期元大道瓊白銀,0,20,-20
永豐敦南,新光金,21,39,-18
永豐敦南,台達電,3,20,-17
永豐敦南,00918大華優利高填息30,13,30,-17
永豐敦南,00757統一FANG+,3,19,-16
永豐敦南,九豪,0,16,-16
永豐敦南,中華,0,16,-16
永豐敦南,玉晶光,1,16,-15
永豐敦南,興能高,130,145,-15
永豐敦南,百和興業-KY,0,15,-15
永豐敦南,00885富邦越南,0,15,-15
永豐敦南,華南金,1,15,-14
永豐敦南,光寶科,1,15,-14
 企銀桃園 ,群創,200,9,191
 企銀桃園 ,友達,120,0,120
 企銀桃園 ,華東,100,0,100
 企銀桃園 ,金寶,101,11,90
 企銀桃園 ,聯電,100,14,86
 企銀桃園 ,達運,60,0,60
 企銀桃園 ,亞光,75,20,55
 企銀桃園 ,燿華,40,0,40
 企銀桃園 ,陽明,35,4,31
 企銀桃園 ,興能高,63,40,23
 企銀桃園 ,英業達,22,0,22
 企銀桃園 ,00900富邦特選高股息30,20,0,20
 企銀桃園 ,00918大華優利高填息30,15,0,15
 企銀桃園 ,華通,15,0,15
 企銀桃園 ,00919群益台灣精選高息,13,0,13
 企銀桃園 ,富喬,22,9,13
 企銀桃園 ,錸德,12,0,12
 企銀桃園 ,00881國泰台灣5G+,11,1,10
 企銀桃園 ,00937B群益ESG投等債20,24,15,9
 企銀桃園 ,00687B國泰20年美債,9,0,9
 企銀桃園 ,長榮,10,1,9
 企銀桃園 ,堤維西,13,5,8
 企銀桃園 ,星宇航空,8,0,8
 企銀桃園 ,jpp-KY,8,1,7
 企銀桃園 ,瀚宇博,7,0,7
 企銀桃園 ,新盛力,30,24,6
 企銀桃園 ,環宇-KY,11,5,6
 企銀桃園 ,精成科,6,0,6
 企銀桃園 ,億光,5,0,5
 企銀桃園 ,廣達,6,1,5
 企銀桃園 ,00637L元大滬深300正2,5,0,5
 企銀桃園 ,00940元大台灣價值高息,5,0,5
 企銀桃園 ,三晃,5,0,5
 企銀桃園 ,京城銀,5,0,5
 企銀桃園 ,連展投控,5,0,5
 企銀桃園 ,台塑,11,7,4
 企銀桃園 ,00971野村美國研發龍頭,4,0,4
 企銀桃園 ,昆盈,5,1,4
 企銀桃園 ,新興,4,0,4
 企銀桃園 ,亞泰,4,0,4
 企銀桃園 ,亞翔,5,1,4
 企銀桃園 ,光鼎,4,0,4
 企銀桃園 ,佳邦,5,1,4
 企銀桃園 ,鴻海,10,6,4
 企銀桃園 ,元大高股息,7,3,4
 企銀桃園 ,00632R元大台灣50反1,4,0,4
 企銀桃園 ,00878國泰永續高股息,21,18,3
 企銀桃園 ,廣宇,3,0,3
 企銀桃園 ,潤泰全,3,0,3
 企銀桃園 ,大銀微系統,3,0,3
 企銀桃園 ,00680L元大美債20正2,98,505,-407
 企銀桃園 ,臺企銀,23,179,-156
 企銀桃園 ,力積電,1,76,-75
 企銀桃園 ,00939統一台灣高息動能,0,60,-60
 企銀桃園 ,日月光投控,4,61,-57
 企銀桃園 ,宏達電,16,69,-53
 企銀桃園 ,緯創,15,63,-48
 企銀桃園 ,00688L國泰20年美債正2,0,30,-30
 企銀桃園 ,正德,0,30,-30
 企銀桃園 ,營邦,0,18,-18
 企銀桃園 ,中鋼,6,22,-16
 企銀桃園 ,台船,1,17,-16
 企銀桃園 ,今皓,0,16,-16
 企銀桃園 ,00930永豐ESG低碳高息,0,15,-15
 企銀桃園 ,商億-KY,0,12,-12
 企銀桃園 ,00685L群益臺灣加權正2,0,12,-12
 企銀桃園 ,台泥,0,10,-10
 企銀桃園 ,遠東銀,0,10,-10
 企銀桃園 ,寶得利,0,10,-10
 企銀桃園 ,元大台灣50,0,8,-8
 企銀桃園 ,台聚,0,8,-8
 企銀桃園 ,至上,0,8,-8
 企銀桃園 ,和椿,5,12,-7
 企銀桃園 ,擎亞,0,6,-6
 企銀桃園 ,晶豪科,0,6,-6
 企銀桃園 ,安集,0,6,-6
 企銀桃園 ,立��,5,11,-6
 企銀桃園 ,宏致,1,7,-6
 企銀桃園 ,00932兆豐永續高息等權,0,5,-5
 企銀桃園 ,第一銅,0,5,-5
 企銀桃園 ,京元電子,4,9,-5
 企銀桃園 ,凱基金,0,5,-5
 企銀桃園 ,兆豐金,3,8,-5
 企銀桃園 ,順達,3,8,-5
 企銀桃園 ,欣銓,0,5,-5
 企銀桃園 ,00929復華台灣科技優息,0,4,-4
 企銀桃園 ,英濟,30,34,-4
 企銀桃園 ,達邁,14,18,-4
 企銀桃園 ,北極星藥業-KY,0,4,-4
 企銀桃園 ,華城,1,5,-4
 企銀桃園 ,亞力,2,5,-3
 企銀桃園 ,聯傑,0,3,-3
 企銀桃園 ,加百裕,7,10,-3
 企銀桃園 ,富驊,0,3,-3
 企銀桃園 ,雷虎,0,3,-3
 企銀桃園 ,波若威,81,84,-3
 企銀桃園 ,萬海,0,2,-2
 企銀桃園 ,00770國泰北美科技,0,2,-2
 企銀桃園 ,00701國泰股利精選30,0,2,-2
 企銀桃園 ,00923群益台ESG低碳50,0,2,-2
新光,00637L元大滬深300正2,2809,962,1847
新光,聯電,1450,356,1094
新光,00937B群益ESG投等債20,1175,410,765
新光,擎亞,827,208,619
新光,00680L元大美債20正2,688,160,528
新光,00715L期街口布蘭特正2,602,234,368
新光,神達,1636,1278,358
新光,燿華,402,91,311
新光,中鋼,423,120,303
新光,00882中信中國高股息,312,75,237
新光,00858永豐美國500大,250,19,231
新光,泰金寶-DR,690,464,226
新光,00968B元大優息投等債,210,0,210
新光,00738U期元大道瓊白銀,201,0,201
新光,緯創,599,401,198
新光,00753L中信中國50正2,346,155,191
新光,00706L期元大S＆P日圓正2,220,35,185
新光,順達,461,279,182
新光,00830國泰費城半導體,230,62,168
新光,00662富邦NASDAQ,174,11,163
新光,兆豐金,165,5,160
新光,欣興,247,89,158
新光,第一金,163,9,154
新光,英業達,216,72,144
新光,宏觀,145,29,116
新光,遠百,130,21,109
新光,華星光,735,628,107
新光,金寶,230,125,105
新光,00970B新光BBB投等債20,105,0,105
新光,台灣大,168,68,100
新光,迅得,159,65,94
新光,00918大華優利高填息30,122,28,94
新光,華票,102,12,90
新光,00945B凱基美國非投等債,91,2,89
新光,00633L富邦上証正2,111,28,83
新光,高技,117,41,76
新光,00878國泰永續高股息,378,304,74
新光,台新金,117,44,73
新光,00909國泰數位支付服務,129,56,73
新光,00676R富邦臺灣加權反1,88,20,68
新光,00900富邦特選高股息30,134,69,65
新光,00919群益台灣精選高息,271,207,64
新光,00688L國泰20年美債正2,107,44,63
新光,今皓,78,15,63
新光,訊達,70,8,62
新光,00722B群益投資級電信債,85,24,61
新光,宏致,280,220,60
新光,廣達,129,72,57
新光,世界,67,11,56
新光,聯合再生,72,18,54
新光,00929復華台灣科技優息,57,1157,-1100
新光,00664R國泰臺灣加權反1,148,1073,-925
新光,欣銓,102,482,-380
新光,台泥,127,504,-377
新光,所羅門,35,384,-349
新光,006208富邦台50,71,387,-316
新光,00679B元大美債20年,147,443,-296
新光,00953B群益優選非投等債,143,432,-289
新光,00887永豐中國科技50大,16,297,-281
新光,00669R國泰美國道瓊反1,18,280,-262
新光,00926凱基全球菁英55,14,230,-216
新光,岳豐,1,210,-209
新光,長榮航,108,298,-190
新光,力積電,626,814,-188
新光,群創,656,837,-181
新光,鑽全,0,175,-175
新光,富邦金,66,237,-171
新光,大同,68,231,-163
新光,亞翔,60,219,-159
新光,華航,15,166,-151
新光,00648R元大S＆P500反1,0,150,-150
新光,00940元大台灣價值高息,7,156,-149
新光,和成,23,160,-137
新光,台灣虎航,80,216,-136
新光,00927群益半導體收益,15,148,-133
新光,00948B中信優息投資級債,126,253,-127
新光,00671R富邦NASDAQ反1,26,153,-127
新光,00670L富邦NASDAQ正2,42,168,-126
新光,凱基金,17,137,-120
新光,00941中信上游半導體,8,127,-119
新光,國泰金,58,176,-118
新光,皇昌,159,276,-117
新光,百一,0,110,-110
新光,00665L富邦�琤肭磪囓�2,1456,1566,-110
新光,南亞,26,132,-106
新光,彰銀,12,112,-100
新光,中興電,41,138,-97
新光,00725B國泰投資級公司債,42,138,-96
新光,潤泰新,9,103,-94
新光,台塑化,44,138,-94
新光,00910第一金太空衛星,30,123,-93
新光,00751B元大AAA至A公司債,6,96,-90
新光,00675L富邦臺灣加權正2,124,213,-89
新光,00922國泰台灣領袖50,20,106,-86
新光,偉訓,34,116,-82
新光,亞昕,11,92,-81
新光,新盛力,811,890,-79
新光,00951台新日本半導體,15,92,-77
新光,00936台新永續高息中小,1,77,-76
新光,富喬,232,307,-75
寶盛,興能高,122,0,122
寶盛,濱川,40,1,39
寶盛,精成科,30,1,29
寶盛,聯電,27,0,27
寶盛,00918大華優利高填息30,25,0,25
寶盛,中環,19,0,19
寶盛,順天,27,11,16
寶盛,台塑,11,0,11
寶盛,立敦,21,10,11
寶盛,事欣科,10,0,10
寶盛,泰金寶-DR,10,0,10
寶盛,緯創,18,9,9
寶盛,波若威,9,1,8
寶盛,00637L元大滬深300正2,6,0,6
寶盛,美食-KY,5,0,5
寶盛,美律,5,0,5
寶盛,群創,5,0,5
寶盛,驊訊,6,1,5
寶盛,勤誠,6,1,5
寶盛,華邦電,4,0,4
寶盛,合庫金,4,0,4
寶盛,00665L富邦�琤肭磪囓�2,6,3,3
寶盛,凱美,3,0,3
寶盛,佳能,3,0,3
寶盛,宏��,4,1,3
寶盛,鈺創,3,0,3
寶盛,錸德,2,0,2
寶盛,鴻海,3,1,2
寶盛,兆豐金,2,0,2
寶盛,英濟,2,0,2
寶盛,玉晶光,4,2,2
寶盛,永捷,2,0,2
寶盛,致和證,2,0,2
寶盛,康舒,2,0,2
寶盛,訊芯-KY,2,0,2
寶盛,彬台,2,0,2
寶盛,金寶,1,0,1
寶盛,台南,1,0,1
寶盛,和大,1,0,1
寶盛,國泰金,1,0,1
寶盛,亞光,3,2,1
寶盛,欣興,2,1,1
寶盛,台灣大,1,0,1
寶盛,精材,1,0,1
寶盛,世禾,1,0,1
寶盛,達邁,1,0,1
寶盛,新唐,1,0,1
寶盛,新盛力,1,0,1
寶盛,眾達-KY,1,0,1
寶盛,環宇-KY,2,1,1
寶盛,00946群益科技高息成長,0,100,-100
寶盛,彰銀,0,51,-51
寶盛,菱光,0,42,-42
寶盛,仁寶,1,30,-29
寶盛,連展投控,0,15,-15
寶盛,神達,3,14,-11
寶盛,00940元大台灣價值高息,0,10,-10
寶盛,晟銘電,0,10,-10
寶盛,喬福,0,8,-8
寶盛,南亞科,0,5,-5
寶盛,中鋼,1,6,-5
寶盛,尼克森,0,5,-5
寶盛,宏致,0,5,-5
寶盛,泰鼎-KY,0,5,-5
寶盛,建達,0,5,-5
寶盛,悅城,0,5,-5
寶盛,力積電,0,5,-5
寶盛,台積電,1,6,-5
寶盛,巧新,0,4,-4
寶盛,大同,0,4,-4
寶盛,楠梓電,0,4,-4
寶盛,廣達,0,4,-4
寶盛,宏達電,2,6,-4
寶盛,文曄,0,4,-4
寶盛,友達,0,3,-3
寶盛,中華,0,3,-3
寶盛,中石化,0,3,-3
寶盛,南亞,0,3,-3
寶盛,鑫科,0,3,-3
寶盛,創惟,1,4,-3
寶盛,廣宇,0,2,-2
寶盛,第一銅,0,2,-2
寶盛,華南金,0,2,-2
寶盛,神基,0,2,-2
寶盛,訊舟,0,2,-2
寶盛,僑威,0,2,-2
寶盛,杭特,0,2,-2
寶盛,鼎天,0,2,-2
寶盛,jpp-KY,0,2,-2
寶盛,康和證,0,2,-2
寶盛,帆宣,0,2,-2
寶盛,雷科,0,2,-2
寶盛,裕山,24,26,-2
寶盛,華城,0,1,-1
寶盛,頎邦,0,1,-1
寶盛,00713元大台灣高息低波,0,1,-1
寶盛,裕隆,1,2,-1
寶盛,豐興,0,1,-1
寶盛,元大高股息,0,1,-1
寶盛,光寶科,0,1,-1
凱基中山,彰銀,300,11,289
凱基中山,聯電,157,39,118
凱基中山,順達,156,42,114
凱基中山,00933B國泰10Y+金融債,68,0,68
凱基中山,達興材料,66,5,61
凱基中山,00637L元大滬深300正2,92,35,57
凱基中山,00738U期元大道瓊白銀,50,0,50
凱基中山,立端,45,0,45
凱基中山,華電網,36,0,36
凱基中山,啟��,36,2,34
凱基中山,欣銓,44,14,30
凱基中山,宏捷科,30,0,30
凱基中山,波若威,39,9,30
凱基中山,00918大華優利高填息30,29,0,29
凱基中山,00948B中信優息投資級債,30,2,28
凱基中山,福華,28,0,28
凱基中山,富強鑫,21,0,21
凱基中山,保瑞,20,0,20
凱基中山,濱川,20,0,20
凱基中山,00950B凱基A級公司債,20,0,20
凱基中山,飛宏,20,0,20
凱基中山,三商壽,18,0,18
凱基中山,元太,17,0,17
凱基中山,00858永豐美國500大,17,1,16
凱基中山,00687B國泰20年美債,16,2,14
凱基中山,富威電力,15,1,14
凱基中山,中光電,16,3,13
凱基中山,立敦,15,3,12
凱基中山,00952凱基台灣AI50,12,0,12
凱基中山,京元電子,16,4,12
凱基中山,系統電,11,0,11
凱基中山,台星科,14,3,11
凱基中山,00937B群益ESG投等債20,11,0,11
凱基中山,華星光,27,16,11
凱基中山,新盛力,73,63,10
凱基中山,敬鵬,10,0,10
凱基中山,永道-KY,10,0,10
凱基中山,龍德造船,10,0,10
凱基中山,遠東銀,10,0,10
凱基中山,三商電,10,0,10
凱基中山,00665L富邦�琤肭磪囓�2,20,10,10
凱基中山,00900富邦特選高股息30,11,2,9
凱基中山,友訊,11,2,9
凱基中山,大銀微系統,11,2,9
凱基中山,一詮,9,0,9
凱基中山,00881國泰台灣5G+,10,1,9
凱基中山,00919群益台灣精選高息,26,18,8
凱基中山,海華,10,2,8
凱基中山,前鼎,12,4,8
凱基中山,英濟,25,17,8
凱基中山,富邦金,1,297,-296
凱基中山,台塑,6,256,-250
凱基中山,立隆電,25,258,-233
凱基中山,00980B台新特選IG債10+,2,164,-162
凱基中山,00953B群益優選非投等債,0,154,-154
凱基中山,精材,10,110,-100
凱基中山,中信金,31,109,-78
凱基中山,宏致,3,80,-77
凱基中山,盟立,1,59,-58
凱基中山,力積電,14,71,-57
凱基中山,凱基金,0,52,-52
凱基中山,惠特,6,54,-48
凱基中山,台達電,3,47,-44
凱基中山,千興,0,43,-43
凱基中山,聯光通,1,44,-43
凱基中山,00929復華台灣科技優息,5,48,-43
凱基中山,事欣科,0,42,-42
凱基中山,00725B國泰投資級公司債,0,41,-41
凱基中山,00945B凱基美國非投等債,0,41,-41
凱基中山,ABC-KY,0,40,-40
凱基中山,華南金,0,39,-39
凱基中山,00971野村美國研發龍頭,6,45,-39
凱基中山,00878國泰永續高股息,25,64,-39
凱基中山,潤泰新,0,38,-38
凱基中山,00753L中信中國50正2,0,36,-36
凱基中山,00720B元大投資級公司債,0,32,-32
凱基中山,00949復華日本龍頭,0,30,-30
凱基中山,00940元大台灣價值高息,3,32,-29
凱基中山,中工,0,28,-28
凱基中山,四維航,1,26,-25
凱基中山,00939統一台灣高息動能,0,22,-22
凱基中山,宜特,0,20,-20
凱基中山,00927群益半導體收益,0,20,-20
凱基中山,裕隆,0,20,-20
凱基中山,群創,0,17,-17
凱基中山,所羅門,0,17,-17
凱基中山,宏全,0,15,-15
凱基中山,貿聯-KY,0,14,-14
凱基中山,神基,0,14,-14
凱基中山,耿鼎,0,14,-14
凱基中山,新唐,0,13,-13
凱基中山,元大高股息,3,16,-13
凱基中山,日月光投控,3,15,-12
凱基中山,00954中信日本半導體,0,12,-12
凱基中山,來頡,1,13,-12
凱基中山,新光金,33,45,-12
凱基中山,亞翔,2,13,-11
凱基中山,華通,4,15,-11
凱基中山,偉訓,1,12,-11
凱基中山,昱捷,0,11,-11
玉山桃園,聯電,276,10,266
玉山桃園,00919群益台灣精選高息,340,95,245
玉山桃園,00950B凱基A級公司債,232,0,232
玉山桃園,玉山金,166,23,143
玉山桃園,00937B群益ESG投等債20,135,12,123
玉山桃園,聯光通,169,74,95
玉山桃園,00753L中信中國50正2,88,0,88
玉山桃園,00878國泰永續高股息,69,3,66
玉山桃園,大成鋼,42,2,40
玉山桃園,00637L元大滬深300正2,49,11,38
玉山桃園,00679B元大美債20年,37,0,37
玉山桃園,元大高股息,38,10,28
玉山桃園,達邁,84,56,28
玉山桃園,中裕,29,7,22
玉山桃園,新盛力,109,88,21
玉山桃園,京元電子,21,1,20
玉山桃園,欣興,27,7,20
玉山桃園,8349A�矬ㄔ玼S,20,0,20
玉山桃園,遠百,20,0,20
玉山桃園,00664R國泰臺灣加權反1,20,0,20
玉山桃園,00887永豐中國科技50大,20,0,20
玉山桃園,台泥,22,3,19
玉山桃園,亞光,28,10,18
玉山桃園,立敦,38,20,18
玉山桃園,00960野村全球航運龍頭,17,0,17
玉山桃園,揚智,16,0,16
玉山桃園,00655L國泰中國A50正2,16,0,16
玉山桃園,合正,19,3,16
玉山桃園,聯鈞,53,38,15
玉山桃園,力成,15,0,15
玉山桃園,環宇-KY,39,25,14
玉山桃園,廣達,16,3,13
玉山桃園,昆盈,18,5,13
玉山桃園,台玻,16,3,13
玉山桃園,神達,126,114,12
玉山桃園,東捷,12,0,12
玉山桃園,00633L富邦上証正2,13,1,12
玉山桃園,泰金寶-DR,194,183,11
玉山桃園,00688L國泰20年美債正2,11,0,11
玉山桃園,華晶科,12,1,11
玉山桃園,慧洋-KY,10,0,10
玉山桃園,00915凱基優選高股息30,10,0,10
玉山桃園,綠電,10,0,10
玉山桃園,中信金,15,5,10
玉山桃園,00953B群益優選非投等債,10,0,10
玉山桃園,昇陽半導體,10,0,10
玉山桃園,恩德,10,0,10
玉山桃園,聯合再生,10,0,10
玉山桃園,富喬,26,16,10
玉山桃園,憶聲,10,0,10
玉山桃園,00715L期街口布蘭特正2,0,372,-372
玉山桃園,新光金,8,178,-170
玉山桃園,00929復華台灣科技優息,4,174,-170
玉山桃園,力積電,38,164,-126
玉山桃園,精成科,10,122,-112
玉山桃園,友訊,0,107,-107
玉山桃園,宏致,4,96,-92
玉山桃園,00909國泰數位支付服務,2,93,-91
玉山桃園,光鋐,0,64,-64
玉山桃園,創惟,7,67,-60
玉山桃園,華航,0,58,-58
玉山桃園,三商壽,0,54,-54
玉山桃園,友達,0,50,-50
玉山桃園,王道銀行,2,50,-48
玉山桃園,00958B永豐ESG銀行債15,2,44,-42
玉山桃園,00968B元大優息投等債,0,40,-40
玉山桃園,鴻海,45,82,-37
玉山桃園,興能高,78,110,-32
玉山桃園,00885富邦越南,0,31,-31
玉山桃園,00934中信成長高股息,1,32,-31
玉山桃園,00662富邦NASDAQ,0,30,-30
玉山桃園,奇鋐,1,27,-26
玉山桃園,中釉,0,25,-25
玉山桃園,宏達電,54,78,-24
玉山桃園,華城,4,28,-24
玉山桃園,台積電,5,28,-23
玉山桃園,006208富邦台50,2,23,-21
玉山桃園,00940元大台灣價值高息,25,46,-21
玉山桃園,00935野村臺灣新科技50,0,20,-20
玉山桃園,千興,0,20,-20
玉山桃園,00673R期元大S＆P原油反1,0,20,-20
玉山桃園,大立,0,20,-20
玉山桃園,欣普羅,0,20,-20
玉山桃園,天方能源,0,20,-20
玉山桃園,台星科,0,20,-20
玉山桃園,00900富邦特選高股息30,0,20,-20
玉山桃園,新日興,24,43,-19
玉山桃園,長榮航,2,20,-18
玉山桃園,連展投控,16,32,-16
玉山桃園,00918大華優利高填息30,11,27,-16
玉山桃園,中興電,1,17,-16
玉山桃園,中鋼,14,28,-14
玉山桃園,元大台灣50,2,14,-12
玉山桃園,光寶科,1,13,-12
玉山桃園,順達,3,14,-11
玉山桃園,僑威,4,15,-11
玉山桃園,欣銓,7,18,-11
玉山桃園,迎廣,0,11,-11
玉山桃園,超豐,0,11,-11
玉山桃園,00941中信上游半導體,10,21,-11
 企銀民雄 ,00637L元大滬深300正2,100,0,100
 企銀民雄 ,富邦金,60,1,59
 企銀民雄 ,聯電,67,20,47
 企銀民雄 ,00706L期元大S＆P日圓正2,20,0,20
 企銀民雄 ,正新,20,0,20
 企銀民雄 ,神達,27,7,20
 企銀民雄 ,鴻海,26,9,17
 企銀民雄 ,聯合再生,16,0,16
 企銀民雄 ,中鋼,18,3,15
 企銀民雄 ,00919群益台灣精選高息,12,0,12
 企銀民雄 ,00878國泰永續高股息,12,0,12
 企銀民雄 ,中石化,10,0,10
 企銀民雄 ,金麗-KY,10,0,10
 企銀民雄 ,泰金寶-DR,11,1,10
 企銀民雄 ,南亞,8,0,8
 企銀民雄 ,華星光,12,5,7
 企銀民雄 ,精誠,7,0,7
 企銀民雄 ,興能高,6,0,6
 企銀民雄 ,00713元大台灣高息低波,6,0,6
 企銀民雄 ,凌通,6,0,6
 企銀民雄 ,綠界科技*,6,0,6
 企銀民雄 ,台化,5,0,5
 企銀民雄 ,奇鋐,5,0,5
 企銀民雄 ,凱崴,5,0,5
 企銀民雄 ,矽創,5,0,5
 企銀民雄 ,台塑,10,6,4
 企銀民雄 ,台塑化,9,5,4
 企銀民雄 ,千附精密,4,0,4
 企銀民雄 ,00664R國泰臺灣加權反1,3,0,3
 企銀民雄 ,上曜,3,0,3
 企銀民雄 ,榮運,3,0,3
 企銀民雄 ,欣興,3,0,3
 企銀民雄 ,達邁,8,5,3
 企銀民雄 ,環宇-KY,8,5,3
 企銀民雄 ,億豐,3,0,3
 企銀民雄 ,00940元大台灣價值高息,2,0,2
 企銀民雄 ,三晃,2,0,2
 企銀民雄 ,兆豐金,2,0,2
 企銀民雄 ,永豐金,2,0,2
 企銀民雄 ,景碩,2,0,2
 企銀民雄 ,信立,2,0,2
 企銀民雄 ,遠傳,2,0,2
 企銀民雄 ,寶碩,2,0,2
 企銀民雄 ,中美晶,2,0,2
 企銀民雄 ,精成科,2,0,2
 企銀民雄 ,羅麗芬-KY,2,0,2
 企銀民雄 ,東鹼,1,0,1
 企銀民雄 ,寶齡富錦,1,0,1
 企銀民雄 ,中華化,1,0,1
 企銀民雄 ,上銀,1,0,1
 企銀民雄 ,世紀鋼,0,105,-105
 企銀民雄 ,三一東林,0,63,-63
 企銀民雄 ,力積電,13,54,-41
 企銀民雄 ,華邦電,2,32,-30
 企銀民雄 ,華晶科,0,30,-30
 企銀民雄 ,昆盈,1,30,-29
 企銀民雄 ,陽明,4,30,-26
 企銀民雄 ,彰銀,0,15,-15
 企銀民雄 ,南港,1,15,-14
 企銀民雄 ,臺企銀,0,10,-10
 企銀民雄 ,騰輝電子-KY,1,11,-10
 企銀民雄 ,00934中信成長高股息,0,8,-8
 企銀民雄 ,立敦,2,10,-8
 企銀民雄 ,元大高股息,12,19,-7
 企銀民雄 ,00918大華優利高填息30,1,8,-7
 企銀民雄 ,臻鼎-KY,0,7,-7
 企銀民雄 ,00929復華台灣科技優息,0,6,-6
 企銀民雄 ,精英,0,5,-5
 企銀民雄 ,佳能,0,5,-5
 企銀民雄 ,新光金,0,5,-5
 企銀民雄 ,緯創,2,6,-4
 企銀民雄 ,00951台新日本半導體,2,6,-4
 企銀民雄 ,國泰金,0,4,-4
 企銀民雄 ,欣銓,0,4,-4
 企銀民雄 ,漢科,0,4,-4
 企銀民雄 ,聯鈞,6,10,-4
 企銀民雄 ,啟��,0,4,-4
 企銀民雄 ,宏達電,1,4,-3
 企銀民雄 ,堤維西,0,3,-3
 企銀民雄 ,東陽,0,3,-3
 企銀民雄 ,零壹,1,4,-3
 企銀民雄 ,擎邦,0,3,-3
 企銀民雄 ,芯鼎,0,3,-3
 企銀民雄 ,波力-KY,0,3,-3
 企銀民雄 ,佳龍,0,3,-3
 企銀民雄 ,順達,0,2,-2
 企銀民雄 ,00949復華日本龍頭,2,4,-2
 企銀民雄 ,川寶,0,2,-2
 企銀民雄 ,鉅祥,0,2,-2
 企銀民雄 ,長榮,0,2,-2
 企銀民雄 ,長榮航太,0,2,-2
 企銀民雄 ,聯亞,0,2,-2
 企銀民雄 ,杭特,0,2,-2
 企銀民雄 ,森寶,0,2,-2
 企銀民雄 ,事欣科,2,4,-2
 企銀民雄 ,瀚宇博,0,2,-2
 企銀民雄 ,亞翔,0,2,-2
 企銀民雄 ,柏承,0,2,-2
 企銀民雄 ,頎邦,0,2,-2
 企銀民雄 ,聯策,0,2,-2
 元大台北,聯電,451,42,409
 元大台北,00637L元大滬深300正2,147,17,130
 元大台北,華票,100,0,100
 元大台北,神達,171,91,80
 元大台北,良維,67,7,60
 元大台北,亞光,55,4,51
 元大台北,00753L中信中國50正2,50,0,50
 元大台北,第一保,49,0,49
 元大台北,新盛力,214,167,47
 元大台北,立隆電,82,35,47
 元大台北,00706L期元大S＆P日圓正2,43,0,43
 元大台北,00633L富邦上証正2,83,42,41
 元大台北,00770國泰北美科技,40,0,40
 元大台北,00665L富邦�琤肭磪囓�2,38,2,36
 元大台北,精成科,145,109,36
 元大台北,鴻翊,30,0,30
 元大台北,00924復華S＆P500成長,27,0,27
 元大台北,威剛,22,0,22
 元大台北,元大期,21,0,21
 元大台北,點序,20,0,20
 元大台北,聯鈞,49,30,19
 元大台北,欣銓,39,20,19
 元大台北,英業達,22,3,19
 元大台北,福壽,22,4,18
 元大台北,元大高股息,44,26,18
 元大台北,緯創,34,17,17
 元大台北,宣德,21,4,17
 元大台北,00919群益台灣精選高息,17,0,17
 元大台北,慧洋-KY,16,0,16
 元大台北,00969B元大零息超長美債,20,4,16
 元大台北,00950B凱基A級公司債,15,0,15
 元大台北,遠東銀,15,0,15
 元大台北,陽明,31,16,15
 元大台北,00937B群益ESG投等債20,94,80,14
 元大台北,00650L復華香港正2,14,0,14
 元大台北,金像電,17,3,14
 元大台北,欣興,28,15,13
 元大台北,00959B大華投等美債15Y+,13,0,13
 元大台北,兆豐金,14,2,12
 元大台北,創惟,12,1,11
 元大台北,世德,11,0,11
 元大台北,和椿,33,22,11
 元大台北,銘旺科,11,0,11
 元大台北,華立,11,0,11
 元大台北,第一金,12,1,11
 元大台北,達邁,57,46,11
 元大台北,00953B群益優選非投等債,10,0,10
 元大台北,雲豹能源,12,2,10
 元大台北,汎銓,10,0,10
 元大台北,新光鋼,10,0,10
 元大台北,泰金寶-DR,51,877,-826
 元大台北,00940元大台灣價值高息,18,323,-305
 元大台北,台灣虎航,37,341,-304
 元大台北,鴻準,8,209,-201
 元大台北,00671R富邦NASDAQ反1,5,150,-145
 元大台北,00680L元大美債20正2,2,122,-120
 元大台北,00929復華台灣科技優息,2,111,-109
 元大台北,力積電,204,302,-98
 元大台北,事欣科,1,94,-93
 元大台北,富喬,66,149,-83
 元大台北,萬海,2,63,-61
 元大台北,00965元大航太防衛科技,1,62,-61
 元大台北,長榮,3,63,-60
 元大台北,西勝,0,54,-54
 元大台北,00939統一台灣高息動能,30,83,-53
 元大台北,興能高,181,232,-51
 元大台北,00945B凱基美國非投等債,0,50,-50
 元大台北,00933B國泰10Y+金融債,1,50,-49
 元大台北,00882中信中國高股息,12,60,-48
 元大台北,華航,1,46,-45
 元大台北,華星光,40,83,-43
 元大台北,合勤控,0,35,-35
 元大台北,長榮航,11,42,-31
 元大台北,宏達電,52,82,-30
 元大台北,力山,6,36,-30
 元大台北,擎亞,19,48,-29
 元大台北,00916國泰全球品牌50,0,26,-26
 元大台北,立敦,67,89,-22
 元大台北,鴻海,34,56,-22
 元大台北,大同,5,26,-21
 元大台北,上曜,0,20,-20
 元大台北,喬福,0,20,-20
 元大台北,楠梓電,10,30,-20
 元大台北,友訊,2,22,-20
 元大台北,華建,0,20,-20
 元大台北,00941中信上游半導體,0,19,-19
 元大台北,凱撒衛,0,19,-19
 元大台北,環球晶,0,17,-17
 元大台北,偉訓,0,16,-16
 元大台北,寒舍,0,15,-15
 元大台北,台積電,19,34,-15
 元大台北,淘帝-KY,8,21,-13
 元大台北,茂迪,5,18,-13
 元大台北,奇偶,0,12,-12
 元大台北,國碳科,0,12,-12
 元大台北,順達,37,49,-12
 元大台北,晶彩科,1,12,-11
 元大台北,信立,0,11,-11
 元大台北,炎洲,0,11,-11
 元大台北,00632R元大台灣50反1,37,48,-11
花旗環球,台灣虎航,1575,0,1575
花旗環球,凱基金,1804,239,1565
花旗環球,神達,1228,0,1228
花旗環球,元大金,1083,128,955
花旗環球,萬海,565,0,565
花旗環球,欣銓,517,0,517
花旗環球,統一超,471,33,438
花旗環球,聯發科,487,96,391
花旗環球,金寶,521,181,340
花旗環球,富邦金,514,209,305
花旗環球,仁寶,356,76,280
花旗環球,台灣高鐵,716,436,280
花旗環球,鴻海,493,224,269
花旗環球,智邦,313,47,266
花旗環球,寶成,205,43,162
花旗環球,玉山金,252,91,161
花旗環球,瑞昱,224,66,158
花旗環球,陽明,485,339,146
花旗環球,國泰金,219,100,119
花旗環球,大同,108,17,91
花旗環球,中興電,91,1,90
花旗環球,新日興,88,1,87
花旗環球,中租-KY,178,94,84
花旗環球,兆豐金,167,94,73
花旗環球,南電,93,21,72
花旗環球,貿聯-KY,67,2,65
花旗環球,台燿,57,0,57
花旗環球,台達電,134,77,57
花旗環球,元太,63,7,56
花旗環球,合勤控,55,0,55
花旗環球,緯創,87,34,53
花旗環球,長榮航太,49,0,49
花旗環球,第一銅,46,0,46
花旗環球,和桐,43,0,43
花旗環球,TPK-KY,42,2,40
花旗環球,世紀鋼,40,0,40
花旗環球,中美晶,40,1,39
花旗環球,台光電,86,47,39
花旗環球,聯鈞,35,0,35
花旗環球,彰銀,32,0,32
花旗環球,啟��,31,0,31
花旗環球,弘憶股,31,0,31
花旗環球,長榮鋼,30,0,30
花旗環球,裕民,29,0,29
花旗環球,定穎投控,29,0,29
花旗環球,國巨,31,4,27
花旗環球,利奇,27,0,27
花旗環球,菱光,27,0,27
花旗環球,和成,26,0,26
花旗環球,新光鋼,26,0,26
花旗環球,聯電,1000,23668,-22668
花旗環球,長榮航,312,3102,-2790
花旗環球,新光金,845,3273,-2428
花旗環球,台新金,0,2066,-2066
花旗環球,上銀,0,2055,-2055
花旗環球,台積電,565,1659,-1094
花旗環球,中信金,0,644,-644
花旗環球,台化,96,639,-543
花旗環球,欣興,18,532,-514
花旗環球,日月光投控,442,907,-465
花旗環球,友達,0,453,-453
花旗環球,華南金,19,449,-430
花旗環球,華通,118,546,-428
花旗環球,台中銀,0,398,-398
花旗環球,瑞軒,4,365,-361
花旗環球,英業達,12,345,-333
花旗環球,金像電,0,301,-301
花旗環球,正新,0,292,-292
花旗環球,慧洋-KY,0,258,-258
花旗環球,統一,27,267,-240
花旗環球,新興,0,218,-218
花旗環球,中石化,0,213,-213
花旗環球,星宇航空,207,403,-196
花旗環球,台灣大,15,210,-195
花旗環球,和碩,67,255,-188
花旗環球,第一金,105,290,-185
花旗環球,威盛,1,174,-173
花旗環球,環球晶,0,158,-158
花旗環球,華碩,11,154,-143
花旗環球,錸德,0,140,-140
花旗環球,豐泰,0,134,-134
花旗環球,世界,0,129,-129
花旗環球,儒鴻,0,129,-129
花旗環球,台郡,0,127,-127
花旗環球,遠傳,3,121,-118
花旗環球,中華電,8,123,-115
花旗環球,群創,278,389,-111
花旗環球,長榮,178,288,-110
花旗環球,潤泰新,0,107,-107
花旗環球,永崴投控,2,101,-99
花旗環球,宏捷科,0,98,-98
花旗環球,上海商銀,62,160,-98
花旗環球,光寶科,4,98,-94
花旗環球,鈺創,0,88,-88
花旗環球,神基,67,155,-88
花旗環球,奇偶,0,81,-81
花旗環球,群光,0,80,-80
花旗環球,志強-KY,0,72,-72
花旗環球,華夏,18,87,-69
花旗環球,臻鼎-KY,205,268,-63
統    一  ,00940元大台灣價值高息,3001,68,2933
統    一  ,00795B中信美國公債20年,2389,0,2389
統    一  ,神達,2279,616,1663
統    一  ,宏致,1751,104,1647
統    一  ,華南金,1576,3,1573
統    一  ,欣銓,1517,624,893
統    一  ,三商壽,850,3,847
統    一  ,貿聯-KY,549,14,535
統    一  ,上銀,549,15,534
統    一  ,國泰金,436,47,389
統    一  ,廣達,389,9,380
統    一  ,聯發科,412,58,354
統    一  ,宏達電,793,445,348
統    一  ,國產,301,5,296
統    一  ,環宇-KY,449,159,290
統    一  ,瑞智,290,17,273
統    一  ,全新,256,27,229
統    一  ,台達電,233,26,207
統    一  ,順達,401,210,191
統    一  ,波若威,637,461,176
統    一  ,宏觀,176,1,175
統    一  ,金像電,197,23,174
統    一  ,日月光投控,251,81,170
統    一  ,00719B元大美債1-3,169,0,169
統    一  ,00673R期元大S＆P原油反1,180,20,160
統    一  ,九豪,150,1,149
統    一  ,科妍,152,7,145
統    一  ,00937B群益ESG投等債20,140,4,136
統    一  ,宏��,128,12,116
統    一  ,聯亞,117,3,114
統    一  ,保瑞,127,12,115
統    一  ,020030統一智慧電動車N,113,2,111
統    一  ,精成科,147,36,111
統    一  ,富華新,100,4,96
統    一  ,華碩,100,6,94
統    一  ,泰金寶-DR,124,31,93
統    一  ,鴻海,156,64,92
統    一  ,建大,90,0,90
統    一  ,上詮,126,44,82
統    一  ,健鼎,80,0,80
統    一  ,元大高股息,79,3,76
統    一  ,00632R元大台灣50反1,81,10,71
統    一  ,00665L富邦�琤肭磪囓�2,74,4,70
統    一  ,友訊,83,14,69
統    一  ,富喬,314,247,67
統    一  ,AES-KY,90,24,66
統    一  ,00919群益台灣精選高息,68,5,63
統    一  ,昇達科,79,18,61
統    一  ,大銀微系統,382,323,59
統    一  ,光聖,84,25,59
統    一  ,新光金,26,2784,-2758
統    一  ,元大台灣50,99,2556,-2457
統    一  ,00878國泰永續高股息,258,2536,-2278
統    一  ,亞泥,0,767,-767
統    一  ,中磊,0,566,-566
統    一  ,群創,46,608,-562
統    一  ,中鼎,2,552,-550
統    一  ,00830國泰費城半導體,104,645,-541
統    一  ,00733富邦臺灣中小,2,500,-498
統    一  ,世界,3,475,-472
統    一  ,00637L元大滬深300正2,266,690,-424
統    一  ,00757統一FANG+,8,416,-408
統    一  ,聯電,722,1107,-385
統    一  ,00680L元大美債20正2,50,368,-318
統    一  ,台新金,0,302,-302
統    一  ,聯強,10,283,-273
統    一  ,達邁,115,383,-268
統    一  ,玉山金,3,268,-265
統    一  ,立隆電,127,389,-262
統    一  ,00924復華S＆P500成長,1,249,-248
統    一  ,華星光,299,546,-247
統    一  ,亞光,140,300,-160
統    一  ,中信金,25,185,-160
統    一  ,00753L中信中國50正2,50,202,-152
統    一  ,皇昌,11,161,-150
統    一  ,緯穎,27,177,-150
統    一  ,遠東新,2,152,-150
統    一  ,時碩工業,1,138,-137
統    一  ,上海商銀,0,133,-133
統    一  ,00679B元大美債20年,6,132,-126
統    一  ,台灣虎航,58,175,-117
統    一  ,統一超,0,114,-114
統    一  ,可成,2,114,-112
統    一  ,京元電子,59,170,-111
統    一  ,和碩,0,107,-107
統    一  ,00953B群益優選非投等債,1,103,-102
統    一  ,光洋科,2,98,-96
統    一  ,欣興,35,130,-95
統    一  ,致伸,0,94,-94
統    一  ,金雨,0,88,-88
統    一  ,00633L富邦上証正2,45,132,-87
統    一  ,啟��,35,118,-83
統    一  ,乙盛-KY,1,81,-80
統    一  ,湧德,3,81,-78
統    一  ,台積電,580,658,-78
統    一  ,00687B國泰20年美債,22,99,-77
統    一  ,朋億*,19,94,-75
統    一  ,萬海,31,104,-73
統    一  ,仁寶,0,72,-72
統    一  ,正新,1,70,-69
兆豐寶成,00680L元大美債20正2,117,0,117
兆豐寶成,聯電,115,15,100
兆豐寶成,00882中信中國高股息,63,0,63
兆豐寶成,建暐,50,0,50
兆豐寶成,00858永豐美國500大,39,0,39
兆豐寶成,00738U期元大道瓊白銀,32,0,32
兆豐寶成,00927群益半導體收益,47,15,32
兆豐寶成,00687B國泰20年美債,28,0,28
兆豐寶成,元大高股息,41,13,28
兆豐寶成,兆豐金,24,0,24
兆豐寶成,欣興,25,5,20
兆豐寶成,凌陽,17,0,17
兆豐寶成,合庫金,16,0,16
兆豐寶成,00637L元大滬深300正2,22,8,14
兆豐寶成,00919群益台灣精選高息,19,5,14
兆豐寶成,精成科,20,7,13
兆豐寶成,連展投控,19,6,13
兆豐寶成,永豐金,12,0,12
兆豐寶成,新盛力,65,53,12
兆豐寶成,順達,20,9,11
兆豐寶成,00953B群益優選非投等債,11,0,11
兆豐寶成,達邁,21,10,11
兆豐寶成,擎亞,13,2,11
兆豐寶成,00933B國泰10Y+金融債,15,5,10
兆豐寶成,廣積,10,0,10
兆豐寶成,能率,10,1,9
兆豐寶成,00720B元大投資級公司債,9,0,9
兆豐寶成,上洋,8,0,8
兆豐寶成,00706L期元大S＆P日圓正2,8,0,8
兆豐寶成,榮成,7,0,7
兆豐寶成,00679B元大美債20年,7,0,7
兆豐寶成,長華*,12,5,7
兆豐寶成,00887永豐中國科技50大,10,3,7
兆豐寶成,00923群益台ESG低碳50,7,0,7
兆豐寶成,波若威,16,9,7
兆豐寶成,00918大華優利高填息30,12,5,7
兆豐寶成,台中銀,6,0,6
兆豐寶成,911608明輝-DR,6,0,6
兆豐寶成,高鋒,6,0,6
兆豐寶成,元大金,10,4,6
兆豐寶成,皇將,6,0,6
兆豐寶成,英業達,7,2,5
兆豐寶成,巨大,5,0,5
兆豐寶成,玉晶光,7,2,5
兆豐寶成,環宇-KY,63,58,5
兆豐寶成,00772B中信高評級公司債,5,0,5
兆豐寶成,華東,5,0,5
兆豐寶成,宏齊,5,0,5
兆豐寶成,聯嘉,5,0,5
兆豐寶成,泰金寶-DR,11,6,5
兆豐寶成,00712復華富時不動產,6,150,-144
兆豐寶成,00980B台新特選IG債10+,38,154,-116
兆豐寶成,欣銓,2,92,-90
兆豐寶成,00633L富邦上証正2,12,69,-57
兆豐寶成,華航,1,49,-48
兆豐寶成,南茂,0,47,-47
兆豐寶成,力積電,11,56,-45
兆豐寶成,新光金,1,42,-41
兆豐寶成,00878國泰永續高股息,21,54,-33
兆豐寶成,穩懋,0,25,-25
兆豐寶成,神達,197,221,-24
兆豐寶成,高技,0,24,-24
兆豐寶成,00673R期元大S＆P原油反1,0,21,-21
兆豐寶成,00905FT臺灣Smart,2,23,-21
兆豐寶成,國巨,3,24,-21
兆豐寶成,華新,6,26,-20
兆豐寶成,00929復華台灣科技優息,2,20,-18
兆豐寶成,中鋼,10,27,-17
兆豐寶成,緯創,14,31,-17
兆豐寶成,大同,8,25,-17
兆豐寶成,宏致,10,27,-17
兆豐寶成,00937B群益ESG投等債20,9,25,-16
兆豐寶成,精英,0,15,-15
兆豐寶成,友輝,0,15,-15
兆豐寶成,00676R富邦臺灣加權反1,0,15,-15
兆豐寶成,00941中信上游半導體,5,20,-15
兆豐寶成,00935野村臺灣新科技50,0,15,-15
兆豐寶成,潤弘,0,14,-14
兆豐寶成,興能高,142,155,-13
兆豐寶成,長榮航,1,13,-12
兆豐寶成,富邦金,0,12,-12
兆豐寶成,亞翔,2,13,-11
兆豐寶成,鈺齊-KY,2,13,-11
兆豐寶成,陽明,4,15,-11
兆豐寶成,00922國泰台灣領袖50,1,11,-10
兆豐寶成,00940元大台灣價值高息,0,10,-10
兆豐寶成,00888永豐台灣ESG,0,10,-10
兆豐寶成,中鴻,0,10,-10
兆豐寶成,00669R國泰美國道瓊反1,0,10,-10
兆豐寶成,00654R富邦印度反1,0,10,-10
兆豐寶成,太極,0,10,-10
兆豐寶成,00719B元大美債1-3,0,10,-10
兆豐寶成,006208富邦台50,4,14,-10
兆豐寶成,彰銀,1,10,-9
兆豐寶成,00636國泰中國A50,1,10,-9
兆豐寶成,00891中信關鍵半導體,1,10,-9
兆豐寶成,國泰金,3,12,-9
兆豐寶成,今皓,0,9,-9
兆豐寶成,翔耀,0,8,-8
兆豐寶成,川寶,4,12,-8
 元富中原,廣達,108,3,105
 元富中原,00637L元大滬深300正2,102,2,100
 元富中原,聯電,86,6,80
 元富中原,亞泰,61,0,61
 元富中原,00937B群益ESG投等債20,56,0,56
 元富中原,00929復華台灣科技優息,47,12,35
 元富中原,勝悅-KY,23,0,23
 元富中原,緯創,23,1,22
 元富中原,00858永豐美國500大,19,0,19
 元富中原,欣銓,24,6,18
 元富中原,雲豹能源,14,1,13
 元富中原,00665L富邦�琤肭磪囓�2,13,0,13
 元富中原,加百裕,20,10,10
 元富中原,博盛半導體,10,0,10
 元富中原,福裕,9,0,9
 元富中原,新盛力,24,15,9
 元富中原,力成,9,0,9
 元富中原,00680L元大美債20正2,8,0,8
 元富中原,王道銀行,8,0,8
 元富中原,中鋼,9,2,7
 元富中原,凱美,10,3,7
 元富中原,宏達電,19,13,6
 元富中原,達邁,11,5,6
 元富中原,精成科,11,5,6
 元富中原,精材,5,0,5
 元富中原,台塑,12,7,5
 元富中原,波若威,13,8,5
 元富中原,振曜,5,0,5
 元富中原,松上,5,0,5
 元富中原,立敦,9,4,5
 元富中原,精誠,5,0,5
 元富中原,和椿,8,4,4
 元富中原,事欣科,4,0,4
 元富中原,京元電子,4,0,4
 元富中原,大成鋼,5,1,4
 元富中原,南亞科,4,0,4
 元富中原,迅得,10,6,4
 元富中原,00772B中信高評級公司債,3,0,3
 元富中原,00926凱基全球菁英55,3,0,3
 元富中原,技嘉,3,0,3
 元富中原,威剛,4,1,3
 元富中原,旭品,3,0,3
 元富中原,海華,3,0,3
 元富中原,鈺創,3,0,3
 元富中原,彩晶,3,0,3
 元富中原,錸寶,4,1,3
 元富中原,新日興,6,3,3
 元富中原,星宇航空,3,0,3
 元富中原,玉山金,5,3,2
 元富中原,00687B國泰20年美債,12,10,2
 元富中原,00970B新光BBB投等債20,0,130,-130
 元富中原,00980B台新特選IG債10+,55,165,-110
 元富中原,00948B中信優息投資級債,0,94,-94
 元富中原,新光金,3,82,-79
 元富中原,神達,64,140,-76
 元富中原,中信金,0,75,-75
 元富中原,00951台新日本半導體,0,69,-69
 元富中原,泰金寶-DR,94,160,-66
 元富中原,台積電,3,52,-49
 元富中原,00892富邦台灣半導體,0,34,-34
 元富中原,力積電,8,41,-33
 元富中原,00910第一金太空衛星,0,28,-28
 元富中原,日月光投控,2,27,-25
 元富中原,00934中信成長高股息,0,23,-23
 元富中原,聯茂,0,20,-20
 元富中原,00905FT臺灣Smart,0,16,-16
 元富中原,一詮,0,16,-16
 元富中原,興能高,30,46,-16
 元富中原,國光生,5,20,-15
 元富中原,00679B元大美債20年,0,12,-12
 元富中原,友達,0,10,-10
 元富中原,陽明,3,13,-10
 元富中原,00877復華中國5G,0,10,-10
 元富中原,00648R元大S＆P500反1,0,10,-10
 元富中原,國產,0,10,-10
 元富中原,連展投控,1,10,-9
 元富中原,長華*,1,10,-9
 元富中原,加捷生醫,0,8,-8
 元富中原,矽力*-KY,0,8,-8
 元富中原,00924復華S＆P500成長,0,7,-7
 元富中原,聯成,0,7,-7
 元富中原,國泰金,0,7,-7
 元富中原,弘凱,0,7,-7
 元富中原,堤維西,0,7,-7
 元富中原,冠軍,0,6,-6
 元富中原,00688L國泰20年美債正2,0,6,-6
 元富中原,凱基金,0,6,-6
 元富中原,00941中信上游半導體,0,5,-5
 元富中原,華泰,0,5,-5
 元富中原,群創,0,5,-5
 元富中原,華擎,0,5,-5
 元富中原,能率,0,5,-5
 元富中原,達麗,0,5,-5
 元富中原,圓裕,0,5,-5
 元富中原,雷虎,0,5,-5
 元富中原,愛地雅,0,5,-5
 元富中原,00900富邦特選高股息30,0,5,-5
 元富中原,00712復華富時不動產,0,5,-5
 元富中原,00946群益科技高息成長,0,5,-5
 元富中原,鴻海,9,13,-4
華南鳳山,聯電,129,29,100
華南鳳山,友達,81,13,68
華南鳳山,彩晶,59,0,59
華南鳳山,00878國泰永續高股息,89,32,57
華南鳳山,新光金,54,2,52
華南鳳山,00858永豐美國500大,49,0,49
華南鳳山,00940元大台灣價值高息,50,12,38
華南鳳山,00946群益科技高息成長,42,10,32
華南鳳山,建漢,31,0,31
華南鳳山,00918大華優利高填息30,31,0,31
華南鳳山,00919群益台灣精選高息,31,1,30
華南鳳山,00887永豐中國科技50大,30,1,29
華南鳳山,00637L元大滬深300正2,30,2,28
華南鳳山,英業達,24,1,23
華南鳳山,00646元大S＆P500,25,2,23
華南鳳山,00915凱基優選高股息30,22,0,22
華南鳳山,00685L群益臺灣加權正2,21,0,21
華南鳳山,太極,20,0,20
華南鳳山,00632R元大台灣50反1,18,0,18
華南鳳山,台揚,17,0,17
華南鳳山,00948B中信優息投資級債,17,0,17
華南鳳山,能率,23,7,16
華南鳳山,欣興,19,4,15
華南鳳山,中鋼,35,21,14
華南鳳山,合庫金,15,1,14
華南鳳山,智原,13,0,13
華南鳳山,眾達-KY,31,18,13
華南鳳山,00882中信中國高股息,13,0,13
華南鳳山,00650L復華香港正2,12,0,12
華南鳳山,台塑化,14,2,12
華南鳳山,00924復華S＆P500成長,11,0,11
華南鳳山,緯創,24,13,11
華南鳳山,上曜,11,0,11
華南鳳山,海華,13,2,11
華南鳳山,立敦,22,11,11
華南鳳山,金寶,15,5,10
華南鳳山,英濟,37,27,10
華南鳳山,福懋,10,0,10
華南鳳山,富喬,18,8,10
華南鳳山,國碩,10,0,10
華南鳳山,00675L富邦臺灣加權正2,10,0,10
華南鳳山,華通,12,2,10
華南鳳山,彰銀,11,1,10
華南鳳山,00950B凱基A級公司債,10,0,10
華南鳳山,九豪,10,1,9
華南鳳山,士電,10,1,9
華南鳳山,寒舍,8,0,8
華南鳳山,上銀,9,1,8
華南鳳山,00687B國泰20年美債,7,0,7
華南鳳山,新盛力,38,31,7
華南鳳山,00929復華台灣科技優息,20,216,-196
華南鳳山,華票,0,147,-147
華南鳳山,力積電,493,631,-138
華南鳳山,北基,0,110,-110
華南鳳山,00634R富邦上証反1,0,100,-100
華南鳳山,00937B群益ESG投等債20,20,109,-89
華南鳳山,南亞,5,83,-78
華南鳳山,神達,29,78,-49
華南鳳山,00934中信成長高股息,0,41,-41
華南鳳山,華南金,12,47,-35
華南鳳山,日月光投控,1,36,-35
華南鳳山,群創,3,37,-34
華南鳳山,仁寶,0,26,-26
華南鳳山,中信金,1,24,-23
華南鳳山,00680L元大美債20正2,0,23,-23
華南鳳山,宏達電,66,85,-19
華南鳳山,00753L中信中國50正2,0,17,-17
華南鳳山,華城,6,22,-16
華南鳳山,聯合再生,0,16,-16
華南鳳山,長榮航,1,16,-15
華南鳳山,00930永豐ESG低碳高息,0,15,-15
華南鳳山,00960野村全球航運龍頭,1,16,-15
華南鳳山,大同,2,16,-14
華南鳳山,台產,0,14,-14
華南鳳山,中華電,18,32,-14
華南鳳山,00965元大航太防衛科技,2,15,-13
華南鳳山,陽明,10,23,-13
華南鳳山,愛之味,0,12,-12
華南鳳山,矽統,1,13,-12
華南鳳山,群益證,10,22,-12
華南鳳山,大武山,0,11,-11
華南鳳山,廣運,5,16,-11
華南鳳山,00715L期街口布蘭特正2,0,10,-10
華南鳳山,海光,0,10,-10
華南鳳山,南亞科,5,15,-10
華南鳳山,光寶科,0,10,-10
華南鳳山,00725B國泰投資級公司債,0,10,-10
華南鳳山,官田鋼,0,10,-10
華南鳳山,南紡,0,10,-10
華南鳳山,佳能,4,14,-10
華南鳳山,杭特,0,9,-9
華南鳳山,驊訊,0,9,-9
華南鳳山,006208富邦台50,13,21,-8
華南鳳山,新日興,1,10,-9
華南鳳山,富邦金,0,8,-8
華南鳳山,欣銓,3,11,-8
華南鳳山,力山,0,8,-8
華南鳳山,00900富邦特選高股息30,2,10,-8
華南鳳山,全科,0,8,-8
華南鳳山,臺企銀,0,8,-8
統一三多  ,福懋油,130,0,130
統一三多  ,神達,103,58,45
統一三多  ,眾達-KY,54,22,32
統一三多  ,00882中信中國高股息,25,0,25
統一三多  ,鼎基,23,0,23
統一三多  ,00687B國泰20年美債,20,0,20
統一三多  ,00673R期元大S＆P原油反1,20,0,20
統一三多  ,北基,20,0,20
統一三多  ,00650L復華香港正2,19,0,19
統一三多  ,創惟,32,13,19
統一三多  ,聯電,33,18,15
統一三多  ,萬泰科,15,0,15
統一三多  ,連展投控,12,0,12
統一三多  ,南茂,10,0,10
統一三多  ,00959B大華投等美債15Y+,10,0,10
統一三多  ,富威電力,9,0,9
統一三多  ,環宇-KY,40,32,8
統一三多  ,長興,15,8,7
統一三多  ,中鋼,7,0,7
統一三多  ,宏��,6,0,6
統一三多  ,昇達科,10,4,6
統一三多  ,華電網,6,0,6
統一三多  ,宏齊,6,0,6
統一三多  ,泰金寶-DR,8,2,6
統一三多  ,永豐金,5,0,5
統一三多  ,光環,6,1,5
統一三多  ,聯合再生,5,0,5
統一三多  ,西勝,5,0,5
統一三多  ,力成,7,2,5
統一三多  ,有益,5,0,5
統一三多  ,00919群益台灣精選高息,4,0,4
統一三多  ,00632R元大台灣50反1,4,0,4
統一三多  ,00713元大台灣高息低波,4,0,4
統一三多  ,大成鋼,5,1,4
統一三多  ,夆典,4,0,4
統一三多  ,事欣科,7,3,4
統一三多  ,頎邦,3,0,3
統一三多  ,國統,3,0,3
統一三多  ,英業達,3,0,3
統一三多  ,揚智,3,0,3
統一三多  ,驊訊,3,0,3
統一三多  ,英濟,5,2,3
統一三多  ,00858永豐美國500大,2,0,2
統一三多  ,聯成,2,0,2
統一三多  ,00720B元大投資級公司債,2,0,2
統一三多  ,00637L元大滬深300正2,2,0,2
統一三多  ,川飛,2,0,2
統一三多  ,精剛,2,0,2
統一三多  ,IKKA-KY,2,0,2
統一三多  ,立隆電,18,16,2
統一三多  ,合正,0,140,-140
統一三多  ,凱基金,0,39,-39
統一三多  ,中光電,5,42,-37
統一三多  ,欣銓,6,32,-26
統一三多  ,興能高,12,28,-16
統一三多  ,冠軍,0,14,-14
統一三多  ,立敦,4,18,-14
統一三多  ,群創,0,13,-13
統一三多  ,新光金,0,12,-12
統一三多  ,僑威,1,13,-12
統一三多  ,宏致,4,16,-12
統一三多  ,00631L元大台灣50正2,0,11,-11
統一三多  ,中信金,0,11,-11
統一三多  ,00980B台新特選IG債10+,0,10,-10
統一三多  ,00665L富邦�琤肭磪囓�2,10,20,-10
統一三多  ,國化,0,10,-10
統一三多  ,華星光,5,14,-9
統一三多  ,00929復華台灣科技優息,1,10,-9
統一三多  ,台塑,7,16,-9
統一三多  ,台玻,1,10,-9
統一三多  ,台泥,0,8,-8
統一三多  ,長榮航,1,9,-8
統一三多  ,陽明,7,14,-7
統一三多  ,燿華,1,7,-6
統一三多  ,華航,20,26,-6
統一三多  ,順達,11,17,-6
統一三多  ,020030統一智慧電動車N,0,5,-5
統一三多  ,00946群益科技高息成長,0,5,-5
統一三多  ,大同,0,5,-5
統一三多  ,淘帝-KY,0,5,-5
統一三多  ,新盛力,14,19,-5
統一三多  ,弘凱,1,6,-5
統一三多  ,富強鑫,0,5,-5
統一三多  ,聯鈞,8,13,-5
統一三多  ,臺企銀,0,5,-5
統一三多  ,鴻海,1,6,-5
統一三多  ,00940元大台灣價值高息,1,5,-4
統一三多  ,光寶科,1,5,-4
統一三多  ,仁寶,0,4,-4
統一三多  ,富邦金,1,5,-4
統一三多  ,東浦,0,4,-4
統一三多  ,新唐,0,4,-4
統一三多  ,台灣虎航,16,20,-4
統一三多  ,凌巨,0,4,-4
統一三多  ,台光電,1,5,-4
統一三多  ,國泰金,0,4,-4
統一三多  ,宏達電,14,17,-3
統一三多  ,台達電,0,3,-3
統一三多  ,006208富邦台50,0,3,-3
統一三多  ,得力,0,3,-3
華南板橋,00953B群益優選非投等債,200,0,200
華南板橋,新盛力,188,90,98
華南板橋,00919群益台灣精選高息,101,32,69
華南板橋,聯電,78,25,53
華南板橋,00757統一FANG+,50,0,50
華南板橋,誠美材,50,0,50
華南板橋,緯創,43,2,41
華南板橋,元大高股息,34,0,34
華南板橋,00637L元大滬深300正2,28,0,28
華南板橋,力成,20,0,20
華南板橋,欣興,26,8,18
華南板橋,聯鈞,48,30,18
華南板橋,中美晶,17,0,17
華南板橋,谷崧,15,0,15
華南板橋,慧洋-KY,14,0,14
華南板橋,彬台,13,2,11
華南板橋,00945B凱基美國非投等債,10,0,10
華南板橋,00900富邦特選高股息30,10,0,10
華南板橋,00852L國泰美國道瓊正2,10,0,10
華南板橋,凱基金,10,0,10
華南板橋,憶聲,10,0,10
華南板橋,育富,10,0,10
華南板橋,立端,10,0,10
華南板橋,00830國泰費城半導體,10,0,10
華南板橋,盟立,9,0,9
華南板橋,驊宏資,8,0,8
華南板橋,中石化,7,0,7
華南板橋,宏��,7,0,7
華南板橋,金寶,12,5,7
華南板橋,台新金,7,0,7
華南板橋,技嘉,7,0,7
華南板橋,星宇航空,6,0,6
華南板橋,00882中信中國高股息,6,0,6
華南板橋,零壹,5,0,5
華南板橋,揚明光,7,2,5
華南板橋,元晶,5,0,5
華南板橋,雷虎,8,4,4
華南板橋,東浦,10,6,4
華南板橋,四維航,4,0,4
華南板橋,立敦,8,4,4
華南板橋,采鈺,4,0,4
華南板橋,00687B國泰20年美債,3,0,3
華南板橋,大成鋼,3,0,3
華南板橋,輔信,3,0,3
華南板橋,淘帝-KY,3,0,3
華南板橋,連展投控,16,13,3
華南板橋,東洋,3,0,3
華南板橋,國光生,3,0,3
華南板橋,大宇資,3,0,3
華南板橋,環宇-KY,6,3,3
華南板橋,00951台新日本半導體,5,198,-193
華南板橋,00918大華優利高填息30,20,200,-180
華南板橋,00937B群益ESG投等債20,11,132,-121
華南板橋,前鼎,13,112,-99
華南板橋,00713元大台灣高息低波,2,100,-98
華南板橋,大同,4,77,-73
華南板橋,00878國泰永續高股息,10,72,-62
華南板橋,欣銓,2,44,-42
華南板橋,華星光,39,80,-41
華南板橋,00971野村美國研發龍頭,0,32,-32
華南板橋,00642U期元大S＆P石油,0,30,-30
華南板橋,耀勝,0,30,-30
華南板橋,大國鋼,0,30,-30
華南板橋,力積電,22,49,-27
華南板橋,寶成,0,26,-26
華南板橋,冠德,1,26,-25
華南板橋,三商壽,0,25,-25
華南板橋,00679B元大美債20年,4,28,-24
華南板橋,泰金寶-DR,1,21,-20
華南板橋,昱展新藥,0,20,-20
華南板橋,00929復華台灣科技優息,0,18,-18
華南板橋,良維,2,20,-18
華南板橋,00932兆豐永續高息等權,0,18,-18
華南板橋,乙盛-KY,0,15,-15
華南板橋,宏觀,0,15,-15
華南板橋,長榮航,3,17,-14
華南板橋,聯亞,0,13,-13
華南板橋,神達,166,178,-12
華南板橋,鴻海,15,27,-12
華南板橋,宏達電,80,91,-11
華南板橋,新日興,2,13,-11
華南板橋,友訊,2,13,-11
華南板橋,神基,1,12,-11
華南板橋,大亞,1,12,-11
華南板橋,立隆電,11,22,-11
華南板橋,華航,0,11,-11
華南板橋,00650L復華香港正2,0,10,-10
華南板橋,威盛,1,11,-10
華南板橋,臺企銀,0,10,-10
華南板橋,炎洲,0,10,-10
華南板橋,上海商銀,0,9,-9
華南板橋,信錦,0,9,-9
華南板橋,台積電,11,20,-9
華南板橋,00652富邦印度,0,8,-8
華南板橋,科妍,0,8,-8
華南板橋,群創,0,8,-8
華南板橋,精成科,5,12,-7
華南板橋,00947台新臺灣IC設計,0,7,-7
華南板橋,富喬,5,12,-7
華南板橋,精英,0,7,-7
德信和平,00637L元大滬深300正2,344,6,338
德信和平,浪凡,32,0,32
德信和平,潤泰新,20,0,20
德信和平,茂迪,16,0,16
德信和平,新麥,11,0,11
德信和平,00924復華S＆P500成長,11,0,11
德信和平,00878國泰永續高股息,12,1,11
德信和平,00725B國泰投資級公司債,10,0,10
德信和平,00959B大華投等美債15Y+,10,0,10
德信和平,皇昌,10,0,10
德信和平,環宇-KY,8,1,7
德信和平,宏達電,10,3,7
德信和平,欣興,6,0,6
德信和平,新光金,8,2,6
德信和平,中鋼,5,0,5
德信和平,00965元大航太防衛科技,5,0,5
德信和平,台產,5,0,5
德信和平,連展投控,5,0,5
德信和平,宏齊,6,1,5
德信和平,台虹,5,0,5
德信和平,錸寶,5,0,5
德信和平,遠東新,4,0,4
德信和平,潤泰全,4,0,4
德信和平,緯創,9,5,4
德信和平,眾達-KY,10,6,4
德信和平,晶焱,4,0,4
德信和平,裕隆,3,0,3
德信和平,00919群益台灣精選高息,3,0,3
德信和平,00646元大S＆P500,3,0,3
德信和平,星宇航空,3,0,3
德信和平,中美晶,3,0,3
德信和平,緯穎,4,2,2
德信和平,00937B群益ESG投等債20,2,0,2
德信和平,00662富邦NASDAQ,2,0,2
德信和平,錸德,2,0,2
德信和平,鴻準,2,0,2
德信和平,建準,2,0,2
德信和平,興勤,2,0,2
德信和平,玉山金,2,0,2
德信和平,永崴投控,2,0,2
德信和平,華容,8,6,2
德信和平,鼎基,2,0,2
德信和平,昇陽半導體,3,1,2
德信和平,00960野村全球航運龍頭,2,0,2
德信和平,鴻華先進-創,1,0,1
德信和平,富喬,3,2,1
德信和平,大成鋼,1,0,1
德信和平,駿吉-KY,1,0,1
德信和平,台肥,1,0,1
德信和平,大飲,1,0,1
德信和平,神達,5,37,-32
德信和平,聯電,26,45,-19
德信和平,順達,11,30,-19
德信和平,系統電,0,18,-18
德信和平,長榮航,0,14,-14
德信和平,健鼎,0,10,-10
德信和平,亞翔,0,10,-10
德信和平,佳能,1,10,-9
德信和平,英濟,1,10,-9
德信和平,日月光投控,0,9,-9
德信和平,飛捷,0,9,-9
德信和平,光寶科,0,7,-7
德信和平,欣銓,0,7,-7
德信和平,信錦,0,6,-6
德信和平,大同,0,6,-6
德信和平,神基,0,6,-6
德信和平,台積電,3,9,-6
德信和平,00687B國泰20年美債,0,5,-5
德信和平,00940元大台灣價值高息,0,5,-5
德信和平,奇鋐,0,5,-5
德信和平,邁達特,0,5,-5
德信和平,康舒,0,5,-5
德信和平,順藥,0,5,-5
德信和平,鴻海,2,6,-4
德信和平,華新,0,4,-4
德信和平,聯昌,0,4,-4
德信和平,亞光,2,6,-4
德信和平,艾訊,0,4,-4
德信和平,泰金寶-DR,0,4,-4
德信和平,中華,0,3,-3
德信和平,友訊,35,38,-3
德信和平,華邦電,0,3,-3
德信和平,廣達,1,4,-3
德信和平,華航,2,5,-3
德信和平,富邦金,0,3,-3
德信和平,波若威,1,4,-3
德信和平,宏致,1,4,-3
德信和平,精成科,1,4,-3
德信和平,矽格,0,3,-3
德信和平,華研,0,3,-3
德信和平,台揚,0,2,-2
德信和平,南亞,0,2,-2
德信和平,廣宇,0,2,-2
德信和平,凌陽,0,2,-2
德信和平,王品,0,2,-2
德信和平,晟銘電,0,2,-2
德信和平,大綜,1,3,-2
德信和平,貿聯-KY,11,13,-2
德信和平,致伸,0,2,-2
德信和平,創惟,0,2,-2
富邦陽明,聯電,970,99,871
富邦陽明,元大高股息,400,48,352
富邦陽明,宏達電,657,423,234
富邦陽明,00637L元大滬深300正2,264,49,215
富邦陽明,00671R富邦NASDAQ反1,200,0,200
富邦陽明,眾達-KY,348,152,196
富邦陽明,00933B國泰10Y+金融債,203,19,184
富邦陽明,華星光,300,128,172
富邦陽明,泰金寶-DR,234,69,165
富邦陽明,00650L復華香港正2,144,13,131
富邦陽明,00720B元大投資級公司債,149,20,129
富邦陽明,華邦電,150,22,128
富邦陽明,中信金,136,14,122
富邦陽明,00953B群益優選非投等債,121,10,111
富邦陽明,緯創,150,45,105
富邦陽明,萬潤,102,0,102
富邦陽明,聯成,102,0,102
富邦陽明,00648R元大S＆P500反1,100,0,100
富邦陽明,00641R富邦日本反1,100,0,100
富邦陽明,00633L富邦上証正2,99,2,97
富邦陽明,00664R國泰臺灣加權反1,85,4,81
富邦陽明,新光金,177,100,77
富邦陽明,00632R元大台灣50反1,85,12,73
富邦陽明,美德醫療-DR,70,0,70
富邦陽明,00937B群益ESG投等債20,81,25,56
富邦陽明,00679B元大美債20年,134,79,55
富邦陽明,00878國泰永續高股息,131,80,51
富邦陽明,00753L中信中國50正2,72,20,52
富邦陽明,聯華,54,3,51
富邦陽明,神達,216,165,51
富邦陽明,台船,50,0,50
富邦陽明,建國,50,0,50
富邦陽明,遠百,54,5,49
富邦陽明,00655L國泰中國A50正2,49,1,48
富邦陽明,尚凡*,47,0,47
富邦陽明,統一實,46,0,46
富邦陽明,欣興,86,41,45
富邦陽明,加捷生醫,45,3,42
富邦陽明,誠研,36,0,36
富邦陽明,00706L期元大S＆P日圓正2,35,0,35
富邦陽明,00945B凱基美國非投等債,34,1,33
富邦陽明,嘉裕,33,0,33
富邦陽明,00950B凱基A級公司債,41,10,31
富邦陽明,00674R期元大S＆P黃金反1,31,0,31
富邦陽明,兆豐金,34,4,30
富邦陽明,00891中信關鍵半導體,48,20,28
富邦陽明,00919群益台灣精選高息,119,92,27
富邦陽明,00959B大華投等美債15Y+,27,0,27
富邦陽明,00882中信中國高股息,43,17,26
富邦陽明,00858永豐美國500大,26,0,26
富邦陽明,聯光通,22,390,-368
富邦陽明,00936台新永續高息中小,0,288,-288
富邦陽明,00980B台新特選IG債10+,2,213,-211
富邦陽明,00929復華台灣科技優息,46,230,-184
富邦陽明,00642U期元大S＆P石油,0,174,-174
富邦陽明,00940元大台灣價值高息,7,168,-161
富邦陽明,台灣虎航,12,162,-150
富邦陽明,彰銀,16,163,-147
富邦陽明,長榮航,7,125,-118
富邦陽明,元大台灣50,9,110,-101
富邦陽明,藥華藥,5,102,-97
富邦陽明,00922國泰台灣領袖50,27,120,-93
富邦陽明,大同,40,128,-88
富邦陽明,00887永豐中國科技50大,31,115,-84
富邦陽明,茂林-KY,0,83,-83
富邦陽明,富邦金,8,87,-79
富邦陽明,群創,36,114,-78
富邦陽明,00685L群益臺灣加權正2,0,71,-71
富邦陽明,國泰金,8,77,-69
富邦陽明,鴻海,46,113,-67
富邦陽明,興能高,190,251,-61
富邦陽明,華航,11,67,-56
富邦陽明,00892富邦台灣半導體,0,55,-55
富邦陽明,00881國泰台灣5G+,8,61,-53
富邦陽明,00665L富邦�琤肭磪囓�2,49,101,-52
富邦陽明,晶睿,1,50,-49
富邦陽明,欣銓,37,85,-48
富邦陽明,00692富邦公司治理,1,48,-47
富邦陽明,凱基金,16,59,-43
富邦陽明,宏致,32,74,-42
富邦陽明,台積電,39,78,-39
富邦陽明,台達電,3,38,-35
富邦陽明,南亞科,33,67,-34
富邦陽明,聚陽,1,33,-32
富邦陽明,緯穎,24,55,-31
富邦陽明,遠東銀,1,31,-30
富邦陽明,006208富邦台50,20,49,-29
富邦陽明,長榮,10,38,-28
富邦陽明,星宇航空,2,30,-28
富邦陽明,神基,2,29,-27
富邦陽明,裕民,3,30,-27
富邦陽明,00965元大航太防衛科技,0,26,-26
富邦陽明,日月光投控,28,53,-25
富邦陽明,00701國泰股利精選30,1,26,-25
富邦陽明,仁寶,8,33,-25
富邦陽明,圓剛,26,51,-25
富邦陽明,久昌,5,30,-25
富邦陽明,富華新,1,26,-25
富邦陽明,合庫金,5,27,-22
富邦陽明,友訊,2,23,-21
 元大鶯歌,00665L富邦�琤肭磪囓�2,310,0,310
 元大鶯歌,00637L元大滬深300正2,306,0,306
 元大鶯歌,00885富邦越南,126,0,126
 元大鶯歌,00688L國泰20年美債正2,100,0,100
 元大鶯歌,00715L期街口布蘭特正2,85,0,85
 元大鶯歌,00685L群益臺灣加權正2,52,0,52
 元大鶯歌,華容,50,0,50
 元大鶯歌,聯電,54,13,41
 元大鶯歌,00882中信中國高股息,34,0,34
 元大鶯歌,元大高股息,35,1,34
 元大鶯歌,00919群益台灣精選高息,25,1,24
 元大鶯歌,加百裕,28,11,17
 元大鶯歌,南亞,16,0,16
 元大鶯歌,三發地產,16,0,16
 元大鶯歌,廣宇,15,0,15
 元大鶯歌,第一金,15,0,15
 元大鶯歌,00918大華優利高填息30,13,0,13
 元大鶯歌,兆豐金,12,0,12
 元大鶯歌,鴻準,12,2,10
 元大鶯歌,00673R期元大S＆P原油反1,9,0,9
 元大鶯歌,新光金,10,1,9
 元大鶯歌,00878國泰永續高股息,12,4,8
 元大鶯歌,達航科技,7,0,7
 元大鶯歌,寶得利,7,0,7
 元大鶯歌,00679B元大美債20年,7,0,7
 元大鶯歌,006208富邦台50,12,6,6
 元大鶯歌,新盛力,70,64,6
 元大鶯歌,00915凱基優選高股息30,6,0,6
 元大鶯歌,華票,6,0,6
 元大鶯歌,三商壽,11,5,6
 元大鶯歌,高技,6,0,6
 元大鶯歌,00937B群益ESG投等債20,5,0,5
 元大鶯歌,燿華,5,0,5
 元大鶯歌,立隆電,10,5,5
 元大鶯歌,台虹,5,0,5
 元大鶯歌,泰金寶-DR,10,5,5
 元大鶯歌,00632R元大台灣50反1,4,0,4
 元大鶯歌,00858永豐美國500大,4,0,4
 元大鶯歌,00830國泰費城半導體,4,0,4
 元大鶯歌,00770國泰北美科技,4,0,4
 元大鶯歌,立��,26,22,4
 元大鶯歌,萬海,4,0,4
 元大鶯歌,光環,9,6,3
 元大鶯歌,玉晶光,3,0,3
 元大鶯歌,大成鋼,3,0,3
 元大鶯歌,潤隆,3,0,3
 元大鶯歌,台新金,3,0,3
 元大鶯歌,正達,3,0,3
 元大鶯歌,事欣科,3,0,3
 元大鶯歌,胡連,3,0,3
 元大鶯歌,00940元大台灣價值高息,1,107,-106
 元大鶯歌,力積電,17,98,-81
 元大鶯歌,00952凱基台灣AI50,0,75,-75
 元大鶯歌,00965元大航太防衛科技,0,58,-58
 元大鶯歌,00960野村全球航運龍頭,0,50,-50
 元大鶯歌,00951台新日本半導體,0,41,-41
 元大鶯歌,神達,165,206,-41
 元大鶯歌,00929復華台灣科技優息,3,43,-40
 元大鶯歌,友達,0,31,-31
 元大鶯歌,00939統一台灣高息動能,0,26,-26
 元大鶯歌,冠軍,0,25,-25
 元大鶯歌,00912中信臺灣智慧50,0,25,-25
 元大鶯歌,興能高,118,140,-22
 元大鶯歌,群創,0,21,-21
 元大鶯歌,漢翔,0,20,-20
 元大鶯歌,永豐餘,0,11,-11
 元大鶯歌,台積電,1,12,-11
 元大鶯歌,旺宏,0,10,-10
 元大鶯歌,00896中信綠能及電動車,0,10,-10
 元大鶯歌,和椿,13,23,-10
 元大鶯歌,欣銓,5,14,-9
 元大鶯歌,桂田文創,1,10,-9
 元大鶯歌,00954中信日本半導體,0,8,-8
 元大鶯歌,劍湖山,0,8,-8
 元大鶯歌,慧洋-KY,0,7,-7
 元大鶯歌,宏致,28,35,-7
 元大鶯歌,環宇-KY,4,11,-7
 元大鶯歌,中租-KY,0,6,-6
 元大鶯歌,00891中信關鍵半導體,0,6,-6
 元大鶯歌,宇隆,0,6,-6
 元大鶯歌,華航,0,6,-6
 元大鶯歌,緯創,3,9,-6
 元大鶯歌,鈞興-KY,0,5,-5
 元大鶯歌,國喬,0,5,-5
 元大鶯歌,健喬,0,5,-5
 元大鶯歌,宣德,0,5,-5
 元大鶯歌,飛捷,0,5,-5
 元大鶯歌,新華,0,5,-5
 元大鶯歌,陽明,0,5,-5
 元大鶯歌,鴻海,4,9,-5
 元大鶯歌,精成科,4,9,-5
 元大鶯歌,順達,3,7,-4
 元大鶯歌,迅得,2,6,-4
 元大鶯歌,橋椿,0,4,-4
 元大鶯歌,南六,0,4,-4
 元大鶯歌,達方,0,4,-4
 元大鶯歌,中鋼,3,7,-4
 元大鶯歌,辛耘,0,4,-4
 元大鶯歌,凱基金,0,4,-4
 元大鶯歌,元大台灣50,3,7,-4
 元大屏東,聯電,182,57,125
 元大屏東,佳世達,72,0,72
 元大屏東,兆豐金,63,1,62
 元大屏東,合庫金,59,2,57
 元大屏東,東台,50,0,50
 元大屏東,海華,37,1,36
 元大屏東,00637L元大滬深300正2,131,100,31
 元大屏東,中鋼,40,10,30
 元大屏東,立敦,37,9,28
 元大屏東,00900富邦特選高股息30,21,0,21
 元大屏東,00753L中信中國50正2,20,0,20
 元大屏東,隆大,18,0,18
 元大屏東,泰金寶-DR,34,20,14
 元大屏東,中石化,14,0,14
 元大屏東,神達,62,49,13
 元大屏東,00878國泰永續高股息,15,4,11
 元大屏東,台積電,16,5,11
 元大屏東,華容,12,1,11
 元大屏東,00665L富邦�琤肭磪囓�2,10,0,10
 元大屏東,新纖,10,0,10
 元大屏東,艾笛森,10,0,10
 元大屏東,瑞軒,10,1,9
 元大屏東,彬台,11,2,9
 元大屏東,鑫科,8,0,8
 元大屏東,00858永豐美國500大,10,2,8
 元大屏東,00679B元大美債20年,11,3,8
 元大屏東,00650L復華香港正2,7,0,7
 元大屏東,亞光,10,3,7
 元大屏東,緯創,22,16,6
 元大屏東,00918大華優利高填息30,8,2,6
 元大屏東,力成,6,0,6
 元大屏東,00891中信關鍵半導體,6,0,6
 元大屏東,南港,6,0,6
 元大屏東,全科,7,1,6
 元大屏東,威盛,5,0,5
 元大屏東,中櫃,5,0,5
 元大屏東,愛之味,5,0,5
 元大屏東,鳳凰,5,0,5
 元大屏東,2883B凱基金乙特,5,0,5
 元大屏東,亞泰,6,1,5
 元大屏東,英濟,8,3,5
 元大屏東,元太,5,0,5
 元大屏東,欣興,6,2,4
 元大屏東,台塑,9,5,4
 元大屏東,陽明,11,7,4
 元大屏東,橘子,4,0,4
 元大屏東,亞航,4,0,4
 元大屏東,淘帝-KY,4,0,4
 元大屏東,毛寶,4,0,4
 元大屏東,鴻準,6,2,4
 元大屏東,00965元大航太防衛科技,0,142,-142
 元大屏東,00671R富邦NASDAQ反1,2,100,-98
 元大屏東,新光金,25,118,-93
 元大屏東,富喬,13,96,-83
 元大屏東,高端疫苗,0,73,-73
 元大屏東,尖點,0,65,-65
 元大屏東,台灣大,0,40,-40
 元大屏東,湧德,1,31,-30
 元大屏東,宏達電,36,61,-25
 元大屏東,漢翔,0,24,-24
 元大屏東,雷科,0,24,-24
 元大屏東,00940元大台灣價值高息,1,24,-23
 元大屏東,00929復華台灣科技優息,0,20,-20
 元大屏東,00701國泰股利精選30,0,20,-20
 元大屏東,00971野村美國研發龍頭,1,20,-19
 元大屏東,瑞智,0,18,-18
 元大屏東,萬海,0,17,-17
 元大屏東,宏致,7,24,-17
 元大屏東,中信金,0,15,-15
 元大屏東,00772B中信高評級公司債,0,15,-15
 元大屏東,耿鼎,0,15,-15
 元大屏東,00861元大全球未來通訊,0,15,-15
 元大屏東,元晶,0,15,-15
 元大屏東,凱基金,2,17,-15
 元大屏東,友達,12,26,-14
 元大屏東,華航,0,14,-14
 元大屏東,力積電,46,59,-13
 元大屏東,00895富邦未來車,0,13,-13
 元大屏東,大同,2,14,-12
 元大屏東,長榮航,3,14,-11
 元大屏東,北基,0,10,-10
 元大屏東,華東,0,10,-10
 元大屏東,興能高,127,136,-9
 元大屏東,欣銓,5,14,-9
 元大屏東,無敵,0,9,-9
 元大屏東,華南金,0,8,-8
 元大屏東,00688L國泰20年美債正2,2,10,-8
 元大屏東,高僑,1,9,-8
 元大屏東,00720B元大投資級公司債,0,8,-8
 元大屏東,永光,0,8,-8
 元大屏東,富邦金,0,8,-8
 元大屏東,立隆電,22,29,-7
 元大屏東,斐成,0,7,-7
 元大屏東,台揚,1,8,-7
 元大屏東,佳能,2,9,-7
 元大屏東,00951台新日本半導體,0,7,-7
 元大屏東,光寶科,0,7,-7
 元大屏東,正崴,0,7,-7
 元大屏東,006208富邦台50,2,9,-7
 元大屏東,元大台灣50,1,7,-6
統一板橋  ,宏達電,173,47,126
統一板橋  ,亞光,103,1,102
統一板橋  ,群創,100,0,100
統一板橋  ,友訊,102,3,99
統一板橋  ,寬魚國際,134,50,84
統一板橋  ,00637L元大滬深300正2,42,0,42
統一板橋  ,美好證,35,0,35
統一板橋  ,聯電,35,4,31
統一板橋  ,00918大華優利高填息30,31,0,31
統一板橋  ,中信金,51,23,28
統一板橋  ,00937B群益ESG投等債20,24,0,24
統一板橋  ,00915凱基優選高股息30,20,0,20
統一板橋  ,惠特,22,2,20
統一板橋  ,藍天,20,0,20
統一板橋  ,錸德,30,11,19
統一板橋  ,一詮,32,13,19
統一板橋  ,新復興,20,3,17
統一板橋  ,光鼎,17,0,17
統一板橋  ,輔信,15,0,15
統一板橋  ,鴻海,18,4,14
統一板橋  ,台灣虎航,16,3,13
統一板橋  ,振曜,12,0,12
統一板橋  ,緯創,16,5,11
統一板橋  ,立隆電,54,43,11
統一板橋  ,環宇-KY,31,20,11
統一板橋  ,世界,11,0,11
統一板橋  ,冠西電,11,0,11
統一板橋  ,00933B國泰10Y+金融債,10,0,10
統一板橋  ,00715L期街口布蘭特正2,10,0,10
統一板橋  ,愛山林,10,0,10
統一板橋  ,晶彩科,10,0,10
統一板橋  ,彩晶,10,0,10
統一板橋  ,順藥,10,0,10
統一板橋  ,富強鑫,10,0,10
統一板橋  ,眾達-KY,24,14,10
統一板橋  ,創惟,10,1,9
統一板橋  ,環球晶,11,2,9
統一板橋  ,新盛力,27,19,8
統一板橋  ,第一金,8,1,7
統一板橋  ,波若威,14,7,7
統一板橋  ,光洋科,6,0,6
統一板橋  ,聯鈞,13,7,6
統一板橋  ,騰輝電子-KY,8,2,6
統一板橋  ,00712復華富時不動產,5,0,5
統一板橋  ,00665L富邦�琤肭磪囓�2,7,2,5
統一板橋  ,中鋼,5,0,5
統一板橋  ,台灣大,5,0,5
統一板橋  ,精材,14,9,5
統一板橋  ,新日興,17,12,5
統一板橋  ,時碩工業,5,0,5
統一板橋  ,00673R期元大S＆P原油反1,0,500,-500
統一板橋  ,00940元大台灣價值高息,5,390,-385
統一板橋  ,聯光通,9,207,-198
統一板橋  ,00887永豐中國科技50大,0,175,-175
統一板橋  ,順達,10,110,-100
統一板橋  ,友達,1,100,-99
統一板橋  ,力積電,5,48,-43
統一板橋  ,台積電,5,47,-42
統一板橋  ,00965元大航太防衛科技,0,40,-40
統一板橋  ,00980B台新特選IG債10+,0,30,-30
統一板橋  ,海華,0,26,-26
統一板橋  ,00954中信日本半導體,0,22,-22
統一板橋  ,光罩,0,20,-20
統一板橋  ,耀登,0,18,-18
統一板橋  ,00675L富邦臺灣加權正2,0,16,-16
統一板橋  ,驊訊,6,21,-15
統一板橋  ,達邁,63,76,-13
統一板橋  ,立端,1,13,-12
統一板橋  ,澤米,0,12,-12
統一板橋  ,國巨,0,10,-10
統一板橋  ,富邦金,0,10,-10
統一板橋  ,新光金,0,10,-10
統一板橋  ,辛耘,0,10,-10
統一板橋  ,海悅,0,9,-9
統一板橋  ,華南金,0,9,-9
統一板橋  ,台新金,5,14,-9
統一板橋  ,00631L元大台灣50正2,0,8,-8
統一板橋  ,00939統一台灣高息動能,0,8,-8
統一板橋  ,和椿,37,44,-7
統一板橋  ,神達,25,31,-6
統一板橋  ,所羅門,0,6,-6
統一板橋  ,華晶科,0,6,-6
統一板橋  ,富采,0,6,-6
統一板橋  ,金橋,0,6,-6
統一板橋  ,百和,0,5,-5
統一板橋  ,光寶科,1,6,-5
統一板橋  ,英業達,1,6,-5
統一板橋  ,金像電,0,5,-5
統一板橋  ,華航,0,5,-5
統一板橋  ,歐買尬,0,5,-5
統一板橋  ,中美晶,5,10,-5
統一板橋  ,精成科,3,8,-5
統一板橋  ,鉅祥,0,5,-5
統一板橋  ,台泥,0,4,-4
統一板橋  ,仁寶,0,4,-4
統一板橋  ,順德,0,4,-4
統一板橋  ,訊舟,1,5,-4
統一板橋  ,宜特,0,4,-4
統一板橋  ,前鼎,4,8,-4
統一板橋  ,伊雲谷,7,11,-4
富邦北港,00637L元大滬深300正2,258,1,257
富邦北港,00676R富邦臺灣加權反1,200,0,200
富邦北港,群創,93,0,93
富邦北港,百和興業-KY,60,2,58
富邦北港,聯電,90,45,45
富邦北港,新光金,40,3,37
富邦北港,第一金,34,0,34
富邦北港,立隆電,36,7,29
富邦北港,006208富邦台50,32,4,28
富邦北港,海華,28,2,26
富邦北港,陽明,35,10,25
富邦北港,00919群益台灣精選高息,22,0,22
富邦北港,金寶,20,0,20
富邦北港,緯創,26,7,19
富邦北港,友達,31,12,19
富邦北港,力積電,63,45,18
富邦北港,英業達,17,0,17
富邦北港,00762元大全球AI,15,0,15
富邦北港,波若威,31,16,15
富邦北港,昇達科,20,5,15
富邦北港,邁達特,15,0,15
富邦北港,矽格,15,0,15
富邦北港,友訊,16,2,14
富邦北港,興能高,29,16,13
富邦北港,00753L中信中國50正2,13,0,13
富邦北港,士電,12,0,12
富邦北港,光洋科,20,8,12
富邦北港,臺企銀,20,8,12
富邦北港,森崴能源,12,0,12
富邦北港,00633L富邦上証正2,10,0,10
富邦北港,台灣高鐵,10,0,10
富邦北港,洋基工程,10,0,10
富邦北港,鑽石投資,10,0,10
富邦北港,致和證,7,0,7
富邦北港,欣興,7,0,7
富邦北港,聯光通,69,63,6
富邦北港,晟銘電,6,0,6
富邦北港,加百裕,6,0,6
富邦北港,新盛力,25,19,6
富邦北港,友勁,6,0,6
富邦北港,惠特,6,0,6
富邦北港,長華*,6,0,6
富邦北港,廣達,5,0,5
富邦北港,宏益,5,0,5
富邦北港,金雨,5,0,5
富邦北港,中租-KY,5,0,5
富邦北港,橘子,5,0,5
富邦北港,龍德造船,5,0,5
富邦北港,宏達電,27,23,4
富邦北港,00900富邦特選高股息30,4,0,4
富邦北港,凱基金,0,210,-210
富邦北港,00887永豐中國科技50大,0,100,-100
富邦北港,00664R國泰臺灣加權反1,0,95,-95
富邦北港,華航,0,84,-84
富邦北港,華南金,0,72,-72
富邦北港,元大台灣50,1,52,-51
富邦北港,00680L元大美債20正2,2,50,-48
富邦北港,中鋼,2,38,-36
富邦北港,00965元大航太防衛科技,0,35,-35
富邦北港,00929復華台灣科技優息,0,33,-33
富邦北港,能率,1,34,-33
富邦北港,鴻海,1,29,-28
富邦北港,長佳,1,26,-25
富邦北港,光寶科,0,18,-18
富邦北港,神達,17,35,-18
富邦北港,欣銓,3,20,-17
富邦北港,迅得,7,22,-15
富邦北港,00937B群益ESG投等債20,1,15,-14
富邦北港,艾笛森,0,13,-13
富邦北港,中興電,5,17,-12
富邦北港,大同,1,13,-12
富邦北港,00892富邦台灣半導體,0,11,-11
富邦北港,台達電,0,11,-11
富邦北港,00948B中信優息投資級債,0,10,-10
富邦北港,00956中信日經高股息,0,10,-10
富邦北港,020030統一智慧電動車N,0,10,-10
富邦北港,易威,0,10,-10
富邦北港,台揚,0,10,-10
富邦北港,德淵,0,10,-10
富邦北港,新唐,0,10,-10
富邦北港,亞通,0,10,-10
富邦北港,金山電,0,10,-10
富邦北港,元創精密,0,9,-9
富邦北港,泰鼎-KY,3,12,-9
富邦北港,精材,3,11,-8
富邦北港,擎亞,9,17,-8
富邦北港,台積電,1,9,-8
富邦北港,台玻,1,9,-8
富邦北港,富喬,0,7,-7
富邦北港,宏致,1,7,-6
富邦北港,大地-KY,0,6,-6
富邦北港,技嘉,0,6,-6
富邦北港,華城,3,8,-5
富邦北港,國際中橡,0,5,-5
富邦北港,台船,0,5,-5
富邦北港,瑞軒,1,6,-5
富邦北港,競國,0,5,-5
富邦北港,精成科,23,28,-5
富邦北港,元大高股息,11,16,-5
富邦北港,華晶科,0,5,-5
 元富中壢,00665L富邦�琤肭磪囓�2,193,71,122
 元富中壢,聯電,102,26,76
 元富中壢,華票,50,1,49
 元富中壢,00899FT潔淨能源,40,0,40
 元富中壢,00632R元大台灣50反1,20,0,20
 元富中壢,00637L元大滬深300正2,19,0,19
 元富中壢,泰金寶-DR,16,1,15
 元富中壢,00878國泰永續高股息,12,1,11
 元富中壢,00680L元大美債20正2,11,0,11
 元富中壢,00882中信中國高股息,10,0,10
 元富中壢,00673R期元大S＆P原油反1,10,0,10
 元富中壢,中電,10,0,10
 元富中壢,聯陽,10,0,10
 元富中壢,立德,10,0,10
 元富中壢,大宇資,10,0,10
 元富中壢,台汽電,10,0,10
 元富中壢,00650L復華香港正2,10,1,9
 元富中壢,緯創,11,2,9
 元富中壢,中鋼,8,0,8
 元富中壢,陽程,7,0,7
 元富中壢,星宇航空,5,0,5
 元富中壢,00952凱基台灣AI50,5,0,5
 元富中壢,岱宇,7,2,5
 元富中壢,三晃,5,0,5
 元富中壢,璟德,5,0,5
 元富中壢,達邁,12,7,5
 元富中壢,富采,6,1,5
 元富中壢,事欣科,6,1,5
 元富中壢,信音,5,0,5
 元富中壢,臺企銀,4,0,4
 元富中壢,LINEPAY,4,0,4
 元富中壢,英業達,4,0,4
 元富中壢,台化,11,7,4
 元富中壢,好德,4,0,4
 元富中壢,連展投控,25,21,4
 元富中壢,新盛力,24,20,4
 元富中壢,環宇-KY,20,16,4
 元富中壢,立端,4,0,4
 元富中壢,00646元大S＆P500,7,3,4
 元富中壢,元大高股息,6,2,4
 元富中壢,台泥,4,0,4
 元富中壢,00940元大台灣價值高息,5,2,3
 元富中壢,欣興,4,1,3
 元富中壢,日電貿,3,0,3
 元富中壢,旭品,3,0,3
 元富中壢,全球傳動,3,0,3
 元富中壢,新唐,3,0,3
 元富中壢,矽格,3,0,3
 元富中壢,淳安,3,0,3
 元富中壢,來頡,3,0,3
 元富中壢,00980B台新特選IG債10+,0,160,-160
 元富中壢,凱基金,0,54,-54
 元富中壢,00738U期元大道瓊白銀,0,50,-50
 元富中壢,00676R富邦臺灣加權反1,0,40,-40
 元富中壢,國喬,0,40,-40
 元富中壢,能率網通,21,51,-30
 元富中壢,台聚,0,28,-28
 元富中壢,宏致,0,22,-22
 元富中壢,00892富邦台灣半導體,0,20,-20
 元富中壢,00639富邦深100,0,20,-20
 元富中壢,00934中信成長高股息,0,20,-20
 元富中壢,00950B凱基A級公司債,0,20,-20
 元富中壢,宏遠,0,20,-20
 元富中壢,00688L國泰20年美債正2,0,18,-18
 元富中壢,00929復華台灣科技優息,0,18,-18
 元富中壢,力積電,22,40,-18
 元富中壢,群創,0,16,-16
 元富中壢,光鋐,0,16,-16
 元富中壢,台新金,3,18,-15
 元富中壢,恆大,4,19,-15
 元富中壢,喬山,0,14,-14
 元富中壢,金山電,2,16,-14
 元富中壢,大成鋼,1,13,-12
 元富中壢,友訊,2,13,-11
 元富中壢,冠西電,0,11,-11
 元富中壢,金寶,3,13,-10
 元富中壢,鉅祥,0,10,-10
 元富中壢,富野,2,12,-10
 元富中壢,建錩,0,10,-10
 元富中壢,雲豹能源,0,10,-10
 元富中壢,富華新,0,10,-10
 元富中壢,堤維西,0,9,-9
 元富中壢,良維,0,8,-8
 元富中壢,迅得,1,9,-8
 元富中壢,順達,3,11,-8
 元富中壢,陽明,0,7,-7
 元富中壢,生華科,0,7,-7
 元富中壢,立��,5,12,-7
 元富中壢,宏達電,41,48,-7
 元富中壢,神達,55,62,-7
 元富中壢,台達電,0,6,-6
 元富中壢,華榮,0,6,-6
 元富中壢,承啟,0,6,-6
 元富中壢,伊雲谷,0,6,-6
 元富中壢,華南金,0,5,-5
 元富中壢,00953B群益優選非投等債,20,25,-5
 元富中壢,錸德,0,5,-5
 元富中壢,中櫃,0,5,-5
 元富中壢,旭軟,0,5,-5
 元富中壢,台微醫,0,5,-5
 元大信義,00675L富邦臺灣加權正2,160,8,152
 元大信義,聯電,179,34,145
 元大信義,00631L元大台灣50正2,121,0,121
 元大信義,英業達,103,3,100
 元大信義,神達,309,224,85
 元大信義,台泥,53,2,51
 元大信義,00680L元大美債20正2,50,20,30
 元大信義,來頡,30,4,26
 元大信義,元大高股息,33,10,23
 元大信義,00919群益台灣精選高息,27,4,23
 元大信義,國喬,70,50,20
 元大信義,友達,17,0,17
 元大信義,00882中信中國高股息,17,0,17
 元大信義,群創,20,5,15
 元大信義,00878國泰永續高股息,19,4,15
 元大信義,和椿,18,5,13
 元大信義,00753L中信中國50正2,12,0,12
 元大信義,緯創,18,7,11
 元大信義,00679B元大美債20年,11,0,11
 元大信義,00633L富邦上証正2,11,0,11
 元大信義,統一,10,0,10
 元大信義,超豐,10,0,10
 元大信義,聯合再生,20,10,10
 元大信義,00937B群益ESG投等債20,9,0,9
 元大信義,星宇航空,15,6,9
 元大信義,00918大華優利高填息30,9,0,9
 元大信義,國際中橡,8,0,8
 元大信義,光環,10,2,8
 元大信義,台積電,43,35,8
 元大信義,00637L元大滬深300正2,7,0,7
 元大信義,力積電,29,22,7
 元大信義,鴻準,6,0,6
 元大信義,兆豐金,6,0,6
 元大信義,00725B國泰投資級公司債,6,0,6
 元大信義,慧洋-KY,6,0,6
 元大信義,00647L元大S＆P500正2,6,0,6
 元大信義,廣達,6,1,5
 元大信義,00713元大台灣高息低波,5,0,5
 元大信義,永豐餘,5,0,5
 元大信義,日勝生,5,0,5
 元大信義,雅茗-KY,5,0,5
 元大信義,三商壽,13,8,5
 元大信義,今皓,6,1,5
 元大信義,緯軟,5,0,5
 元大信義,凌巨,5,0,5
 元大信義,立��,7,2,5
 元大信義,亞航,5,0,5
 元大信義,昇達科,21,17,4
 元大信義,環宇-KY,12,8,4
 元大信義,00687B國泰20年美債,4,0,4
 元大信義,新光金,0,144,-144
 元大信義,00864B中信美國公債0-1,0,130,-130
 元大信義,00951台新日本半導體,0,91,-91
 元大信義,宏達電,24,89,-65
 元大信義,00965元大航太防衛科技,5,69,-64
 元大信義,欣銓,4,67,-63
 元大信義,微星,0,50,-50
 元大信義,中鋼,10,48,-38
 元大信義,陽明,1,36,-35
 元大信義,00632R元大台灣50反1,32,64,-32
 元大信義,00940元大台灣價值高息,1,31,-30
 元大信義,00933B國泰10Y+金融債,1,26,-25
 元大信義,鴻海,6,29,-23
 元大信義,國泰金,0,23,-23
 元大信義,榮剛,0,22,-22
 元大信義,00894中信小資高價30,0,20,-20
 元大信義,昆盈,0,20,-20
 元大信義,十銓,1,21,-20
 元大信義,00929復華台灣科技優息,0,17,-17
 元大信義,00941中信上游半導體,0,17,-17
 元大信義,中信金,0,17,-17
 元大信義,皇昌,19,35,-16
 元大信義,長榮航,17,31,-14
 元大信義,00922國泰台灣領袖50,0,13,-13
 元大信義,良得電,0,13,-13
 元大信義,大同,0,12,-12
 元大信義,海悅,0,10,-10
 元大信義,凱基金,0,10,-10
 元大信義,亞電,0,10,-10
 元大信義,力新,0,10,-10
 元大信義,00733富邦臺灣中小,0,10,-10
 元大信義,錸德,2,11,-9
 元大信義,智邦,12,21,-9
 元大信義,台船,0,8,-8
 元大信義,久昌,0,8,-8
 元大信義,00662富邦NASDAQ,1,9,-8
 元大信義,資通,0,7,-7
 元大信義,華航,0,7,-7
 元大信義,擎亞,1,8,-7
 元大信義,00891中信關鍵半導體,1,7,-6
 元大信義,00881國泰台灣5G+,3,9,-6
 元大信義,日月光投控,0,6,-6
 元大信義,艾笛森,0,6,-6
 元大信義,高技,0,6,-6
 元大信義,富邦科技,0,6,-6
 元大信義,00888永豐台灣ESG,0,5,-5
 元大信義,台灣虎航,5,10,-5
 元大信義,聯發科,0,5,-5
 元大信義,中興電,0,5,-5
 元大信義,雍智科技,0,5,-5
 元富彰化,華票,127,0,127
 元富彰化,新光金,100,7,93
 元富彰化,聯電,60,12,48
 元富彰化,00665L富邦�琤肭磪囓�2,40,0,40
 元富彰化,00633L富邦上証正2,31,0,31
 元富彰化,緯創,32,1,31
 元富彰化,華新,30,0,30
 元富彰化,英濟,38,10,28
 元富彰化,和椿,35,7,28
 元富彰化,元大高股息,17,0,17
 元富彰化,台肥,16,0,16
 元富彰化,永光,15,0,15
 元富彰化,神達,74,60,14
 元富彰化,00919群益台灣精選高息,14,0,14
 元富彰化,新建,14,1,13
 元富彰化,宏��,12,0,12
 元富彰化,00937B群益ESG投等債20,12,1,11
 元富彰化,新纖,11,0,11
 元富彰化,彰銀,20,9,11
 元富彰化,波若威,28,17,11
 元富彰化,事欣科,11,0,11
 元富彰化,00637L元大滬深300正2,10,0,10
 元富彰化,台揚,10,0,10
 元富彰化,科風,10,0,10
 元富彰化,新盛力,26,16,10
 元富彰化,訊芯-KY,12,2,10
 元富彰化,華通,10,0,10
 元富彰化,萬海,10,1,9
 元富彰化,亞泰金屬,12,3,9
 元富彰化,精英,8,0,8
 元富彰化,輔信,8,0,8
 元富彰化,海華,8,0,8
 元富彰化,健椿,8,0,8
 元富彰化,00960野村全球航運龍頭,10,3,7
 元富彰化,華邦電,7,0,7
 元富彰化,昇陽半導體,8,1,7
 元富彰化,00878國泰永續高股息,7,0,7
 元富彰化,驊訊,6,0,6
 元富彰化,巧新,6,0,6
 元富彰化,中鋼,11,5,6
 元富彰化,順德,6,0,6
 元富彰化,全新,8,2,6
 元富彰化,眾達-KY,27,21,6
 元富彰化,光菱,6,0,6
 元富彰化,00945B凱基美國非投等債,5,0,5
 元富彰化,盟立,5,0,5
 元富彰化,昇貿,5,0,5
 元富彰化,如興,5,0,5
 元富彰化,廣運,5,0,5
 元富彰化,高僑,5,0,5
 元富彰化,華夏,0,254,-254
 元富彰化,00715L期街口布蘭特正2,2,170,-168
 元富彰化,00934中信成長高股息,0,86,-86
 元富彰化,嘉聯益,0,58,-58
 元富彰化,00632R元大台灣50反1,0,50,-50
 元富彰化,00980B台新特選IG債10+,12,56,-44
 元富彰化,群創,2,45,-43
 元富彰化,友達,0,40,-40
 元富彰化,00939統一台灣高息動能,0,21,-21
 元富彰化,凌陽,5,25,-20
 元富彰化,00679B元大美債20年,2,20,-18
 元富彰化,台嘉碩,2,20,-18
 元富彰化,大亞,0,16,-16
 元富彰化,00940元大台灣價值高息,0,16,-16
 元富彰化,毅嘉,0,14,-14
 元富彰化,台積電,0,13,-13
 元富彰化,立隆電,3,15,-12
 元富彰化,濱川,0,12,-12
 元富彰化,欣銓,11,21,-10
 元富彰化,直得,1,10,-9
 元富彰化,友訊,1,10,-9
 元富彰化,力積電,8,17,-9
 元富彰化,台康生技,5,14,-9
 元富彰化,南亞,0,8,-8
 元富彰化,新興,0,8,-8
 元富彰化,大同,2,10,-8
 元富彰化,凱基金,0,8,-8
 元富彰化,星宇航空,0,7,-7
 元富彰化,國泰金,1,8,-7
 元富彰化,連展投控,6,13,-7
 元富彰化,台塑化,0,7,-7
 元富彰化,云辰,0,6,-6
 元富彰化,臻鼎-KY,0,6,-6
 元富彰化,茂迪,0,6,-6
 元富彰化,00912中信臺灣智慧50,1,6,-5
 元富彰化,00640L富邦日本正2,0,5,-5
 元富彰化,00918大華優利高填息30,0,5,-5
 元富彰化,00946群益科技高息成長,0,5,-5
 元富彰化,00951台新日本半導體,1,6,-5
 元富彰化,00965元大航太防衛科技,0,5,-5
 元富彰化,台化,1,6,-5
 元富彰化,中鴻,0,5,-5
 元富彰化,凌群,0,5,-5
 元富彰化,中工,0,5,-5
 元富彰化,漢磊,0,5,-5
 元富彰化,聯光通,6,11,-5
 元富彰化,頎邦,0,5,-5
 元富彰化,錸寶,0,5,-5
 元富彰化,00915凱基優選高股息30,0,5,-5
 元富彰化,昆盈,1,5,-4
玉山左營,聯電,183,40,143
玉山左營,德晉,70,0,70
玉山左營,元大高股息,85,19,66
玉山左營,鴻海,126,63,63
玉山左營,00933B國泰10Y+金融債,50,2,48
玉山左營,大同,54,6,48
玉山左營,00665L富邦�琤肭磪囓�2,67,23,44
玉山左營,00687B國泰20年美債,49,21,28
玉山左營,斐成,27,0,27
玉山左營,00706L期元大S＆P日圓正2,22,0,22
玉山左營,00882中信中國高股息,21,0,21
玉山左營,能率,24,3,21
玉山左營,聯合再生,20,0,20
玉山左營,台灣大,20,0,20
玉山左營,大成鋼,21,1,20
玉山左營,00896中信綠能及電動車,20,0,20
玉山左營,00858永豐美國500大,18,0,18
玉山左營,興能高,91,73,18
玉山左營,緯創,36,19,17
玉山左營,遠百,16,0,16
玉山左營,00923群益台ESG低碳50,21,6,15
玉山左營,台塑,33,18,15
玉山左營,宏��,22,8,14
玉山左營,00924復華S＆P500成長,15,2,13
玉山左營,毛寶,15,2,13
玉山左營,和椿,51,38,13
玉山左營,00713元大台灣高息低波,12,0,12
玉山左營,台泥,12,0,12
玉山左營,00935野村臺灣新科技50,16,5,11
玉山左營,恆大,14,3,11
玉山左營,兆豐金,11,1,10
玉山左營,永豐餘,10,0,10
玉山左營,三商壽,10,0,10
玉山左營,樺晟,10,0,10
玉山左營,名軒,11,1,10
玉山左營,玉晶光,9,0,9
玉山左營,00971野村美國研發龍頭,10,1,9
玉山左營,光環,9,0,9
玉山左營,直得,10,1,9
玉山左營,欣興,12,4,8
玉山左營,達邁,21,13,8
玉山左營,精材,10,3,7
玉山左營,勝一,7,0,7
玉山左營,00720B元大投資級公司債,8,2,6
玉山左營,統一實,6,0,6
玉山左營,富采,6,0,6
玉山左營,中化生,6,0,6
玉山左營,大井泵浦,6,0,6
玉山左營,彰銀,6,0,6
玉山左營,00918大華優利高填息30,26,20,6
玉山左營,新光金,6,309,-303
玉山左營,00673R期元大S＆P原油反1,10,110,-100
玉山左營,00940元大台灣價值高息,6,83,-77
玉山左營,凱基金,5,76,-71
玉山左營,00929復華台灣科技優息,0,55,-55
玉山左營,華新,0,51,-51
玉山左營,農林,0,50,-50
玉山左營,科妍,3,48,-45
玉山左營,新日興,3,47,-44
玉山左營,00936台新永續高息中小,0,43,-43
玉山左營,擎亞,12,48,-36
玉山左營,千興,0,34,-34
玉山左營,欣銓,5,38,-33
玉山左營,環宇-KY,116,149,-33
玉山左營,日月光投控,10,37,-27
玉山左營,致伸,1,23,-22
玉山左營,聯光通,14,36,-22
玉山左營,英業達,8,30,-22
玉山左營,國泰金,0,22,-22
玉山左營,中工,0,20,-20
玉山左營,00954中信日本半導體,0,20,-20
玉山左營,北基,0,20,-20
玉山左營,台玻,11,30,-19
玉山左營,00909國泰數位支付服務,1,20,-19
玉山左營,00881國泰台灣5G+,0,19,-19
玉山左營,台積電,9,27,-18
玉山左營,臺企銀,0,18,-18
玉山左營,川寶,2,19,-17
玉山左營,00941中信上游半導體,0,16,-16
玉山左營,成霖,0,15,-15
玉山左營,長榮,1,16,-15
玉山左營,玉山金,12,26,-14
玉山左營,華南金,0,13,-13
玉山左營,中石化,0,13,-13
玉山左營,亞翔,7,20,-13
玉山左營,力積電,37,49,-12
玉山左營,00650L復華香港正2,2,14,-12
玉山左營,邑錡,0,12,-12
玉山左營,金益鼎,0,12,-12
玉山左營,00900富邦特選高股息30,5,17,-12
玉山左營,神達,88,100,-12
玉山左營,00939統一台灣高息動能,0,11,-11
玉山左營,00922國泰台灣領袖50,6,17,-11
玉山左營,長榮航,7,17,-10
玉山左營,鈺齊-KY,0,10,-10
玉山左營,00917中信特選金融,2,12,-10
玉山左營,磐儀,0,10,-10
玉山左營,00646元大S＆P500,0,10,-10
玉山左營,00640L富邦日本正2,0,10,-10
玉山左營,南仁湖,0,10,-10
 元富敦南,群創,290,1,289
 元富敦南,00953B群益優選非投等債,130,0,130
 元富敦南,達邁,65,8,57
 元富敦南,聯電,56,5,51
 元富敦南,美亞,50,0,50
 元富敦南,力智,50,0,50
 元富敦南,大綜,43,3,40
 元富敦南,皇昌,66,33,33
 元富敦南,台塑化,28,0,28
 元富敦南,英濟,41,15,26
 元富敦南,擎亞,30,4,26
 元富敦南,營邦,26,1,25
 元富敦南,玉山金,30,7,23
 元富敦南,泰鼎-KY,23,0,23
 元富敦南,00919群益台灣精選高息,18,0,18
 元富敦南,光鋐,21,3,18
 元富敦南,太子,45,28,17
 元富敦南,京元電子,16,0,16
 元富敦南,立端,15,0,15
 元富敦南,波若威,23,10,13
 元富敦南,系統電,24,12,12
 元富敦南,樺漢,12,0,12
 元富敦南,M31,11,0,11
 元富敦南,聯強,10,0,10
 元富敦南,聖暉*,10,0,10
 元富敦南,漢唐,10,1,9
 元富敦南,和椿,18,9,9
 元富敦南,矽格,10,1,9
 元富敦南,中信金,11,2,9
 元富敦南,宏達電,26,18,8
 元富敦南,00924復華S＆P500成長,8,0,8
 元富敦南,鴻海,16,8,8
 元富敦南,00687B國泰20年美債,7,0,7
 元富敦南,創意,8,1,7
 元富敦南,金寶,7,0,7
 元富敦南,立敦,35,29,6
 元富敦南,00830國泰費城半導體,6,0,6
 元富敦南,惠特,54,48,6
 元富敦南,聯鈞,19,13,6
 元富敦南,佳能,12,7,5
 元富敦南,凱基金,12,7,5
 元富敦南,00706L期元大S＆P日圓正2,5,0,5
 元富敦南,南亞,5,0,5
 元富敦南,矽統,5,0,5
 元富敦南,三商壽,15,10,5
 元富敦南,立德,5,0,5
 元富敦南,尚立,5,0,5
 元富敦南,海華,8,3,5
 元富敦南,蜜望實,5,0,5
 元富敦南,00679B元大美債20年,4,0,4
 元富敦南,彰銀,0,489,-489
 元富敦南,00980B台新特選IG債10+,0,404,-404
 元富敦南,台灣虎航,55,283,-228
 元富敦南,力積電,16,206,-190
 元富敦南,欣銓,11,180,-169
 元富敦南,00934中信成長高股息,0,100,-100
 元富敦南,驊訊,2,83,-81
 元富敦南,北基,0,60,-60
 元富敦南,勤美,0,57,-57
 元富敦南,環泥,0,50,-50
 元富敦南,連展投控,4,50,-46
 元富敦南,志強-KY,19,64,-45
 元富敦南,群益證,1,44,-43
 元富敦南,元太,0,37,-37
 元富敦南,新光金,2,36,-34
 元富敦南,陽明,0,31,-31
 元富敦南,宏全,0,30,-30
 元富敦南,大成鋼,2,30,-28
 元富敦南,廣達,3,30,-27
 元富敦南,神基,0,23,-23
 元富敦南,統一超,0,23,-23
 元富敦南,台塑,10,32,-22
 元富敦南,神達,99,121,-22
 元富敦南,富邦金,0,21,-21
 元富敦南,中環,0,20,-20
 元富敦南,光寶科,0,18,-18
 元富敦南,台聚,0,17,-17
 元富敦南,台積電,11,27,-16
 元富敦南,事欣科,3,19,-16
 元富敦南,00904新光臺灣半導體30,0,15,-15
 元富敦南,加百裕,14,27,-13
 元富敦南,佶優,0,13,-13
 元富敦南,順達,21,34,-13
 元富敦南,台達化,3,15,-12
 元富敦南,眾達-KY,11,23,-12
 元富敦南,至上,0,12,-12
 元富敦南,006208富邦台50,0,12,-12
 元富敦南,00918大華優利高填息30,4,15,-11
 元富敦南,和益,0,11,-11
 元富敦南,00937B群益ESG投等債20,4,15,-11
 元富敦南,統一,0,11,-11
 元富敦南,00954中信日本半導體,0,10,-10
 元富敦南,南僑,0,10,-10
 元富敦南,彰源,0,10,-10
 元富敦南,建大,0,10,-10
 元富敦南,大同,6,16,-10
 元富敦南,長榮航,0,10,-10
 元富敦南,富華新,0,10,-10
 元富敦南,松上,0,10,-10
 元富敦南,浪凡,0,10,-10
土銀彰化,00632R元大台灣50反1,46,0,46
土銀彰化,宏達電,258,227,31
土銀彰化,00687B國泰20年美債,11,0,11
土銀彰化,00918大華優利高填息30,10,0,10
土銀彰化,聯電,20,10,10
土銀彰化,宏��,10,0,10
土銀彰化,威盛,11,1,10
土銀彰化,辛耘,10,0,10
土銀彰化,富邦金,10,1,9
土銀彰化,合庫金,8,0,8
土銀彰化,00937B群益ESG投等債20,10,5,5
土銀彰化,中鴻,5,0,5
土銀彰化,第一金,5,0,5
土銀彰化,環球晶,6,2,4
土銀彰化,中鋼,12,8,4
土銀彰化,佳能,5,1,4
土銀彰化,皇昌,5,1,4
土銀彰化,信立,4,0,4
土銀彰化,006208富邦台50,5,2,3
土銀彰化,科妍,3,0,3
土銀彰化,00679B元大美債20年,3,0,3
土銀彰化,00945B凱基美國非投等債,3,0,3
土銀彰化,聯鈞,24,22,2
土銀彰化,台化,2,0,2
土銀彰化,中石化,3,1,2
土銀彰化,得力,2,0,2
土銀彰化,00927群益半導體收益,2,0,2
土銀彰化,00878國泰永續高股息,3,1,2
土銀彰化,鴻海,4,2,2
土銀彰化,長榮,2,0,2
土銀彰化,美食-KY,2,0,2
土銀彰化,臺企銀,2,0,2
土銀彰化,永豐金,2,0,2
土銀彰化,欣興,2,0,2
土銀彰化,建漢,2,0,2
土銀彰化,新鉅科,2,0,2
土銀彰化,全球傳動,2,0,2
土銀彰化,大銀微系統,3,1,2
土銀彰化,精誠,2,0,2
土銀彰化,玉晶光,1,0,1
土銀彰化,豐興,1,0,1
土銀彰化,五鼎,1,0,1
土銀彰化,00858永豐美國500大,1,0,1
土銀彰化,00770國泰北美科技,1,0,1
土銀彰化,00910第一金太空衛星,1,0,1
土銀彰化,00637L元大滬深300正2,2,1,1
土銀彰化,正新,11,10,1
土銀彰化,光寶科,1,0,1
土銀彰化,台揚,1,0,1
土銀彰化,英業達,1,0,1
土銀彰化,00715L期街口布蘭特正2,0,40,-40
土銀彰化,台泥,0,40,-40
土銀彰化,新盛力,126,154,-28
土銀彰化,東鹼,0,20,-20
土銀彰化,佳和,0,15,-15
土銀彰化,精成科,8,23,-15
土銀彰化,華航,2,16,-14
土銀彰化,科風,0,11,-11
土銀彰化,00950B凱基A級公司債,0,10,-10
土銀彰化,00688L國泰20年美債正2,0,10,-10
土銀彰化,新建,0,10,-10
土銀彰化,萬海,0,10,-10
土銀彰化,東浦,0,10,-10
土銀彰化,南電,0,10,-10
土銀彰化,邦泰,0,10,-10
土銀彰化,陽明,15,24,-9
土銀彰化,台塑化,2,10,-8
土銀彰化,力積電,3,9,-6
土銀彰化,國泰金,0,5,-5
土銀彰化,南僑,0,5,-5
土銀彰化,富喬,0,5,-5
土銀彰化,元大高股息,0,5,-5
土銀彰化,三商壽,0,5,-5
土銀彰化,笙泉,0,5,-5
土銀彰化,宏致,0,5,-5
土銀彰化,00887永豐中國科技50大,0,4,-4
土銀彰化,上曜,0,4,-4
土銀彰化,耿鼎,0,4,-4
土銀彰化,新美齊,0,4,-4
土銀彰化,元太,0,4,-4
土銀彰化,潤泰新,0,4,-4
土銀彰化,世紀鋼,0,4,-4
土銀彰化,欣銓,0,4,-4
土銀彰化,00942B台新美A公司債20+,0,3,-3
土銀彰化,大同,0,3,-3
土銀彰化,順達,6,9,-3
土銀彰化,光環,0,3,-3
土銀彰化,惠特,0,3,-3
土銀彰化,擎亞,2,5,-3
土銀彰化,00892富邦台灣半導體,0,2,-2
土銀彰化,美時,0,2,-2
土銀彰化,華榮,0,2,-2
土銀彰化,聯成,0,2,-2
土銀彰化,華邦電,5,7,-2
土銀彰化,漢翔,0,2,-2
土銀彰化,奇鋐,0,2,-2
土銀彰化,昇貿,0,2,-2
土銀彰化,永信,0,2,-2
土銀彰化,連展投控,0,2,-2
土銀彰化,永崴投控,0,2,-2
 元大八德,欣銓,404,18,386
 元大八德,00953B群益優選非投等債,192,0,192
 元大八德,華豐,88,0,88
 元大八德,00919群益台灣精選高息,71,11,60
 元大八德,亞翔,66,8,58
 元大八德,泰金寶-DR,58,4,54
 元大八德,新日興,62,11,51
 元大八德,00915凱基優選高股息30,50,0,50
 元大八德,00637L元大滬深300正2,57,12,45
 元大八德,00968B元大優息投等債,40,0,40
 元大八德,東浦,39,0,39
 元大八德,聯電,45,7,38
 元大八德,00940元大台灣價值高息,33,0,33
 元大八德,緯創,33,6,27
 元大八德,旺宏,26,4,22
 元大八德,00679B元大美債20年,18,0,18
 元大八德,宏��,18,0,18
 元大八德,英業達,14,0,14
 元大八德,英濟,14,0,14
 元大八德,00905FT臺灣Smart,13,2,11
 元大八德,海華,11,0,11
 元大八德,00957B兆豐US優選投等債,10,0,10
 元大八德,南亞科,10,0,10
 元大八德,揚智,10,0,10
 元大八德,先進光,10,0,10
 元大八德,雲豹能源,10,0,10
 元大八德,廣達,17,7,10
 元大八德,華經,9,0,9
 元大八德,兆豐金,9,0,9
 元大八德,大成鋼,9,1,8
 元大八德,國票金,8,0,8
 元大八德,永豐金,14,6,8
 元大八德,元大高股息,18,11,7
 元大八德,00931B統一美債20年,7,0,7
 元大八德,00937B群益ESG投等債20,7,0,7
 元大八德,聯光通,9,2,7
 元大八德,達邁,15,8,7
 元大八德,連展投控,7,1,6
 元大八德,00687B國泰20年美債,6,0,6
 元大八德,技嘉,6,0,6
 元大八德,00665L富邦�琤肭磪囓�2,6,0,6
 元大八德,00878國泰永續高股息,7,1,6
 元大八德,020023元大櫃買半導體N,6,0,6
 元大八德,京元電子,7,1,6
 元大八德,彰銀,6,0,6
 元大八德,亞光,33,27,6
 元大八德,緯軟,6,0,6
 元大八德,欣興,6,1,5
 元大八德,00910第一金太空衛星,5,0,5
 元大八德,00772B中信高評級公司債,5,0,5
 元大八德,00965元大航太防衛科技,1,463,-462
 元大八德,長榮航,5,159,-154
 元大八德,00680L元大美債20正2,0,140,-140
 元大八德,00688L國泰20年美債正2,0,140,-140
 元大八德,力積電,36,176,-140
 元大八德,00948B中信優息投資級債,0,109,-109
 元大八德,友達,1,100,-99
 元大八德,天良,0,71,-71
 元大八德,臺企銀,1,54,-53
 元大八德,00951台新日本半導體,2,27,-25
 元大八德,富邦金,1,23,-22
 元大八德,宏達電,90,111,-21
 元大八德,00891中信關鍵半導體,0,21,-21
 元大八德,00632R元大台灣50反1,18,38,-20
 元大八德,神達,94,113,-19
 元大八德,台達電,0,18,-18
 元大八德,00939統一台灣高息動能,0,17,-17
 元大八德,中興電,0,17,-17
 元大八德,玉山金,3,20,-17
 元大八德,創惟,3,20,-17
 元大八德,聯茂,0,16,-16
 元大八德,興能高,61,75,-14
 元大八德,友訊,0,12,-12
 元大八德,國泰金,2,13,-11
 元大八德,華航,0,11,-11
 元大八德,台積電,13,24,-11
 元大八德,凱基金,1,11,-10
 元大八德,00877復華中國5G,0,10,-10
 元大八德,00946群益科技高息成長,0,10,-10
 元大八德,台新金,0,10,-10
 元大八德,和椿,25,35,-10
 元大八德,永道-KY,0,10,-10
 元大八德,中信金,1,10,-9
 元大八德,新應材,0,9,-9
 元大八德,強茂,1,10,-9
 元大八德,事欣科,2,11,-9
 元大八德,00830國泰費城半導體,1,10,-9
 元大八德,大同,1,9,-8
 元大八德,00650L復華香港正2,0,8,-8
 元大八德,華南金,0,8,-8
 元大八德,華星光,20,28,-8
 元大八德,日月光投控,0,7,-7
 元大八德,00701國泰股利精選30,0,7,-7
 元大八德,順藥,2,9,-7
 元大八德,聯鈞,8,15,-7
 元大八德,東元,0,6,-6
 元大八德,富驊,0,6,-6
 元大八德,瀚宇博,0,6,-6
 元大八德,台灣虎航,0,6,-6
 元大八德,富威電力,0,6,-6
 元富成功,00680L元大美債20正2,650,50,600
 元富成功,聯電,155,28,127
 元富成功,群創,134,25,109
 元富成功,中環,51,0,51
 元富成功,緯創,72,24,48
 元富成功,00637L元大滬深300正2,50,6,44
 元富成功,00919群益台灣精選高息,45,7,38
 元富成功,三星,28,0,28
 元富成功,茂迪,26,0,26
 元富成功,中鴻,28,2,26
 元富成功,欣興,24,1,23
 元富成功,榮剛,23,0,23
 元富成功,00688L國泰20年美債正2,22,0,22
 元富成功,00664R國泰臺灣加權反1,20,0,20
 元富成功,潤隆,20,1,19
 元富成功,眾達-KY,50,31,19
 元富成功,廣明,21,3,18
 元富成功,玉山金,23,6,17
 元富成功,00918大華優利高填息30,17,0,17
 元富成功,興能高,57,41,16
 元富成功,00665L富邦�琤肭磪囓�2,15,0,15
 元富成功,江申,15,0,15
 元富成功,波若威,52,39,13
 元富成功,大成鋼,13,1,12
 元富成功,光環,13,2,11
 元富成功,00948B中信優息投資級債,11,0,11
 元富成功,威盛,14,3,11
 元富成功,元山,13,2,11
 元富成功,圓剛,13,3,10
 元富成功,系統電,10,0,10
 元富成功,友訊,10,0,10
 元富成功,00945B凱基美國非投等債,9,0,9
 元富成功,悅城,11,2,9
 元富成功,凱美,13,5,8
 元富成功,00753L中信中國50正2,7,0,7
 元富成功,創惟,17,10,7
 元富成功,兆赫,7,0,7
 元富成功,玉晶光,7,0,7
 元富成功,富喬,8,1,7
 元富成功,國精化,7,0,7
 元富成功,百和興業-KY,7,0,7
 元富成功,00878國泰永續高股息,9,3,6
 元富成功,達邁,35,29,6
 元富成功,雄獅,6,0,6
 元富成功,00953B群益優選非投等債,6,0,6
 元富成功,00971野村美國研發龍頭,6,0,6
 元富成功,鴻海,18,12,6
 元富成功,第一金,5,0,5
 元富成功,建漢,5,0,5
 元富成功,加百裕,10,5,5
 元富成功,00980B台新特選IG債10+,1,335,-334
 元富成功,長榮航,16,119,-103
 元富成功,日月光投控,1,88,-87
 元富成功,00959B大華投等美債15Y+,0,52,-52
 元富成功,新光金,1,49,-48
 元富成功,00673R期元大S＆P原油反1,7,50,-43
 元富成功,台玻,1,34,-33
 元富成功,連展投控,1,33,-32
 元富成功,艾笛森,0,30,-30
 元富成功,富華新,0,30,-30
 元富成功,國泰金,1,26,-25
 元富成功,00941中信上游半導體,0,25,-25
 元富成功,中鋼,14,38,-24
 元富成功,00951台新日本半導體,0,22,-22
 元富成功,弘凱,0,22,-22
 元富成功,富邦金,1,22,-21
 元富成功,友達,165,185,-20
 元富成功,00938凱基優選30,0,20,-20
 元富成功,00929復華台灣科技優息,5,25,-20
 元富成功,神達,66,82,-16
 元富成功,凱基金,2,18,-16
 元富成功,新產,0,16,-16
 元富成功,神隆,0,15,-15
 元富成功,華航,11,25,-14
 元富成功,泰金寶-DR,13,26,-13
 元富成功,00921兆豐龍頭等權重,0,13,-13
 元富成功,華新,2,14,-12
 元富成功,大同,10,22,-12
 元富成功,光寶科,0,12,-12
 元富成功,台塑,17,28,-11
 元富成功,宏致,13,24,-11
 元富成功,超豐,0,11,-11
 元富成功,IKKA-KY,1,12,-11
 元富成功,00933B國泰10Y+金融債,0,10,-10
 元富成功,順達,42,52,-10
 元富成功,00952凱基台灣AI50,0,10,-10
 元富成功,00970B新光BBB投等債20,0,10,-10
 元富成功,王道銀行,0,10,-10
 元富成功,00715L期街口布蘭特正2,0,10,-10
 元富成功,友輝,0,10,-10
 元富成功,均豪,0,10,-10
 元富成功,00882中信中國高股息,10,20,-10
 元富成功,宏達電,169,179,-10
 元富成功,映泰,0,9,-9
 元富成功,工信,0,9,-9
 元富成功,00679B元大美債20年,0,9,-9
 元富成功,光鋐,2,10,-8
 元富成功,欣銓,36,43,-7
 元富成功,聯光通,4,11,-7
 元富成功,藍天,0,7,-7
永豐羅東,00708L期元大S＆P黃金正2,100,0,100
永豐羅東,00679B元大美債20年,94,0,94
永豐羅東,聯電,105,32,73
永豐羅東,00887永豐中國科技50大,60,0,60
永豐羅東,TPK-KY,49,0,49
永豐羅東,大成鋼,48,3,45
永豐羅東,00972野村日本動能高息,30,0,30
永豐羅東,中租-KY,24,1,23
永豐羅東,台泥,23,0,23
永豐羅東,00858永豐美國500大,19,0,19
永豐羅東,上曜,14,2,12
永豐羅東,亞翔,12,1,11
永豐羅東,桂田文創,11,0,11
永豐羅東,聯光通,15,4,11
永豐羅東,沛爾生醫-創,11,0,11
永豐羅東,冠軍,13,3,10
永豐羅東,00751B元大AAA至A公司債,10,0,10
永豐羅東,00953B群益優選非投等債,10,0,10
永豐羅東,運錩,10,0,10
永豐羅東,台揚,10,0,10
永豐羅東,旺宏,10,0,10
永豐羅東,中裕,10,0,10
永豐羅東,新盛力,41,31,10
永豐羅東,穎漢,9,0,9
永豐羅東,00757統一FANG+,9,1,8
永豐羅東,00918大華優利高填息30,9,1,8
永豐羅東,00637L元大滬深300正2,55,47,8
永豐羅東,星宇航空,12,4,8
永豐羅東,世界,10,2,8
永豐羅東,隆大,8,0,8
永豐羅東,邁達特,9,1,8
永豐羅東,元大高股息,25,18,7
永豐羅東,工信,7,0,7
永豐羅東,00633L富邦上証正2,6,0,6
永豐羅東,華新,11,5,6
永豐羅東,揚明光,6,0,6
永豐羅東,廣運,6,0,6
永豐羅東,保銳,6,0,6
永豐羅東,聯合再生,5,0,5
永豐羅東,大同,5,0,5
永豐羅東,00706L期元大S＆P日圓正2,5,0,5
永豐羅東,00712復華富時不動產,5,0,5
永豐羅東,宏旭-KY,5,0,5
永豐羅東,台航,5,0,5
永豐羅東,彬台,5,0,5
永豐羅東,致和證,5,0,5
永豐羅東,宇瞻,5,0,5
永豐羅東,波若威,20,16,4
永豐羅東,00923群益台ESG低碳50,4,0,4
永豐羅東,00950B凱基A級公司債,4,0,4
永豐羅東,00688L國泰20年美債正2,0,70,-70
永豐羅東,力積電,418,484,-66
永豐羅東,00930永豐ESG低碳高息,0,59,-59
永豐羅東,00961FT臺灣永續高息,0,53,-53
永豐羅東,泰金寶-DR,121,172,-51
永豐羅東,宏泰,0,47,-47
永豐羅東,00680L元大美債20正2,6,50,-44
永豐羅東,虹光,0,41,-41
永豐羅東,00971野村美國研發龍頭,0,38,-38
永豐羅東,凱基金,4,38,-34
永豐羅東,榮運,0,31,-31
永豐羅東,建通,2,30,-28
永豐羅東,00970B新光BBB投等債20,5,30,-25
永豐羅東,神達,52,76,-24
永豐羅東,00927群益半導體收益,1,24,-23
永豐羅東,瀚宇博,0,21,-21
永豐羅東,長榮航,1,21,-20
永豐羅東,00932兆豐永續高息等權,0,20,-20
永豐羅東,福邦證,0,20,-20
永豐羅東,宏達電,29,49,-20
永豐羅東,和椿,25,41,-16
永豐羅東,台積電,1,17,-16
永豐羅東,宏致,3,18,-15
永豐羅東,00937B群益ESG投等債20,4,18,-14
永豐羅東,華航,0,13,-13
永豐羅東,佳能,0,13,-13
永豐羅東,00929復華台灣科技優息,10,22,-12
永豐羅東,環宇-KY,6,18,-12
永豐羅東,00951台新日本半導體,0,10,-10
永豐羅東,00965元大航太防衛科技,0,10,-10
永豐羅東,友達,0,10,-10
永豐羅東,麗嬰房,0,10,-10
永豐羅東,和碩,0,10,-10
永豐羅東,南茂,1,11,-10
永豐羅東,尚茂,0,10,-10
永豐羅東,台達電,0,8,-8
永豐羅東,00877復華中國5G,0,8,-8
永豐羅東,華邦電,2,10,-8
永豐羅東,仲琦,2,10,-8
永豐羅東,長興,0,8,-8
永豐羅東,矽統,1,8,-7
永豐羅東,巧新,0,6,-6
永豐羅東,南亞科,0,6,-6
永豐羅東,可成,1,7,-6
永豐羅東,弘凱,0,6,-6
永豐羅東,合晶,0,6,-6
永豐羅東,驊訊,0,6,-6
永豐羅東,006208富邦台50,3,8,-5
永豐羅東,00922國泰台灣領袖50,0,5,-5
永豐羅東,00675L富邦臺灣加權正2,0,5,-5
宏遠館前,新光金,821,2,819
宏遠館前,00679B元大美債20年,247,27,220
宏遠館前,聯電,108,12,96
宏遠館前,天剛,76,0,76
宏遠館前,永豐金,72,0,72
宏遠館前,全新,34,3,31
宏遠館前,00751B元大AAA至A公司債,22,2,20
宏遠館前,新光鋼,20,0,20
宏遠館前,精元,19,0,19
宏遠館前,連展投控,20,5,15
宏遠館前,00632R元大台灣50反1,13,0,13
宏遠館前,00882中信中國高股息,11,0,11
宏遠館前,00738U期元大道瓊白銀,10,0,10
宏遠館前,志聯,10,0,10
宏遠館前,允強,10,0,10
宏遠館前,台新金,12,2,10
宏遠館前,日電貿,10,0,10
宏遠館前,台虹,11,1,10
宏遠館前,海光,9,0,9
宏遠館前,中信金,9,0,9
宏遠館前,群創,9,0,9
宏遠館前,廣達,8,0,8
宏遠館前,台中銀,8,0,8
宏遠館前,均豪,9,1,8
宏遠館前,朋億*,15,7,8
宏遠館前,聯鈞,13,6,7
宏遠館前,00919群益台灣精選高息,8,1,7
宏遠館前,大銀微系統,9,2,7
宏遠館前,宏達電,38,31,7
宏遠館前,奇鋐,8,1,7
宏遠館前,006208富邦台50,11,5,6
宏遠館前,緯創,22,16,6
宏遠館前,00937B群益ESG投等債20,6,0,6
宏遠館前,00713元大台灣高息低波,6,0,6
宏遠館前,中興電,7,1,6
宏遠館前,光洋科,6,0,6
宏遠館前,映泰,6,0,6
宏遠館前,環宇-KY,67,61,6
宏遠館前,立��,27,21,6
宏遠館前,華星光,13,7,6
宏遠館前,王道銀行,6,0,6
宏遠館前,東陽,5,0,5
宏遠館前,華新,5,0,5
宏遠館前,大成鋼,5,0,5
宏遠館前,中環,5,0,5
宏遠館前,華邦電,5,0,5
宏遠館前,遠東銀,5,0,5
宏遠館前,景碩,5,0,5
宏遠館前,健亞,6,1,5
宏遠館前,松和,5,0,5
宏遠館前,泰金寶-DR,1000,1507,-507
宏遠館前,00719B元大美債1-3,0,200,-200
宏遠館前,00951台新日本半導體,0,120,-120
宏遠館前,順達,5,112,-107
宏遠館前,星宇航空,3,100,-97
宏遠館前,力積電,0,82,-82
宏遠館前,00940元大台灣價值高息,2,83,-81
宏遠館前,00929復華台灣科技優息,2,52,-50
宏遠館前,00885富邦越南,0,35,-35
宏遠館前,00950B凱基A級公司債,0,30,-30
宏遠館前,元大高股息,1,31,-30
宏遠館前,裕隆,0,30,-30
宏遠館前,神達,43,71,-28
宏遠館前,欣銓,1,29,-28
宏遠館前,啟��,0,26,-26
宏遠館前,廣運,16,41,-25
宏遠館前,台灣虎航,0,24,-24
宏遠館前,富邦金,1,24,-23
宏遠館前,日月光投控,0,21,-21
宏遠館前,東科-KY,0,20,-20
宏遠館前,00665L富邦�琤肭磪囓�2,0,19,-19
宏遠館前,華南金,5,24,-19
宏遠館前,和椿,13,30,-17
宏遠館前,鴻海,4,20,-16
宏遠館前,中華電,0,16,-16
宏遠館前,永彰,0,16,-16
宏遠館前,中石化,4,19,-15
宏遠館前,晟銘電,0,14,-14
宏遠館前,國建,0,13,-13
宏遠館前,台達電,0,12,-12
宏遠館前,立敦,0,12,-12
宏遠館前,大同,2,13,-11
宏遠館前,亞光,27,38,-11
宏遠館前,得力,0,10,-10
宏遠館前,長榮航,0,9,-9
宏遠館前,昇陽半導體,1,10,-9
宏遠館前,富喬,0,8,-8
宏遠館前,宏致,0,7,-7
宏遠館前,台積電,6,13,-7
宏遠館前,元大台灣50,0,6,-6
宏遠館前,金麗科,0,6,-6
宏遠館前,英濟,1,7,-6
宏遠館前,擎亞,0,6,-6
宏遠館前,大世科,0,6,-6
宏遠館前,仁寶,0,5,-5
宏遠館前,00878國泰永續高股息,1,6,-5
宏遠館前,01004T土銀富邦R2,0,5,-5
宏遠館前,八貫,0,5,-5
宏遠館前,南亞,0,5,-5
宏遠館前,00894中信小資高價30,0,5,-5
 元大斗六,00887永豐中國科技50大,800,0,800
 元大斗六,聯電,128,11,117
 元大斗六,九豪,101,1,100
 元大斗六,00673R期元大S＆P原油反1,74,0,74
 元大斗六,連展投控,70,5,65
 元大斗六,00878國泰永續高股息,79,25,54
 元大斗六,華南金,50,8,42
 元大斗六,立��,43,1,42
 元大斗六,台塑,62,24,38
 元大斗六,00938凱基優選30,30,0,30
 元大斗六,鴻海,39,9,30
 元大斗六,臺企銀,27,0,27
 元大斗六,英濟,33,8,25
 元大斗六,緯創,30,6,24
 元大斗六,欣興,22,0,22
 元大斗六,00919群益台灣精選高息,36,14,22
 元大斗六,三商壽,34,12,22
 元大斗六,宏齊,22,0,22
 元大斗六,光環,22,1,21
 元大斗六,上曜,21,0,21
 元大斗六,00922國泰台灣領袖50,25,4,21
 元大斗六,00679B元大美債20年,36,16,20
 元大斗六,新盛力,96,78,18
 元大斗六,中信金,17,0,17
 元大斗六,楠梓電,16,0,16
 元大斗六,金寶,22,6,16
 元大斗六,00680L元大美債20正2,26,10,16
 元大斗六,00720B元大投資級公司債,15,0,15
 元大斗六,永豐金,12,0,12
 元大斗六,00687B國泰20年美債,11,0,11
 元大斗六,群創,11,0,11
 元大斗六,00945B凱基美國非投等債,11,0,11
 元大斗六,百和興業-KY,11,0,11
 元大斗六,耿鼎,11,0,11
 元大斗六,旺宏,11,0,11
 元大斗六,00918大華優利高填息30,45,34,11
 元大斗六,00882中信中國高股息,11,1,10
 元大斗六,湧德,10,0,10
 元大斗六,00950B凱基A級公司債,10,0,10
 元大斗六,太設,10,0,10
 元大斗六,雙鴻,10,0,10
 元大斗六,00676R富邦臺灣加權反1,10,0,10
 元大斗六,廣達,15,5,10
 元大斗六,國統,12,3,9
 元大斗六,環宇-KY,39,31,8
 元大斗六,錼創科技-KY創,8,0,8
 元大斗六,和椿,18,10,8
 元大斗六,富喬,36,28,8
 元大斗六,00909國泰數位支付服務,8,0,8
 元大斗六,台中銀,8,1,7
 元大斗六,大同,1,169,-168
 元大斗六,鈺齊-KY,3,166,-163
 元大斗六,00965元大航太防衛科技,0,156,-156
 元大斗六,泰金寶-DR,197,302,-105
 元大斗六,豪勉,0,101,-101
 元大斗六,00946群益科技高息成長,0,81,-81
 元大斗六,富邦金,1,59,-58
 元大斗六,力積電,35,87,-52
 元大斗六,易發,0,51,-51
 元大斗六,00637L元大滬深300正2,129,170,-41
 元大斗六,華航,0,41,-41
 元大斗六,00929復華台灣科技優息,7,48,-41
 元大斗六,中電,0,40,-40
 元大斗六,廣宇,5,45,-40
 元大斗六,00905FT臺灣Smart,0,33,-33
 元大斗六,00930永豐ESG低碳高息,0,32,-32
 元大斗六,榮剛,1,31,-30
 元大斗六,宏達電,41,71,-30
 元大斗六,圓剛,2,31,-29
 元大斗六,新光金,1,30,-29
 元大斗六,神達,90,116,-26
 元大斗六,中工,0,23,-23
 元大斗六,達邁,35,56,-21
 元大斗六,宏致,9,28,-19
 元大斗六,00912中信臺灣智慧50,1,20,-19
 元大斗六,長榮航,5,22,-17
 元大斗六,金山電,1,18,-17
 元大斗六,00940元大台灣價值高息,11,28,-17
 元大斗六,奇鋐,5,20,-15
 元大斗六,新建,0,15,-15
 元大斗六,康和證,0,15,-15
 元大斗六,陽明,15,28,-13
 元大斗六,00877復華中國5G,0,13,-13
 元大斗六,光洋科,0,13,-13
 元大斗六,中石化,10,23,-13
 元大斗六,昇貿,0,12,-12
 元大斗六,志強-KY,3,15,-12
 元大斗六,鑫科,0,12,-12
 元大斗六,華新,3,15,-12
 元大斗六,億光,1,12,-11
 元大斗六,台燿,0,11,-11
 元大斗六,立隆電,3,13,-10
 元大斗六,彰源,0,10,-10
 元大斗六,統一證,0,10,-10
 元大斗六,00710B復華彭博非投等債,0,10,-10
 元大斗六,敦泰,0,10,-10
 元大斗六,三一東林,0,10,-10
 元大斗六,台聚,0,10,-10
 元大斗六,元大台灣50,2,12,-10
 元大斗六,台積電,5,15,-10
 元大大直,良維,48,0,48
 元大大直,00933B國泰10Y+金融債,24,0,24
 元大大直,新光金,21,0,21
 元大大直,00632R元大台灣50反1,40,25,15
 元大大直,南仁湖,15,0,15
 元大大直,元大高股息,12,3,9
 元大大直,僑威,6,0,6
 元大大直,00937B群益ESG投等債20,5,0,5
 元大大直,00953B群益優選非投等債,5,0,5
 元大大直,南亞科,11,6,5
 元大大直,德淵,5,0,5
 元大大直,006208富邦台50,5,1,4
 元大大直,00900富邦特選高股息30,4,0,4
 元大大直,瑞軒,4,0,4
 元大大直,興能高,119,115,4
 元大大直,聯電,3,0,3
 元大大直,台新金,3,0,3
 元大大直,00637L元大滬深300正2,3,0,3
 元大大直,00725B國泰投資級公司債,3,0,3
 元大大直,昆盈,5,2,3
 元大大直,中再保,3,0,3
 元大大直,波若威,67,64,3
 元大大直,技嘉,2,0,2
 元大大直,亞翔,5,3,2
 元大大直,富喬,4,2,2
 元大大直,上銀,3,1,2
 元大大直,宏��,2,0,2
 元大大直,聯光通,18,16,2
 元大大直,力積電,7,5,2
 元大大直,玉山金,1,0,1
 元大大直,聯華,1,0,1
 元大大直,巧新,1,0,1
 元大大直,中砂,2,1,1
 元大大直,金像電,1,0,1
 元大大直,廣達,3,2,1
 元大大直,華航,1,0,1
 元大大直,漢翔,3,2,1
 元大大直,統一證,1,0,1
 元大大直,亞光,6,5,1
 元大大直,順達,6,5,1
 元大大直,聯鈞,22,21,1
 元大大直,達邁,38,37,1
 元大大直,神達,56,55,1
 元大大直,聖暉*,1,0,1
 元大大直,綠界科技*,2,1,1
 元大大直,鴻海,1,0,1
 元大大直,00858永豐美國500大,1,0,1
 元大大直,昇陽半導體,5,5,0
 元大大直,偉訓,0,0,0
 元大大直,TPK-KY,0,0,0
 元大大直,泰金寶-DR,1,80,-79
 元大大直,00965元大航太防衛科技,0,50,-50
 元大大直,00877復華中國5G,0,36,-36
 元大大直,漢磊,0,26,-26
 元大大直,00687B國泰20年美債,2,23,-21
 元大大直,新建,0,20,-20
 元大大直,立隆電,15,31,-16
 元大大直,山富,0,12,-12
 元大大直,虹冠電,0,10,-10
 元大大直,西勝,0,10,-10
 元大大直,宏致,4,13,-9
 元大大直,弘塑,0,6,-6
 元大大直,00929復華台灣科技優息,0,6,-6
 元大大直,彰銀,0,6,-6
 元大大直,彬台,0,6,-6
 元大大直,00940元大台灣價值高息,0,5,-5
 元大大直,三商壽,0,5,-5
 元大大直,星宇航空,1,6,-5
 元大大直,00915凱基優選高股息30,0,4,-4
 元大大直,濱川,0,3,-3
 元大大直,00909國泰數位支付服務,0,3,-3
 元大大直,00919群益台灣精選高息,1,4,-3
 元大大直,英業達,3,6,-3
 元大大直,海華,0,3,-3
 元大大直,華星光,63,66,-3
 元大大直,創惟,2,5,-3
 元大大直,和椿,39,42,-3
 元大大直,00713元大台灣高息低波,0,2,-2
 元大大直,00918大華優利高填息30,0,2,-2
 元大大直,名軒,0,2,-2
 元大大直,所羅門,2,4,-2
 元大大直,陽明,3,5,-2
 元大大直,欣銓,0,2,-2
 元大大直,慧友,0,2,-2
 元大大直,九豪,0,2,-2
 元大大直,伊雲谷,0,2,-2
 元大大直,奇鋐,5,6,-1
 元大大直,德麥,0,1,-1
 元大大直,喬山,0,1,-1
 元大大直,光寶科,0,1,-1
 元大大直,聯發,0,1,-1
 元大大直,台塑,19,20,-1
 元大大直,鴻準,0,1,-1
 元大大直,威盛,1,2,-1
 元大大直,飛宏,0,1,-1
 元大大直,萬海,0,1,-1
 元大大直,錦明,0,1,-1
 元大大直,光環,0,1,-1
 元大大直,新日興,0,1,-1
 元大大直,世禾,1,2,-1
台中銀高雄,欣銓,62,0,62
台中銀高雄,南亞科,36,3,33
台中銀高雄,00937B群益ESG投等債20,31,0,31
台中銀高雄,上銀,20,0,20
台中銀高雄,00753L中信中國50正2,10,0,10
台中銀高雄,台揚,5,0,5
台中銀高雄,立��,5,0,5
台中銀高雄,和椿,4,0,4
台中銀高雄,元大高股息,4,0,4
台中銀高雄,聯電,3,0,3
台中銀高雄,大同,3,0,3
台中銀高雄,神達,4,1,3
台中銀高雄,亞翔,3,0,3
台中銀高雄,兆赫,2,0,2
台中銀高雄,良維,2,0,2
台中銀高雄,華星光,4,2,2
台中銀高雄,緯創,2,0,2
台中銀高雄,京元電子,1,0,1
台中銀高雄,偉訓,1,0,1
台中銀高雄,正崴,1,0,1
台中銀高雄,新唐,1,0,1
台中銀高雄,眾達-KY,1,0,1
台中銀高雄,邁達特,1,0,1
台中銀高雄,元山,1,0,1
台中銀高雄,康舒,1,0,1
台中銀高雄,寬宏藝術,1,0,1
台中銀高雄,昇陽半導體,1,0,1
台中銀高雄,大田,1,0,1
台中銀高雄,00878國泰永續高股息,1,0,1
台中銀高雄,前鼎,1,0,1
台中銀高雄,力積電,1,0,1
台中銀高雄,00919群益台灣精選高息,0,0,0
台中銀高雄,00915凱基優選高股息30,0,0,0
台中銀高雄,揚智,0,0,0
台中銀高雄,00713元大台灣高息低波,0,0,0
台中銀高雄,科誠,0,0,0
台中銀高雄,精成科,0,0,0
台中銀高雄,富邦金,0,0,0
台中銀高雄,晟田,0,0,0
台中銀高雄,玉晶光,0,0,0
台中銀高雄,凌陽,0,0,0
台中銀高雄,昇達科,0,0,0
台中銀高雄,廣達,0,0,0
台中銀高雄,瑞昱,0,0,0
台中銀高雄,華通,0,60,-60
台中銀高雄,00655L國泰中國A50正2,0,15,-15
台中銀高雄,創惟,0,7,-7
台中銀高雄,00715L期街口布蘭特正2,2,8,-6
台中銀高雄,宏達電,0,4,-4
台中銀高雄,006208富邦台50,0,4,-4
台中銀高雄,00918大華優利高填息30,0,3,-3
台中銀高雄,聯發科,0,2,-2
台中銀高雄,中鋼,0,2,-2
台中銀高雄,精剛,0,2,-2
台中銀高雄,新日興,0,2,-2
台中銀高雄,世紀,0,2,-2
台中銀高雄,威強電,0,1,-1
台中銀高雄,聯詠,0,1,-1
台中銀高雄,上詮,0,1,-1
台中銀高雄,華城,0,1,-1
台中銀高雄,中興電,0,1,-1
台中銀高雄,00953B群益優選非投等債,0,1,-1
台中銀高雄,00947台新臺灣IC設計,0,1,-1
台中銀高雄,映泰,0,1,-1
台中銀高雄,群光,0,1,-1
台中銀高雄,英業達,0,1,-1
台中銀高雄,力致,0,1,-1
台中銀高雄,敦泰,0,1,-1
台中銀高雄,TPK-KY,0,1,-1
台中銀高雄,新盛力,0,1,-1
台中銀高雄,智崴,0,1,-1
台中銀高雄,來頡,0,1,-1
台中銀高雄,瀚荃,0,1,-1
台中銀高雄,鴻海,0,1,-1
台中銀高雄,00894中信小資高價30,0,1,-1
台中銀高雄,00762元大全球AI,0,0,0
台中銀高雄,安集,0,0,0
台中銀高雄,台灣虎航,0,0,0
台中銀高雄,台積電,0,0,0
台中銀高雄,台星科,0,0,0
兆豐景美,00637L元大滬深300正2,373,1,372
兆豐景美,00706L期元大S＆P日圓正2,97,0,97
兆豐景美,聯電,150,89,61
兆豐景美,00878國泰永續高股息,43,0,43
兆豐景美,矽統,30,0,30
兆豐景美,宏盛,21,0,21
兆豐景美,和成,16,0,16
兆豐景美,連展投控,16,3,13
兆豐景美,00676R富邦臺灣加權反1,12,0,12
兆豐景美,華邦電,11,0,11
兆豐景美,00937B群益ESG投等債20,10,0,10
兆豐景美,00882中信中國高股息,10,0,10
兆豐景美,慧友,10,0,10
兆豐景美,晉泰,10,0,10
兆豐景美,00891中信關鍵半導體,11,2,9
兆豐景美,陽明,9,2,7
兆豐景美,00632R元大台灣50反1,7,0,7
兆豐景美,國精化,7,0,7
兆豐景美,廣達,10,4,6
兆豐景美,00713元大台灣高息低波,8,2,6
兆豐景美,欣興,6,1,5
兆豐景美,兆豐金,5,0,5
兆豐景美,和康生,5,0,5
兆豐景美,冠西電,5,0,5
兆豐景美,台中銀,5,0,5
兆豐景美,今皓,5,0,5
兆豐景美,ABC-KY,5,0,5
兆豐景美,九暘,5,0,5
兆豐景美,中鼎,5,0,5
兆豐景美,益登,4,0,4
兆豐景美,建漢,4,0,4
兆豐景美,湧德,4,0,4
兆豐景美,振樺電,4,0,4
兆豐景美,達興材料,4,0,4
兆豐景美,興能高,11,8,3
兆豐景美,00909國泰數位支付服務,3,0,3
兆豐景美,00720B元大投資級公司債,3,0,3
兆豐景美,00670L富邦NASDAQ正2,3,0,3
兆豐景美,00946群益科技高息成長,3,0,3
兆豐景美,上曜,3,0,3
兆豐景美,中鋼,3,0,3
兆豐景美,廣宇,43,40,3
兆豐景美,京元電子,3,0,3
兆豐景美,益航,3,0,3
兆豐景美,長榮航,3,0,3
兆豐景美,元大金,3,0,3
兆豐景美,永豐金,3,0,3
兆豐景美,波若威,6,3,3
兆豐景美,英濟,7,4,3
兆豐景美,元大高股息,5,3,2
兆豐景美,00887永豐中國科技50大,0,592,-592
兆豐景美,00980B台新特選IG債10+,0,121,-121
兆豐景美,力積電,3,57,-54
兆豐景美,泰金寶-DR,0,42,-42
兆豐景美,00639富邦深100,0,40,-40
兆豐景美,00905FT臺灣Smart,0,20,-20
兆豐景美,寶成,1,20,-19
兆豐景美,00951台新日本半導體,0,18,-18
兆豐景美,南茂,5,23,-18
兆豐景美,大洋-KY,0,17,-17
兆豐景美,00940元大台灣價值高息,0,15,-15
兆豐景美,富世達,4,19,-15
兆豐景美,00673R期元大S＆P原油反1,0,13,-13
兆豐景美,新纖,0,13,-13
兆豐景美,欣銓,5,18,-13
兆豐景美,00915凱基優選高股息30,0,12,-12
兆豐景美,00932兆豐永續高息等權,0,11,-11
兆豐景美,台灣高鐵,0,10,-10
兆豐景美,新華,0,10,-10
兆豐景美,鴻海,3,12,-9
兆豐景美,東元,1,10,-9
兆豐景美,晟銘電,7,16,-9
兆豐景美,日月光投控,1,10,-9
兆豐景美,00929復華台灣科技優息,0,8,-8
兆豐景美,神達,17,25,-8
兆豐景美,00708L期元大S＆P黃金正2,0,7,-7
兆豐景美,大同,1,8,-7
兆豐景美,盛達,0,7,-7
兆豐景美,彩晶,2,9,-7
兆豐景美,大綜,0,6,-6
兆豐景美,大田,0,6,-6
兆豐景美,00934中信成長高股息,0,5,-5
兆豐景美,00904新光臺灣半導體30,0,5,-5
兆豐景美,華夏,6,11,-5
兆豐景美,富喬,2,7,-5
兆豐景美,鈺鎧,0,5,-5
兆豐景美,康那香,0,5,-5
兆豐景美,00830國泰費城半導體,0,5,-5
兆豐景美,長榮,0,5,-5
兆豐景美,台積電,0,4,-4
兆豐景美,富邦金,0,4,-4
兆豐景美,00712復華富時不動產,0,4,-4
兆豐景美,台揚,2,6,-4
兆豐景美,所羅門,0,4,-4
兆豐景美,佳能,0,4,-4
兆豐景美,華容,0,4,-4
兆豐景美,M31,0,4,-4
兆豐景美,僑威,0,4,-4
兆豐景美,緯創,71,75,-4
兆豐景美,台化,1,4,-3
 元大松山,00953B群益優選非投等債,191,0,191
 元大松山,聯電,144,15,129
 元大松山,00680L元大美債20正2,100,1,99
 元大松山,00858永豐美國500大,53,0,53
 元大松山,連展投控,70,22,48
 元大松山,宏達電,107,60,47
 元大松山,台新金,34,0,34
 元大松山,00852L國泰美國道瓊正2,30,0,30
 元大松山,波若威,89,62,27
 元大松山,00918大華優利高填息30,26,0,26
 元大松山,00637L元大滬深300正2,37,11,26
 元大松山,00937B群益ESG投等債20,21,0,21
 元大松山,台中銀,20,0,20
 元大松山,國際中橡,20,2,18
 元大松山,所羅門,15,0,15
 元大松山,鴻海,20,5,15
 元大松山,聯合再生,13,0,13
 元大松山,世界,13,0,13
 元大松山,神達,847,834,13
 元大松山,大成鋼,13,1,12
 元大松山,00878國泰永續高股息,12,0,12
 元大松山,友訊,15,4,11
 元大松山,彰銀,12,1,11
 元大松山,迅得,15,4,11
 元大松山,緯創,10,0,10
 元大松山,中鴻,10,0,10
 元大松山,佳能,10,0,10
 元大松山,王道銀行,10,0,10
 元大松山,映興,10,0,10
 元大松山,新盛力,65,56,9
 元大松山,00882中信中國高股息,9,0,9
 元大松山,英業達,11,2,9
 元大松山,單井,10,1,9
 元大松山,今皓,10,2,8
 元大松山,澤米,12,4,8
 元大松山,富采,13,5,8
 元大松山,00919群益台灣精選高息,6,0,6
 元大松山,亞泰,6,0,6
 元大松山,系統電,9,3,6
 元大松山,宏盛,6,0,6
 元大松山,創意,7,1,6
 元大松山,華容,6,0,6
 元大松山,至上,6,0,6
 元大松山,玉晶光,6,0,6
 元大松山,00719B元大美債1-3,5,0,5
 元大松山,英利-KY,5,0,5
 元大松山,慧洋-KY,5,0,5
 元大松山,佰鴻,5,0,5
 元大松山,台表科,5,0,5
 元大松山,富強鑫,6,1,5
 元大松山,00959B大華投等美債15Y+,0,200,-200
 元大松山,力積電,4,103,-99
 元大松山,00939統一台灣高息動能,0,90,-90
 元大松山,長榮,2,88,-86
 元大松山,國喬,0,76,-76
 元大松山,00891中信關鍵半導體,0,75,-75
 元大松山,力山,0,70,-70
 元大松山,00965元大航太防衛科技,0,56,-56
 元大松山,00633L富邦上証正2,5,53,-48
 元大松山,太子,0,48,-48
 元大松山,華航,0,37,-37
 元大松山,欣銓,25,60,-35
 元大松山,國泰金,0,35,-35
 元大松山,元太,0,30,-30
 元大松山,全福生技,1,30,-29
 元大松山,宏致,4,32,-28
 元大松山,興能高,69,94,-25
 元大松山,台揚,14,34,-20
 元大松山,00650L復華香港正2,0,20,-20
 元大松山,佳邦,1,21,-20
 元大松山,凱基金,1,19,-18
 元大松山,映泰,0,17,-17
 元大松山,00929復華台灣科技優息,0,17,-17
 元大松山,台積電,7,22,-15
 元大松山,00940元大台灣價值高息,0,15,-15
 元大松山,運錩,0,15,-15
 元大松山,華邦電,2,16,-14
 元大松山,富邦金,10,23,-13
 元大松山,熒茂,0,13,-13
 元大松山,00713元大台灣高息低波,1,14,-13
 元大松山,元大台灣50,0,12,-12
 元大松山,00930永豐ESG低碳高息,0,12,-12
 元大松山,中信金,0,11,-11
 元大松山,00905FT臺灣Smart,0,10,-10
 元大松山,大亞,0,10,-10
 元大松山,台康生技,0,10,-10
 元大松山,僑威,7,16,-9
 元大松山,00669R國泰美國道瓊反1,3,12,-9
 元大松山,00675L富邦臺灣加權正2,4,13,-9
 元大松山,華星光,32,41,-9
 元大松山,中租-KY,1,10,-9
 元大松山,長榮航,0,9,-9
 元大松山,00632R元大台灣50反1,2,10,-8
 元大松山,群創,0,8,-8
 元大松山,台塑,0,7,-7
 元大松山,光寶科,0,7,-7
 元大松山,晟德,0,7,-7
 元大松山,華城,6,12,-6
 元大松山,華泰,1,7,-6
 元大松山,海悅,3,9,-6
富邦新營,冠軍,662,0,662
富邦新營,聯電,109,28,81
富邦新營,00915凱基優選高股息30,32,0,32
富邦新營,00665L富邦�琤肭磪囓�2,31,1,30
富邦新營,兆赫,20,0,20
富邦新營,四維航,20,0,20
富邦新營,00919群益台灣精選高息,19,0,19
富邦新營,建舜電,21,5,16
富邦新營,00933B國泰10Y+金融債,15,0,15
富邦新營,元大高股息,13,1,12
富邦新營,南仁湖,12,0,12
富邦新營,00945B凱基美國非投等債,10,0,10
富邦新營,00953B群益優選非投等債,10,0,10
富邦新營,台新金,16,6,10
富邦新營,達運,10,0,10
富邦新營,擎亞,10,0,10
富邦新營,金麗-KY,15,5,10
富邦新營,英業達,14,4,10
富邦新營,00633L富邦上証正2,10,1,9
富邦新營,中纖,8,0,8
富邦新營,台塑,11,3,8
富邦新營,亞光,20,12,8
富邦新營,沛波,8,0,8
富邦新營,立��,14,6,8
富邦新營,00878國泰永續高股息,12,4,8
富邦新營,中鋼,8,1,7
富邦新營,00858永豐美國500大,7,0,7
富邦新營,00932兆豐永續高息等權,8,1,7
富邦新營,威盛,7,0,7
富邦新營,力成,7,0,7
富邦新營,00712復華富時不動產,6,0,6
富邦新營,00959B大華投等美債15Y+,6,0,6
富邦新營,立隆電,14,8,6
富邦新營,茂林-KY,6,0,6
富邦新營,凱崴,6,0,6
富邦新營,00687B國泰20年美債,5,0,5
富邦新營,00917中信特選金融,5,0,5
富邦新營,宏��,11,6,5
富邦新營,正德,5,0,5
富邦新營,典範,5,0,5
富邦新營,定穎投控,5,0,5
富邦新營,力積電,42,37,5
富邦新營,遠東銀,4,0,4
富邦新營,00918大華優利高填息30,4,0,4
富邦新營,艾姆勒,7,3,4
富邦新營,台揚,6,2,4
富邦新營,友達,4,0,4
富邦新營,亞泰,6,2,4
富邦新營,采鈺,6,2,4
富邦新營,聯鈞,9,5,4
富邦新營,台中銀,0,91,-91
富邦新營,00929復華台灣科技優息,0,69,-69
富邦新營,00960野村全球航運龍頭,5,60,-55
富邦新營,中興電,0,42,-42
富邦新營,神達,29,68,-39
富邦新營,00949復華日本龍頭,0,32,-32
富邦新營,00980B台新特選IG債10+,0,27,-27
富邦新營,新光鋼,0,23,-23
富邦新營,金寶,8,30,-22
富邦新營,00905FT臺灣Smart,0,22,-22
富邦新營,華南金,0,21,-21
富邦新營,00948B中信優息投資級債,2,20,-18
富邦新營,00881國泰台灣5G+,0,17,-17
富邦新營,00940元大台灣價值高息,0,16,-16
富邦新營,00892富邦台灣半導體,0,13,-13
富邦新營,中石化,0,13,-13
富邦新營,00935野村臺灣新科技50,0,12,-12
富邦新營,00937B群益ESG投等債20,2,14,-12
富邦新營,00885富邦越南,0,11,-11
富邦新營,00952凱基台灣AI50,0,11,-11
富邦新營,欣銓,41,52,-11
富邦新營,00719B元大美債1-3,0,10,-10
富邦新營,00717富邦美國特別股,0,10,-10
富邦新營,00680L元大美債20正2,0,10,-10
富邦新營,00951台新日本半導體,0,10,-10
富邦新營,光罩,0,10,-10
富邦新營,合正,0,10,-10
富邦新營,00909國泰數位支付服務,0,10,-10
富邦新營,中環,1,10,-9
富邦新營,穎漢,1,10,-9
富邦新營,泰金寶-DR,2,11,-9
富邦新營,統一,1,10,-9
富邦新營,元大台灣50,0,8,-8
富邦新營,漢翔,0,8,-8
富邦新營,新盛力,21,29,-8
富邦新營,富邦金,0,7,-7
富邦新營,耿鼎,1,8,-7
富邦新營,裕隆,0,7,-7
富邦新營,亞翔,2,9,-7
富邦新營,京元電子,1,7,-6
富邦新營,鴻海,15,21,-6
富邦新營,雷科,1,7,-6
富邦新營,00887永豐中國科技50大,0,6,-6
富邦新營,友訊,0,6,-6
富邦新營,聯光通,3,9,-6
富邦新營,興能高,18,23,-5
富邦新營,宏達電,26,31,-5
富邦新營,緯創,14,19,-5
富邦新營,00662富邦NASDAQ,0,5,-5
富邦新營,00910第一金太空衛星,0,5,-5
兆豐三重,00919群益台灣精選高息,301,2,299
兆豐三重,力積電,50,15,35
兆豐三重,聯電,42,19,23
兆豐三重,鴻海,25,4,21
兆豐三重,00878國泰永續高股息,15,0,15
兆豐三重,006208富邦台50,16,3,13
兆豐三重,�矬�,12,0,12
兆豐三重,立��,18,6,12
兆豐三重,宏捷科,12,1,11
兆豐三重,陽明,20,10,10
兆豐三重,友訊,11,1,10
兆豐三重,華建,9,0,9
兆豐三重,志信,8,0,8
兆豐三重,炎洲,8,0,8
兆豐三重,濱川,7,0,7
兆豐三重,00733富邦臺灣中小,6,0,6
兆豐三重,英業達,8,2,6
兆豐三重,新美齊,6,0,6
兆豐三重,欣興,7,1,6
兆豐三重,和椿,12,6,6
兆豐三重,廣達,6,0,6
兆豐三重,群創,6,1,5
兆豐三重,新華,6,1,5
兆豐三重,00636國泰中國A50,10,5,5
兆豐三重,燁輝,5,0,5
兆豐三重,大銀微系統,5,0,5
兆豐三重,奈米醫材,5,0,5
兆豐三重,潤泰新,5,0,5
兆豐三重,緯創,10,6,4
兆豐三重,利華,4,0,4
兆豐三重,國光生,4,0,4
兆豐三重,瑞智,4,0,4
兆豐三重,達麗,4,0,4
兆豐三重,沛波,4,0,4
兆豐三重,良維,4,0,4
兆豐三重,至上,4,0,4
兆豐三重,00881國泰台灣5G+,3,0,3
兆豐三重,00679B元大美債20年,3,0,3
兆豐三重,00929復華台灣科技優息,5,2,3
兆豐三重,英濟,3,0,3
兆豐三重,廣宇,4,1,3
兆豐三重,敬鵬,3,0,3
兆豐三重,新建,3,0,3
兆豐三重,夏都,3,0,3
兆豐三重,海華,4,1,3
兆豐三重,台塑化,3,0,3
兆豐三重,騰輝電子-KY,3,0,3
兆豐三重,雷虎,3,0,3
兆豐三重,泰金寶-DR,6,3,3
兆豐三重,康那香,5,2,3
兆豐三重,台新金,628,748,-120
兆豐三重,00980B台新特選IG債10+,0,90,-90
兆豐三重,晟楠,0,35,-35
兆豐三重,勝昱,0,29,-29
兆豐三重,00965元大航太防衛科技,0,20,-20
兆豐三重,00852L國泰美國道瓊正2,1,20,-19
兆豐三重,統一證,0,19,-19
兆豐三重,科妍,0,18,-18
兆豐三重,華安,0,17,-17
兆豐三重,康舒,0,15,-15
兆豐三重,群益證,2,16,-14
兆豐三重,三芳,1,12,-11
兆豐三重,神達,63,74,-11
兆豐三重,00900富邦特選高股息30,0,10,-10
兆豐三重,00940元大台灣價值高息,0,10,-10
兆豐三重,中鋼,0,10,-10
兆豐三重,台中銀,0,10,-10
兆豐三重,新日興,1,11,-10
兆豐三重,連展投控,2,12,-10
兆豐三重,日月光投控,0,10,-10
兆豐三重,加捷生醫,0,10,-10
兆豐三重,中華,0,9,-9
兆豐三重,建漢,0,8,-8
兆豐三重,楠梓電,0,7,-7
兆豐三重,長榮,0,7,-7
兆豐三重,興能高,129,136,-7
兆豐三重,南亞,0,6,-6
兆豐三重,華邦電,0,6,-6
兆豐三重,友達,3,9,-6
兆豐三重,華南金,0,6,-6
兆豐三重,新光金,0,5,-5
兆豐三重,00891中信關鍵半導體,0,5,-5
兆豐三重,00935野村臺灣新科技50,0,5,-5
兆豐三重,宏旭-KY,1,6,-5
兆豐三重,萬海,7,12,-5
兆豐三重,僑威,0,5,-5
兆豐三重,虹冠電,0,5,-5
兆豐三重,鼎元,8,13,-5
兆豐三重,東陽,0,4,-4
兆豐三重,第一銅,0,4,-4
兆豐三重,鴻準,0,4,-4
兆豐三重,達運,0,4,-4
兆豐三重,大同,7,11,-4
兆豐三重,國泰金,0,4,-4
兆豐三重,華星光,20,24,-4
兆豐三重,零壹,9,12,-3
兆豐三重,乙盛-KY,0,3,-3
兆豐三重,鏵友益,0,3,-3
兆豐三重,南茂,8,11,-3
兆豐三重,富邦金,0,2,-2
合庫鳳山,聯電,143,45,98
合庫鳳山,00706L期元大S＆P日圓正2,110,15,95
合庫鳳山,00945B凱基美國非投等債,80,0,80
合庫鳳山,新建,47,4,43
合庫鳳山,00917中信特選金融,40,0,40
合庫鳳山,00918大華優利高填息30,35,2,33
合庫鳳山,00909國泰數位支付服務,21,0,21
合庫鳳山,擎亞,29,8,21
合庫鳳山,00878國泰永續高股息,21,1,20
合庫鳳山,達邁,29,10,19
合庫鳳山,華新,20,2,18
合庫鳳山,00919群益台灣精選高息,18,2,16
合庫鳳山,騰輝電子-KY,16,1,15
合庫鳳山,久昌,15,0,15
合庫鳳山,00933B國泰10Y+金融債,16,2,14
合庫鳳山,興能高,102,88,14
合庫鳳山,00679B元大美債20年,30,17,13
合庫鳳山,元大高股息,18,5,13
合庫鳳山,台揚,17,5,12
合庫鳳山,宏達電,46,35,11
合庫鳳山,00882中信中國高股息,11,0,11
合庫鳳山,金寶,13,2,11
合庫鳳山,英業達,11,0,11
合庫鳳山,麗嬰房,11,0,11
合庫鳳山,泰金寶-DR,41,30,11
合庫鳳山,佳能,13,3,10
合庫鳳山,00959B大華投等美債15Y+,10,0,10
合庫鳳山,中鋼,26,16,10
合庫鳳山,矽瑪,10,0,10
合庫鳳山,英濟,25,16,9
合庫鳳山,00633L富邦上証正2,8,0,8
合庫鳳山,億泰,8,0,8
合庫鳳山,00725B國泰投資級公司債,10,3,7
合庫鳳山,海華,7,0,7
合庫鳳山,陽明,13,6,7
合庫鳳山,新光金,11,5,6
合庫鳳山,和椿,14,8,6
合庫鳳山,力智,6,0,6
合庫鳳山,凱基金,6,0,6
合庫鳳山,00637L元大滬深300正2,5,0,5
合庫鳳山,00757統一FANG+,6,1,5
合庫鳳山,台亞,5,0,5
合庫鳳山,鼎天,5,0,5
合庫鳳山,上亞科技,6,1,5
合庫鳳山,精成科,20,15,5
合庫鳳山,合庫金,7,2,5
合庫鳳山,矽統,5,0,5
合庫鳳山,00858永豐美國500大,4,0,4
合庫鳳山,海光,4,0,4
合庫鳳山,昆盈,5,1,4
合庫鳳山,神達,69,146,-77
合庫鳳山,00929復華台灣科技優息,1,76,-75
合庫鳳山,00887永豐中國科技50大,2,70,-68
合庫鳳山,友達,1,54,-53
合庫鳳山,力積電,14,66,-52
合庫鳳山,00715L期街口布蘭特正2,0,50,-50
合庫鳳山,磐儀,1,43,-42
合庫鳳山,長華*,0,40,-40
合庫鳳山,台中銀,0,34,-34
合庫鳳山,00940元大台灣價值高息,0,34,-34
合庫鳳山,友訊,0,31,-31
合庫鳳山,00665L富邦�琤肭磪囓�2,0,30,-30
合庫鳳山,建準,0,30,-30
合庫鳳山,00650L復華香港正2,6,30,-24
合庫鳳山,00924復華S＆P500成長,3,26,-23
合庫鳳山,華孚,1,23,-22
合庫鳳山,00751B元大AAA至A公司債,0,21,-21
合庫鳳山,福裕,0,20,-20
合庫鳳山,群創,0,18,-18
合庫鳳山,國泰金,1,18,-17
合庫鳳山,漢磊,0,15,-15
合庫鳳山,00905FT臺灣Smart,2,15,-13
合庫鳳山,亞翔,1,14,-13
合庫鳳山,00753L中信中國50正2,2,15,-13
合庫鳳山,南亞科,1,12,-11
合庫鳳山,盟立,0,11,-11
合庫鳳山,臺企銀,0,11,-11
合庫鳳山,新盛力,36,47,-11
合庫鳳山,00915凱基優選高股息30,0,10,-10
合庫鳳山,00953B群益優選非投等債,0,10,-10
合庫鳳山,精剛,0,10,-10
合庫鳳山,華航,0,10,-10
合庫鳳山,光環,1,11,-10
合庫鳳山,倉和,0,10,-10
合庫鳳山,百和,0,10,-10
合庫鳳山,零壹,0,9,-9
合庫鳳山,力達-KY,0,9,-9
合庫鳳山,元大台灣50,1,9,-8
合庫鳳山,采鈺,0,9,-9
合庫鳳山,大同,2,10,-8
合庫鳳山,00713元大台灣高息低波,2,9,-7
合庫鳳山,松瑞藥,0,7,-7
合庫鳳山,006208富邦台50,2,8,-6
合庫鳳山,台塑,5,11,-6
合庫鳳山,宇隆,0,6,-6
合庫鳳山,鳳凰,0,6,-6
合庫鳳山,萬泰科,1,7,-6
合庫鳳山,綠界科技*,2,8,-6
合庫鳳山,00923群益台ESG低碳50,0,5,-5
合庫鳳山,奇鋐,0,5,-5
 元大萬華,群創,348,8,340
 元大萬華,聯電,148,16,132
 元大萬華,力積電,164,48,116
 元大萬華,00632R元大台灣50反1,104,0,104
 元大萬華,泰金寶-DR,297,240,57
 元大萬華,00752中信中國50,52,0,52
 元大萬華,00877復華中國5G,50,0,50
 元大萬華,元大高股息,43,2,41
 元大萬華,緯創,53,15,38
 元大萬華,強茂,35,0,35
 元大萬華,柏騰,30,2,28
 元大萬華,世禾,25,0,25
 元大萬華,立��,25,3,22
 元大萬華,驊訊,23,2,21
 元大萬華,瑞智,21,2,19
 元大萬華,大成鋼,21,2,19
 元大萬華,聯光通,18,5,13
 元大萬華,森崴能源,13,0,13
 元大萬華,台泥,13,0,13
 元大萬華,00637L元大滬深300正2,27,15,12
 元大萬華,第一銅,12,0,12
 元大萬華,南亞科,11,0,11
 元大萬華,南茂,13,2,11
 元大萬華,台玻,11,0,11
 元大萬華,台塑,17,6,11
 元大萬華,中鋼,11,0,11
 元大萬華,聯合再生,11,0,11
 元大萬華,景碩,11,1,10
 元大萬華,00653L富邦印度正2,10,0,10
 元大萬華,嘉晶,10,0,10
 元大萬華,00640L富邦日本正2,10,0,10
 元大萬華,00918大華優利高填息30,10,1,9
 元大萬華,精成科,21,12,9
 元大萬華,定穎投控,10,1,9
 元大萬華,廣達,8,0,8
 元大萬華,漢磊,10,2,8
 元大萬華,網家,10,2,8
 元大萬華,山富,8,0,8
 元大萬華,一詮,9,1,8
 元大萬華,00878國泰永續高股息,8,1,7
 元大萬華,宏��,10,3,7
 元大萬華,雷虎,8,1,7
 元大萬華,00910第一金太空衛星,7,1,6
 元大萬華,矽格,7,1,6
 元大萬華,敬鵬,6,0,6
 元大萬華,昇陽半導體,21,15,6
 元大萬華,玉山金,17,11,6
 元大萬華,龍德造船,8,2,6
 元大萬華,達邁,24,18,6
 元大萬華,台燿,6,1,5
 元大萬華,00937B群益ESG投等債20,10,830,-820
 元大萬華,00965元大航太防衛科技,14,483,-469
 元大萬華,山林水,0,109,-109
 元大萬華,宏達電,56,160,-104
 元大萬華,國泰金,0,71,-71
 元大萬華,新光金,0,49,-49
 元大萬華,宏致,6,49,-43
 元大萬華,點序,0,34,-34
 元大萬華,00923群益台ESG低碳50,0,32,-32
 元大萬華,大同,4,35,-31
 元大萬華,如興,0,29,-29
 元大萬華,眾達-KY,6,31,-25
 元大萬華,00712復華富時不動產,1,25,-24
 元大萬華,展達,0,22,-22
 元大萬華,006208富邦台50,0,22,-22
 元大萬華,信昌電,0,21,-21
 元大萬華,橘子,0,20,-20
 元大萬華,00715L期街口布蘭特正2,0,20,-20
 元大萬華,喬福,0,20,-20
 元大萬華,矽統,5,23,-18
 元大萬華,00665L富邦�琤肭磪囓�2,2,19,-17
 元大萬華,00929復華台灣科技優息,1,15,-14
 元大萬華,友達,3,17,-14
 元大萬華,00951台新日本半導體,0,13,-13
 元大萬華,00940元大台灣價值高息,2,15,-13
 元大萬華,神達,115,126,-11
 元大萬華,新盛力,72,83,-11
 元大萬華,長榮航,5,15,-10
 元大萬華,文曄,0,10,-10
 元大萬華,富邦金,0,10,-10
 元大萬華,波若威,16,25,-9
 元大萬華,中光電,2,11,-9
 元大萬華,凱基金,0,9,-9
 元大萬華,中工,10,19,-9
 元大萬華,00954中信日本半導體,0,9,-9
 元大萬華,鈞興-KY,0,8,-8
 元大萬華,00919群益台灣精選高息,13,21,-8
 元大萬華,新日興,1,9,-8
 元大萬華,00633L富邦上証正2,0,8,-8
 元大萬華,大亞,4,12,-8
 元大萬華,華城,0,7,-7
 元大萬華,迅得,8,15,-7
 元大萬華,00680L元大美債20正2,1,8,-7
 元大萬華,彰銀,1,8,-7
 元大萬華,三商壽,30,37,-7
 元大萬華,亞翔,0,7,-7
 元大萬華,順達,5,11,-6
 元大萬華,金寶,3,9,-6
 元大萬華,堤維西,1,7,-6
 元大萬華,佶優,0,6,-6
陽信,00637L元大滬深300正2,1551,25,1526
陽信,00948B中信優息投資級債,60,0,60
陽信,新華,30,0,30
陽信,富喬,33,7,26
陽信,力積電,44,19,25
陽信,00720B元大投資級公司債,20,0,20
陽信,八方雲集,20,0,20
陽信,聯電,16,0,16
陽信,鴻準,12,0,12
陽信,00687B國泰20年美債,11,0,11
陽信,台玻,10,0,10
陽信,國喬,10,0,10
陽信,南港,10,0,10
陽信,英業達,17,7,10
陽信,愛山林,10,0,10
陽信,眾達-KY,14,4,10
陽信,台塑化,10,0,10
陽信,泰福-KY,10,0,10
陽信,宏達電,58,48,10
陽信,華星光,14,7,7
陽信,南亞科,6,0,6
陽信,美律,6,0,6
陽信,研通,6,0,6
陽信,擎亞,9,3,6
陽信,00680L元大美債20正2,5,0,5
陽信,00858永豐美國500大,5,0,5
陽信,00937B群益ESG投等債20,5,0,5
陽信,瑞鼎,5,0,5
陽信,高端疫苗,5,0,5
陽信,富威電力,5,0,5
陽信,立益物流,5,1,4
陽信,台泥,4,0,4
陽信,大塚,4,0,4
陽信,易發,4,0,4
陽信,台聚,3,0,3
陽信,國建,3,0,3
陽信,華航,3,0,3
陽信,僑威,4,1,3
陽信,緯創,14,11,3
陽信,立積,8,5,3
陽信,00915凱基優選高股息30,2,0,2
陽信,00919群益台灣精選高息,4,2,2
陽信,三芳,2,0,2
陽信,台塑,32,30,2
陽信,技嘉,2,0,2
陽信,聯發科,5,3,2
陽信,全心投控,2,0,2
陽信,統一超,2,0,2
陽信,晟銘電,9,7,2
陽信,亞光,2,0,2
陽信,友訊,10,153,-143
陽信,華邦電,0,80,-80
陽信,國泰金,0,80,-80
陽信,富邦金,0,59,-59
陽信,萬海,1,60,-59
陽信,興能高,45,74,-29
陽信,大同,1,26,-25
陽信,台灣虎航,7,29,-22
陽信,錸德,0,21,-21
陽信,神達,26,47,-21
陽信,連展投控,0,21,-21
陽信,群創,0,20,-20
陽信,聯合再生,0,20,-20
陽信,華城,0,17,-17
陽信,定穎投控,0,15,-15
陽信,欣興,9,22,-13
陽信,台積電,6,18,-12
陽信,金像電,1,13,-12
陽信,大成鋼,0,12,-12
陽信,陽明,2,14,-12
陽信,神準,0,12,-12
陽信,欣銓,0,11,-11
陽信,燁輝,0,10,-10
陽信,華通,0,10,-10
陽信,燿華,0,10,-10
陽信,友達,0,10,-10
陽信,台中銀,0,10,-10
陽信,宏致,0,10,-10
陽信,世界,0,10,-10
陽信,迎廣,0,10,-10
陽信,台燿,0,10,-10
陽信,寶成,0,9,-9
陽信,中興電,2,10,-8
陽信,華新,0,7,-7
陽信,三晃,0,7,-7
陽信,新光金,0,7,-7
陽信,光環,0,7,-7
陽信,耿鼎,0,6,-6
陽信,00725B國泰投資級公司債,0,6,-6
陽信,新盛力,14,20,-6
陽信,世德,0,5,-5
陽信,京元電子,0,5,-5
陽信,中信金,0,5,-5
陽信,富華新,0,5,-5
陽信,敦泰,0,5,-5
陽信,中光電,0,5,-5
陽信,華安,0,5,-5
陽信,00904新光臺灣半導體30,0,4,-4
陽信,中櫃,5,9,-4
陽信,晶彩科,1,5,-4
亞東台南 ,中石化,196,0,196
亞東台南 ,新興,50,0,50
亞東台南 ,國際中橡,33,0,33
亞東台南 ,工信,24,0,24
亞東台南 ,00935野村臺灣新科技50,20,0,20
亞東台南 ,00939統一台灣高息動能,20,0,20
亞東台南 ,大同,20,1,19
亞東台南 ,陽明,15,0,15
亞東台南 ,華通,17,3,14
亞東台南 ,台化,11,0,11
亞東台南 ,南亞,11,0,11
亞東台南 ,佳能,11,0,11
亞東台南 ,華邦電,10,0,10
亞東台南 ,映興,10,0,10
亞東台南 ,華星光,14,4,10
亞東台南 ,元大台灣50,8,0,8
亞東台南 ,緯創,10,3,7
亞東台南 ,英業達,6,0,6
亞東台南 ,凱基金,10,5,5
亞東台南 ,00881國泰台灣5G+,10,5,5
亞東台南 ,富強鑫,5,0,5
亞東台南 ,群創,4,0,4
亞東台南 ,朋億*,4,0,4
亞東台南 ,佳和,3,0,3
亞東台南 ,南紡,3,0,3
亞東台南 ,遠東新,3,0,3
亞東台南 ,宏��,3,0,3
亞東台南 ,潤泰全,3,0,3
亞東台南 ,IET-KY,3,0,3
亞東台南 ,邁達特,3,0,3
亞東台南 ,宏齊,3,0,3
亞東台南 ,00650L復華香港正2,3,0,3
亞東台南 ,兆豐金,2,0,2
亞東台南 ,00646元大S＆P500,2,0,2
亞東台南 ,中鋼,2,0,2
亞東台南 ,長榮航太,2,0,2
亞東台南 ,振曜,2,0,2
亞東台南 ,信義,2,0,2
亞東台南 ,台光電,2,0,2
亞東台南 ,亞光,2,0,2
亞東台南 ,00762元大全球AI,1,0,1
亞東台南 ,大亞,1,0,1
亞東台南 ,聯電,11,10,1
亞東台南 ,亞翔,1,0,1
亞東台南 ,亞力,1,0,1
亞東台南 ,台塑,11,10,1
亞東台南 ,00885富邦越南,1,0,1
亞東台南 ,00937B群益ESG投等債20,1,0,1
亞東台南 ,劍麟,1,0,1
亞東台南 ,佳世達,1,0,1
亞東台南 ,00633L富邦上証正2,0,175,-175
亞東台南 ,2883B凱基金乙特,0,62,-62
亞東台南 ,00915凱基優選高股息30,0,30,-30
亞東台南 ,台揚,0,30,-30
亞東台南 ,和碩,0,30,-30
亞東台南 ,皇昌,0,25,-25
亞東台南 ,神達,5,30,-25
亞東台南 ,廣達,4,25,-21
亞東台南 ,長榮,0,21,-21
亞東台南 ,福懋,0,18,-18
亞東台南 ,中信金,0,15,-15
亞東台南 ,00909國泰數位支付服務,0,13,-13
亞東台南 ,00830國泰費城半導體,0,13,-13
亞東台南 ,東聯,0,10,-10
亞東台南 ,長榮航,0,10,-10
亞東台南 ,聯鈞,0,10,-10
亞東台南 ,湯石照明,0,10,-10
亞東台南 ,大成鋼,1,10,-9
亞東台南 ,環宇-KY,0,7,-7
亞東台南 ,興能高,7,14,-7
亞東台南 ,元大高股息,3,10,-7
亞東台南 ,台積電,1,8,-7
亞東台南 ,遠百,0,6,-6
亞東台南 ,00661元大日經225,0,5,-5
亞東台南 ,00947台新臺灣IC設計,0,5,-5
亞東台南 ,00911兆豐洲際半導體,0,5,-5
亞東台南 ,華南金,0,5,-5
亞東台南 ,台耀,0,5,-5
亞東台南 ,永豐金,0,5,-5
亞東台南 ,日月光投控,0,5,-5
亞東台南 ,正達,0,4,-4
亞東台南 ,00878國泰永續高股息,1,5,-4
亞東台南 ,00919群益台灣精選高息,0,4,-4
亞東台南 ,00770國泰北美科技,0,4,-4
亞東台南 ,00715L期街口布蘭特正2,0,4,-4
亞東台南 ,00631L元大台灣50正2,0,4,-4
亞東台南 ,華航,1,5,-4
亞東台南 ,連展投控,1,5,-4
亞東台南 ,福裕,0,4,-4
亞東台南 ,中租-KY,2,6,-4
亞東台南 ,洋基工程,0,4,-4
亞東台南 ,宏達電,4,7,-3
亞東台南 ,長榮鋼,0,3,-3
亞東台南 ,力新,0,3,-3
亞東台南 ,同欣電,1,4,-3
亞東台南 ,興富發,0,3,-3
亞東台南 ,欣銓,0,2,-2
亞東台南 ,力積電,1,3,-2
亞東台南 ,006208富邦台50,0,2,-2
亞東台南 ,00675L富邦臺灣加權正2,0,2,-2
宏遠中和,三一東林,136,70,66
宏遠中和,聯電,45,11,34
宏遠中和,緯創,29,3,26
宏遠中和,立敦,25,5,20
宏遠中和,和勤,12,0,12
宏遠中和,00919群益台灣精選高息,13,1,12
宏遠中和,元大高股息,12,1,11
宏遠中和,耿鼎,10,0,10
宏遠中和,台聚,10,0,10
宏遠中和,00650L復華香港正2,10,0,10
宏遠中和,台新金,10,0,10
宏遠中和,永豐金,10,0,10
宏遠中和,00878國泰永續高股息,9,0,9
宏遠中和,欣興,8,0,8
宏遠中和,英業達,9,2,7
宏遠中和,亞光,10,3,7
宏遠中和,合勤控,7,0,7
宏遠中和,台郡,7,0,7
宏遠中和,兆豐金,6,0,6
宏遠中和,00753L中信中國50正2,26,20,6
宏遠中和,00687B國泰20年美債,5,0,5
宏遠中和,映泰,5,0,5
宏遠中和,偉訓,5,0,5
宏遠中和,熱映,5,0,5
宏遠中和,精材,5,0,5
宏遠中和,力新,5,0,5
宏遠中和,振發,5,0,5
宏遠中和,晶碩,5,0,5
宏遠中和,神達,63,58,5
宏遠中和,首利,4,0,4
宏遠中和,光洋科,5,1,4
宏遠中和,友訊,6,2,4
宏遠中和,艾訊,4,0,4
宏遠中和,00937B群益ESG投等債20,3,0,3
宏遠中和,南亞,5,2,3
宏遠中和,合機,3,0,3
宏遠中和,台玻,3,0,3
宏遠中和,燿華,3,0,3
宏遠中和,昇達科,4,1,3
宏遠中和,連展投控,4,1,3
宏遠中和,時碩工業,3,0,3
宏遠中和,禾聯碩,3,0,3
宏遠中和,精成科,3,0,3
宏遠中和,長華*,3,0,3
宏遠中和,和椿,9,7,2
宏遠中和,00665L富邦�琤肭磪囓�2,2,0,2
宏遠中和,00918大華優利高填息30,2,0,2
宏遠中和,00945B凱基美國非投等債,2,0,2
宏遠中和,00965元大航太防衛科技,2,0,2
宏遠中和,00952凱基台灣AI50,2,0,2
宏遠中和,旺宏,0,500,-500
宏遠中和,南亞科,0,265,-265
宏遠中和,00927群益半導體收益,0,80,-80
宏遠中和,宏達電,33,60,-27
宏遠中和,高鋒,0,21,-21
宏遠中和,騰輝電子-KY,0,20,-20
宏遠中和,南茂,1,15,-14
宏遠中和,新光金,0,13,-13
宏遠中和,新盛力,9,21,-12
宏遠中和,日勝生,0,12,-12
宏遠中和,寒舍,0,11,-11
宏遠中和,宏觀,0,10,-10
宏遠中和,宏遠證,0,9,-9
宏遠中和,華新,0,8,-8
宏遠中和,台積電,4,11,-7
宏遠中和,00929復華台灣科技優息,5,11,-6
宏遠中和,凱基金,0,6,-6
宏遠中和,力積電,4,10,-6
宏遠中和,建暐,0,6,-6
宏遠中和,鴻海,3,9,-6
宏遠中和,順達,3,8,-5
宏遠中和,大同,1,6,-5
宏遠中和,宏致,1,6,-5
宏遠中和,泰金寶-DR,3,8,-5
宏遠中和,長榮,0,5,-5
宏遠中和,00915凱基優選高股息30,0,5,-5
宏遠中和,00637L元大滬深300正2,26,30,-4
宏遠中和,00751B元大AAA至A公司債,0,4,-4
宏遠中和,威剛,0,4,-4
宏遠中和,瑞智,0,4,-4
宏遠中和,元大台灣50,0,3,-3
宏遠中和,00954中信日本半導體,0,3,-3
宏遠中和,亞泥,0,3,-3
宏遠中和,大山,0,3,-3
宏遠中和,堤維西,1,4,-3
宏遠中和,鴻華先進-創,0,3,-3
宏遠中和,正崴,0,3,-3
宏遠中和,瑞軒,0,3,-3
宏遠中和,陽明,4,7,-3
宏遠中和,長榮航,1,4,-3
宏遠中和,晟銘電,1,4,-3
宏遠中和,欣銓,0,3,-3
宏遠中和,尼克森,0,3,-3
宏遠中和,加百裕,0,3,-3
宏遠中和,臺慶科,0,3,-3
宏遠中和,環泰,0,3,-3
宏遠中和,IET-KY,0,3,-3
宏遠中和,華星光,4,7,-3
宏遠中和,系微,0,3,-3
宏遠中和,康舒,0,3,-3
國票南京,00637L元大滬深300正2,527,429,98
國票南京,長榮航,85,22,63
國票南京,光群雷,54,0,54
國票南京,亞翔,40,0,40
國票南京,00910第一金太空衛星,52,19,33
國票南京,00679B元大美債20年,30,0,30
國票南京,國喬,30,0,30
國票南京,彰銀,30,0,30
國票南京,雷虎,30,0,30
國票南京,00911兆豐洲際半導體,28,0,28
國票南京,新日興,26,4,22
國票南京,立端,21,1,20
國票南京,友達,50,31,19
國票南京,東森,16,0,16
國票南京,聯鈞,25,10,15
國票南京,台塑,23,10,13
國票南京,陽明,11,0,11
國票南京,眾達-KY,12,2,10
國票南京,亞光,10,0,10
國票南京,環泥,10,0,10
國票南京,聚亨,10,0,10
國票南京,大成鋼,10,0,10
國票南京,金像電,10,2,8
國票南京,鴻海,10,4,6
國票南京,幸福,5,0,5
國票南京,00631L元大台灣50正2,5,0,5
國票南京,00751B元大AAA至A公司債,5,0,5
國票南京,台玻,5,0,5
國票南京,京元電子,5,0,5
國票南京,閎康,5,0,5
國票南京,工信,5,0,5
國票南京,中光電,5,1,4
國票南京,聯光通,6,2,4
國票南京,聯發科,4,0,4
國票南京,00924復華S＆P500成長,4,0,4
國票南京,京城銀,4,0,4
國票南京,德淵,4,0,4
國票南京,中租-KY,5,1,4
國票南京,00971野村美國研發龍頭,3,0,3
國票南京,00905FT臺灣Smart,3,0,3
國票南京,00633L富邦上証正2,10,7,3
國票南京,和大,3,0,3
國票南京,為升,3,0,3
國票南京,華邦電,55,52,3
國票南京,美食-KY,3,0,3
國票南京,泰鼎-KY,5,2,3
國票南京,中美晶,3,0,3
國票南京,點序,6,3,3
國票南京,博大,3,0,3
國票南京,廣達,2,0,2
國票南京,中鴻,0,90,-90
國票南京,聯電,90,160,-70
國票南京,宏達電,23,86,-63
國票南京,00882中信中國高股息,1,50,-49
國票南京,威健,0,40,-40
國票南京,大洋-KY,0,35,-35
國票南京,欣銓,0,34,-34
國票南京,00929復華台灣科技優息,0,32,-32
國票南京,群創,20,52,-32
國票南京,燿華,0,30,-30
國票南京,巨路,0,30,-30
國票南京,鴻準,11,33,-22
國票南京,00722B群益投資級電信債,0,20,-20
國票南京,臺企銀,10,30,-20
國票南京,友輝,0,20,-20
國票南京,連展投控,0,18,-18
國票南京,凱基金,0,16,-16
國票南京,神達,27,43,-16
國票南京,金寶,1,16,-15
國票南京,泰豐,0,14,-14
國票南京,上詮,0,13,-13
國票南京,00947台新臺灣IC設計,0,12,-12
國票南京,華航,3,15,-12
國票南京,新光鋼,0,12,-12
國票南京,上銀,0,11,-11
國票南京,神基,0,11,-11
國票南京,光聖,0,11,-11
國票南京,00970B新光BBB投等債20,0,10,-10
國票南京,台光電,0,10,-10
國票南京,中華電,0,10,-10
國票南京,萬海,0,10,-10
國票南京,動力-KY,0,10,-10
國票南京,南亞,0,9,-9
國票南京,國泰金,0,9,-9
國票南京,加百裕,2,11,-9
國票南京,台名,0,9,-9
國票南京,愛普*,1,10,-9
國票南京,八貫,0,6,-6
國票南京,華通,0,6,-6
國票南京,台揚,0,6,-6
國票南京,大江,0,6,-6
國票南京,00940元大台灣價值高息,0,5,-5
國票南京,台泥,0,5,-5
國票南京,00720B元大投資級公司債,0,5,-5
國票南京,光寶科,2,7,-5
國票南京,映泰,0,5,-5
國票南京,皇昌,0,5,-5
國票南京,雄獅,0,5,-5
國票南京,豐達科,0,5,-5
國票南京,華擎,0,5,-5
 元大中港,00891中信關鍵半導體,1610,150,1460
 元大中港,00885富邦越南,130,8,122
 元大中港,台灣高鐵,100,0,100
 元大中港,00637L元大滬深300正2,131,43,88
 元大中港,力積電,104,17,87
 元大中港,聯電,69,16,53
 元大中港,00632R元大台灣50反1,50,5,45
 元大中港,新光金,50,6,44
 元大中港,美律,40,0,40
 元大中港,艾姆勒,35,2,33
 元大中港,南電,31,4,27
 元大中港,頎邦,24,0,24
 元大中港,00753L中信中國50正2,22,0,22
 元大中港,00633L富邦上証正2,44,24,20
 元大中港,三商壽,40,20,20
 元大中港,南茂,30,10,20
 元大中港,尖點,17,0,17
 元大中港,00757統一FANG+,25,9,16
 元大中港,達邁,29,13,16
 元大中港,中纖,16,0,16
 元大中港,元大高股息,22,6,16
 元大中港,台化,17,2,15
 元大中港,皇普,14,0,14
 元大中港,波力-KY,14,0,14
 元大中港,亞光,22,9,13
 元大中港,00878國泰永續高股息,13,0,13
 元大中港,00688L國泰20年美債正2,12,0,12
 元大中港,00679B元大美債20年,18,6,12
 元大中港,旭暉應材,11,0,11
 元大中港,台塑,12,1,11
 元大中港,波若威,45,35,10
 元大中港,廣達,13,3,10
 元大中港,全新,12,2,10
 元大中港,兆豐金,10,0,10
 元大中港,富采,10,0,10
 元大中港,中石化,10,0,10
 元大中港,欣興,10,1,9
 元大中港,所羅門,11,2,9
 元大中港,星宇航空,26,17,9
 元大中港,晟銘電,11,3,8
 元大中港,00954中信日本半導體,10,2,8
 元大中港,和椿,14,6,8
 元大中港,連展投控,10,2,8
 元大中港,元大台灣50,12,4,8
 元大中港,坤悅,7,0,7
 元大中港,穩懋,8,1,7
 元大中港,00858永豐美國500大,6,0,6
 元大中港,海華,7,1,6
 元大中港,緯創,15,9,6
 元大中港,00655L國泰中國A50正2,6,0,6
 元大中港,欣銓,10,487,-477
 元大中港,冠軍,9,229,-220
 元大中港,00965元大航太防衛科技,4,221,-217
 元大中港,華航,20,214,-194
 元大中港,00937B群益ESG投等債20,36,188,-152
 元大中港,00971野村美國研發龍頭,2,100,-98
 元大中港,神達,264,346,-82
 元大中港,凱基金,0,68,-68
 元大中港,00720B元大投資級公司債,0,50,-50
 元大中港,00887永豐中國科技50大,0,44,-44
 元大中港,長榮航,1,41,-40
 元大中港,友達,2,40,-38
 元大中港,00650L復華香港正2,3,39,-36
 元大中港,00680L元大美債20正2,19,50,-31
 元大中港,建達,1,31,-30
 元大中港,00926凱基全球菁英55,1,27,-26
 元大中港,00934中信成長高股息,0,24,-24
 元大中港,中碳,0,22,-22
 元大中港,聯光通,19,38,-19
 元大中港,00673R期元大S＆P原油反1,0,19,-19
 元大中港,台積電,8,23,-15
 元大中港,00941中信上游半導體,0,15,-15
 元大中港,彰銀,5,19,-14
 元大中港,晶豪科,0,12,-12
 元大中港,惠特,0,12,-12
 元大中港,精誠,0,11,-11
 元大中港,晶心科,0,11,-11
 元大中港,華城,2,12,-10
 元大中港,勤美,0,10,-10
 元大中港,00715L期街口布蘭特正2,0,10,-10
 元大中港,艾笛森,0,10,-10
 元大中港,中揚光,0,10,-10
 元大中港,聯合再生,0,10,-10
 元大中港,群翊,0,10,-10
 元大中港,00940元大台灣價值高息,22,32,-10
 元大中港,00881國泰台灣5G+,0,10,-10
 元大中港,迅得,3,13,-10
 元大中港,宏致,13,22,-9
 元大中港,00922國泰台灣領袖50,0,9,-9
 元大中港,大同,2,11,-9
 元大中港,友訊,1,10,-9
 元大中港,日月光投控,2,11,-9
 元大中港,南亞,0,8,-8
 元大中港,新漢,0,8,-8
 元大中港,00929復華台灣科技優息,5,13,-8
 元大中港,亞翔,5,12,-7
 元大中港,富林-KY,0,7,-7
 元大中港,00687B國泰20年美債,3,10,-7
 元大中港,技嘉,5,12,-7
 元大中港,00951台新日本半導體,0,7,-7
統一永和  ,00937B群益ESG投等債20,176,2,174
統一永和  ,陸海,88,0,88
統一永和  ,力鵬,36,0,36
統一永和  ,聯電,44,10,34
統一永和  ,台灣大,20,0,20
統一永和  ,大成鋼,20,0,20
統一永和  ,泰福-KY,20,0,20
統一永和  ,00933B國泰10Y+金融債,18,0,18
統一永和  ,欣興,23,11,12
統一永和  ,00795B中信美國公債20年,10,0,10
統一永和  ,鴻海,10,2,8
統一永和  ,00637L元大滬深300正2,22,15,7
統一永和  ,信立,7,0,7
統一永和  ,00665L富邦�琤肭磪囓�2,6,0,6
統一永和  ,台泥,6,0,6
統一永和  ,廣達,7,1,6
統一永和  ,順達,8,2,6
統一永和  ,台燿,6,0,6
統一永和  ,玉晶光,6,0,6
統一永和  ,00960野村全球航運龍頭,5,0,5
統一永和  ,00770國泰北美科技,5,0,5
統一永和  ,立敦,6,1,5
統一永和  ,高端疫苗,5,0,5
統一永和  ,穩得,5,0,5
統一永和  ,台星科,5,1,4
統一永和  ,新盛力,20,16,4
統一永和  ,00633L富邦上証正2,3,0,3
統一永和  ,00706L期元大S＆P日圓正2,3,0,3
統一永和  ,中鋼,3,0,3
統一永和  ,海光,3,0,3
統一永和  ,世禾,3,0,3
統一永和  ,浩鼎,3,0,3
統一永和  ,矽格,3,0,3
統一永和  ,00878國泰永續高股息,2,0,2
統一永和  ,聯發科,3,1,2
統一永和  ,樂事綠能,2,0,2
統一永和  ,三晃,2,0,2
統一永和  ,科妍,2,0,2
統一永和  ,台玻,2,0,2
統一永和  ,國巨,2,0,2
統一永和  ,山富,2,0,2
統一永和  ,華南金,4,2,2
統一永和  ,及成,2,0,2
統一永和  ,新日興,16,14,2
統一永和  ,譁裕,2,0,2
統一永和  ,西勝,2,0,2
統一永和  ,晟德,2,0,2
統一永和  ,鈞興-KY,2,0,2
統一永和  ,譜瑞-KY,2,0,2
統一永和  ,能率,3,1,2
統一永和  ,三商,0,374,-374
統一永和  ,三商壽,0,180,-180
統一永和  ,00673R期元大S＆P原油反1,0,75,-75
統一永和  ,玉山金,20,50,-30
統一永和  ,00970B新光BBB投等債20,0,25,-25
統一永和  ,宏達電,7,29,-22
統一永和  ,00939統一台灣高息動能,0,21,-21
統一永和  ,一詮,0,20,-20
統一永和  ,欣銓,3,20,-17
統一永和  ,00941中信上游半導體,0,14,-14
統一永和  ,英業達,2,15,-13
統一永和  ,00959B大華投等美債15Y+,0,10,-10
統一永和  ,訊芯-KY,1,11,-10
統一永和  ,來頡,0,10,-10
統一永和  ,富喬,1,10,-9
統一永和  ,緯創,8,16,-8
統一永和  ,00929復華台灣科技優息,0,7,-7
統一永和  ,台新金,0,7,-7
統一永和  ,晶技,0,7,-7
統一永和  ,原相,0,7,-7
統一永和  ,辛耘,0,6,-6
統一永和  ,00966B統一ESG投等債15,0,5,-5
統一永和  ,元大高股息,1,6,-5
統一永和  ,友訊,0,5,-5
統一永和  ,映泰,0,5,-5
統一永和  ,冠德,0,5,-5
統一永和  ,凱基金,0,5,-5
統一永和  ,聯光通,1,6,-5
統一永和  ,萬泰科,0,5,-5
統一永和  ,華邦電,0,4,-4
統一永和  ,達興材料,1,5,-4
統一永和  ,系微,0,4,-4
統一永和  ,力積電,0,4,-4
統一永和  ,星雲,0,4,-4
統一永和  ,神達,7,11,-4
統一永和  ,達邁,3,7,-4
統一永和  ,長榮,0,3,-3
統一永和  ,佳世達,0,3,-3
統一永和  ,00921兆豐龍頭等權重,0,3,-3
統一永和  ,00927群益半導體收益,4,7,-3
統一永和  ,華泰,0,3,-3
統一永和  ,南亞科,4,7,-3
統一永和  ,華航,4,7,-3
統一永和  ,東浦,0,3,-3
統一永和  ,正文,0,3,-3
統一永和  ,大同,2,5,-3
統一永和  ,聯強,0,3,-3
統一永和  ,台達電,0,2,-2
統一永和  ,00934中信成長高股息,0,2,-2
統一永和  ,寶成,0,2,-2
台中銀,聯電,229,24,205
台中銀,中鋼,110,5,105
台中銀,泰茂,83,5,78
台中銀,卜蜂,57,0,57
台中銀,致和證,50,0,50
台中銀,晟銘電,53,5,48
台中銀,泰金寶-DR,39,2,37
台中銀,00919群益台灣精選高息,36,0,36
台中銀,英業達,35,4,31
台中銀,森崴能源,30,0,30
台中銀,寶成,29,0,29
台中銀,西勝,30,1,29
台中銀,緯創,31,5,26
台中銀,00753L中信中國50正2,22,0,22
台中銀,欣興,24,3,21
台中銀,00665L富邦�琤肭磪囓�2,20,0,20
台中銀,明基材,20,2,18
台中銀,加百裕,32,14,18
台中銀,00687B國泰20年美債,20,4,16
台中銀,立��,30,17,13
台中銀,00650L復華香港正2,13,0,13
台中銀,精材,12,0,12
台中銀,台燿,14,2,12
台中銀,00937B群益ESG投等債20,11,0,11
台中銀,00673R期元大S＆P原油反1,11,0,11
台中銀,00882中信中國高股息,21,10,11
台中銀,味全,10,0,10
台中銀,和椿,13,3,10
台中銀,宏齊,11,1,10
台中銀,致新,10,0,10
台中銀,00772B中信高評級公司債,10,0,10
台中銀,佰鴻,10,0,10
台中銀,佳邦,10,0,10
台中銀,正新,10,0,10
台中銀,千附精密,10,0,10
台中銀,宏��,11,1,10
台中銀,華新,11,2,9
台中銀,亞航,11,2,9
台中銀,寶緯,8,0,8
台中銀,榮成,8,0,8
台中銀,藍天,7,0,7
台中銀,00918大華優利高填息30,7,0,7
台中銀,元大高股息,15,9,6
台中銀,強茂,6,0,6
台中銀,鴻華先進-創,6,0,6
台中銀,伊雲谷,6,0,6
台中銀,群創,7,1,6
台中銀,00637L元大滬深300正2,11,6,5
台中銀,新唐,5,0,5
台中銀,昇陽半導體,6,1,5
台中銀,台中銀,4,206,-202
台中銀,宏達電,22,207,-185
台中銀,00708L期元大S＆P黃金正2,0,160,-160
台中銀,00680L元大美債20正2,86,190,-104
台中銀,華南金,0,68,-68
台中銀,00929復華台灣科技優息,2,64,-62
台中銀,00878國泰永續高股息,11,61,-50
台中銀,迅得,2,43,-41
台中銀,立隆電,4,40,-36
台中銀,台塑,2,35,-33
台中銀,矽格,1,33,-32
台中銀,00943兆豐電子高息等權,0,30,-30
台中銀,00632R元大台灣50反1,1,26,-25
台中銀,台積電,5,29,-24
台中銀,連展投控,4,26,-22
台中銀,華邦電,2,22,-20
台中銀,00631L元大台灣50正2,0,18,-18
台中銀,00922國泰台灣領袖50,0,18,-18
台中銀,臺企銀,0,17,-17
台中銀,凌陽,0,17,-17
台中銀,新光金,0,16,-16
台中銀,波若威,32,48,-16
台中銀,高技,1,16,-15
台中銀,欣銓,10,24,-14
台中銀,日月光投控,2,16,-14
台中銀,台灣虎航,4,17,-13
台中銀,00935野村臺灣新科技50,0,13,-13
台中銀,宏致,0,13,-13
台中銀,光環,0,13,-13
台中銀,慶豐富,0,13,-13
台中銀,興能高,17,29,-12
台中銀,00970B新光BBB投等債20,0,12,-12
台中銀,光寶科,0,11,-11
台中銀,創惟,13,24,-11
台中銀,00675L富邦臺灣加權正2,0,10,-10
台中銀,力積電,38,48,-10
台中銀,普安,0,10,-10
台中銀,成霖,0,10,-10
台中銀,世界,0,10,-10
台中銀,嘉里大榮,0,10,-10
台中銀,00891中信關鍵半導體,0,10,-10
台中銀,台虹,0,10,-10
台中銀,中美晶,2,12,-10
台中銀,長榮,4,13,-9
台中銀,正達,0,9,-9
台中銀,新建,0,9,-9
台中銀,金寶,11,20,-9
台中銀,南茂,0,9,-9
台中銀,聯茂,0,9,-9
台中銀,凱美,11,19,-8
華南東昇,00953B群益優選非投等債,150,0,150
華南東昇,聯電,100,20,80
華南東昇,00878國泰永續高股息,75,10,65
華南東昇,台積電,53,8,45
華南東昇,力積電,70,26,44
華南東昇,00637L元大滬深300正2,39,1,38
華南東昇,兆豐金,30,0,30
華南東昇,00706L期元大S＆P日圓正2,30,0,30
華南東昇,美時,30,0,30
華南東昇,00919群益台灣精選高息,20,0,20
華南東昇,泰金寶-DR,322,305,17
華南東昇,達邁,29,13,16
華南東昇,00753L中信中國50正2,16,0,16
華南東昇,精金,14,0,14
華南東昇,鴻海,23,9,14
華南東昇,00662富邦NASDAQ,13,0,13
華南東昇,中探針,13,0,13
華南東昇,英業達,17,5,12
華南東昇,緯創,37,26,11
華南東昇,台揚,11,0,11
華南東昇,英濟,25,14,11
華南東昇,加百裕,12,1,11
華南東昇,00937B群益ESG投等債20,16,6,10
華南東昇,統一證,10,0,10
華南東昇,麗清,10,0,10
華南東昇,健喬,10,0,10
華南東昇,劍湖山,10,0,10
華南東昇,昇陽半導體,10,0,10
華南東昇,松翰,9,0,9
華南東昇,群益證,10,1,9
華南東昇,合庫金,9,0,9
華南東昇,聯光通,9,1,8
華南東昇,00915凱基優選高股息30,6,0,6
華南東昇,00633L富邦上証正2,21,15,6
華南東昇,佳能,8,2,6
華南東昇,亞光,47,41,6
華南東昇,宏齊,6,0,6
華南東昇,大成鋼,9,3,6
華南東昇,新鋼,5,0,5
華南東昇,海華,8,3,5
華南東昇,合一,5,0,5
華南東昇,台泥,5,0,5
華南東昇,欣興,36,32,4
華南東昇,元大高股息,15,10,5
華南東昇,00926凱基全球菁英55,4,0,4
華南東昇,00951台新日本半導體,7,3,4
華南東昇,裕民,4,0,4
華南東昇,僑威,8,4,4
華南東昇,鑫科,4,0,4
華南東昇,立敦,15,11,4
華南東昇,華航,3,91,-88
華南東昇,富野,5,65,-60
華南東昇,眾達-KY,13,61,-48
華南東昇,00971野村美國研發龍頭,0,41,-41
華南東昇,北基,0,40,-40
華南東昇,00962台新AI優息動能,0,30,-30
華南東昇,廣宇,13,43,-30
華南東昇,00936台新永續高息中小,1,31,-30
華南東昇,長榮航,6,35,-29
華南東昇,神達,40,69,-29
華南東昇,環宇-KY,10,38,-28
華南東昇,綠界科技*,0,26,-26
華南東昇,新光金,0,24,-24
華南東昇,00858永豐美國500大,6,29,-23
華南東昇,00922國泰台灣領袖50,0,22,-22
華南東昇,彰銀,0,21,-21
華南東昇,友達,0,21,-21
華南東昇,遠東新,21,40,-19
華南東昇,00929復華台灣科技優息,2,19,-17
華南東昇,台化,0,17,-17
華南東昇,順達,10,25,-15
華南東昇,南亞,0,15,-15
華南東昇,台塑化,0,13,-13
華南東昇,台塑,1,13,-12
華南東昇,群創,1,13,-12
華南東昇,星宇航空,1,12,-11
華南東昇,中石化,0,10,-10
華南東昇,錸德,2,12,-10
華南東昇,訊舟,0,10,-10
華南東昇,蔚華科,0,10,-10
華南東昇,立��,4,14,-10
華南東昇,元大台灣50,1,11,-10
華南東昇,瑞軒,0,9,-9
華南東昇,瑞智,0,9,-9
華南東昇,有益,0,9,-9
華南東昇,中鋼,5,13,-8
華南東昇,00770國泰北美科技,0,8,-8
華南東昇,中信金,2,10,-8
華南東昇,東洋,0,8,-8
華南東昇,燿華,0,8,-8
華南東昇,00752中信中國50,4,12,-8
華南東昇,台達電,1,8,-7
華南東昇,華南金,0,7,-7
華南東昇,友訊,4,11,-7
華南東昇,金像電,0,7,-7
華南東昇,宏致,0,7,-7
華南東昇,泰藝,0,7,-7
華南東昇,寶成,0,7,-7
華南東昇,偉詮電,0,6,-6
華南東昇,台中銀,0,6,-6
宏遠桃園,00637L元大滬深300正2,76,2,74
宏遠桃園,弘凱,73,0,73
宏遠桃園,01010T京城樂富R1,40,0,40
宏遠桃園,中鋼,33,0,33
宏遠桃園,00937B群益ESG投等債20,28,0,28
宏遠桃園,00919群益台灣精選高息,20,0,20
宏遠桃園,00638R元大滬深300反1,37,17,20
宏遠桃園,百一,20,0,20
宏遠桃園,環宇-KY,57,39,18
宏遠桃園,亞泰,20,2,18
宏遠桃園,昇達科,16,0,16
宏遠桃園,00650L復華香港正2,14,3,11
宏遠桃園,神達,71,60,11
宏遠桃園,00858永豐美國500大,10,0,10
宏遠桃園,合機,10,0,10
宏遠桃園,鈺創,10,0,10
宏遠桃園,能率,13,3,10
宏遠桃園,00918大華優利高填息30,9,0,9
宏遠桃園,華電網,10,1,9
宏遠桃園,元大高股息,8,0,8
宏遠桃園,00679B元大美債20年,8,0,8
宏遠桃園,00795B中信美國公債20年,7,0,7
宏遠桃園,宏遠證,6,0,6
宏遠桃園,兆豐金,5,0,5
宏遠桃園,00830國泰費城半導體,5,0,5
宏遠桃園,00680L元大美債20正2,5,0,5
宏遠桃園,東陽,5,0,5
宏遠桃園,南僑,5,0,5
宏遠桃園,銘鈺,5,0,5
宏遠桃園,澤米,5,0,5
宏遠桃園,廣達,6,2,4
宏遠桃園,00757統一FANG+,4,0,4
宏遠桃園,波若威,35,31,4
宏遠桃園,力銘,4,0,4
宏遠桃園,浩鼎,3,0,3
宏遠桃園,技嘉,3,0,3
宏遠桃園,駿吉-KY,3,0,3
宏遠桃園,新鋼,3,0,3
宏遠桃園,誠美材,5,2,3
宏遠桃園,台積電,13,11,2
宏遠桃園,亞光,5,3,2
宏遠桃園,00951台新日本半導體,2,0,2
宏遠桃園,台塑,2,0,2
宏遠桃園,喬山,2,0,2
宏遠桃園,台玻,6,4,2
宏遠桃園,農林,2,0,2
宏遠桃園,智原,5,3,2
宏遠桃園,欣興,2,0,2
宏遠桃園,晶技,2,0,2
宏遠桃園,家登,2,0,2
宏遠桃園,聯電,157,1019,-862
宏遠桃園,堤維西,0,62,-62
宏遠桃園,00929復華台灣科技優息,0,55,-55
宏遠桃園,00952凱基台灣AI50,0,30,-30
宏遠桃園,00877復華中國5G,0,30,-30
宏遠桃園,緯創,9,38,-29
宏遠桃園,00878國泰永續高股息,1,29,-28
宏遠桃園,元太,0,26,-26
宏遠桃園,群光,0,25,-25
宏遠桃園,精誠,0,25,-25
宏遠桃園,聯光通,4,24,-20
宏遠桃園,精成科,8,28,-20
宏遠桃園,華南金,0,19,-19
宏遠桃園,彰銀,2,20,-18
宏遠桃園,力積電,31,48,-17
宏遠桃園,00962台新AI優息動能,0,17,-17
宏遠桃園,華新,0,16,-16
宏遠桃園,00965元大航太防衛科技,0,15,-15
宏遠桃園,鉅祥,1,14,-13
宏遠桃園,鴻海,10,22,-12
宏遠桃園,陽明,3,15,-12
宏遠桃園,久威,0,12,-12
宏遠桃園,奇鋐,8,19,-11
宏遠桃園,富喬,3,14,-11
宏遠桃園,00720B元大投資級公司債,0,10,-10
宏遠桃園,中鴻,0,10,-10
宏遠桃園,日勝生,0,10,-10
宏遠桃園,合庫金,0,10,-10
宏遠桃園,今國光,0,10,-10
宏遠桃園,全新,1,10,-9
宏遠桃園,僑威,0,9,-9
宏遠桃園,華航,2,10,-8
宏遠桃園,第一金,0,8,-8
宏遠桃園,康和證,0,8,-8
宏遠桃園,友達,0,7,-7
宏遠桃園,00737國泰AI+Robo,0,6,-6
宏遠桃園,華泰,0,6,-6
宏遠桃園,臺企銀,0,6,-6
宏遠桃園,西勝,0,6,-6
宏遠桃園,宏達電,26,31,-5
宏遠桃園,華城,1,7,-6
宏遠桃園,欣銓,2,7,-5
宏遠桃園,三商壽,0,5,-5
宏遠桃園,元大金,0,5,-5
宏遠桃園,金麗科,6,11,-5
宏遠桃園,明泰,0,5,-5
宏遠桃園,群創,0,5,-5
宏遠桃園,長榮航,1,5,-4
宏遠桃園,00693U期街口S＆P黃豆,0,4,-4
宏遠桃園,00852L國泰美國道瓊正2,0,4,-4
永豐板新,00687B國泰20年美債,504,4,500
永豐板新,聯電,350,57,293
永豐板新,凌陽,100,0,100
永豐板新,00878國泰永續高股息,104,20,84
永豐板新,環泥,80,0,80
永豐板新,00680L元大美債20正2,54,0,54
永豐板新,00953B群益優選非投等債,50,0,50
永豐板新,星宇航空,60,10,50
永豐板新,神達,160,113,47
永豐板新,亞昕,52,7,45
永豐板新,00937B群益ESG投等債20,46,9,37
永豐板新,00881國泰台灣5G+,44,11,33
永豐板新,00924復華S＆P500成長,45,14,31
永豐板新,中裕,30,0,30
永豐板新,同欣電,24,2,22
永豐板新,00632R元大台灣50反1,53,31,22
永豐板新,00753L中信中國50正2,20,0,20
永豐板新,力成,22,2,20
永豐板新,英濟,37,17,20
永豐板新,宏齊,20,1,19
永豐板新,眾達-KY,40,21,19
永豐板新,環宇-KY,69,51,18
永豐板新,元大高股息,38,21,17
永豐板新,益航,16,0,16
永豐板新,鉅祥,20,4,16
永豐板新,山富,15,0,15
永豐板新,友達,24,9,15
永豐板新,立��,22,8,14
永豐板新,西勝,15,1,14
永豐板新,三商壽,14,0,14
永豐板新,驊訊,20,7,13
永豐板新,百一,13,0,13
永豐板新,昆盈,14,1,13
永豐板新,燁興,12,0,12
永豐板新,達邁,64,52,12
永豐板新,合庫金,23,12,11
永豐板新,昇陽半導體,14,3,11
永豐板新,00664R國泰臺灣加權反1,11,0,11
永豐板新,艾恩特,11,0,11
永豐板新,00935野村臺灣新科技50,23,12,11
永豐板新,廣達,16,6,10
永豐板新,台泥,21,11,10
永豐板新,光環,17,7,10
永豐板新,禾伸堂,10,0,10
永豐板新,2897B王道銀乙特,10,0,10
永豐板新,00858永豐美國500大,11,1,10
永豐板新,技嘉,9,0,9
永豐板新,大立,9,0,9
永豐板新,群創,21,12,9
永豐板新,得力,12,3,9
永豐板新,00720B元大投資級公司債,0,224,-224
永豐板新,連展投控,4,211,-207
永豐板新,00940元大台灣價值高息,3,207,-204
永豐板新,00971野村美國研發龍頭,23,85,-62
永豐板新,00688L國泰20年美債正2,4,65,-61
永豐板新,ITH-KY,3,60,-57
永豐板新,今皓,0,50,-50
永豐板新,華晶科,0,47,-47
永豐板新,00965元大航太防衛科技,0,45,-45
永豐板新,00643群益深証中小,0,45,-45
永豐板新,富喬,20,62,-42
永豐板新,台積電,13,55,-42
永豐板新,玉山金,0,40,-40
永豐板新,00852L國泰美國道瓊正2,0,36,-36
永豐板新,欣銓,11,46,-35
永豐板新,宏達電,577,612,-35
永豐板新,凱基金,0,35,-35
永豐板新,00929復華台灣科技優息,2,35,-33
永豐板新,宏致,2,34,-32
永豐板新,訊達,0,32,-32
永豐板新,大同,15,46,-31
永豐板新,長榮航,3,32,-29
永豐板新,00877復華中國5G,0,28,-28
永豐板新,00751B元大AAA至A公司債,0,27,-27
永豐板新,亞翔,17,44,-27
永豐板新,華星光,87,114,-27
永豐板新,00830國泰費城半導體,3,29,-26
永豐板新,華南金,2,27,-25
永豐板新,科妍,2,26,-24
永豐板新,00941中信上游半導體,5,29,-24
永豐板新,00887永豐中國科技50大,2,24,-22
永豐板新,台郡,0,22,-22
永豐板新,東鹼,0,20,-20
永豐板新,錩新,0,20,-20
永豐板新,00715L期街口布蘭特正2,0,20,-20
永豐板新,大宇資,0,20,-20
永豐板新,台康生技,0,20,-20
永豐板新,北基,0,19,-19
永豐板新,聿新科,0,19,-19
永豐板新,永光,0,19,-19
永豐板新,新日興,8,26,-18
永豐板新,凱美,14,31,-17
永豐板新,00945B凱基美國非投等債,3,20,-17
永豐板新,國泰金,23,40,-17
永豐板新,00900富邦特選高股息30,2,19,-17
永豐板新,00919群益台灣精選高息,21,37,-16
永豐板新,第一金,0,16,-16
永豐板新,00948B中信優息投資級債,4,20,-16
永豐板新,順達,26,42,-16
永豐板新,光洋科,5,21,-16
 元大高雄,00637L元大滬深300正2,628,3,625
 元大高雄,聯電,240,37,203
 元大高雄,力積電,207,49,158
 元大高雄,00679B元大美債20年,63,3,60
 元大高雄,00665L富邦�琤肭磪囓�2,259,199,60
 元大高雄,宏達電,166,118,48
 元大高雄,00919群益台灣精選高息,51,21,30
 元大高雄,緯創,36,7,29
 元大高雄,元大高股息,81,55,26
 元大高雄,00971野村美國研發龍頭,25,0,25
 元大高雄,長榮鋼,26,2,24
 元大高雄,鴻海,41,18,23
 元大高雄,新光金,32,9,23
 元大高雄,00937B群益ESG投等債20,40,18,22
 元大高雄,00852L國泰美國道瓊正2,21,1,20
 元大高雄,冠軍,20,0,20
 元大高雄,00960野村全球航運龍頭,19,0,19
 元大高雄,達邁,47,30,17
 元大高雄,泰金寶-DR,24,7,17
 元大高雄,新建,15,0,15
 元大高雄,00878國泰永續高股息,52,37,15
 元大高雄,環宇-KY,25,10,15
 元大高雄,精成科,25,10,15
 元大高雄,華邦電,14,0,14
 元大高雄,鴻準,18,6,12
 元大高雄,裕隆,12,0,12
 元大高雄,兆豐金,12,0,12
 元大高雄,006208富邦台50,25,13,12
 元大高雄,廣達,15,4,11
 元大高雄,元大金,20,9,11
 元大高雄,彩晶,10,0,10
 元大高雄,00641R富邦日本反1,10,0,10
 元大高雄,京元電子,31,21,10
 元大高雄,00795B中信美國公債20年,10,0,10
 元大高雄,波若威,27,17,10
 元大高雄,00713元大台灣高息低波,13,4,9
 元大高雄,00633L富邦上証正2,9,0,9
 元大高雄,得力,9,0,9
 元大高雄,瑞智,10,1,9
 元大高雄,00725B國泰投資級公司債,9,0,9
 元大高雄,東陽,9,0,9
 元大高雄,臺龍,10,1,9
 元大高雄,富喬,51,42,9
 元大高雄,聯鈞,67,59,8
 元大高雄,漢平,9,1,8
 元大高雄,新盛力,66,59,7
 元大高雄,嘉晶,7,0,7
 元大高雄,世德,7,0,7
 元大高雄,統一實,10,3,7
 元大高雄,欣陸,7,0,7
 元大高雄,群創,1,680,-679
 元大高雄,00680L元大美債20正2,0,204,-204
 元大高雄,00965元大航太防衛科技,13,177,-164
 元大高雄,志強-KY,2,147,-145
 元大高雄,00715L期街口布蘭特正2,1,100,-99
 元大高雄,00929復華台灣科技優息,1,68,-67
 元大高雄,聯合再生,0,63,-63
 元大高雄,00940元大台灣價值高息,11,67,-56
 元大高雄,友達,0,55,-55
 元大高雄,00676R富邦臺灣加權反1,0,54,-54
 元大高雄,00673R期元大S＆P原油反1,0,50,-50
 元大高雄,凱基金,0,46,-46
 元大高雄,宏致,19,62,-43
 元大高雄,神達,74,111,-37
 元大高雄,科妍,6,40,-34
 元大高雄,00706L期元大S＆P日圓正2,3,37,-34
 元大高雄,生泰,0,34,-34
 元大高雄,富邦金,5,32,-27
 元大高雄,宏全,0,26,-26
 元大高雄,興能高,76,101,-25
 元大高雄,南六,5,30,-25
 元大高雄,元大台灣50,4,26,-22
 元大高雄,00951台新日本半導體,0,22,-22
 元大高雄,中鴻,0,22,-22
 元大高雄,加百裕,24,46,-22
 元大高雄,欣銓,10,32,-22
 元大高雄,台聚,10,30,-20
 元大高雄,00934中信成長高股息,1,20,-19
 元大高雄,巨騰-DR,0,18,-18
 元大高雄,00887永豐中國科技50大,1,17,-16
 元大高雄,新巨,0,16,-16
 元大高雄,00753L中信中國50正2,0,15,-15
 元大高雄,020033統一�琤肮黕篾,0,15,-15
 元大高雄,00927群益半導體收益,1,15,-14
 元大高雄,德宏,0,14,-14
 元大高雄,生展,0,13,-13
 元大高雄,仁寶,1,14,-13
 元大高雄,台積電,7,20,-13
 元大高雄,日月光投控,4,17,-13
 元大高雄,永豐餘,3,15,-12
 元大高雄,台塑,8,19,-11
 元大高雄,擎亞,10,21,-11
 元大高雄,新日興,5,16,-11
 元大高雄,華南金,0,10,-10
 元大高雄,華泰,0,10,-10
 元大高雄,聯嘉,0,10,-10
 元大高雄,IET-KY,0,10,-10
 元大高雄,00708L期元大S＆P黃金正2,0,10,-10
 元大高雄,福華,0,10,-10
 元大高雄,00946群益科技高息成長,0,10,-10
 元大豐原,力積電,225,55,170
 元大豐原,聯電,185,40,145
 元大豐原,00673R期元大S＆P原油反1,120,0,120
 元大豐原,十銓,90,0,90
 元大豐原,00637L元大滬深300正2,94,10,84
 元大豐原,00950B凱基A級公司債,62,0,62
 元大豐原,萬泰科,40,0,40
 元大豐原,元大高股息,72,34,38
 元大豐原,00878國泰永續高股息,60,26,34
 元大豐原,宏達電,93,60,33
 元大豐原,00706L期元大S＆P日圓正2,29,0,29
 元大豐原,00919群益台灣精選高息,29,2,27
 元大豐原,大成鋼,26,1,25
 元大豐原,台泥,25,0,25
 元大豐原,新盛力,80,59,21
 元大豐原,長榮航,24,3,21
 元大豐原,00632R元大台灣50反1,20,0,20
 元大豐原,00953B群益優選非投等債,20,0,20
 元大豐原,華豐,20,0,20
 元大豐原,00858永豐美國500大,18,1,17
 元大豐原,永豐金,20,5,15
 元大豐原,中鴻,24,10,14
 元大豐原,立敦,21,7,14
 元大豐原,兆豐金,25,11,14
 元大豐原,達邁,61,48,13
 元大豐原,陽明,24,12,12
 元大豐原,海華,14,2,12
 元大豐原,00918大華優利高填息30,12,0,12
 元大豐原,00757統一FANG+,11,0,11
 元大豐原,弘凱,10,0,10
 元大豐原,泰金寶-DR,47,37,10
 元大豐原,凱基金,11,1,10
 元大豐原,波若威,49,40,9
 元大豐原,00713元大台灣高息低波,9,0,9
 元大豐原,長華*,9,0,9
 元大豐原,新光金,20,12,8
 元大豐原,汎銓,8,0,8
 元大豐原,英濟,7,0,7
 元大豐原,00733富邦臺灣中小,6,0,6
 元大豐原,中鋼,8,2,6
 元大豐原,華新,20,14,6
 元大豐原,光罩,6,0,6
 元大豐原,康和證,14,8,6
 元大豐原,圓剛,13,7,6
 元大豐原,鴻海,27,22,5
 元大豐原,佳世達,6,1,5
 元大豐原,00937B群益ESG投等債20,15,10,5
 元大豐原,00960野村全球航運龍頭,5,0,5
 元大豐原,雲豹能源,5,0,5
 元大豐原,00955中信日本商社,10,5,5
 元大豐原,玉山金,3,86,-83
 元大豐原,00940元大台灣價值高息,9,88,-79
 元大豐原,新建,1,70,-69
 元大豐原,順達,7,76,-69
 元大豐原,00929復華台灣科技優息,0,61,-61
 元大豐原,00951台新日本半導體,0,60,-60
 元大豐原,00712復華富時不動產,12,70,-58
 元大豐原,榮剛,10,66,-56
 元大豐原,宏��,0,49,-49
 元大豐原,00720B元大投資級公司債,1,45,-44
 元大豐原,華泰,0,41,-41
 元大豐原,宏致,4,38,-34
 元大豐原,凱美,1,29,-28
 元大豐原,00915凱基優選高股息30,6,31,-25
 元大豐原,00965元大航太防衛科技,21,45,-24
 元大豐原,東科-KY,0,22,-22
 元大豐原,欣銓,11,31,-20
 元大豐原,三商壽,0,20,-20
 元大豐原,00687B國泰20年美債,1,18,-17
 元大豐原,台積電,8,25,-17
 元大豐原,擎亞,18,34,-16
 元大豐原,00948B中信優息投資級債,0,16,-16
 元大豐原,00679B元大美債20年,5,21,-16
 元大豐原,00891中信關鍵半導體,0,16,-16
 元大豐原,00877復華中國5G,0,14,-14
 元大豐原,廣宇,0,13,-13
 元大豐原,金山電,0,12,-12
 元大豐原,眾達-KY,23,34,-11
 元大豐原,高鋒,0,11,-11
 元大豐原,華南金,0,11,-11
 元大豐原,英業達,45,56,-11
 元大豐原,神達,99,110,-11
 元大豐原,日電貿,0,10,-10
 元大豐原,展宇,0,10,-10
 元大豐原,裕民,0,10,-10
 元大豐原,統一實,0,10,-10
 元大豐原,岱宇,10,19,-9
 元大豐原,光環,8,17,-9
 元大豐原,00945B凱基美國非投等債,1,10,-9
 元大豐原,國泰金,0,9,-9
 元大豐原,燿華,0,8,-8
 元大豐原,楠梓電,0,8,-8
 元大豐原,台揚,1,9,-8
 元大豐原,奇鋐,2,10,-8
 元大豐原,昆盈,0,7,-7
 元大豐原,勤美,0,7,-7
 元大豐原,鈺齊-KY,0,7,-7
 元大豐原,00935野村臺灣新科技50,1,8,-7
 元大豐原,國統,1,8,-7
 元大豐原,日月光投控,7,13,-6
 中信嘉義      ,00688L國泰20年美債正2,365,0,365
 中信嘉義      ,00665L富邦�琤肭磪囓�2,240,0,240
 中信嘉義      ,00950B凱基A級公司債,140,0,140
 中信嘉義      ,聯電,105,16,89
 中信嘉義      ,三一東林,78,0,78
 中信嘉義      ,00980B台新特選IG債10+,401,330,71
 中信嘉義      ,合庫金,215,150,65
 中信嘉義      ,00753L中信中國50正2,36,0,36
 中信嘉義      ,00937B群益ESG投等債20,30,0,30
 中信嘉義      ,昆盈,25,1,24
 中信嘉義      ,00633L富邦上証正2,22,2,20
 中信嘉義      ,宏齊,20,0,20
 中信嘉義      ,微矽電子-創,19,0,19
 中信嘉義      ,聯傑,17,0,17
 中信嘉義      ,00641R富邦日本反1,15,0,15
 中信嘉義      ,00679B元大美債20年,14,0,14
 中信嘉義      ,00881國泰台灣5G+,12,0,12
 中信嘉義      ,千興,10,0,10
 中信嘉義      ,今皓,10,0,10
 中信嘉義      ,訊舟,10,0,10
 中信嘉義      ,事欣科,10,0,10
 中信嘉義      ,建達,15,5,10
 中信嘉義      ,台康生技,10,0,10
 中信嘉義      ,富強鑫,10,0,10
 中信嘉義      ,00919群益台灣精選高息,16,6,10
 中信嘉義      ,00946群益科技高息成長,9,0,9
 中信嘉義      ,安集,10,1,9
 中信嘉義      ,英業達,11,3,8
 中信嘉義      ,聯昌,8,0,8
 中信嘉義      ,凌華,10,2,8
 中信嘉義      ,耀登,9,2,7
 中信嘉義      ,第一金,6,0,6
 中信嘉義      ,三商壽,6,0,6
 中信嘉義      ,台塑,7,2,5
 中信嘉義      ,鴻海,13,8,5
 中信嘉義      ,00878國泰永續高股息,6,1,5
 中信嘉義      ,00933B國泰10Y+金融債,5,0,5
 中信嘉義      ,錸德,5,0,5
 中信嘉義      ,宏盛,5,0,5
 中信嘉義      ,精材,8,3,5
 中信嘉義      ,玉晶光,6,1,5
 中信嘉義      ,前鼎,8,3,5
 中信嘉義      ,泰金寶-DR,7,2,5
 中信嘉義      ,亞翔,9,4,5
 中信嘉義      ,聯鈞,11,6,5
 中信嘉義      ,00687B國泰20年美債,5,0,5
 中信嘉義      ,台積電,7,3,4
 中信嘉義      ,00922國泰台灣領袖50,5,1,4
 中信嘉義      ,00632R元大台灣50反1,4,0,4
 中信嘉義      ,00918大華優利高填息30,15,11,4
 中信嘉義      ,00954中信日本半導體,0,348,-348
 中信嘉義      ,00680L元大美債20正2,1,200,-199
 中信嘉義      ,00673R期元大S＆P原油反1,25,122,-97
 中信嘉義      ,群創,0,79,-79
 中信嘉義      ,宏達電,183,237,-54
 中信嘉義      ,元翎,0,50,-50
 中信嘉義      ,台中銀,1,36,-35
 中信嘉義      ,00965元大航太防衛科技,0,35,-35
 中信嘉義      ,00958B永豐ESG銀行債15,0,30,-30
 中信嘉義      ,欣銓,9,39,-30
 中信嘉義      ,炎洲,0,30,-30
 中信嘉義      ,台玻,1,31,-30
 中信嘉義      ,力積電,22,50,-28
 中信嘉義      ,宏泰,4,30,-26
 中信嘉義      ,00971野村美國研發龍頭,20,43,-23
 中信嘉義      ,恩德,0,23,-23
 中信嘉義      ,聲寶,3,25,-22
 中信嘉義      ,中信金,2,23,-21
 中信嘉義      ,00940元大台灣價值高息,1,22,-21
 中信嘉義      ,朋億*,5,25,-20
 中信嘉義      ,偉康科技,0,20,-20
 中信嘉義      ,國泰金,6,24,-18
 中信嘉義      ,海光,1,17,-16
 中信嘉義      ,神達,54,70,-16
 中信嘉義      ,玉山金,1,16,-15
 中信嘉義      ,聯光通,32,44,-12
 中信嘉義      ,卓越,2,14,-12
 中信嘉義      ,00701國泰股利精選30,0,11,-11
 中信嘉義      ,恆大,1,12,-11
 中信嘉義      ,華南金,0,11,-11
 中信嘉義      ,00935野村臺灣新科技50,0,10,-10
 中信嘉義      ,冠軍,0,10,-10
 中信嘉義      ,虹冠電,0,10,-10
 中信嘉義      ,天剛,0,10,-10
 中信嘉義      ,景碩,1,11,-10
 中信嘉義      ,00929復華台灣科技優息,3,11,-8
 中信嘉義      ,佳世達,0,8,-8
 中信嘉義      ,新光金,1,9,-8
 中信嘉義      ,00941中信上游半導體,0,7,-7
 中信嘉義      ,新鋼,0,7,-7
 中信嘉義      ,興能高,193,200,-7
 中信嘉義      ,宏致,5,11,-6
 中信嘉義      ,和康生,0,6,-6
 中信嘉義      ,友達,0,6,-6
 中信嘉義      ,東森,0,6,-6
 中信嘉義      ,慕康生醫,0,6,-6
 中信嘉義      ,陽明,1,6,-5
 中信嘉義      ,00969B元大零息超長美債,0,5,-5
 中信嘉義      ,華通,2,7,-5
 中信嘉義      ,飛宏,0,5,-5
國票中和,00637L元大滬深300正2,348,0,348
國票中和,中工,100,0,100
國票中和,00882中信中國高股息,60,0,60
國票中和,00940元大台灣價值高息,55,0,55
國票中和,緯創,47,3,44
國票中和,00706L期元大S＆P日圓正2,53,21,32
國票中和,華立,26,1,25
國票中和,台泥,22,1,21
國票中和,晟銘電,55,35,20
國票中和,國碩,20,0,20
國票中和,泰金寶-DR,40,20,20
國票中和,富采,20,1,19
國票中和,00878國泰永續高股息,18,1,17
國票中和,宏盛,17,0,17
國票中和,聯電,89,74,15
國票中和,圓展,13,0,13
國票中和,系統電,13,0,13
國票中和,廣達,14,2,12
國票中和,00632R元大台灣50反1,12,0,12
國票中和,宏齊,13,1,12
國票中和,華義,12,1,11
國票中和,晟田,16,5,11
國票中和,中石化,10,0,10
國票中和,盛餘,10,0,10
國票中和,台灣高鐵,10,0,10
國票中和,艾訊,10,0,10
國票中和,力新,10,0,10
國票中和,國統,11,1,10
國票中和,榮剛,10,1,9
國票中和,金寶,9,0,9
國票中和,友達,18,11,7
國票中和,僑威,26,19,7
國票中和,威剛,7,0,7
國票中和,國巨,6,0,6
國票中和,宏��,6,0,6
國票中和,昆盈,6,0,6
國票中和,立��,10,4,6
國票中和,富鼎,6,0,6
國票中和,環宇-KY,12,6,6
國票中和,立敦,37,32,5
國票中和,長華*,5,0,5
國票中和,00919群益台灣精選高息,5,0,5
國票中和,榮成,5,0,5
國票中和,益航,5,0,5
國票中和,台新金,5,0,5
國票中和,達興材料,5,0,5
國票中和,迅得,13,8,5
國票中和,00687B國泰20年美債,5,0,5
國票中和,欣銓,16,11,5
國票中和,波若威,10,5,5
國票中和,00665L富邦�琤肭磪囓�2,16,280,-264
國票中和,力積電,3,136,-133
國票中和,凱基金,8,110,-102
國票中和,00753L中信中國50正2,2,100,-98
國票中和,華邦電,2,100,-98
國票中和,光洋科,30,78,-48
國票中和,宏達電,66,113,-47
國票中和,安瑞-KY,0,42,-42
國票中和,00936台新永續高息中小,0,30,-30
國票中和,輔信,0,30,-30
國票中和,晶技,0,30,-30
國票中和,德宏,0,30,-30
國票中和,00937B群益ESG投等債20,4,30,-26
國票中和,00673R期元大S＆P原油反1,0,24,-24
國票中和,鴻準,7,30,-23
國票中和,時碩工業,0,20,-20
國票中和,康那香,1,20,-19
國票中和,貿聯-KY,3,20,-17
國票中和,富喬,32,47,-15
國票中和,00675L富邦臺灣加權正2,0,15,-15
國票中和,群創,10,25,-15
國票中和,華通,2,15,-13
國票中和,和椿,13,25,-12
國票中和,00965元大航太防衛科技,0,11,-11
國票中和,國泰金,0,11,-11
國票中和,新日興,2,13,-11
國票中和,台積電,2,13,-11
國票中和,00970B新光BBB投等債20,0,10,-10
國票中和,佳世達,0,10,-10
國票中和,南電,1,10,-9
國票中和,00898國泰基因免疫革命,8,16,-8
國票中和,健鼎,1,9,-8
國票中和,聚鼎,0,8,-8
國票中和,奇鋐,0,7,-7
國票中和,神達,80,87,-7
國票中和,亞翔,3,10,-7
國票中和,00934中信成長高股息,0,6,-6
國票中和,00893國泰智能電動車,0,6,-6
國票中和,達邁,40,46,-6
國票中和,新盛力,98,104,-6
國票中和,00887永豐中國科技50大,0,5,-5
國票中和,00922國泰台灣領袖50,0,5,-5
國票中和,聯成,0,5,-5
國票中和,上銀,0,5,-5
國票中和,長榮鋼,0,5,-5
國票中和,光寶科,2,7,-5
國票中和,華航,0,5,-5
國票中和,零壹,0,5,-5
國票中和,訊舟,0,5,-5
國票中和,建漢,0,5,-5
凱基台南,00919群益台灣精選高息,305,59,246
凱基台南,聯電,284,45,239
凱基台南,00708L期元大S＆P黃金正2,200,0,200
凱基台南,台泥,174,0,174
凱基台南,00664R國泰臺灣加權反1,165,0,165
凱基台南,鴻準,100,4,96
凱基台南,寶成,101,7,94
凱基台南,華航,82,4,78
凱基台南,00878國泰永續高股息,72,5,67
凱基台南,東和,176,113,63
凱基台南,百和,88,29,59
凱基台南,禾伸堂,60,8,52
凱基台南,00937B群益ESG投等債20,79,34,45
凱基台南,00637L元大滬深300正2,47,5,42
凱基台南,鈺齊-KY,47,5,42
凱基台南,00687B國泰20年美債,46,6,40
凱基台南,00950B凱基A級公司債,35,0,35
凱基台南,00891中信關鍵半導體,34,0,34
凱基台南,00679B元大美債20年,45,12,33
凱基台南,良維,28,3,25
凱基台南,00655L國泰中國A50正2,23,0,23
凱基台南,永豐金,23,1,22
凱基台南,00795B中信美國公債20年,21,0,21
凱基台南,信立,25,5,20
凱基台南,00933B國泰10Y+金融債,22,2,20
凱基台南,富喬,61,41,20
凱基台南,00633L富邦上証正2,20,0,20
凱基台南,中天,20,0,20
凱基台南,華城,23,4,19
凱基台南,00918大華優利高填息30,19,1,18
凱基台南,台塑,45,28,17
凱基台南,00954中信日本半導體,17,0,17
凱基台南,00953B群益優選非投等債,17,2,15
凱基台南,00690兆豐藍籌30,14,0,14
凱基台南,威致,13,0,13
凱基台南,00882中信中國高股息,23,10,13
凱基台南,全球傳動,17,4,13
凱基台南,彰銀,14,2,12
凱基台南,00939統一台灣高息動能,20,8,12
凱基台南,00924復華S＆P500成長,12,0,12
凱基台南,00959B大華投等美債15Y+,12,0,12
凱基台南,神達,101,89,12
凱基台南,慧洋-KY,11,0,11
凱基台南,東洋,11,0,11
凱基台南,台玻,11,0,11
凱基台南,南仁湖,11,0,11
凱基台南,皇龍,11,0,11
凱基台南,濱川,11,0,11
凱基台南,欣興,38,27,11
凱基台南,群益證,10,0,10
凱基台南,神基,5,310,-305
凱基台南,元大高股息,20,203,-183
凱基台南,00929復華台灣科技優息,9,131,-122
凱基台南,00632R元大台灣50反1,29,138,-109
凱基台南,00905FT臺灣Smart,0,94,-94
凱基台南,和碩,0,83,-83
凱基台南,00673R期元大S＆P原油反1,0,74,-74
凱基台南,僑威,8,82,-74
凱基台南,00980B台新特選IG債10+,52,125,-73
凱基台南,912000晨訊科-DR,0,65,-65
凱基台南,元晶,6,66,-60
凱基台南,力積電,24,79,-55
凱基台南,新漢,2,50,-48
凱基台南,星宇航空,1,49,-48
凱基台南,00934中信成長高股息,0,47,-47
凱基台南,富邦金,0,43,-43
凱基台南,ABC-KY,0,43,-43
凱基台南,00965元大航太防衛科技,0,41,-41
凱基台南,立隆電,30,70,-40
凱基台南,華星光,20,59,-39
凱基台南,群創,9,47,-38
凱基台南,海華,7,40,-33
凱基台南,全漢,0,32,-32
凱基台南,順達,17,47,-30
凱基台南,國泰金,10,39,-29
凱基台南,00951台新日本半導體,0,29,-29
凱基台南,華南金,0,28,-28
凱基台南,00971野村美國研發龍頭,0,26,-26
凱基台南,力鵬,0,25,-25
凱基台南,正崴,10,35,-25
凱基台南,星通,0,25,-25
凱基台南,凱基金,3,28,-25
凱基台南,日月光投控,3,25,-22
凱基台南,友訊,6,27,-21
凱基台南,00948B中信優息投資級債,0,20,-20
凱基台南,台達電,3,23,-20
凱基台南,00945B凱基美國非投等債,0,20,-20
凱基台南,合晶,0,20,-20
凱基台南,聯茂,1,21,-20
凱基台南,台境*,0,20,-20
凱基台南,玉山金,1,20,-19
凱基台南,�矬�,0,19,-19
凱基台南,新光金,3,21,-18
凱基台南,00940元大台灣價值高息,0,18,-18
凱基台南,00941中信上游半導體,0,18,-18
凱基台南,湧德,0,18,-18
凱基台南,亞翔,12,29,-17
凱基台南,誠美材,3,20,-17
凱基台南,光寶科,0,17,-17
凱基台南,00692富邦公司治理,0,17,-17
群益三重,三商壽,646,0,646
群益三重,聯電,341,12,329
群益三重,中鋼,104,12,92
群益三重,新光金,97,31,66
群益三重,00673R期元大S＆P原油反1,45,0,45
群益三重,泰金寶-DR,45,8,37
群益三重,00858永豐美國500大,36,0,36
群益三重,00937B群益ESG投等債20,39,12,27
群益三重,驊訊,45,20,25
群益三重,00927群益半導體收益,20,0,20
群益三重,崧騰,20,0,20
群益三重,00679B元大美債20年,30,11,19
群益三重,00719B元大美債1-3,19,0,19
群益三重,元大高股息,16,0,16
群益三重,宏達電,63,47,16
群益三重,統新,15,0,15
群益三重,緯創,16,3,13
群益三重,華邦電,12,0,12
群益三重,聯鈞,126,114,12
群益三重,富野,18,7,11
群益三重,波若威,46,35,11
群益三重,力成,12,1,11
群益三重,光麗-KY,11,0,11
群益三重,凱崴,10,0,10
群益三重,國泰金,14,5,9
群益三重,00918大華優利高填息30,10,1,9
群益三重,吉茂,8,0,8
群益三重,海光,8,0,8
群益三重,僑威,11,3,8
群益三重,能率,10,2,8
群益三重,昇陽半導體,9,1,8
群益三重,欣興,8,1,7
群益三重,富喬,9,2,7
群益三重,晶彩科,7,0,7
群益三重,台揚,7,1,6
群益三重,所羅門,10,4,6
群益三重,潤弘,6,0,6
群益三重,兆豐金,5,0,5
群益三重,00712復華富時不動產,5,0,5
群益三重,英業達,11,6,5
群益三重,元大金,5,0,5
群益三重,聰泰,6,1,5
群益三重,浪凡,7,2,5
群益三重,建德工業,5,0,5
群益三重,長聖,5,0,5
群益三重,元大台灣50,5,0,5
群益三重,台塑,6,2,4
群益三重,中鴻,4,0,4
群益三重,大成鋼,6,2,4
群益三重,正崴,7,3,4
群益三重,00945B凱基美國非投等債,0,185,-185
群益三重,00953B群益優選非投等債,10,177,-167
群益三重,長榮航,0,130,-130
群益三重,神達,89,191,-102
群益三重,00751B元大AAA至A公司債,3,86,-83
群益三重,00878國泰永續高股息,2,83,-81
群益三重,00675L富邦臺灣加權正2,2,60,-58
群益三重,臺企銀,1,50,-49
群益三重,友達,1,44,-43
群益三重,00632R元大台灣50反1,0,36,-36
群益三重,00940元大台灣價值高息,0,36,-36
群益三重,00891中信關鍵半導體,0,31,-31
群益三重,00934中信成長高股息,0,30,-30
群益三重,中華,20,50,-30
群益三重,新盛力,29,59,-30
群益三重,力積電,41,70,-29
群益三重,00929復華台灣科技優息,1,28,-27
群益三重,台達電,0,25,-25
群益三重,00980B台新特選IG債10+,0,24,-24
群益三重,中石化,0,22,-22
群益三重,達邁,10,31,-21
群益三重,006208富邦台50,1,21,-20
群益三重,新日興,6,26,-20
群益三重,廣達,2,22,-20
群益三重,中信金,1,21,-20
群益三重,興能高,69,89,-20
群益三重,華南金,2,20,-18
群益三重,順達,23,40,-17
群益三重,00949復華日本龍頭,0,16,-16
群益三重,亞翔,2,18,-16
群益三重,00904新光臺灣半導體30,0,15,-15
群益三重,輔信,0,15,-15
群益三重,百一,0,15,-15
群益三重,聯合再生,0,13,-13
群益三重,事欣科,1,14,-13
群益三重,00939統一台灣高息動能,0,12,-12
群益三重,連展投控,1,13,-12
群益三重,長虹,3,15,-12
群益三重,海悅,0,11,-11
群益三重,亞航,0,10,-10
群益三重,訊舟,0,10,-10
群益三重,光寶科,0,9,-9
群益三重,晶豪科,0,9,-9
群益三重,宏致,1,10,-9
群益三重,大同,5,14,-9
群益三重,台積電,1,10,-9
群益三重,00909國泰數位支付服務,0,8,-8
群益三重,00946群益科技高息成長,0,8,-8
群益三重,晟楠,0,8,-8
群益三重,雲豹能源,0,8,-8
 元大大里,聯電,467,51,416
 元大大里,00637L元大滬深300正2,211,25,186
 元大大里,台航,100,0,100
 元大大里,康和證,99,0,99
 元大大里,致和證,95,0,95
 元大大里,元大高股息,83,14,69
 元大大里,00679B元大美債20年,53,2,51
 元大大里,00950B凱基A級公司債,43,0,43
 元大大里,00959B大華投等美債15Y+,40,0,40
 元大大里,慧洋-KY,40,2,38
 元大大里,00633L富邦上証正2,40,5,35
 元大大里,能率,43,14,29
 元大大里,006208富邦台50,34,7,27
 元大大里,廣達,31,5,26
 元大大里,技嘉,33,8,25
 元大大里,00969B元大零息超長美債,25,0,25
 元大大里,00951台新日本半導體,24,1,23
 元大大里,光洋科,22,1,21
 元大大里,精成科,34,14,20
 元大大里,00715L期街口布蘭特正2,20,0,20
 元大大里,大成鋼,29,10,19
 元大大里,鼎元,20,1,19
 元大大里,00882中信中國高股息,21,2,19
 元大大里,新盛力,108,89,19
 元大大里,00632R元大台灣50反1,19,2,17
 元大大里,緯創,26,8,18
 元大大里,華邦電,21,4,17
 元大大里,00918大華優利高填息30,21,5,16
 元大大里,大眾控,16,0,16
 元大大里,00664R國泰臺灣加權反1,15,0,15
 元大大里,神達,235,220,15
 元大大里,燿華,14,0,14
 元大大里,友勁,13,0,13
 元大大里,眾達-KY,47,34,13
 元大大里,亞光,23,10,13
 元大大里,英濟,18,6,12
 元大大里,日電貿,14,2,12
 元大大里,盟立,13,1,12
 元大大里,宏齊,17,5,12
 元大大里,華新,17,5,12
 元大大里,欣興,13,2,11
 元大大里,英業達,35,24,11
 元大大里,業旺,11,0,11
 元大大里,彰銀,10,0,10
 元大大里,美利達,10,0,10
 元大大里,台達化,10,0,10
 元大大里,00953B群益優選非投等債,10,0,10
 元大大里,00948B中信優息投資級債,10,0,10
 元大大里,巨大,10,0,10
 元大大里,永豐金,12,2,10
 元大大里,00669R國泰美國道瓊反1,4,420,-416
 元大大里,00940元大台灣價值高息,29,207,-178
 元大大里,00665L富邦�琤肭磪囓�2,29,157,-128
 元大大里,國泰金,1,123,-122
 元大大里,00753L中信中國50正2,44,130,-86
 元大大里,00929復華台灣科技優息,2,84,-82
 元大大里,00965元大航太防衛科技,0,53,-53
 元大大里,華南金,0,51,-51
 元大大里,台中銀,2,50,-48
 元大大里,友達,0,45,-45
 元大大里,中石化,11,56,-45
 元大大里,00941中信上游半導體,0,38,-38
 元大大里,太景*-KY,3,40,-37
 元大大里,穩懋,1,32,-31
 元大大里,第一金,2,33,-31
 元大大里,興能高,241,270,-29
 元大大里,富邦金,4,32,-28
 元大大里,華航,15,43,-28
 元大大里,良維,0,26,-26
 元大大里,連展投控,2,27,-25
 元大大里,大同,7,30,-23
 元大大里,00892富邦台灣半導體,0,23,-23
 元大大里,凱基金,3,26,-23
 元大大里,長榮航,4,27,-23
 元大大里,00635U期元大S＆P黃金,0,22,-22
 元大大里,建漢,1,23,-22
 元大大里,名軒,0,22,-22
 元大大里,合晶,0,20,-20
 元大大里,富喬,29,47,-18
 元大大里,00687B國泰20年美債,6,22,-16
 元大大里,亞翔,3,18,-15
 元大大里,立隆電,35,50,-15
 元大大里,中工,0,14,-14
 元大大里,仁寶,2,15,-13
 元大大里,新纖,0,13,-13
 元大大里,華星光,61,74,-13
 元大大里,漢翔,0,13,-13
 元大大里,宏致,3,16,-13
 元大大里,文曄,0,12,-12
 元大大里,威盛,3,15,-12
 元大大里,台灣虎航,5,16,-11
 元大大里,00943兆豐電子高息等權,0,11,-11
 元大大里,先進光,0,11,-11
 元大大里,00934中信成長高股息,0,11,-11
 元大大里,合庫金,3,14,-11
 元大大里,力積電,75,86,-11
 元大大里,星宇航空,15,26,-11
 元大大里,00690兆豐藍籌30,0,10,-10
 元大大里,鴻海,12,22,-10
 元大大里,00692富邦公司治理,0,10,-10
美好泰山,00632R元大台灣50反1,60,0,60
美好泰山,聯電,66,21,45
美好泰山,中鋼,25,5,20
美好泰山,華航,20,0,20
美好泰山,00680L元大美債20正2,13,0,13
美好泰山,環宇-KY,38,26,12
美好泰山,興能高,104,92,12
美好泰山,光環,11,0,11
美好泰山,中石化,10,0,10
美好泰山,00706L期元大S＆P日圓正2,10,0,10
美好泰山,00671R富邦NASDAQ反1,10,0,10
美好泰山,00953B群益優選非投等債,10,0,10
美好泰山,00937B群益ESG投等債20,10,0,10
美好泰山,00932兆豐永續高息等權,10,0,10
美好泰山,大毅,10,0,10
美好泰山,台郡,10,0,10
美好泰山,百和,10,0,10
美好泰山,大成鋼,9,0,9
美好泰山,華義,9,1,8
美好泰山,立��,12,4,8
美好泰山,友達,10,3,7
美好泰山,連展投控,10,3,7
美好泰山,兆豐金,7,0,7
美好泰山,欣興,6,0,6
美好泰山,達邁,13,7,6
美好泰山,大銀微系統,6,0,6
美好泰山,00927群益半導體收益,6,0,6
美好泰山,中華化,6,0,6
美好泰山,廣宇,6,0,6
美好泰山,00959B大華投等美債15Y+,5,0,5
美好泰山,晶彩科,5,0,5
美好泰山,華容,6,1,5
美好泰山,菱光,5,0,5
美好泰山,911868同方友友-DR,5,0,5
美好泰山,中鼎,5,0,5
美好泰山,元大高股息,7,3,4
美好泰山,台聚,7,3,4
美好泰山,00687B國泰20年美債,4,0,4
美好泰山,萬泰科,4,0,4
美好泰山,力積電,13,9,4
美好泰山,中興電,3,0,3
美好泰山,亞力,3,0,3
美好泰山,立隆電,7,4,3
美好泰山,陽明,22,19,3
美好泰山,同泰,3,0,3
美好泰山,合庫金,4,1,3
美好泰山,創惟,10,7,3
美好泰山,立敦,5,2,3
美好泰山,廣達,2,0,2
美好泰山,佰鴻,2,0,2
美好泰山,群創,0,25,-25
美好泰山,宏致,3,25,-22
美好泰山,新光金,0,21,-21
美好泰山,怡利電,0,18,-18
美好泰山,華南金,5,22,-17
美好泰山,富喬,42,54,-12
美好泰山,00918大華優利高填息30,4,16,-12
美好泰山,錸德,0,11,-11
美好泰山,萬潤,1,12,-11
美好泰山,神達,609,620,-11
美好泰山,00917中信特選金融,0,10,-10
美好泰山,泰金寶-DR,0,9,-9
美好泰山,欣銓,1,9,-8
美好泰山,中信金,0,8,-8
美好泰山,台積電,4,12,-8
美好泰山,00935野村臺灣新科技50,0,8,-8
美好泰山,中鴻,0,8,-8
美好泰山,00929復華台灣科技優息,1,8,-7
美好泰山,堤維西,1,8,-7
美好泰山,凱基金,5,12,-7
美好泰山,建錩,0,7,-7
美好泰山,鴻準,3,9,-6
美好泰山,宏達電,18,24,-6
美好泰山,英業達,4,10,-6
美好泰山,歐買尬,0,6,-6
美好泰山,聚和,0,6,-6
美好泰山,必應,0,6,-6
美好泰山,玉山金,0,5,-5
美好泰山,高鋒,0,5,-5
美好泰山,新門,4,9,-5
美好泰山,澤米,1,6,-5
美好泰山,大亞,0,4,-4
美好泰山,燿華,0,4,-4
美好泰山,凌陽,0,4,-4
美好泰山,正德,0,4,-4
美好泰山,群益證,0,4,-4
美好泰山,統一實,0,4,-4
美好泰山,聯發科,0,3,-3
美好泰山,萬海,1,4,-3
美好泰山,友訊,0,3,-3
美好泰山,台揚,1,4,-3
美好泰山,迅得,0,3,-3
美好泰山,岱宇,0,3,-3
美好泰山,華邦電,0,3,-3
美好泰山,聯昌,0,3,-3
美好泰山,新產,0,3,-3
美好泰山,耀登,0,3,-3
美好泰山,新日興,1,4,-3
美好泰山,晟德,1,4,-3
美好泰山,橘子,0,3,-3
 元大北三重,聯電,162,9,153
 元大北三重,00878國泰永續高股息,64,1,63
 元大北三重,富喬,74,16,58
 元大北三重,力積電,76,30,46
 元大北三重,00706L期元大S＆P日圓正2,37,0,37
 元大北三重,鈺邦,34,0,34
 元大北三重,00688L國泰20年美債正2,31,5,26
 元大北三重,僑威,27,6,21
 元大北三重,大成鋼,16,0,16
 元大北三重,威剛,16,0,16
 元大北三重,亞德客-KY,14,0,14
 元大北三重,緯創,26,12,14
 元大北三重,00960野村全球航運龍頭,13,0,13
 元大北三重,興能高,197,185,12
 元大北三重,廣達,12,1,11
 元大北三重,00915凱基優選高股息30,10,0,10
 元大北三重,中天,10,0,10
 元大北三重,工信,10,0,10
 元大北三重,眾達-KY,19,10,9
 元大北三重,00637L元大滬深300正2,9,0,9
 元大北三重,00858永豐美國500大,9,0,9
 元大北三重,00881國泰台灣5G+,10,2,8
 元大北三重,台泥,12,4,8
 元大北三重,泰金寶-DR,125,117,8
 元大北三重,南茂,8,0,8
 元大北三重,新興,7,0,7
 元大北三重,昇陽半導體,31,24,7
 元大北三重,華邦電,14,8,6
 元大北三重,晟銘電,6,0,6
 元大北三重,兆豐金,6,0,6
 元大北三重,康那香,7,1,6
 元大北三重,00757統一FANG+,5,0,5
 元大北三重,資通,5,0,5
 元大北三重,慧洋-KY,6,1,5
 元大北三重,統振,5,0,5
 元大北三重,聯茂,5,0,5
 元大北三重,力成,5,0,5
 元大北三重,良維,5,0,5
 元大北三重,醫影,5,0,5
 元大北三重,00919群益台灣精選高息,5,0,5
 元大北三重,00753L中信中國50正2,4,0,4
 元大北三重,00895富邦未來車,6,3,3
 元大北三重,00650L復華香港正2,3,0,3
 元大北三重,00959B大華投等美債15Y+,3,0,3
 元大北三重,亞力,3,0,3
 元大北三重,信錦,4,1,3
 元大北三重,華通,3,0,3
 元大北三重,凌陽,6,3,3
 元大北三重,立隆電,8,5,3
 元大北三重,星宇航空,4,1,3
 元大北三重,神達,212,386,-174
 元大北三重,台新金,1,127,-126
 元大北三重,新光金,0,86,-86
 元大北三重,00712復華富時不動產,2,75,-73
 元大北三重,台中銀,0,68,-68
 元大北三重,00937B群益ESG投等債20,15,67,-52
 元大北三重,00965元大航太防衛科技,0,44,-44
 元大北三重,00953B群益優選非投等債,13,50,-37
 元大北三重,聯鈞,38,67,-29
 元大北三重,宏達電,120,148,-28
 元大北三重,00687B國泰20年美債,9,35,-26
 元大北三重,佳世達,0,25,-25
 元大北三重,堤維西,0,20,-20
 元大北三重,聯邦銀,0,20,-20
 元大北三重,00929復華台灣科技優息,7,24,-17
 元大北三重,00940元大台灣價值高息,6,23,-17
 元大北三重,00679B元大美債20年,9,25,-16
 元大北三重,00923群益台ESG低碳50,0,15,-15
 元大北三重,國泰金,0,15,-15
 元大北三重,順達,6,20,-14
 元大北三重,00715L期街口布蘭特正2,1,15,-14
 元大北三重,00946群益科技高息成長,2,15,-13
 元大北三重,和椿,10,23,-13
 元大北三重,富邦金,1,13,-12
 元大北三重,00665L富邦�琤肭磪囓�2,7,19,-12
 元大北三重,00930永豐ESG低碳高息,0,10,-10
 元大北三重,燁輝,0,10,-10
 元大北三重,中環,0,10,-10
 元大北三重,銘異,0,10,-10
 元大北三重,台積電,3,13,-10
 元大北三重,台灣虎航,1,10,-9
 元大北三重,00675L富邦臺灣加權正2,0,9,-9
 元大北三重,長榮航,8,17,-9
 元大北三重,00905FT臺灣Smart,5,14,-9
 元大北三重,中華電,0,8,-8
 元大北三重,彰銀,0,8,-8
 元大北三重,華義,1,9,-8
 元大北三重,台火,0,8,-8
 元大北三重,元大台灣50,13,21,-8
 元大北三重,玉山金,0,7,-7
 元大北三重,華城,2,9,-7
 元大北三重,英濟,16,23,-7
 元大北三重,鴻準,1,8,-7
 元大北三重,宏致,0,6,-6
 元大北三重,弘凱,1,7,-6
 元大北三重,得利影,0,6,-6
 元大北三重,三商壽,5,11,-6
 元大北三重,能率,6,12,-6
 元大北三重,華航,9,15,-6
 元大北三重,凱基金,0,6,-6
富邦台中,緯創,239,8,231
富邦台中,聯電,204,27,177
富邦台中,00878國泰永續高股息,173,25,148
富邦台中,凱基金,108,20,88
富邦台中,友訊,97,11,86
富邦台中,00637L元大滬深300正2,97,17,80
富邦台中,群創,82,18,64
富邦台中,00706L期元大S＆P日圓正2,66,2,64
富邦台中,元大高股息,81,23,58
富邦台中,神達,166,113,53
富邦台中,旺宏,52,1,51
富邦台中,00953B群益優選非投等債,40,0,40
富邦台中,英業達,57,20,37
富邦台中,立��,53,16,37
富邦台中,00918大華優利高填息30,41,10,31
富邦台中,大綜,34,4,30
富邦台中,00751B元大AAA至A公司債,30,3,27
富邦台中,廣明,28,3,25
富邦台中,玉山金,24,0,24
富邦台中,00923群益台ESG低碳50,27,3,24
富邦台中,鴻準,52,28,24
富邦台中,新盛力,75,52,23
富邦台中,00719B元大美債1-3,22,0,22
富邦台中,百和,22,1,21
富邦台中,00971野村美國研發龍頭,20,0,20
富邦台中,潤隆,20,0,20
富邦台中,00676R富邦臺灣加權反1,40,20,20
富邦台中,巨大,20,1,19
富邦台中,00945B凱基美國非投等債,19,0,19
富邦台中,00665L富邦�琤肭磪囓�2,21,2,19
富邦台中,立端,18,0,18
富邦台中,中租-KY,21,4,17
富邦台中,富野,18,1,17
富邦台中,勤美,22,5,17
富邦台中,聯鈞,66,50,16
富邦台中,零壹,18,3,15
富邦台中,00910第一金太空衛星,22,8,14
富邦台中,兆豐金,14,0,14
富邦台中,聯光通,65,51,14
富邦台中,波若威,63,50,13
富邦台中,聯合再生,12,0,12
富邦台中,博磊,16,4,12
富邦台中,台塑,19,7,12
富邦台中,興能高,104,92,12
富邦台中,創意,13,2,11
富邦台中,00915凱基優選高股息30,10,0,10
富邦台中,群聯,10,0,10
富邦台中,凱撒衛,10,0,10
富邦台中,00632R元大台灣50反1,10,0,10
富邦台中,佶優,10,0,10
富邦台中,00929復華台灣科技優息,0,200,-200
富邦台中,台聚,0,134,-134
富邦台中,均豪,0,98,-98
富邦台中,世紀鋼,0,70,-70
富邦台中,日月光投控,3,71,-68
富邦台中,富邦金,3,68,-65
富邦台中,友達,3,66,-63
富邦台中,00949復華日本龍頭,0,60,-60
富邦台中,00881國泰台灣5G+,0,55,-55
富邦台中,彰銀,10,64,-54
富邦台中,星宇航空,14,64,-50
富邦台中,昇陽半導體,14,61,-47
富邦台中,00738U期元大道瓊白銀,0,45,-45
富邦台中,中光電,2,37,-35
富邦台中,00673R期元大S＆P原油反1,10,45,-35
富邦台中,中信金,10,45,-35
富邦台中,連展投控,1,34,-33
富邦台中,台化,7,40,-33
富邦台中,00933B國泰10Y+金融債,7,40,-33
富邦台中,光寶科,1,31,-30
富邦台中,宏致,7,35,-28
富邦台中,惠特,0,27,-27
富邦台中,雷笛克光學,0,26,-26
富邦台中,廣達,12,37,-25
富邦台中,華航,7,31,-24
富邦台中,華城,0,24,-24
富邦台中,大宇資,0,22,-22
富邦台中,光洋科,2,24,-22
富邦台中,00965元大航太防衛科技,2,23,-21
富邦台中,景碩,2,23,-21
富邦台中,華邦電,37,57,-20
富邦台中,00675L富邦臺灣加權正2,2,20,-18
富邦台中,力積電,40,58,-18
富邦台中,華南金,0,18,-18
富邦台中,00713元大台灣高息低波,2,19,-17
富邦台中,00940元大台灣價值高息,0,17,-17
富邦台中,台新藥,0,17,-17
富邦台中,冠西電,0,17,-17
富邦台中,信立,1,18,-17
富邦台中,鴻海,38,54,-16
富邦台中,欣銓,34,48,-14
富邦台中,正文,1,15,-14
富邦台中,力山,1,15,-14
富邦台中,一詮,5,19,-14
富邦台中,能率網通,2,16,-14
富邦台中,00934中信成長高股息,0,14,-14
富邦台中,00935野村臺灣新科技50,0,14,-14
富邦台中,00937B群益ESG投等債20,41,54,-13
富邦台中,長榮航,15,27,-12
富邦台中,長榮,9,21,-12
福邦,富喬,222,3,219
福邦,中砂,88,0,88
福邦,奇鋐,46,0,46
福邦,正達,41,0,41
福邦,冠軍,28,0,28
福邦,00706L期元大S＆P日圓正2,20,0,20
福邦,是方,20,0,20
福邦,鴻海,41,22,19
福邦,00795B中信美國公債20年,17,0,17
福邦,華星光,17,6,11
福邦,豐祥-KY,11,0,11
福邦,業旺,10,0,10
福邦,00631L元大台灣50正2,10,0,10
福邦,光環,10,0,10
福邦,聯合再生,9,0,9
福邦,寶成,10,1,9
福邦,神達,19,10,9
福邦,00673R期元大S＆P原油反1,10,2,8
福邦,久裕,8,0,8
福邦,00858永豐美國500大,7,0,7
福邦,00937B群益ESG投等債20,6,0,6
福邦,萬潤,6,0,6
福邦,00632R元大台灣50反1,5,0,5
福邦,大成鋼,5,0,5
福邦,昇貿,5,0,5
福邦,醣聯,5,0,5
福邦,尖點,5,0,5
福邦,新應材,5,0,5
福邦,廣達,5,1,4
福邦,聯發科,5,1,4
福邦,艾訊,4,0,4
福邦,康普,4,0,4
福邦,中光電,5,1,4
福邦,商億-KY,4,0,4
福邦,聯電,9,6,3
福邦,合機,12,9,3
福邦,鴻華先進-創,3,0,3
福邦,00959B大華投等美債15Y+,3,0,3
福邦,智邦,3,0,3
福邦,全新,3,0,3
福邦,第一金,3,0,3
福邦,健椿,3,0,3
福邦,前鼎,3,0,3
福邦,瑞築,3,0,3
福邦,系微,3,0,3
福邦,伯特光,3,0,3
福邦,00905FT臺灣Smart,2,0,2
福邦,00708L期元大S＆P黃金正2,2,0,2
福邦,00637L元大滬深300正2,2,0,2
福邦,國建,2,0,2
福邦,聯鈞,5,302,-297
福邦,台達電,0,101,-101
福邦,金山電,0,46,-46
福邦,宏致,6,49,-43
福邦,連展投控,10,41,-31
福邦,華邦電,0,30,-30
福邦,緯創,2,30,-28
福邦,新日興,5,30,-25
福邦,光寶科,0,21,-21
福邦,鈺太,0,20,-20
福邦,大同,0,16,-16
福邦,群創,3,16,-13
福邦,欣銓,0,12,-12
福邦,廣明,0,12,-12
福邦,元大高股息,0,11,-11
福邦,宏達電,6,17,-11
福邦,華孚,0,11,-11
福邦,瑞昱,0,10,-10
福邦,元翎,0,10,-10
福邦,藥華藥,0,9,-9
福邦,智易,0,8,-8
福邦,志強-KY,0,8,-8
福邦,00633L富邦上証正2,0,7,-7
福邦,鑫聯大投控,4,11,-7
福邦,雍智科技,0,7,-7
福邦,順達,0,6,-6
福邦,亞翔,0,6,-6
福邦,永豐金,5,10,-5
福邦,鴻呈,0,5,-5
福邦,威宏-KY,0,5,-5
福邦,華友聯,0,4,-4
福邦,宏泰,0,4,-4
福邦,00676R富邦臺灣加權反1,1,5,-4
福邦,菱生,0,4,-4
福邦,立積,0,4,-4
福邦,力領科技,0,4,-4
福邦,00664R國泰臺灣加權反1,3,6,-3
福邦,00954中信日本半導體,0,3,-3
福邦,00881國泰台灣5G+,2,5,-3
福邦,中信金,1,4,-3
福邦,三一東林,0,3,-3
福邦,采鈺,0,3,-3
福邦,南茂,0,3,-3
福邦,00923群益台ESG低碳50,2,4,-2
福邦,精英,0,2,-2
福邦,燿華,0,2,-2
福邦,長榮,0,2,-2
福邦,華航,0,2,-2
福邦,彰銀,0,2,-2
福邦,英濟,0,2,-2
群益崇德,中鴻,260,1,259
群益崇德,00953B群益優選非投等債,101,0,101
群益崇德,聯電,99,16,83
群益崇德,00632R元大台灣50反1,101,30,71
群益崇德,00937B群益ESG投等債20,112,43,69
群益崇德,凱基金,50,2,48
群益崇德,欣興,36,8,28
群益崇德,00655L國泰中國A50正2,30,5,25
群益崇德,00706L期元大S＆P日圓正2,19,0,19
群益崇德,虹冠電,17,0,17
群益崇德,立隆電,136,120,16
群益崇德,00679B元大美債20年,17,2,15
群益崇德,00895富邦未來車,15,1,14
群益崇德,緯創,16,2,14
群益崇德,南茂,12,0,12
群益崇德,萬海,12,0,12
群益崇德,00960野村全球航運龍頭,10,0,10
群益崇德,00858永豐美國500大,10,0,10
群益崇德,中再保,10,0,10
群益崇德,00675L富邦臺灣加權正2,12,2,10
群益崇德,富喬,42,32,10
群益崇德,00918大華優利高填息30,9,0,9
群益崇德,立敦,32,25,7
群益崇德,元大高股息,6,0,6
群益崇德,愛普*,6,0,6
群益崇德,驊訊,7,1,6
群益崇德,00922國泰台灣領袖50,6,1,5
群益崇德,00950B凱基A級公司債,5,0,5
群益崇德,00971野村美國研發龍頭,5,0,5
群益崇德,00646元大S＆P500,5,0,5
群益崇德,立德,4,0,4
群益崇德,00669R國泰美國道瓊反1,4,0,4
群益崇德,00633L富邦上証正2,7,3,4
群益崇德,陽明,7,3,4
群益崇德,立��,22,18,4
群益崇德,眾達-KY,27,23,4
群益崇德,鴻海,6,2,4
群益崇德,和椿,29,25,4
群益崇德,星宇航空,3,0,3
群益崇德,精材,11,8,3
群益崇德,鴻準,4,1,3
群益崇德,00688L國泰20年美債正2,3,0,3
群益崇德,堤維西,3,0,3
群益崇德,台揚,3,0,3
群益崇德,兆豐金,3,0,3
群益崇德,世禾,4,1,3
群益崇德,佳總,3,0,3
群益崇德,台康生技,3,0,3
群益崇德,青松健康,3,0,3
群益崇德,環宇-KY,51,48,3
群益崇德,00680L元大美債20正2,0,190,-190
群益崇德,00966B統一ESG投等債15,0,100,-100
群益崇德,00970B新光BBB投等債20,0,100,-100
群益崇德,力積電,10,91,-81
群益崇德,00753L中信中國50正2,0,60,-60
群益崇德,00664R國泰臺灣加權反1,0,50,-50
群益崇德,00878國泰永續高股息,7,40,-33
群益崇德,00952凱基台灣AI50,0,30,-30
群益崇德,長榮航,6,31,-25
群益崇德,台中銀,5,29,-24
群益崇德,00670L富邦NASDAQ正2,0,20,-20
群益崇德,神達,97,116,-19
群益崇德,富邦金,0,18,-18
群益崇德,連展投控,2,19,-17
群益崇德,00949復華日本龍頭,0,17,-17
群益崇德,燿華,2,17,-15
群益崇德,006208富邦台50,1,15,-14
群益崇德,泰金寶-DR,39,52,-13
群益崇德,創惟,3,15,-12
群益崇德,台積電,5,15,-10
群益崇德,00941中信上游半導體,0,10,-10
群益崇德,群光,0,10,-10
群益崇德,國泰金,0,10,-10
群益崇德,柏承,0,9,-9
群益崇德,興能高,173,181,-8
群益崇德,00715L期街口布蘭特正2,0,7,-7
群益崇德,00720B元大投資級公司債,0,7,-7
群益崇德,晟銘電,1,7,-6
群益崇德,日月光投控,2,7,-5
群益崇德,廣宇,0,5,-5
群益崇德,00673R期元大S＆P原油反1,3,8,-5
群益崇德,兆勁,0,5,-5
群益崇德,宇環,0,5,-5
群益崇德,捷波,0,5,-5
群益崇德,鴻呈,0,5,-5
群益崇德,毅嘉,0,5,-5
群益崇德,欣銓,5,10,-5
群益崇德,大同,8,12,-4
群益崇德,潤隆,0,4,-4
群益崇德,廣達,0,4,-4
群益崇德,00882中信中國高股息,1,5,-4
群益崇德,楠梓電,0,4,-4
群益崇德,廣明,0,4,-4
群益崇德,新盛力,205,209,-4
群益崇德,達邁,53,57,-4
群益崇德,福懋,0,4,-4
群益崇德,西勝,0,4,-4
群益崇德,奇鋐,0,3,-3
群益崇德,華城,1,4,-3
群益崇德,光聖,0,3,-3
群益瑞豐,聯電,90,30,60
群益瑞豐,00919群益台灣精選高息,55,1,54
群益瑞豐,中租-KY,50,6,44
群益瑞豐,00937B群益ESG投等債20,35,0,35
群益瑞豐,00953B群益優選非投等債,31,0,31
群益瑞豐,友達,33,2,31
群益瑞豐,圓剛,31,1,30
群益瑞豐,緯創,28,5,23
群益瑞豐,00665L富邦�琤肭磪囓�2,20,0,20
群益瑞豐,00960野村全球航運龍頭,20,0,20
群益瑞豐,中石化,17,3,14
群益瑞豐,東鹼,26,12,14
群益瑞豐,連展投控,13,0,13
群益瑞豐,立��,16,3,13
群益瑞豐,擎亞,31,19,12
群益瑞豐,波若威,19,8,11
群益瑞豐,台泥,11,1,10
群益瑞豐,00669R國泰美國道瓊反1,10,0,10
群益瑞豐,00664R國泰臺灣加權反1,10,0,10
群益瑞豐,和椿,25,16,9
群益瑞豐,裕民,10,1,9
群益瑞豐,華航,15,6,9
群益瑞豐,鴻準,20,13,7
群益瑞豐,006208富邦台50,7,0,7
群益瑞豐,00882中信中國高股息,7,0,7
群益瑞豐,兆豐金,6,0,6
群益瑞豐,欣興,14,8,6
群益瑞豐,元大高股息,12,6,6
群益瑞豐,00713元大台灣高息低波,5,0,5
群益瑞豐,新日興,7,2,5
群益瑞豐,00858永豐美國500大,5,0,5
群益瑞豐,00688L國泰20年美債正2,5,0,5
群益瑞豐,00637L元大滬深300正2,8,3,5
群益瑞豐,00655L國泰中國A50正2,5,0,5
群益瑞豐,耿鼎,5,0,5
群益瑞豐,大成鋼,17,12,5
群益瑞豐,長榮航,5,0,5
群益瑞豐,永豐金,6,1,5
群益瑞豐,立敦,13,8,5
群益瑞豐,南茂,5,0,5
群益瑞豐,00905FT臺灣Smart,5,0,5
群益瑞豐,聯鈞,17,12,5
群益瑞豐,00671R富邦NASDAQ反1,10,6,4
群益瑞豐,台塑,9,5,4
群益瑞豐,佳和,5,1,4
群益瑞豐,得力,4,0,4
群益瑞豐,富喬,11,7,4
群益瑞豐,陽明,34,30,4
群益瑞豐,中光電,6,2,4
群益瑞豐,康和證,4,0,4
群益瑞豐,群創,24,200,-176
群益瑞豐,00631L元大台灣50正2,0,91,-91
群益瑞豐,玉山金,0,45,-45
群益瑞豐,00910第一金太空衛星,5,50,-45
群益瑞豐,宏達電,64,99,-35
群益瑞豐,欣銓,0,33,-33
群益瑞豐,00942B台新美A公司債20+,0,30,-30
群益瑞豐,00980B台新特選IG債10+,0,30,-30
群益瑞豐,00959B大華投等美債15Y+,0,25,-25
群益瑞豐,英濟,1,25,-24
群益瑞豐,能率,0,24,-24
群益瑞豐,寶碩,0,22,-22
群益瑞豐,彬台,1,22,-21
群益瑞豐,榮剛,0,20,-20
群益瑞豐,彩晶,0,20,-20
群益瑞豐,東捷,0,20,-20
群益瑞豐,00830國泰費城半導體,0,20,-20
群益瑞豐,台船,2,20,-18
群益瑞豐,泰金寶-DR,21,39,-18
群益瑞豐,達邁,33,51,-18
群益瑞豐,富邦金,0,17,-17
群益瑞豐,華城,90,106,-16
群益瑞豐,00898國泰基因免疫革命,0,15,-15
群益瑞豐,聯邦銀,0,12,-12
群益瑞豐,凱基金,2,14,-12
群益瑞豐,順達,0,11,-11
群益瑞豐,臻鼎-KY,5,16,-11
群益瑞豐,台郡,0,11,-11
群益瑞豐,00893國泰智能電動車,0,10,-10
群益瑞豐,00891中信關鍵半導體,0,10,-10
群益瑞豐,00647L元大S＆P500正2,0,10,-10
群益瑞豐,00935野村臺灣新科技50,0,10,-10
群益瑞豐,00966B統一ESG投等債15,0,10,-10
群益瑞豐,華新,5,15,-10
群益瑞豐,神隆,0,10,-10
群益瑞豐,農林,0,10,-10
群益瑞豐,福懋科,0,10,-10
群益瑞豐,力積電,6,16,-10
群益瑞豐,文曄,1,10,-9
群益瑞豐,宏致,0,9,-9
群益瑞豐,廣明,1,10,-9
群益瑞豐,鴻海,10,19,-9
群益瑞豐,事欣科,0,7,-7
群益瑞豐,精英,0,7,-7
群益瑞豐,金像電,0,7,-7
群益瑞豐,立隆電,5,12,-7
群益瑞豐,啟��,0,7,-7
群益瑞豐,台星科,4,10,-6
群益瑞豐,日月光投控,0,6,-6
群益瑞豐,00685L群益臺灣加權正2,0,6,-6
 企銀嘉義 ,聯電,269,7,262
 企銀嘉義 ,永豐金,30,0,30
 企銀嘉義 ,宏達電,51,28,23
 企銀嘉義 ,致和證,20,0,20
 企銀嘉義 ,00679B元大美債20年,19,0,19
 企銀嘉義 ,凱基金,14,0,14
 企銀嘉義 ,吉茂,12,0,12
 企銀嘉義 ,神達,67,56,11
 企銀嘉義 ,00887永豐中國科技50大,10,0,10
 企銀嘉義 ,00637L元大滬深300正2,30,20,10
 企銀嘉義 ,國喬,10,0,10
 企銀嘉義 ,台苯,10,0,10
 企銀嘉義 ,大成鋼,10,0,10
 企銀嘉義 ,皇翔,10,0,10
 企銀嘉義 ,長榮,10,0,10
 企銀嘉義 ,采鈺,9,0,9
 企銀嘉義 ,台達電,10,1,9
 企銀嘉義 ,玉晶光,7,0,7
 企銀嘉義 ,昇陽半導體,7,0,7
 企銀嘉義 ,00959B大華投等美債15Y+,6,0,6
 企銀嘉義 ,冠好,6,0,6
 企銀嘉義 ,00674R期元大S＆P黃金反1,5,0,5
 企銀嘉義 ,京城,5,0,5
 企銀嘉義 ,00632R元大台灣50反1,4,0,4
 企銀嘉義 ,英業達,4,0,4
 企銀嘉義 ,緯創,4,1,3
 企銀嘉義 ,合勤控,3,0,3
 企銀嘉義 ,聯光通,7,4,3
 企銀嘉義 ,興能高,21,18,3
 企銀嘉義 ,華新,2,0,2
 企銀嘉義 ,三芳,2,0,2
 企銀嘉義 ,台聚,3,1,2
 企銀嘉義 ,聯成,2,0,2
 企銀嘉義 ,00924復華S＆P500成長,2,0,2
 企銀嘉義 ,00919群益台灣精選高息,2,0,2
 企銀嘉義 ,旺宏,2,0,2
 企銀嘉義 ,台亞,2,0,2
 企銀嘉義 ,華邦電,2,0,2
 企銀嘉義 ,順德,2,0,2
 企銀嘉義 ,全新,2,0,2
 企銀嘉義 ,立隆電,26,24,2
 企銀嘉義 ,新興,2,0,2
 企銀嘉義 ,茂訊,2,0,2
 企銀嘉義 ,精材,2,0,2
 企銀嘉義 ,彬台,2,0,2
 企銀嘉義 ,群創,2,0,2
 企銀嘉義 ,眾達-KY,4,2,2
 企銀嘉義 ,合庫金,2,0,2
 企銀嘉義 ,訊達,2,0,2
 企銀嘉義 ,矽格,2,0,2
 企銀嘉義 ,南亞,111,269,-158
 企銀嘉義 ,美律,0,100,-100
 企銀嘉義 ,力積電,18,74,-56
 企銀嘉義 ,益航,0,40,-40
 企銀嘉義 ,00929復華台灣科技優息,0,29,-29
 企銀嘉義 ,兆豐金,1,30,-29
 企銀嘉義 ,光洋科,11,31,-20
 企銀嘉義 ,建大,0,20,-20
 企銀嘉義 ,泰金寶-DR,0,20,-20
 企銀嘉義 ,宏旭-KY,0,18,-18
 企銀嘉義 ,陽明,2,18,-16
 企銀嘉義 ,精剛,0,10,-10
 企銀嘉義 ,零壹,0,10,-10
 企銀嘉義 ,艾笛森,0,10,-10
 企銀嘉義 ,永崴投控,0,10,-10
 企銀嘉義 ,定穎投控,0,10,-10
 企銀嘉義 ,國光生,0,10,-10
 企銀嘉義 ,天宇,0,10,-10
 企銀嘉義 ,盛達,0,9,-9
 企銀嘉義 ,宏致,0,8,-8
 企銀嘉義 ,華城,0,7,-7
 企銀嘉義 ,順達,1,7,-6
 企銀嘉義 ,信錦,0,6,-6
 企銀嘉義 ,中華化,0,6,-6
 企銀嘉義 ,慧友,0,6,-6
 企銀嘉義 ,建達,5,11,-6
 企銀嘉義 ,00940元大台灣價值高息,0,5,-5
 企銀嘉義 ,長榮航,0,5,-5
 企銀嘉義 ,其陽,0,5,-5
 企銀嘉義 ,建錩,0,5,-5
 企銀嘉義 ,台灣虎航,0,5,-5
 企銀嘉義 ,森崴能源,0,5,-5
 企銀嘉義 ,00941中信上游半導體,0,4,-4
 企銀嘉義 ,東鹼,0,4,-4
 企銀嘉義 ,00909國泰數位支付服務,0,4,-4
 企銀嘉義 ,富喬,6,10,-4
 企銀嘉義 ,中華,1,5,-4
 企銀嘉義 ,益登,0,4,-4
 企銀嘉義 ,中美晶,3,7,-4
 企銀嘉義 ,大同,1,4,-3
 企銀嘉義 ,融程電,0,3,-3
 企銀嘉義 ,新門,0,3,-3
 企銀嘉義 ,亞翔,0,3,-3
 企銀嘉義 ,元山,0,3,-3
 企銀嘉義 ,安集,0,3,-3
 企銀嘉義 ,伊雲谷,1,4,-3
 企銀嘉義 ,台積電,2,5,-3
 企銀嘉義 ,新應材,2,4,-2
 企銀嘉義 ,聯詠,0,2,-2
 企銀嘉義 ,台泥,0,2,-2
安泰大發,聯電,59,4,55
安泰大發,台新金,30,0,30
安泰大發,00919群益台灣精選高息,23,1,22
安泰大發,00646元大S＆P500,22,0,22
安泰大發,第一金,10,0,10
安泰大發,00959B大華投等美債15Y+,10,0,10
安泰大發,精成科,10,0,10
安泰大發,精剛,12,3,9
安泰大發,福懋油,10,2,8
安泰大發,大同,10,2,8
安泰大發,鉅祥,8,0,8
安泰大發,中砂,7,0,7
安泰大發,00932兆豐永續高息等權,7,0,7
安泰大發,穎漢,7,0,7
安泰大發,智原,6,0,6
安泰大發,中租-KY,7,1,6
安泰大發,泰金寶-DR,6,0,6
安泰大發,00674R期元大S＆P黃金反1,5,0,5
安泰大發,00679B元大美債20年,5,0,5
安泰大發,00637L元大滬深300正2,5,0,5
安泰大發,00715L期街口布蘭特正2,5,0,5
安泰大發,太設,5,0,5
安泰大發,中工,5,0,5
安泰大發,台灣大,5,0,5
安泰大發,東洋,5,0,5
安泰大發,環宇-KY,10,5,5
安泰大發,橘子,5,0,5
安泰大發,台郡,5,0,5
安泰大發,鴻海,7,3,4
安泰大發,僑威,4,0,4
安泰大發,聯鈞,6,2,4
安泰大發,達邁,5,1,4
安泰大發,騰輝電子-KY,4,0,4
安泰大發,緯創,5,1,4
安泰大發,恆大,3,0,3
安泰大發,全友,3,0,3
安泰大發,鴻準,3,0,3
安泰大發,億光,3,0,3
安泰大發,合庫金,4,1,3
安泰大發,立��,3,0,3
安泰大發,00940元大台灣價值高息,2,0,2
安泰大發,堤維西,2,0,2
安泰大發,00891中信關鍵半導體,2,0,2
安泰大發,美時,3,1,2
安泰大發,台船,2,0,2
安泰大發,光罩,2,0,2
安泰大發,英業達,2,0,2
安泰大發,晶豪科,2,0,2
安泰大發,晟銘電,3,1,2
安泰大發,欣興,8,6,2
安泰大發,00953B群益優選非投等債,0,103,-103
安泰大發,00937B群益ESG投等債20,9,40,-31
安泰大發,大亞,3,26,-23
安泰大發,00945B凱基美國非投等債,0,22,-22
安泰大發,00934中信成長高股息,0,20,-20
安泰大發,00786B元大10年IG銀行債,0,20,-20
安泰大發,群創,2,20,-18
安泰大發,00830國泰費城半導體,0,15,-15
安泰大發,宏達電,18,33,-15
安泰大發,00929復華台灣科技優息,0,14,-14
安泰大發,良維,0,13,-13
安泰大發,華星光,5,18,-13
安泰大發,台積電,2,14,-12
安泰大發,宏致,0,11,-11
安泰大發,南茂,1,12,-11
安泰大發,華南金,0,10,-10
安泰大發,00905FT臺灣Smart,0,10,-10
安泰大發,艾笛森,0,10,-10
安泰大發,統一實,0,10,-10
安泰大發,光寶科,0,8,-8
安泰大發,神達,34,42,-8
安泰大發,佳能,0,7,-7
安泰大發,聯昌,0,7,-7
安泰大發,新光金,3,10,-7
安泰大發,菱光,0,6,-6
安泰大發,台泥,0,5,-5
安泰大發,00670L富邦NASDAQ正2,0,5,-5
安泰大發,萬海,0,5,-5
安泰大發,揚智,0,5,-5
安泰大發,泰鼎-KY,0,5,-5
安泰大發,南電,0,5,-5
安泰大發,宏捷科,0,5,-5
安泰大發,高雄銀,0,5,-5
安泰大發,00631L元大台灣50正2,0,5,-5
安泰大發,長榮,1,5,-4
安泰大發,IKKA-KY,1,5,-4
安泰大發,四維航,0,4,-4
安泰大發,興能高,16,20,-4
安泰大發,台灣虎航,1,5,-4
安泰大發,華經,0,3,-3
安泰大發,友威科,1,4,-3
安泰大發,大銀微系統,1,4,-3
安泰大發,眾達-KY,6,9,-3
安泰大發,榮剛,0,3,-3
安泰大發,矽格,0,3,-3
安泰大發,保瑞,0,3,-3
安泰大發,力積電,9,12,-3
安泰大發,華邦電,0,2,-2
安泰大發,00675L富邦臺灣加權正2,0,2,-2
安泰大發,元大台灣50,0,2,-2
康和南崁,台玻,101,51,50
康和南崁,聯策,25,0,25
康和南崁,熱映,15,0,15
康和南崁,00878國泰永續高股息,13,0,13
康和南崁,00637L元大滬深300正2,15,5,10
康和南崁,00632R元大台灣50反1,10,0,10
康和南崁,凱基金,10,0,10
康和南崁,力成,10,0,10
康和南崁,00631L元大台灣50正2,8,0,8
康和南崁,00633L富邦上証正2,7,0,7
康和南崁,振發,7,0,7
康和南崁,華榮,6,0,6
康和南崁,仁寶,6,0,6
康和南崁,億光,5,0,5
康和南崁,欣興,7,3,4
康和南崁,群創,9,5,4
康和南崁,誠研,4,0,4
康和南崁,台積電,5,1,4
康和南崁,00712復華富時不動產,5,2,3
康和南崁,00919群益台灣精選高息,3,0,3
康和南崁,緯創,6,3,3
康和南崁,聯鈞,19,16,3
康和南崁,鈞興-KY,4,1,3
康和南崁,環宇-KY,8,5,3
康和南崁,至上,8,5,3
康和南崁,鴻海,2,0,2
康和南崁,廣達,2,0,2
康和南崁,晟銘電,2,0,2
康和南崁,大銀微系統,3,1,2
康和南崁,00940元大台灣價值高息,2,0,2
康和南崁,上曜,2,0,2
康和南崁,國喬,2,0,2
康和南崁,亞力,2,0,2
康和南崁,矽統,2,0,2
康和南崁,盟立,3,1,2
康和南崁,晶睿,2,0,2
康和南崁,榮剛,6,4,2
康和南崁,尚凡*,2,0,2
康和南崁,台林,2,0,2
康和南崁,攸泰科技,2,0,2
康和南崁,富威電力,2,0,2
康和南崁,立��,2,0,2
康和南崁,國統,2,0,2
康和南崁,新麗,7,5,2
康和南崁,AES-KY,5,3,2
康和南崁,台灣虎航,1,0,1
康和南崁,兆豐金,1,0,1
康和南崁,科妍,1,0,1
康和南崁,光洋科,1,0,1
康和南崁,00687B國泰20年美債,1,0,1
康和南崁,大同,3,54,-51
康和南崁,中磊,0,40,-40
康和南崁,陽明,21,55,-34
康和南崁,00715L期街口布蘭特正2,0,30,-30
康和南崁,00941中信上游半導體,4,30,-26
康和南崁,中信金,0,20,-20
康和南崁,金寶,0,16,-16
康和南崁,興能高,48,64,-16
康和南崁,聯電,37,50,-13
康和南崁,亞光,0,12,-12
康和南崁,欣銓,1,13,-12
康和南崁,2887E台新戊特,0,10,-10
康和南崁,聯光通,6,16,-10
康和南崁,新盛力,11,21,-10
康和南崁,嘉聯益,0,10,-10
康和南崁,天虹,0,10,-10
康和南崁,00679B元大美債20年,1,10,-9
康和南崁,日月光投控,0,8,-8
康和南崁,00685L群益臺灣加權正2,0,7,-7
康和南崁,00926凱基全球菁英55,0,7,-7
康和南崁,笙泉,0,7,-7
康和南崁,和椿,13,20,-7
康和南崁,宇隆,0,6,-6
康和南崁,華航,0,6,-6
康和南崁,創惟,1,7,-6
康和南崁,玉山金,0,6,-6
康和南崁,東陽,0,5,-5
康和南崁,中鋼,7,12,-5
康和南崁,友達,0,5,-5
康和南崁,宏達電,26,31,-5
康和南崁,神達,31,36,-5
康和南崁,高技,0,5,-5
康和南崁,星雲,0,5,-5
康和南崁,元大台灣50,0,5,-5
康和南崁,精成科,5,9,-4
康和南崁,奇鋐,0,3,-3
康和南崁,立隆電,1,4,-3
康和南崁,益登,0,3,-3
康和南崁,連展投控,10,13,-3
康和南崁,國巨,0,2,-2
康和南崁,鴻準,0,2,-2
康和南崁,京元電子,0,2,-2
康和南崁,漢翔,0,2,-2
康和南崁,新日興,1,3,-2
康和南崁,永捷,0,2,-2
康和南崁,事欣科,1,3,-2
康和南崁,鈺創,0,2,-2
康和南崁,邁達特,0,2,-2
康和南崁,亞翔,3,5,-2
康和南崁,訊芯-KY,0,2,-2
富邦青埔,聯電,146,15,131
富邦青埔,00671R富邦NASDAQ反1,100,0,100
富邦青埔,00632R元大台灣50反1,100,0,100
富邦青埔,00918大華優利高填息30,95,3,92
富邦青埔,基泰,88,0,88
富邦青埔,冠德,80,0,80
富邦青埔,00665L富邦�琤肭磪囓�2,225,150,75
富邦青埔,00637L元大滬深300正2,57,3,54
富邦青埔,友訊,46,6,40
富邦青埔,00919群益台灣精選高息,49,15,34
富邦青埔,晟銘電,38,4,34
富邦青埔,長榮航,63,33,30
富邦青埔,兆豐金,27,0,27
富邦青埔,00713元大台灣高息低波,28,2,26
富邦青埔,中裕,26,0,26
富邦青埔,緯創,33,7,26
富邦青埔,冠西電,23,0,23
富邦青埔,昇達科,34,12,22
富邦青埔,力山,15,0,15
富邦青埔,佳能,16,3,13
富邦青埔,00910第一金太空衛星,14,1,13
富邦青埔,大成鋼,20,8,12
富邦青埔,加百裕,37,25,12
富邦青埔,欣興,17,6,11
富邦青埔,力成,21,10,11
富邦青埔,陽明,14,3,11
富邦青埔,泰金寶-DR,23,13,10
富邦青埔,群電,10,0,10
富邦青埔,遠百,11,1,10
富邦青埔,耿鼎,10,0,10
富邦青埔,00945B凱基美國非投等債,10,0,10
富邦青埔,00959B大華投等美債15Y+,10,0,10
富邦青埔,00753L中信中國50正2,10,0,10
富邦青埔,台境*,10,0,10
富邦青埔,旺宏,11,1,10
富邦青埔,00878國泰永續高股息,13,4,9
富邦青埔,00858永豐美國500大,9,0,9
富邦青埔,新盛力,80,72,8
富邦青埔,和椿,19,11,8
富邦青埔,東科-KY,8,0,8
富邦青埔,佳世達,8,0,8
富邦青埔,00937B群益ESG投等債20,45,37,8
富邦青埔,00980B台新特選IG債10+,10,2,8
富邦青埔,德律,7,0,7
富邦青埔,00864B中信美國公債0-1,7,0,7
富邦青埔,宏齊,15,8,7
富邦青埔,台玻,10,3,7
富邦青埔,達邁,10,3,7
富邦青埔,三商電,6,0,6
富邦青埔,台化,6,0,6
富邦青埔,00929復華台灣科技優息,5,600,-595
富邦青埔,00706L期元大S＆P日圓正2,0,200,-200
富邦青埔,中鋼,5,141,-136
富邦青埔,宏達電,22,139,-117
富邦青埔,00680L元大美債20正2,1,107,-106
富邦青埔,00930永豐ESG低碳高息,0,80,-80
富邦青埔,浩鼎,0,61,-61
富邦青埔,神達,170,230,-60
富邦青埔,00946群益科技高息成長,0,48,-48
富邦青埔,皇普,10,55,-45
富邦青埔,新建,5,50,-45
富邦青埔,00693U期街口S＆P黃豆,0,35,-35
富邦青埔,新興,2,36,-34
富邦青埔,技嘉,1,32,-31
富邦青埔,眾達-KY,8,39,-31
富邦青埔,00951台新日本半導體,0,30,-30
富邦青埔,富喬,18,47,-29
富邦青埔,欣銓,6,35,-29
富邦青埔,環宇-KY,12,39,-27
富邦青埔,台積電,5,32,-27
富邦青埔,00934中信成長高股息,0,26,-26
富邦青埔,燿華,0,26,-26
富邦青埔,00688L國泰20年美債正2,1,26,-25
富邦青埔,00939統一台灣高息動能,0,25,-25
富邦青埔,00687B國泰20年美債,8,31,-23
富邦青埔,亞翔,5,26,-21
富邦青埔,日月光投控,0,20,-20
富邦青埔,華南金,0,20,-20
富邦青埔,00725B國泰投資級公司債,1,20,-19
富邦青埔,00679B元大美債20年,2,21,-19
富邦青埔,第一金,3,21,-18
富邦青埔,凌陽,1,18,-17
富邦青埔,00650L復華香港正2,4,20,-16
富邦青埔,00675L富邦臺灣加權正2,0,16,-16
富邦青埔,00720B元大投資級公司債,0,14,-14
富邦青埔,宏致,12,26,-14
富邦青埔,00915凱基優選高股息30,4,18,-14
富邦青埔,富邦金,10,23,-13
富邦青埔,正崴,1,13,-12
富邦青埔,海光,0,12,-12
富邦青埔,潤泰新,0,12,-12
富邦青埔,僑威,3,15,-12
富邦青埔,玉山金,1,13,-12
富邦青埔,中信金,1,12,-11
富邦青埔,新光金,0,11,-11
富邦青埔,台塑化,0,11,-11
富邦青埔,00923群益台ESG低碳50,0,11,-11
富邦青埔,凱基金,1,12,-11
富邦青埔,立隆電,4,15,-11
富邦青埔,聯詠,0,10,-10
土銀白河,陽明,50,17,33
土銀白河,宏��,30,0,30
土銀白河,聯電,41,16,25
土銀白河,慧洋-KY,31,10,21
土銀白河,00940元大台灣價值高息,20,0,20
土銀白河,第一金,16,0,16
土銀白河,00858永豐美國500大,13,0,13
土銀白河,精成科,13,2,11
土銀白河,東元,10,0,10
土銀白河,00900富邦特選高股息30,10,0,10
土銀白河,00918大華優利高填息30,10,0,10
土銀白河,00912中信臺灣智慧50,10,0,10
土銀白河,00960野村全球航運龍頭,10,0,10
土銀白河,映興,10,0,10
土銀白河,凌通,10,0,10
土銀白河,和椿,11,1,10
土銀白河,新盛力,22,14,8
土銀白河,00969B元大零息超長美債,6,0,6
土銀白河,緯創,6,0,6
土銀白河,中鋼,5,0,5
土銀白河,00632R元大台灣50反1,5,0,5
土銀白河,00909國泰數位支付服務,5,0,5
土銀白河,宏達電,20,15,5
土銀白河,三福化,5,0,5
土銀白河,漢唐,4,0,4
土銀白河,台泥,3,0,3
土銀白河,00882中信中國高股息,3,0,3
土銀白河,中探針,3,0,3
土銀白河,廣達,4,1,3
土銀白河,官田鋼,2,0,2
土銀白河,大成鋼,2,0,2
土銀白河,光罩,2,0,2
土銀白河,欣興,2,0,2
土銀白河,全訊,2,0,2
土銀白河,澤米,2,0,2
土銀白河,昇陽半導體,2,0,2
土銀白河,台積電,3,1,2
土銀白河,00852L國泰美國道瓊正2,1,0,1
土銀白河,00655L國泰中國A50正2,1,0,1
土銀白河,東陽,1,0,1
土銀白河,士電,1,0,1
土銀白河,潤隆,1,0,1
土銀白河,光洋科,1,0,1
土銀白河,金寶,3,2,1
土銀白河,所羅門,1,0,1
土銀白河,冠西電,1,0,1
土銀白河,皇昌,2,1,1
土銀白河,裕民,1,0,1
土銀白河,易飛網,1,0,1
土銀白河,永豐金,1,0,1
土銀白河,華南金,0,60,-60
土銀白河,00929復華台灣科技優息,0,40,-40
土銀白河,大同,2,38,-36
土銀白河,光寶科,0,35,-35
土銀白河,00970B新光BBB投等債20,0,30,-30
土銀白河,00712復華富時不動產,0,30,-30
土銀白河,英業達,3,24,-21
土銀白河,群創,0,20,-20
土銀白河,00878國泰永續高股息,11,27,-16
土銀白河,00905FT臺灣Smart,0,12,-12
土銀白河,華航,0,11,-11
土銀白河,006208富邦台50,0,10,-10
土銀白河,00934中信成長高股息,0,10,-10
土銀白河,力積電,0,10,-10
土銀白河,南亞,0,6,-6
土銀白河,北基,0,6,-6
土銀白河,國喬,0,5,-5
土銀白河,元大台灣50,0,5,-5
土銀白河,00892富邦台灣半導體,0,5,-5
土銀白河,00953B群益優選非投等債,0,5,-5
土銀白河,廣宇,0,5,-5
土銀白河,神達,9,14,-5
土銀白河,亞翔,1,5,-4
土銀白河,00927群益半導體收益,0,4,-4
土銀白河,精材,0,4,-4
土銀白河,00881國泰台灣5G+,0,3,-3
土銀白河,00941中信上游半導體,0,3,-3
土銀白河,裕隆,0,3,-3
土銀白河,佳世達,0,3,-3
土銀白河,萬海,0,3,-3
土銀白河,增你強,0,3,-3
土銀白河,宏致,0,3,-3
土銀白河,聯光通,0,3,-3
土銀白河,達邦蛋白,0,3,-3
土銀白河,世紀鋼,1,4,-3
土銀白河,中興電,0,2,-2
土銀白河,富喬,8,10,-2
土銀白河,恆大,5,7,-2
土銀白河,00928中信上櫃ESG30,0,2,-2
土銀白河,00679B元大美債20年,2,4,-2
土銀白河,00764B群益25年美債,0,2,-2
土銀白河,海悅,6,8,-2
土銀白河,長榮,0,2,-2
土銀白河,長榮航,2,4,-2
土銀白河,雲品,0,2,-2
土銀白河,元大金,0,2,-2
土銀白河,新光金,0,2,-2
土銀白河,大量,0,2,-2
土銀白河,順達,2,4,-2
土銀白河,上緯投控,0,2,-2
華南民權,00751B元大AAA至A公司債,2000,0,2000
華南民權,慧洋-KY,254,5,249
華南民權,00882中信中國高股息,101,0,101
華南民權,力積電,81,22,59
華南民權,聯電,59,10,49
華南民權,福興,40,0,40
華南民權,00637L元大滬深300正2,83,51,32
華南民權,元大高股息,18,2,16
華南民權,00878國泰永續高股息,19,6,13
華南民權,00680L元大美債20正2,10,0,10
華南民權,00900富邦特選高股息30,10,0,10
華南民權,00905FT臺灣Smart,10,0,10
華南民權,濱川,10,0,10
華南民權,遠百,10,0,10
華南民權,宏��,11,2,9
華南民權,兆豐金,8,0,8
華南民權,中鴻,10,2,8
華南民權,精材,15,8,7
華南民權,大成,6,0,6
華南民權,合機,6,0,6
華南民權,新盛力,70,64,6
華南民權,環宇-KY,15,9,6
華南民權,廣達,6,1,5
華南民權,00937B群益ESG投等債20,5,0,5
華南民權,00881國泰台灣5G+,5,0,5
華南民權,三芳,5,0,5
華南民權,建通,11,6,5
華南民權,海華,13,8,5
華南民權,富采,5,0,5
華南民權,國光生,5,0,5
華南民權,鈺創,5,0,5
華南民權,雷虎,10,5,5
華南民權,力成,5,0,5
華南民權,擎亞,10,5,5
華南民權,006208富邦台50,5,1,4
華南民權,永豐金,4,0,4
華南民權,00919群益台灣精選高息,14,10,4
華南民權,立隆電,25,21,4
華南民權,00632R元大台灣50反1,3,0,3
華南民權,00715L期街口布蘭特正2,3,0,3
華南民權,00858永豐美國500大,3,0,3
華南民權,華新,3,0,3
華南民權,中鋼,3,0,3
華南民權,宏璟,3,0,3
華南民權,王品,3,0,3
華南民權,能率,3,0,3
華南民權,慧友,3,0,3
華南民權,能率網通,5,2,3
華南民權,科懋,2,0,2
華南民權,奇鋐,4,2,2
華南民權,彰銀,1,100,-99
華南民權,台積電,5,65,-60
華南民權,00961FT臺灣永續高息,0,60,-60
華南民權,00971野村美國研發龍頭,0,43,-43
華南民權,華南金,2,43,-41
華南民權,00965元大航太防衛科技,0,40,-40
華南民權,興能高,47,85,-38
華南民權,新光金,0,22,-22
華南民權,昇達科,1,23,-22
華南民權,光隆,0,20,-20
華南民權,圓剛,0,17,-17
華南民權,欣銓,4,20,-16
華南民權,神達,11,24,-13
華南民權,玉山金,0,12,-12
華南民權,易威,0,10,-10
華南民權,友達,178,188,-10
華南民權,全漢,0,10,-10
華南民權,00929復華台灣科技優息,0,10,-10
華南民權,凱基金,6,15,-9
華南民權,00877復華中國5G,0,9,-9
華南民權,菱光,0,9,-9
華南民權,鴻準,4,12,-8
華南民權,臺企銀,0,8,-8
華南民權,華星光,10,17,-7
華南民權,安集,0,7,-7
華南民權,至上,0,7,-7
華南民權,燿華,0,6,-6
華南民權,00940元大台灣價值高息,0,6,-6
華南民權,大成鋼,2,8,-6
華南民權,泰金寶-DR,22,28,-6
華南民權,元大台灣50,0,5,-5
華南民權,00687B國泰20年美債,0,5,-5
華南民權,遠東新,0,5,-5
華南民權,景碩,0,5,-5
華南民權,西勝,0,5,-5
華南民權,晟德,0,5,-5
華南民權,台虹,1,6,-5
華南民權,00951台新日本半導體,1,5,-4
華南民權,漢翔,1,5,-4
華南民權,四維航,0,4,-4
華南民權,大亞,0,4,-4
華南民權,宏達電,22,26,-4
華南民權,華航,1,5,-4
華南民權,邁達特,1,5,-4
華南民權,世紀鋼,0,4,-4
華南民權,00941中信上游半導體,0,3,-3
華南民權,東元,0,3,-3
華南民權,堤維西,0,3,-3
華南民權,大山,0,3,-3
華南民權,旺宏,1,4,-3
光和,00753L中信中國50正2,360,0,360
光和,聯電,125,26,99
光和,00637L元大滬深300正2,181,120,61
光和,永豐金,51,0,51
光和,今皓,40,0,40
光和,00632R元大台灣50反1,30,0,30
光和,寶成,31,1,30
光和,群創,33,6,27
光和,聯上發,20,0,20
光和,佳能,20,1,19
光和,00882中信中國高股息,12,0,12
光和,和桐,11,0,11
光和,世禾,10,0,10
光和,00971野村美國研發龍頭,10,0,10
光和,00937B群益ESG投等債20,11,1,10
光和,燁輝,10,0,10
光和,泰豐,10,0,10
光和,基泰,10,0,10
光和,慧洋-KY,10,0,10
光和,彩晶,10,0,10
光和,晉倫,10,0,10
光和,宏齊,10,0,10
光和,欣興,10,1,9
光和,00633L富邦上証正2,10,1,9
光和,裕隆,9,0,9
光和,錸德,9,0,9
光和,彰銀,10,1,9
光和,緯創,10,1,9
光和,泰金寶-DR,12,4,8
光和,晟銘電,7,0,7
光和,菱光,7,0,7
光和,旺宏,12,6,6
光和,潤泰全,6,0,6
光和,艾訊,6,0,6
光和,海華,7,1,6
光和,元大高股息,12,6,6
光和,昇陽半導體,7,2,5
光和,00933B國泰10Y+金融債,5,0,5
光和,南亞科,5,0,5
光和,揚智,5,0,5
光和,協禧,5,0,5
光和,僑威,5,0,5
光和,波若威,13,8,5
光和,信立,5,0,5
光和,炎洲,5,0,5
光和,力成,5,0,5
光和,亞光,11,6,5
光和,新漢,4,0,4
光和,兆豐金,4,0,4
光和,00918大華優利高填息30,4,0,4
光和,00665L富邦�琤肭磪囓�2,5,370,-365
光和,聯亞,0,222,-222
光和,台新金,8,120,-112
光和,00953B群益優選非投等債,0,60,-60
光和,力積電,17,72,-55
光和,新光金,0,53,-53
光和,台玻,0,43,-43
光和,大洋-KY,0,38,-38
光和,富喬,69,97,-28
光和,00877復華中國5G,0,25,-25
光和,宏致,2,25,-23
光和,神達,22,44,-22
光和,訊達,0,20,-20
光和,大成,0,18,-18
光和,華新,0,18,-18
光和,加捷生醫,3,20,-17
光和,宏達電,61,78,-17
光和,00951台新日本半導體,0,16,-16
光和,00919群益台灣精選高息,8,23,-15
光和,00673R期元大S＆P原油反1,0,15,-15
光和,00929復華台灣科技優息,0,15,-15
光和,大同,3,18,-15
光和,連展投控,3,17,-14
光和,和椿,5,18,-13
光和,欣銓,8,19,-11
光和,亞翔,0,10,-10
光和,00932兆豐永續高息等權,0,10,-10
光和,00943兆豐電子高息等權,0,10,-10
光和,中鴻,0,10,-10
光和,佳世達,0,10,-10
光和,聯穎,0,10,-10
光和,台通,0,10,-10
光和,邦泰,0,10,-10
光和,岱宇,0,9,-9
光和,台郡,0,9,-9
光和,長榮,0,8,-8
光和,台積電,0,8,-8
光和,直得,0,8,-8
光和,興能高,39,47,-8
光和,允強,0,7,-7
光和,台揚,2,9,-7
光和,鼎元,0,7,-7
光和,00679B元大美債20年,0,6,-6
光和,中石化,0,6,-6
光和,金寶,0,6,-6
光和,泰谷,0,6,-6
光和,達邁,6,12,-6
光和,南電,0,6,-6
光和,新復興,0,6,-6
光和,陽明,5,11,-6
兆豐西螺,00980B台新特選IG債10+,300,50,250
兆豐西螺,00753L中信中國50正2,231,120,111
兆豐西螺,第一金,67,0,67
兆豐西螺,聯電,61,5,56
兆豐西螺,00937B群益ESG投等債20,19,0,19
兆豐西螺,台塑,28,12,16
兆豐西螺,臺企銀,25,10,15
兆豐西螺,英業達,13,0,13
兆豐西螺,亞力,12,0,12
兆豐西螺,中石化,10,0,10
兆豐西螺,中環,10,0,10
兆豐西螺,元山,9,0,9
兆豐西螺,沛波,8,0,8
兆豐西螺,擎亞,10,2,8
兆豐西螺,新盛力,32,26,6
兆豐西螺,精成科,7,1,6
兆豐西螺,00878國泰永續高股息,9,4,5
兆豐西螺,00637L元大滬深300正2,5,0,5
兆豐西螺,00673R期元大S＆P原油反1,5,0,5
兆豐西螺,玉山金,5,0,5
兆豐西螺,華立,5,0,5
兆豐西螺,連展投控,5,0,5
兆豐西螺,群益證,5,0,5
兆豐西螺,新建,4,0,4
兆豐西螺,新興,4,0,4
兆豐西螺,欣興,4,0,4
兆豐西螺,達邁,4,0,4
兆豐西螺,立��,4,0,4
兆豐西螺,00650L復華香港正2,3,0,3
兆豐西螺,中鋼,4,1,3
兆豐西螺,金寶,3,0,3
兆豐西螺,陽明,8,5,3
兆豐西螺,神達,26,23,3
兆豐西螺,尚凡*,3,0,3
兆豐西螺,南仁湖,3,0,3
兆豐西螺,亞翔,4,1,3
兆豐西螺,宏齊,3,0,3
兆豐西螺,佳必琪,3,0,3
兆豐西螺,力成,3,0,3
兆豐西螺,伍豐,3,0,3
兆豐西螺,00918大華優利高填息30,3,0,3
兆豐西螺,00679B元大美債20年,2,0,2
兆豐西螺,光洋科,2,0,2
兆豐西螺,台揚,2,0,2
兆豐西螺,旺宏,2,0,2
兆豐西螺,廣達,5,3,2
兆豐西螺,長榮,2,0,2
兆豐西螺,英濟,2,0,2
兆豐西螺,玉晶光,2,0,2
兆豐西螺,亞泰,2,0,2
兆豐西螺,彩晶,0,152,-152
兆豐西螺,凱基金,0,110,-110
兆豐西螺,00944野村趨勢動能高息,0,70,-70
兆豐西螺,華南金,1,53,-52
兆豐西螺,00680L元大美債20正2,0,40,-40
兆豐西螺,00907永豐優息存股,3,33,-30
兆豐西螺,新光金,2,27,-25
兆豐西螺,力積電,11,34,-23
兆豐西螺,00940元大台灣價值高息,0,20,-20
兆豐西螺,中纖,0,20,-20
兆豐西螺,中工,10,30,-20
兆豐西螺,00900富邦特選高股息30,0,19,-19
兆豐西螺,興能高,22,40,-18
兆豐西螺,00919群益台灣精選高息,7,25,-18
兆豐西螺,00665L富邦�琤肭磪囓�2,0,15,-15
兆豐西螺,國產,2,17,-15
兆豐西螺,眾達-KY,20,35,-15
兆豐西螺,和椿,5,20,-15
兆豐西螺,群創,5,20,-15
兆豐西螺,鴻海,2,14,-12
兆豐西螺,華通,0,11,-11
兆豐西螺,富邦金,0,11,-11
兆豐西螺,友達,0,10,-10
兆豐西螺,00912中信臺灣智慧50,0,10,-10
兆豐西螺,台船,0,10,-10
兆豐西螺,宏達電,30,40,-10
兆豐西螺,星宇航空,0,10,-10
兆豐西螺,南亞科,1,10,-9
兆豐西螺,欣銓,6,15,-9
兆豐西螺,00929復華台灣科技優息,3,11,-8
兆豐西螺,耀登,3,10,-7
兆豐西螺,鴻準,8,14,-6
兆豐西螺,環宇-KY,3,9,-6
兆豐西螺,中租-KY,0,5,-5
兆豐西螺,鈺齊-KY,1,6,-5
兆豐西螺,00687B國泰20年美債,0,5,-5
兆豐西螺,偉詮電,0,5,-5
兆豐西螺,金洲,0,5,-5
兆豐西螺,華邦電,0,4,-4
兆豐西螺,訊聯,0,4,-4
兆豐西螺,元大高股息,5,9,-4
兆豐西螺,富喬,16,20,-4
兆豐西螺,華航,1,5,-4
兆豐西螺,台中銀,0,4,-4
兆豐西螺,加百裕,0,4,-4
兆豐西螺,健喬,0,4,-4
兆豐西螺,杰力,1,5,-4
兆豐西螺,00954中信日本半導體,0,3,-3
兆豐西螺,橋椿,0,3,-3
兆豐西螺,廣宇,0,3,-3
合庫嘉義,聯電,76,1,75
合庫嘉義,合庫金,32,0,32
合庫嘉義,宏遠,31,0,31
合庫嘉義,昆盈,31,1,30
合庫嘉義,元大高股息,29,1,28
合庫嘉義,華邦電,30,5,25
合庫嘉義,00937B群益ESG投等債20,22,0,22
合庫嘉義,興能高,66,44,22
合庫嘉義,中鼎,21,0,21
合庫嘉義,台塑,33,15,18
合庫嘉義,圓剛,14,0,14
合庫嘉義,緯創,13,2,11
合庫嘉義,永豐金,10,0,10
合庫嘉義,00652富邦印度,10,0,10
合庫嘉義,大億,10,0,10
合庫嘉義,官田鋼,10,0,10
合庫嘉義,柏承,10,0,10
合庫嘉義,00687B國泰20年美債,11,2,9
合庫嘉義,中鴻,10,1,9
合庫嘉義,00858永豐美國500大,7,0,7
合庫嘉義,00887永豐中國科技50大,10,3,7
合庫嘉義,永光,8,1,7
合庫嘉義,智原,7,0,7
合庫嘉義,力成,6,0,6
合庫嘉義,00633L富邦上証正2,5,0,5
合庫嘉義,00706L期元大S＆P日圓正2,5,0,5
合庫嘉義,00655L國泰中國A50正2,5,0,5
合庫嘉義,優群,5,0,5
合庫嘉義,東浦,5,0,5
合庫嘉義,912000晨訊科-DR,5,0,5
合庫嘉義,00939統一台灣高息動能,4,0,4
合庫嘉義,華通,4,0,4
合庫嘉義,臺企銀,7,3,4
合庫嘉義,鴻海,6,3,3
合庫嘉義,00692富邦公司治理,3,0,3
合庫嘉義,00882中信中國高股息,3,0,3
合庫嘉義,00900富邦特選高股息30,3,0,3
合庫嘉義,00679B元大美債20年,3,0,3
合庫嘉義,00910第一金太空衛星,3,0,3
合庫嘉義,冠西電,3,0,3
合庫嘉義,慧洋-KY,9,6,3
合庫嘉義,台新金,3,0,3
合庫嘉義,健和興,3,0,3
合庫嘉義,英濟,5,2,3
合庫嘉義,加百裕,4,1,3
合庫嘉義,和椿,5,2,3
合庫嘉義,驊訊,3,0,3
合庫嘉義,長華*,5,2,3
合庫嘉義,立��,3,0,3
合庫嘉義,訊芯-KY,4,1,3
合庫嘉義,北基,0,89,-89
合庫嘉義,00919群益台灣精選高息,7,65,-58
合庫嘉義,00664R國泰臺灣加權反1,0,38,-38
合庫嘉義,新盛力,11,47,-36
合庫嘉義,精成科,0,35,-35
合庫嘉義,00878國泰永續高股息,6,39,-33
合庫嘉義,新鉅科,0,30,-30
合庫嘉義,凱基金,0,25,-25
合庫嘉義,00931B統一美債20年,0,24,-24
合庫嘉義,中纖,2,24,-22
合庫嘉義,山林水,0,22,-22
合庫嘉義,00637L元大滬深300正2,1,22,-21
合庫嘉義,華航,0,21,-21
合庫嘉義,00909國泰數位支付服務,0,20,-20
合庫嘉義,00935野村臺灣新科技50,0,20,-20
合庫嘉義,00959B大華投等美債15Y+,0,20,-20
合庫嘉義,00940元大台灣價值高息,0,19,-19
合庫嘉義,00673R期元大S＆P原油反1,0,18,-18
合庫嘉義,創惟,1,19,-18
合庫嘉義,大同,2,20,-18
合庫嘉義,006208富邦台50,1,18,-17
合庫嘉義,00980B台新特選IG債10+,0,17,-17
合庫嘉義,台積電,4,21,-17
合庫嘉義,信音,0,15,-15
合庫嘉義,華城,16,30,-14
合庫嘉義,彬台,2,15,-13
合庫嘉義,波若威,2,14,-12
合庫嘉義,00891中信關鍵半導體,0,12,-12
合庫嘉義,志強-KY,4,16,-12
合庫嘉義,00918大華優利高填息30,0,11,-11
合庫嘉義,00929復華台灣科技優息,0,10,-10
合庫嘉義,東陽,0,10,-10
合庫嘉義,菱生,0,10,-10
合庫嘉義,宏致,0,10,-10
合庫嘉義,彩晶,0,10,-10
合庫嘉義,友訊,0,9,-9
合庫嘉義,卜蜂,0,8,-8
合庫嘉義,陽明,1,9,-8
合庫嘉義,華南金,0,8,-8
合庫嘉義,順達,0,7,-7
合庫嘉義,宏達電,26,33,-7
合庫嘉義,鴻準,1,8,-7
合庫嘉義,和碩,0,7,-7
合庫嘉義,英業達,3,10,-7
合庫嘉義,東森,0,6,-6
合庫嘉義,欣銓,0,6,-6
合庫嘉義,昇貿,0,6,-6
合庫嘉義,聯一光,0,6,-6
合庫嘉義,眾達-KY,7,13,-6
合庫嘉義,安鈦克,0,6,-6
永興大墩,00753L中信中國50正2,80,0,80
永興大墩,台中銀,55,0,55
永興大墩,00637L元大滬深300正2,71,51,20
永興大墩,大成鋼,15,0,15
永興大墩,聯電,12,0,12
永興大墩,00633L富邦上証正2,10,0,10
永興大墩,長榮,10,0,10
永興大墩,福興,10,0,10
永興大墩,華邦電,7,0,7
永興大墩,綠界科技*,6,0,6
永興大墩,光寶科,7,1,6
永興大墩,三晃,5,0,5
永興大墩,元大台灣50,5,0,5
永興大墩,系統電,5,0,5
永興大墩,立��,4,0,4
永興大墩,高技,4,0,4
永興大墩,致茂,3,0,3
永興大墩,宏達電,7,4,3
永興大墩,緯創,3,0,3
永興大墩,大宇資,3,0,3
永興大墩,新應材,2,0,2
永興大墩,00940元大台灣價值高息,2,0,2
永興大墩,00919群益台灣精選高息,2,0,2
永興大墩,00679B元大美債20年,2,0,2
永興大墩,和大,2,0,2
永興大墩,五鼎,2,0,2
永興大墩,所羅門,2,0,2
永興大墩,友達,2,0,2
永興大墩,東森,2,0,2
永興大墩,山富,3,1,2
永興大墩,滿心,2,0,2
永興大墩,新盛力,7,5,2
永興大墩,台林,2,0,2
永興大墩,力成,2,0,2
永興大墩,長華*,2,0,2
永興大墩,福懋科,2,0,2
永興大墩,國巨,1,0,1
永興大墩,岱宇,7,6,1
永興大墩,信錦,1,0,1
永興大墩,台聚,1,0,1
永興大墩,南亞,1,0,1
永興大墩,聯華,1,0,1
永興大墩,00882中信中國高股息,3,2,1
永興大墩,00852L國泰美國道瓊正2,1,0,1
永興大墩,佳能,1,0,1
永興大墩,威盛,1,0,1
永興大墩,南亞科,1,0,1
永興大墩,華航,1,0,1
永興大墩,台新金,1,0,1
永興大墩,晟銘電,1,0,1
永興大墩,環泥,0,38,-38
永興大墩,千興,0,26,-26
永興大墩,百和興業-KY,0,20,-20
永興大墩,順達,1,20,-19
永興大墩,廣達,0,12,-12
永興大墩,00951台新日本半導體,0,10,-10
永興大墩,旺宏,0,10,-10
永興大墩,神達,11,21,-10
永興大墩,昇陽半導體,4,12,-8
永興大墩,神基,0,6,-6
永興大墩,統振,0,5,-5
永興大墩,聯茂,0,5,-5
永興大墩,鴻準,1,5,-4
永興大墩,波若威,0,4,-4
永興大墩,亞翔,1,5,-4
永興大墩,昇達科,1,4,-3
永興大墩,日月光投控,0,3,-3
永興大墩,明泰,0,3,-3
永興大墩,興能高,2,5,-3
永興大墩,擎亞,0,3,-3
永興大墩,金像電,0,2,-2
永興大墩,00878國泰永續高股息,0,2,-2
永興大墩,00895富邦未來車,0,2,-2
永興大墩,00893國泰智能電動車,0,2,-2
永興大墩,00929復華台灣科技優息,0,2,-2
永興大墩,和桐,0,2,-2
永興大墩,華新,0,2,-2
永興大墩,中鋼,2,4,-2
永興大墩,新日興,0,2,-2
永興大墩,宏致,0,2,-2
永興大墩,均豪,0,2,-2
永興大墩,驊訊,0,2,-2
永興大墩,力積電,0,2,-2
永興大墩,台達電,0,1,-1
永興大墩,貿聯-KY,0,1,-1
永興大墩,聯發科,0,1,-1
永興大墩,宏全,0,1,-1
永興大墩,IKKA-KY,2,3,-1
永興大墩,中華,0,1,-1
永興大墩,華城,0,1,-1
永興大墩,00830國泰費城半導體,0,1,-1
永興大墩,00762元大全球AI,0,1,-1
永興大墩,中鴻,0,1,-1
永興大墩,00935野村臺灣新科技50,0,1,-1
永興大墩,矽統,0,1,-1
永興大墩,漢唐,1,2,-1
永興大墩,圓剛,0,1,-1
永興大墩,亞航,0,1,-1
永興大墩,三商壽,0,1,-1
永興大墩,國泰金,0,1,-1
兆豐民生,宏致,710,22,688
兆豐民生,艾笛森,494,0,494
兆豐民生,擎亞,270,15,255
兆豐民生,泰鼎-KY,182,0,182
兆豐民生,亞翔,101,5,96
兆豐民生,順達,82,4,78
兆豐民生,00665L富邦�琤肭磪囓�2,47,0,47
兆豐民生,長榮航,47,2,45
兆豐民生,00945B凱基美國非投等債,45,0,45
兆豐民生,00637L元大滬深300正2,45,0,45
兆豐民生,00881國泰台灣5G+,45,1,44
兆豐民生,00715L期街口布蘭特正2,35,0,35
兆豐民生,00753L中信中國50正2,31,0,31
兆豐民生,聯電,47,17,30
兆豐民生,偉訓,33,4,29
兆豐民生,創惟,34,13,21
兆豐民生,00937B群益ESG投等債20,17,0,17
兆豐民生,波若威,58,43,15
兆豐民生,致茂,12,0,12
兆豐民生,康霈*,13,2,11
兆豐民生,00882中信中國高股息,10,0,10
兆豐民生,台船,10,0,10
兆豐民生,玉山金,10,0,10
兆豐民生,虹堡,10,0,10
兆豐民生,台灣虎航,13,3,10
兆豐民生,新光金,11,2,9
兆豐民生,彬台,10,1,9
兆豐民生,環宇-KY,34,25,9
兆豐民生,00930永豐ESG低碳高息,8,0,8
兆豐民生,緯創,8,0,8
兆豐民生,富采,8,0,8
兆豐民生,新應材,7,0,7
兆豐民生,英業達,9,2,7
兆豐民生,亞光,13,6,7
兆豐民生,智通*,7,0,7
兆豐民生,台虹,7,1,6
兆豐民生,勤美,5,0,5
兆豐民生,和大,6,1,5
兆豐民生,中砂,7,2,5
兆豐民生,五福,7,2,5
兆豐民生,今皓,5,0,5
兆豐民生,群翊,5,0,5
兆豐民生,汎銓,5,0,5
兆豐民生,00632R元大台灣50反1,5,0,5
兆豐民生,台泥,4,0,4
兆豐民生,00941中信上游半導體,4,0,4
兆豐民生,國際中橡,4,0,4
兆豐民生,華通,22,18,4
兆豐民生,合一,4,0,4
兆豐民生,00631L元大台灣50正2,5,2,3
兆豐民生,凱美,52,265,-213
兆豐民生,立隆電,9,132,-123
兆豐民生,立敦,90,171,-81
兆豐民生,00980B台新特選IG債10+,0,70,-70
兆豐民生,佳邦,0,64,-64
兆豐民生,鈺邦,0,55,-55
兆豐民生,00877復華中國5G,0,50,-50
兆豐民生,00929復華台灣科技優息,0,41,-41
兆豐民生,力積電,3,42,-39
兆豐民生,神達,75,114,-39
兆豐民生,00921兆豐龍頭等權重,5,41,-36
兆豐民生,日月光投控,1,31,-30
兆豐民生,宏達電,193,222,-29
兆豐民生,國喬,0,20,-20
兆豐民生,合庫金,0,20,-20
兆豐民生,00932兆豐永續高息等權,0,15,-15
兆豐民生,新日興,6,21,-15
兆豐民生,立端,0,15,-15
兆豐民生,穎漢,0,14,-14
兆豐民生,華星光,70,84,-14
兆豐民生,金雨,0,12,-12
兆豐民生,華夏,0,10,-10
兆豐民生,聯成,0,10,-10
兆豐民生,精英,0,10,-10
兆豐民生,麗臺,0,10,-10
兆豐民生,日電貿,0,10,-10
兆豐民生,精材,61,71,-10
兆豐民生,啟��,0,10,-10
兆豐民生,泰金寶-DR,1,11,-10
兆豐民生,00713元大台灣高息低波,9,19,-10
兆豐民生,欣銓,0,9,-9
兆豐民生,台聚,1,10,-9
兆豐民生,中鴻,1,10,-9
兆豐民生,京城銀,0,9,-9
兆豐民生,亞聚,2,10,-8
兆豐民生,佳和,0,8,-8
兆豐民生,元大台灣50,0,8,-8
兆豐民生,台達電,10,17,-7
兆豐民生,00878國泰永續高股息,0,7,-7
兆豐民生,聯華食,0,7,-7
兆豐民生,台苯,0,7,-7
兆豐民生,皇昌,4,11,-7
兆豐民生,致伸,4,11,-7
兆豐民生,惠特,3,10,-7
兆豐民生,00907永豐優息存股,0,6,-6
兆豐民生,00642U期元大S＆P石油,0,6,-6
兆豐民生,旭富,0,6,-6
兆豐民生,龍德造船,0,6,-6
兆豐民生,台積電,5,10,-5
兆豐民生,00940元大台灣價值高息,0,5,-5
永全,菱生,158,0,158
永全,00637L元大滬深300正2,274,150,124
永全,聯電,176,92,84
永全,00882中信中國高股息,51,0,51
永全,彰銀,50,0,50
永全,統一證,50,0,50
永全,新纖,35,0,35
永全,00878國泰永續高股息,34,0,34
永全,連展投控,30,0,30
永全,遠雄港,26,0,26
永全,緯創,30,6,24
永全,金山電,20,0,20
永全,欣興,18,0,18
永全,新漢,16,0,16
永全,00664R國泰臺灣加權反1,15,0,15
永全,中鋼,19,4,15
永全,台聚,10,0,10
永全,00650L復華香港正2,10,0,10
永全,00900富邦特選高股息30,10,0,10
永全,台玻,10,0,10
永全,台新金,10,0,10
永全,00757統一FANG+,9,0,9
永全,星宇航空,10,1,9
永全,英業達,8,0,8
永全,揚智,8,0,8
永全,晟德,8,0,8
永全,陽明,9,2,7
永全,立隆電,9,2,7
永全,台通,7,0,7
永全,中石化,6,0,6
永全,大同,12,6,6
永全,京城銀,6,0,6
永全,玉山金,6,0,6
永全,00950B凱基A級公司債,5,0,5
永全,00921兆豐龍頭等權重,5,0,5
永全,建大,5,0,5
永全,華通,7,2,5
永全,鴻準,9,4,5
永全,廣達,6,1,5
永全,晟銘電,11,6,5
永全,亞光,8,3,5
永全,穎漢,5,0,5
永全,聯鈞,9,5,4
永全,精英,5,1,4
永全,友訊,5,1,4
永全,技嘉,4,0,4
永全,淘帝-KY,4,0,4
永全,加百裕,5,1,4
永全,眾達-KY,10,6,4
永全,亞翔,8,4,4
永全,國泰金,0,68,-68
永全,瑞軒,0,49,-49
永全,富邦金,1,43,-42
永全,力積電,51,92,-41
永全,台塑,10,50,-40
永全,00680L元大美債20正2,0,33,-33
永全,長榮航,10,34,-24
永全,00940元大台灣價值高息,0,22,-22
永全,擎亞,0,22,-22
永全,00712復華富時不動產,0,20,-20
永全,00929復華台灣科技優息,1,21,-20
永全,華晶科,0,20,-20
永全,欣銓,0,20,-20
永全,旺玖,0,20,-20
永全,群創,1,18,-17
永全,00936台新永續高息中小,0,15,-15
永全,亞航,5,20,-15
永全,凱基金,0,15,-15
永全,日月光投控,0,14,-14
永全,宏達電,84,98,-14
永全,華航,1,15,-14
永全,彩晶,4,16,-12
永全,寶成,3,15,-12
永全,迅得,1,12,-11
永全,第一銅,0,10,-10
永全,普安,0,10,-10
永全,華南金,0,10,-10
永全,中信金,0,10,-10
永全,健和興,0,10,-10
永全,聯詠,0,10,-10
永全,彬台,0,10,-10
永全,宏致,0,10,-10
永全,瑞智,0,10,-10
永全,奇鋐,1,11,-10
永全,00919群益台灣精選高息,3,12,-9
永全,中釉,0,9,-9
永全,富華新,0,9,-9
永全,長榮,1,9,-8
永全,台積電,18,26,-8
永全,新日興,0,6,-6
永全,建暐,0,6,-6
永全,00941中信上游半導體,0,5,-5
永全,華新,4,9,-5
永全,和桐,0,5,-5
永全,富喬,2,7,-5
永全,全新,1,6,-5
永全,宜特,0,5,-5
永全,昇貿,0,5,-5
永全,事欣科,0,5,-5
永全,矽格,0,5,-5
中農,00664R國泰臺灣加權反1,300,0,300
中農,00671R富邦NASDAQ反1,200,0,200
中農,00669R國泰美國道瓊反1,200,0,200
中農,聯電,163,8,155
中農,聯合再生,125,0,125
中農,力積電,121,37,84
中農,00882中信中國高股息,52,0,52
中農,00878國泰永續高股息,54,9,45
中農,全球傳動,35,0,35
中農,台航,31,0,31
中農,00632R元大台灣50反1,32,2,30
中農,00972野村日本動能高息,30,0,30
中農,昇陽半導體,28,2,26
中農,大銀微系統,28,2,26
中農,中鋼,26,0,26
中農,鴻準,28,4,24
中農,00950B凱基A級公司債,20,0,20
中農,盛餘,20,0,20
中農,皇翔,20,0,20
中農,元創精密,20,0,20
中農,建漢,20,2,18
中農,和大,16,0,16
中農,聯光通,21,6,15
中農,南亞科,13,0,13
中農,友華,13,0,13
中農,合庫金,13,0,13
中農,京元電子,11,0,11
中農,緯創,11,0,11
中農,新興,10,0,10
中農,00969B元大零息超長美債,10,0,10
中農,華邦電,12,2,10
中農,星宇航空,10,0,10
中農,加百裕,27,17,10
中農,雙鴻,10,0,10
中農,均華,10,0,10
中農,廣達,11,2,9
中農,訊芯-KY,15,6,9
中農,00919群益台灣精選高息,9,0,9
中農,欣興,11,3,8
中農,展宇,8,0,8
中農,三聯,8,0,8
中農,豪勉,7,0,7
中農,富威電力,8,1,7
中農,台化,11,5,6
中農,和椿,13,7,6
中農,00953B群益優選非投等債,5,0,5
中農,00935野村臺灣新科技50,5,0,5
中農,萬潤,11,6,5
中農,00875國泰網路資安,4,0,4
中農,南僑,4,0,4
中農,00665L富邦�琤肭磪囓�2,10,380,-370
中農,中環,0,122,-122
中農,00929復華台灣科技優息,0,105,-105
中農,矽格,0,82,-82
中農,宏達電,13,84,-71
中農,00936台新永續高息中小,0,60,-60
中農,00930永豐ESG低碳高息,0,50,-50
中農,泰金寶-DR,14,49,-35
中農,00700富邦�琤肭磪�,0,30,-30
中農,凱基金,0,28,-28
中農,友達,3,27,-24
中農,00752中信中國50,4,27,-23
中農,00897富邦基因免疫生技,0,23,-23
中農,00905FT臺灣Smart,0,20,-20
中農,00753L中信中國50正2,0,20,-20
中農,中石化,0,20,-20
中農,鈺德,0,20,-20
中農,悅城,0,20,-20
中農,新盛力,2,21,-19
中農,鴻海,11,26,-15
中農,陽明,2,16,-14
中農,華城,0,14,-14
中農,神達,60,72,-12
中農,欣銓,1,13,-12
中農,群創,0,12,-12
中農,安克,0,12,-12
中農,順達,3,15,-12
中農,上銀,11,22,-11
中農,鈞興-KY,0,11,-11
中農,良維,0,11,-11
中農,國喬,0,10,-10
中農,中華電,0,10,-10
中農,華南金,0,10,-10
中農,國泰金,0,10,-10
中農,遠百,0,10,-10
中農,光鋐,0,10,-10
中農,世界,5,15,-10
中農,臺企銀,0,9,-9
中農,事欣科,2,10,-8
中農,台積電,7,14,-7
中農,台塑,3,10,-7
中農,亞聚,0,7,-7
中農,台揚,0,7,-7
中農,杭特,0,7,-7
中農,憶聲,0,6,-6
中農,國光生,6,12,-6
中農,弘塑,0,5,-5
中農,華通,13,18,-5
中農,萬海,2,7,-5
中農,健策,0,5,-5
 元大蘆中,00937B群益ESG投等債20,323,0,323
 元大蘆中,聯電,151,15,136
 元大蘆中,00753L中信中國50正2,119,0,119
 元大蘆中,00688L國泰20年美債正2,81,0,81
 元大蘆中,00919群益台灣精選高息,99,34,65
 元大蘆中,力積電,93,31,62
 元大蘆中,愛之味,50,0,50
 元大蘆中,00637L元大滬深300正2,93,47,46
 元大蘆中,00679B元大美債20年,45,0,45
 元大蘆中,00632R元大台灣50反1,42,0,42
 元大蘆中,00878國泰永續高股息,48,15,33
 元大蘆中,00858永豐美國500大,30,0,30
 元大蘆中,萬海,32,5,27
 元大蘆中,00664R國泰臺灣加權反1,27,0,27
 元大蘆中,元大高股息,25,1,24
 元大蘆中,第一金,23,0,23
 元大蘆中,00918大華優利高填息30,26,4,22
 元大蘆中,新盛力,81,60,21
 元大蘆中,瀚宇博,20,0,20
 元大蘆中,00650L復華香港正2,20,0,20
 元大蘆中,00971野村美國研發龍頭,23,3,20
 元大蘆中,鴻海,31,12,19
 元大蘆中,加百裕,117,98,19
 元大蘆中,精成科,34,15,19
 元大蘆中,海光,15,0,15
 元大蘆中,神基,16,1,15
 元大蘆中,台灣虎航,20,5,15
 元大蘆中,00633L富邦上証正2,14,0,14
 元大蘆中,大同,30,17,13
 元大蘆中,華夏,21,8,13
 元大蘆中,汎銓,13,0,13
 元大蘆中,詮欣,13,0,13
 元大蘆中,富喬,46,33,13
 元大蘆中,欣興,16,3,13
 元大蘆中,達邁,55,43,12
 元大蘆中,裕隆,22,10,12
 元大蘆中,西勝,14,2,12
 元大蘆中,光聯,13,1,12
 元大蘆中,健策,11,0,11
 元大蘆中,00882中信中國高股息,13,2,11
 元大蘆中,00686R群益臺灣加權反1,11,0,11
 元大蘆中,力成,10,0,10
 元大蘆中,亞聚,10,0,10
 元大蘆中,00752中信中國50,10,0,10
 元大蘆中,00636國泰中國A50,10,0,10
 元大蘆中,華友聯,10,0,10
 元大蘆中,華固,10,0,10
 元大蘆中,華榮,10,0,10
 元大蘆中,00712復華富時不動產,10,0,10
 元大蘆中,正德,10,0,10
 元大蘆中,00965元大航太防衛科技,5,171,-166
 元大蘆中,艾笛森,2,122,-120
 元大蘆中,一詮,22,140,-118
 元大蘆中,00669R國泰美國道瓊反1,9,126,-117
 元大蘆中,00940元大台灣價值高息,4,103,-99
 元大蘆中,00929復華台灣科技優息,1,90,-89
 元大蘆中,00830國泰費城半導體,4,75,-71
 元大蘆中,宏致,13,78,-65
 元大蘆中,神達,125,185,-60
 元大蘆中,00933B國泰10Y+金融債,0,50,-50
 元大蘆中,友達,8,50,-42
 元大蘆中,元大台灣50,1,40,-39
 元大蘆中,宏達電,97,130,-33
 元大蘆中,上曜,0,30,-30
 元大蘆中,00926凱基全球菁英55,1,30,-29
 元大蘆中,中信金,0,28,-28
 元大蘆中,華南金,0,26,-26
 元大蘆中,連展投控,6,31,-25
 元大蘆中,遠東新,0,25,-25
 元大蘆中,新日興,16,38,-22
 元大蘆中,中華電,0,22,-22
 元大蘆中,00951台新日本半導體,0,22,-22
 元大蘆中,集雅社,0,21,-21
 元大蘆中,南亞科,1,22,-21
 元大蘆中,擎亞,34,55,-21
 元大蘆中,華星光,59,79,-20
 元大蘆中,天宇,0,20,-20
 元大蘆中,國統,0,20,-20
 元大蘆中,興能高,134,151,-17
 元大蘆中,00947台新臺灣IC設計,0,16,-16
 元大蘆中,00894中信小資高價30,0,16,-16
 元大蘆中,00939統一台灣高息動能,0,16,-16
 元大蘆中,00646元大S＆P500,0,15,-15
 元大蘆中,玉山金,0,15,-15
 元大蘆中,立隆電,17,32,-15
 元大蘆中,昇達科,10,25,-15
 元大蘆中,雷虎,0,14,-14
 元大蘆中,中鴻,7,21,-14
 元大蘆中,訊芯-KY,8,22,-14
 元大蘆中,TPK-KY,2,15,-13
 元大蘆中,台塑,30,42,-12
 元大蘆中,群創,8,19,-11
 元大蘆中,旺宏,2,13,-11
 元大蘆中,萬泰科,0,11,-11
 元大蘆中,東台,0,10,-10
 元大蘆中,國精化,0,10,-10
 元大蘆中,光寶科,2,12,-10
 元大蘆中,00946群益科技高息成長,0,10,-10
 元大蘆中,冠西電,0,10,-10
 元大蘆中,ABC-KY,0,10,-10
統一中壢  ,長榮航,1601,8,1593
統一中壢  ,華航,330,14,316
統一中壢  ,00878國泰永續高股息,273,20,253
統一中壢  ,康和證,231,0,231
統一中壢  ,00937B群益ESG投等債20,125,0,125
統一中壢  ,00637L元大滬深300正2,166,60,106
統一中壢  ,00753L中信中國50正2,136,31,105
統一中壢  ,00665L富邦�琤肭磪囓�2,269,167,102
統一中壢  ,亞翔,107,5,102
統一中壢  ,統一實,100,0,100
統一中壢  ,聯電,115,21,94
統一中壢  ,力積電,68,5,63
統一中壢  ,00706L期元大S＆P日圓正2,53,0,53
統一中壢  ,00953B群益優選非投等債,52,0,52
統一中壢  ,皇普,50,0,50
統一中壢  ,新光金,51,13,38
統一中壢  ,00687B國泰20年美債,32,0,32
統一中壢  ,00918大華優利高填息30,34,2,32
統一中壢  ,緯創,35,10,25
統一中壢  ,00632R元大台灣50反1,25,0,25
統一中壢  ,00969B元大零息超長美債,24,0,24
統一中壢  ,00770國泰北美科技,22,0,22
統一中壢  ,宏��,22,0,22
統一中壢  ,友訊,22,0,22
統一中壢  ,玉晶光,23,2,21
統一中壢  ,00713元大台灣高息低波,25,4,21
統一中壢  ,00927群益半導體收益,30,10,20
統一中壢  ,泓德能源,20,0,20
統一中壢  ,00950B凱基A級公司債,18,0,18
統一中壢  ,原相,18,0,18
統一中壢  ,006208富邦台50,17,1,16
統一中壢  ,00752中信中國50,13,0,13
統一中壢  ,00636國泰中國A50,12,0,12
統一中壢  ,00965元大航太防衛科技,12,0,12
統一中壢  ,英業達,13,1,12
統一中壢  ,陽明,15,3,12
統一中壢  ,艾訊,12,0,12
統一中壢  ,王道銀行,11,0,11
統一中壢  ,宏齊,12,1,11
統一中壢  ,合庫金,10,0,10
統一中壢  ,健鼎,10,0,10
統一中壢  ,00795B中信美國公債20年,10,0,10
統一中壢  ,微星,10,0,10
統一中壢  ,博磊,10,0,10
統一中壢  ,研通,10,0,10
統一中壢  ,伯特光,10,0,10
統一中壢  ,磐儀,9,0,9
統一中壢  ,台通,9,0,9
統一中壢  ,和椿,21,12,9
統一中壢  ,宏達電,25,16,9
統一中壢  ,00926凱基全球菁英55,1,230,-229
統一中壢  ,00712復華富時不動產,1,110,-109
統一中壢  ,00980B台新特選IG債10+,0,89,-89
統一中壢  ,台達電,2,68,-66
統一中壢  ,00966B統一ESG投等債15,0,50,-50
統一中壢  ,00882中信中國高股息,3,52,-49
統一中壢  ,宏致,10,56,-46
統一中壢  ,00929復華台灣科技優息,7,53,-46
統一中壢  ,00830國泰費城半導體,2,47,-45
統一中壢  ,大同,3,46,-43
統一中壢  ,欣銓,4,44,-40
統一中壢  ,凱基金,0,37,-37
統一中壢  ,00922國泰台灣領袖50,0,36,-36
統一中壢  ,00892富邦台灣半導體,0,32,-32
統一中壢  ,00887永豐中國科技50大,0,31,-31
統一中壢  ,00891中信關鍵半導體,0,30,-30
統一中壢  ,00673R期元大S＆P原油反1,0,30,-30
統一中壢  ,零壹,6,34,-28
統一中壢  ,臺企銀,0,28,-28
統一中壢  ,元大高股息,7,31,-24
統一中壢  ,正德,0,20,-20
統一中壢  ,加捷生醫,0,20,-20
統一中壢  ,南茂,8,28,-20
統一中壢  ,日月光投控,1,16,-15
統一中壢  ,友達,0,15,-15
統一中壢  ,中興電,1,15,-14
統一中壢  ,聯發科,1,15,-14
統一中壢  ,神達,34,46,-12
統一中壢  ,燿華,0,12,-12
統一中壢  ,連展投控,0,12,-12
統一中壢  ,00951台新日本半導體,0,11,-11
統一中壢  ,南亞,0,11,-11
統一中壢  ,新盛力,16,26,-10
統一中壢  ,00931B統一美債20年,0,10,-10
統一中壢  ,葡萄王,0,10,-10
統一中壢  ,華泰,0,10,-10
統一中壢  ,晶技,0,10,-10
統一中壢  ,台積電,1,11,-10
統一中壢  ,亞光,6,16,-10
統一中壢  ,00940元大台灣價值高息,7,16,-9
統一中壢  ,華新,0,9,-9
統一中壢  ,華通,3,12,-9
統一中壢  ,萬海,0,9,-9
統一中壢  ,達邁,9,18,-9
統一中壢  ,台塑,1,10,-9
統一中壢  ,華碩,3,12,-9
統一中壢  ,台泥,0,8,-8
統一中壢  ,彬台,2,10,-8
統一中壢  ,立隆電,5,12,-7
統一中壢  ,00662富邦NASDAQ,0,7,-7
永豐潮州,00665L富邦�琤肭磪囓�2,3659,696,2963
永豐潮州,聯電,79,6,73
永豐潮州,00953B群益優選非投等債,70,0,70
永豐潮州,00637L元大滬深300正2,67,0,67
永豐潮州,00919群益台灣精選高息,30,0,30
永豐潮州,連展投控,21,0,21
永豐潮州,佳能,21,1,20
永豐潮州,緯創,27,7,20
永豐潮州,中鋼,19,0,19
永豐潮州,邁達特,15,0,15
永豐潮州,彬台,16,2,14
永豐潮州,金寶,13,0,13
永豐潮州,宏��,12,0,12
永豐潮州,力成,13,1,12
永豐潮州,廣達,11,0,11
永豐潮州,00918大華優利高填息30,11,0,11
永豐潮州,台泥,11,0,11
永豐潮州,彰銀,10,0,10
永豐潮州,大億金茂,10,0,10
永豐潮州,能率,10,1,9
永豐潮州,倉佑,8,0,8
永豐潮州,英業達,15,8,7
永豐潮州,00878國泰永續高股息,14,8,6
永豐潮州,兆豐金,6,0,6
永豐潮州,00940元大台灣價值高息,5,0,5
永豐潮州,00632R元大台灣50反1,5,0,5
永豐潮州,00673R期元大S＆P原油反1,5,0,5
永豐潮州,大同,15,10,5
永豐潮州,佰鴻,5,0,5
永豐潮州,東台,5,0,5
永豐潮州,群創,15,10,5
永豐潮州,00909國泰數位支付服務,4,0,4
永豐潮州,00858永豐美國500大,4,0,4
永豐潮州,鴻準,7,3,4
永豐潮州,亞光,6,2,4
永豐潮州,桓達,7,3,4
永豐潮州,台積電,7,3,4
永豐潮州,立隆電,14,11,3
永豐潮州,欣興,4,1,3
永豐潮州,00772B中信高評級公司債,3,0,3
永豐潮州,00706L期元大S＆P日圓正2,3,0,3
永豐潮州,亞泥,3,0,3
永豐潮州,燁興,3,0,3
永豐潮州,春源,3,0,3
永豐潮州,新日興,3,0,3
永豐潮州,和椿,3,0,3
永豐潮州,保瑞,3,0,3
永豐潮州,伊雲谷,3,0,3
永豐潮州,昇陽半導體,3,0,3
永豐潮州,雷虎,3,0,3
永豐潮州,00929復華台灣科技優息,0,72,-72
永豐潮州,00720B元大投資級公司債,0,40,-40
永豐潮州,00751B元大AAA至A公司債,0,25,-25
永豐潮州,建準,0,25,-25
永豐潮州,國泰金,0,23,-23
永豐潮州,泰金寶-DR,10,32,-22
永豐潮州,力特,0,21,-21
永豐潮州,達邁,4,23,-19
永豐潮州,統新,3,22,-19
永豐潮州,00971野村美國研發龍頭,0,17,-17
永豐潮州,海悅,6,23,-17
永豐潮州,拓凱,2,17,-15
永豐潮州,欣銓,0,11,-11
永豐潮州,光菱,0,10,-10
永豐潮州,中美晶,0,9,-9
永豐潮州,日月光投控,0,8,-8
永豐潮州,宏達電,26,34,-8
永豐潮州,力積電,11,19,-8
永豐潮州,神達,23,31,-8
永豐潮州,jpp-KY,0,7,-7
永豐潮州,奇鋐,2,9,-7
永豐潮州,凌陽,0,6,-6
永豐潮州,萬海,0,6,-6
永豐潮州,00931B統一美債20年,0,5,-5
永豐潮州,00712復華富時不動產,0,5,-5
永豐潮州,00749B凱基新興債10+,0,5,-5
永豐潮州,光寶科,0,5,-5
永豐潮州,華南金,0,5,-5
永豐潮州,西勝,0,5,-5
永豐潮州,鈞興-KY,0,5,-5
永豐潮州,安��,0,5,-5
永豐潮州,寶成,0,5,-5
永豐潮州,凱基金,0,4,-4
永豐潮州,宏致,1,5,-4
永豐潮州,華宏,0,4,-4
永豐潮州,00631L元大台灣50正2,0,3,-3
永豐潮州,00735國泰臺韓科技,0,3,-3
永豐潮州,國喬,0,3,-3
永豐潮州,友訊,1,4,-3
永豐潮州,皇昌,0,3,-3
永豐潮州,艾訊,0,3,-3
永豐潮州,波若威,4,7,-3
永豐潮州,台塑,2,5,-3
永豐潮州,00930永豐ESG低碳高息,0,2,-2
永豐潮州,00954中信日本半導體,0,2,-2
永豐潮州,00911兆豐洲際半導體,0,2,-2
永豐潮州,00907永豐優息存股,0,2,-2
永豐潮州,00830國泰費城半導體,0,2,-2
永豐潮州,00962台新AI優息動能,0,2,-2
永豐潮州,福懋油,0,2,-2
高    橋,聯電,363,17,346
高    橋,00632R元大台灣50反1,132,0,132
高    橋,00882中信中國高股息,116,0,116
高    橋,00753L中信中國50正2,72,0,72
高    橋,00953B群益優選非投等債,54,0,54
高    橋,台新金,54,0,54
高    橋,台玻,52,0,52
高    橋,遠東銀,50,5,45
高    橋,00919群益台灣精選高息,98,55,43
高    橋,興能高,99,59,40
高    橋,達邁,59,24,35
高    橋,英業達,39,5,34
高    橋,群創,44,11,33
高    橋,緯創,45,15,30
高    橋,遠百,25,0,25
高    橋,台灣大,25,0,25
高    橋,00878國泰永續高股息,35,12,23
高    橋,千附精密,25,2,23
高    橋,00637L元大滬深300正2,25,4,21
高    橋,00673R期元大S＆P原油反1,20,0,20
高    橋,亞力,20,0,20
高    橋,熱映,20,0,20
高    橋,三晃,20,0,20
高    橋,陽明,42,22,20
高    橋,IKKA-KY,18,1,17
高    橋,TPK-KY,23,6,17
高    橋,華邦電,31,15,16
高    橋,鈺創,17,1,16
高    橋,00909國泰數位支付服務,16,0,16
高    橋,00713元大台灣高息低波,15,0,15
高    橋,輔信,14,0,14
高    橋,00680L元大美債20正2,20,6,14
高    橋,00915凱基優選高股息30,14,0,14
高    橋,泰金寶-DR,27,14,13
高    橋,所羅門,15,2,13
高    橋,鴻準,13,0,13
高    橋,新盛力,44,33,11
高    橋,00679B元大美債20年,11,0,11
高    橋,台泥,12,1,11
高    橋,全新,13,3,10
高    橋,大銀微系統,12,2,10
高    橋,00945B凱基美國非投等債,10,0,10
高    橋,廣宇,12,2,10
高    橋,台塑化,11,1,10
高    橋,00948B中信優息投資級債,10,0,10
高    橋,兆豐金,10,0,10
高    橋,欣興,11,2,9
高    橋,00954中信日本半導體,10,1,9
高    橋,艾訊,9,0,9
高    橋,嘉彰,9,0,9
高    橋,新光金,0,191,-191
高    橋,神達,65,180,-115
高    橋,南仁湖,1,78,-77
高    橋,凱基金,1,69,-68
高    橋,00662富邦NASDAQ,0,50,-50
高    橋,欣銓,0,45,-45
高    橋,友達,18,58,-40
高    橋,萬海,0,34,-34
高    橋,燿華,5,36,-31
高    橋,漢唐,0,28,-28
高    橋,大同,4,25,-21
高    橋,博磊,0,20,-20
高    橋,鼎元,0,20,-20
高    橋,湧德,1,21,-20
高    橋,宏致,13,33,-20
高    橋,尚立,0,20,-20
高    橋,00926凱基全球菁英55,0,20,-20
高    橋,力積電,73,93,-20
高    橋,臺企銀,2,20,-18
高    橋,柏承,3,20,-17
高    橋,連展投控,5,21,-16
高    橋,瑞儀,0,15,-15
高    橋,迅得,2,17,-15
高    橋,00929復華台灣科技優息,34,48,-14
高    橋,富喬,17,30,-13
高    橋,連宇,0,13,-13
高    橋,立敦,49,62,-13
高    橋,富邦金,13,25,-12
高    橋,金寶,14,26,-12
高    橋,00642U期元大S＆P石油,3,15,-12
高    橋,訊芯-KY,3,15,-12
高    橋,彬台,4,16,-12
高    橋,國泰金,1,13,-12
高    橋,誠美材,0,11,-11
高    橋,穎漢,4,15,-11
高    橋,華航,10,21,-11
高    橋,日月光投控,3,13,-10
高    橋,華城,5,15,-10
高    橋,敬鵬,0,10,-10
高    橋,00715L期街口布蘭特正2,0,10,-10
高    橋,M31,0,10,-10
高    橋,00936台新永續高息中小,0,10,-10
高    橋,光寶科,0,9,-9
高    橋,精成科,9,18,-9
高    橋,華南金,0,9,-9
高    橋,敦泰,0,9,-9
高    橋,南亞,1,10,-9
高    橋,力山,2,11,-9
高    橋,宏達電,36,45,-9
高    橋,00877復華中國5G,0,8,-8
 元大鳳山,聯電,167,36,131
 元大鳳山,富喬,112,44,68
 元大鳳山,00937B群益ESG投等債20,64,0,64
 元大鳳山,兆豐金,60,0,60
 元大鳳山,00858永豐美國500大,45,0,45
 元大鳳山,華晶科,40,0,40
 元大鳳山,英業達,39,5,34
 元大鳳山,泰金寶-DR,50,19,31
 元大鳳山,力積電,86,56,30
 元大鳳山,寶得利,35,5,30
 元大鳳山,上曜,30,1,29
 元大鳳山,00919群益台灣精選高息,31,6,25
 元大鳳山,元大金,22,0,22
 元大鳳山,欣興,23,3,20
 元大鳳山,00713元大台灣高息低波,23,3,20
 元大鳳山,和大,20,0,20
 元大鳳山,大亞,20,0,20
 元大鳳山,00673R期元大S＆P原油反1,17,0,17
 元大鳳山,第一金,27,10,17
 元大鳳山,強茂,17,2,15
 元大鳳山,華容,15,1,14
 元大鳳山,亞航,16,3,13
 元大鳳山,合庫金,13,0,13
 元大鳳山,三商壽,13,1,12
 元大鳳山,橘子,12,0,12
 元大鳳山,定穎投控,14,2,12
 元大鳳山,廣達,12,0,12
 元大鳳山,臺企銀,28,17,11
 元大鳳山,台船,10,0,10
 元大鳳山,大銀微系統,14,4,10
 元大鳳山,僑威,22,12,10
 元大鳳山,聯邦銀,10,0,10
 元大鳳山,湧德,9,0,9
 元大鳳山,南仁湖,9,0,9
 元大鳳山,擎亞,13,4,9
 元大鳳山,中宇,8,0,8
 元大鳳山,眾達-KY,25,18,7
 元大鳳山,能率網通,9,2,7
 元大鳳山,長科*,7,0,7
 元大鳳山,光洋科,6,0,6
 元大鳳山,福懋油,6,0,6
 元大鳳山,00968B元大優息投等債,6,0,6
 元大鳳山,日電貿,10,4,6
 元大鳳山,00882中信中國高股息,6,0,6
 元大鳳山,麗正,6,0,6
 元大鳳山,緯創,28,23,5
 元大鳳山,00912中信臺灣智慧50,5,0,5
 元大鳳山,00637L元大滬深300正2,56,51,5
 元大鳳山,精英,5,0,5
 元大鳳山,加百裕,14,9,5
 元大鳳山,00965元大航太防衛科技,7,216,-209
 元大鳳山,華南金,0,154,-154
 元大鳳山,00680L元大美債20正2,0,128,-128
 元大鳳山,00940元大台灣價值高息,8,129,-121
 元大鳳山,神達,141,187,-46
 元大鳳山,宏觀,0,42,-42
 元大鳳山,00929復華台灣科技優息,1,41,-40
 元大鳳山,006208富邦台50,1,39,-38
 元大鳳山,群創,3,30,-27
 元大鳳山,00679B元大美債20年,4,30,-26
 元大鳳山,00939統一台灣高息動能,0,26,-26
 元大鳳山,富鼎,0,23,-23
 元大鳳山,允強,0,22,-22
 元大鳳山,00665L富邦�琤肭磪囓�2,10,30,-20
 元大鳳山,宏達電,40,58,-18
 元大鳳山,欣銓,8,25,-17
 元大鳳山,新盛力,45,59,-14
 元大鳳山,00951台新日本半導體,0,14,-14
 元大鳳山,華航,1,14,-13
 元大鳳山,國泰金,1,13,-12
 元大鳳山,台燿,0,12,-12
 元大鳳山,元大高股息,16,27,-11
 元大鳳山,斐成,0,11,-11
 元大鳳山,台中銀,0,11,-11
 元大鳳山,御嵿,0,11,-11
 元大鳳山,楠梓電,5,16,-11
 元大鳳山,艾訊,0,10,-10
 元大鳳山,00634R富邦上証反1,0,10,-10
 元大鳳山,首利,0,10,-10
 元大鳳山,00923群益台ESG低碳50,0,10,-10
 元大鳳山,中光電,1,10,-9
 元大鳳山,台塑,3,12,-9
 元大鳳山,儒鴻,0,9,-9
 元大鳳山,00757統一FANG+,0,8,-8
 元大鳳山,南亞,4,12,-8
 元大鳳山,精剛,0,8,-8
 元大鳳山,錸德,1,9,-8
 元大鳳山,00909國泰數位支付服務,0,7,-7
 元大鳳山,益航,0,6,-6
 元大鳳山,大同,5,11,-6
 元大鳳山,和碩,0,6,-6
 元大鳳山,順達,9,15,-6
 元大鳳山,光寶科,0,6,-6
 元大鳳山,精成科,0,6,-6
 元大鳳山,新光金,5,11,-6
 元大鳳山,亞翔,1,6,-5
 元大鳳山,00692富邦公司治理,0,5,-5
 元大鳳山,驊訊,3,8,-5
 元大鳳山,宏致,4,9,-5
 元大鳳山,廣宇,12,17,-5
華南大甲,泰金寶-DR,307,3,304
華南大甲,00935野村臺灣新科技50,19,0,19
華南大甲,昆盈,21,2,19
華南大甲,穎漢,15,0,15
華南大甲,貿聯-KY,16,2,14
華南大甲,00924復華S＆P500成長,13,0,13
華南大甲,濱川,10,0,10
華南大甲,昇陽半導體,10,0,10
華南大甲,00937B群益ESG投等債20,8,0,8
華南大甲,眾達-KY,8,3,5
華南大甲,千興,5,0,5
華南大甲,三商電,5,0,5
華南大甲,嘉威,5,0,5
華南大甲,00919群益台灣精選高息,4,0,4
華南大甲,00687B國泰20年美債,4,0,4
華南大甲,聯電,10,6,4
華南大甲,緯創,4,0,4
華南大甲,金寶,4,0,4
華南大甲,國泰金,5,1,4
華南大甲,前鼎,6,2,4
華南大甲,元大高股息,4,0,4
華南大甲,00905FT臺灣Smart,3,0,3
華南大甲,00933B國泰10Y+金融債,3,0,3
華南大甲,00882中信中國高股息,3,0,3
華南大甲,00655L國泰中國A50正2,3,0,3
華南大甲,聲寶,3,0,3
華南大甲,華通,4,1,3
華南大甲,宏達電,5,2,3
華南大甲,彰銀,3,0,3
華南大甲,訊舟,3,0,3
華南大甲,達邁,6,3,3
華南大甲,台表科,3,0,3
華南大甲,宏捷科,3,0,3
華南大甲,鈊象,2,0,2
華南大甲,00633L富邦上証正2,2,0,2
華南大甲,00753L中信中國50正2,2,0,2
華南大甲,展宇,2,0,2
華南大甲,中信金,2,0,2
華南大甲,柏騰,2,0,2
華南大甲,合庫金,2,0,2
華南大甲,精成科,5,3,2
華南大甲,台郡,2,0,2
華南大甲,康霈*,2,0,2
華南大甲,南茂,2,0,2
華南大甲,00878國泰永續高股息,1,0,1
華南大甲,M31,1,0,1
華南大甲,力智,1,0,1
華南大甲,00665L富邦�琤肭磪囓�2,2,1,1
華南大甲,00725B國泰投資級公司債,1,0,1
華南大甲,00720B元大投資級公司債,1,0,1
華南大甲,00943兆豐電子高息等權,0,100,-100
華南大甲,00637L元大滬深300正2,0,57,-57
華南大甲,00901永豐智能車供應鏈,0,50,-50
華南大甲,高端疫苗,0,50,-50
華南大甲,裕隆,0,42,-42
華南大甲,力積電,12,37,-25
華南大甲,00715L期街口布蘭特正2,5,29,-24
華南大甲,00763U期街口道瓊銅,0,20,-20
華南大甲,友達,0,17,-17
華南大甲,立隆電,3,20,-17
華南大甲,映泰,0,12,-12
華南大甲,彩晶,0,10,-10
華南大甲,長佳智能,1,11,-10
華南大甲,00680L元大美債20正2,0,9,-9
華南大甲,廣達,1,9,-8
華南大甲,00929復華台灣科技優息,0,7,-7
華南大甲,湧德,0,7,-7
華南大甲,中天,0,7,-7
華南大甲,富邦金,0,6,-6
華南大甲,欣興,1,7,-6
華南大甲,邑昇,3,9,-6
華南大甲,幸福,0,5,-5
華南大甲,岱宇,0,5,-5
華南大甲,大同,0,5,-5
華南大甲,00971野村美國研發龍頭,0,4,-4
華南大甲,台積電,0,4,-4
華南大甲,00955中信日本商社,0,3,-3
華南大甲,00954中信日本半導體,0,3,-3
華南大甲,台泥,0,3,-3
華南大甲,聚亨,0,3,-3
華南大甲,鼎元,0,3,-3
華南大甲,群創,0,3,-3
華南大甲,寶緯,0,3,-3
華南大甲,和潤企業,0,3,-3
華南大甲,長聖,0,3,-3
華南大甲,博晟生醫,0,3,-3
華南大甲,康那香,0,3,-3
華南大甲,00712復華富時不動產,0,2,-2
華南大甲,00631L元大台灣50正2,0,2,-2
華南大甲,福懋,0,2,-2
華南大甲,華航,0,2,-2
華南大甲,凱基金,0,2,-2
華南大甲,光環,13,15,-2
華南大甲,大立,0,2,-2
華南大甲,新盛力,6,8,-2
華南大甲,中光電,1,3,-2
華南大甲,頎邦,0,2,-2
華南大甲,良維,0,2,-2
華南大甲,天虹,0,2,-2
華南大甲,精材,0,2,-2
 元富大裕,00753L中信中國50正2,322,33,289
 元富大裕,聯電,332,73,259
 元富大裕,中租-KY,145,2,143
 元富大裕,00858永豐美國500大,43,0,43
 元富大裕,連展投控,43,0,43
 元富大裕,陽明,46,4,42
 元富大裕,光洋科,38,2,36
 元富大裕,大成鋼,36,2,34
 元富大裕,寶成,31,0,31
 元富大裕,達邁,44,15,29
 元富大裕,台積電,44,17,27
 元富大裕,新復興,30,5,25
 元富大裕,00679B元大美債20年,25,0,25
 元富大裕,宏齊,24,0,24
 元富大裕,中信金,29,5,24
 元富大裕,00878國泰永續高股息,24,1,23
 元富大裕,00673R期元大S＆P原油反1,53,30,23
 元富大裕,00637L元大滬深300正2,32,10,22
 元富大裕,00918大華優利高填息30,21,0,21
 元富大裕,00919群益台灣精選高息,23,3,20
 元富大裕,00937B群益ESG投等債20,24,5,19
 元富大裕,健亞,20,2,18
 元富大裕,萬海,27,9,18
 元富大裕,第一金,21,3,18
 元富大裕,泰詠,17,0,17
 元富大裕,00664R國泰臺灣加權反1,16,0,16
 元富大裕,台灣大,15,0,15
 元富大裕,光聯,15,0,15
 元富大裕,富喬,20,5,15
 元富大裕,00965元大航太防衛科技,12,0,12
 元富大裕,京元電子,13,2,11
 元富大裕,三芳,11,0,11
 元富大裕,聯上發,11,0,11
 元富大裕,凱美,32,21,11
 元富大裕,佳能,11,0,11
 元富大裕,00932兆豐永續高息等權,10,0,10
 元富大裕,台塑,34,24,10
 元富大裕,嘉晶,10,0,10
 元富大裕,王道銀行,10,0,10
 元富大裕,大同,14,4,10
 元富大裕,00959B大華投等美債15Y+,15,5,10
 元富大裕,南亞科,15,5,10
 元富大裕,高鋒,13,3,10
 元富大裕,緯創,15,6,9
 元富大裕,兆豐金,9,0,9
 元富大裕,友達,14,6,8
 元富大裕,台泥,11,3,8
 元富大裕,聯鈞,14,7,7
 元富大裕,大銀微系統,15,8,7
 元富大裕,力成,7,0,7
 元富大裕,00980B台新特選IG債10+,30,790,-760
 元富大裕,福壽,0,264,-264
 元富大裕,台航,0,125,-125
 元富大裕,00685L群益臺灣加權正2,0,83,-83
 元富大裕,華南金,2,67,-65
 元富大裕,00909國泰數位支付服務,13,67,-54
 元富大裕,00676R富邦臺灣加權反1,0,50,-50
 元富大裕,太普高,0,46,-46
 元富大裕,友勁,0,36,-36
 元富大裕,凱基金,10,43,-33
 元富大裕,新興,0,30,-30
 元富大裕,00730富邦臺灣優質高息,0,30,-30
 元富大裕,00877復華中國5G,0,29,-29
 元富大裕,海悅,1,30,-29
 元富大裕,鴻海,17,42,-25
 元富大裕,神達,85,110,-25
 元富大裕,00641R富邦日本反1,0,23,-23
 元富大裕,元太,0,23,-23
 元富大裕,力積電,36,57,-21
 元富大裕,鴻準,1,22,-21
 元富大裕,彰銀,0,20,-20
 元富大裕,裕民,2,21,-19
 元富大裕,富邦金,1,20,-19
 元富大裕,00929復華台灣科技優息,0,18,-18
 元富大裕,永捷,3,20,-17
 元富大裕,00951台新日本半導體,8,25,-17
 元富大裕,金寶,3,19,-16
 元富大裕,00893國泰智能電動車,0,15,-15
 元富大裕,00882中信中國高股息,2,16,-14
 元富大裕,神基,0,14,-14
 元富大裕,新盛力,39,52,-13
 元富大裕,友訊,2,15,-13
 元富大裕,00701國泰股利精選30,2,15,-13
 元富大裕,00922國泰台灣領袖50,8,21,-13
 元富大裕,長榮,1,13,-12
 元富大裕,華通,2,14,-12
 元富大裕,圓剛,2,14,-12
 元富大裕,國喬,0,12,-12
 元富大裕,玉晶光,2,13,-11
 元富大裕,台達電,1,12,-11
 元富大裕,立��,26,37,-11
 元富大裕,華新,1,12,-11
 元富大裕,00632R元大台灣50反1,1,12,-11
 元富大裕,欣銓,10,21,-11
 元富大裕,世紀,0,10,-10
 元富大裕,三一東林,0,10,-10
 元富大裕,00917中信特選金融,7,17,-10
 元富大裕,00949復華日本龍頭,0,10,-10
 元富大裕,00947台新臺灣IC設計,0,10,-10
 元富大裕,華豐,0,10,-10
永豐新莊,炎洲,150,0,150
永豐新莊,大成鋼,84,3,81
永豐新莊,聯電,92,15,77
永豐新莊,力積電,102,28,74
永豐新莊,00637L元大滬深300正2,54,10,44
永豐新莊,00692富邦公司治理,34,0,34
永豐新莊,國統,32,1,31
永豐新莊,中工,30,0,30
永豐新莊,00918大華優利高填息30,50,21,29
永豐新莊,00878國泰永續高股息,53,25,28
永豐新莊,華航,23,2,21
永豐新莊,00706L期元大S＆P日圓正2,20,0,20
永豐新莊,兆勁,20,0,20
永豐新莊,欣普羅,20,0,20
永豐新莊,金寶,21,2,19
永豐新莊,裕民,20,1,19
永豐新莊,00632R元大台灣50反1,18,0,18
永豐新莊,順達,169,151,18
永豐新莊,宏��,12,0,12
永豐新莊,環宇-KY,40,28,12
永豐新莊,世界,12,0,12
永豐新莊,00882中信中國高股息,12,0,12
永豐新莊,00937B群益ESG投等債20,971,960,11
永豐新莊,00753L中信中國50正2,10,0,10
永豐新莊,凌陽,10,0,10
永豐新莊,啟��,10,0,10
永豐新莊,點序,10,0,10
永豐新莊,正基,10,0,10
永豐新莊,全球傳動,11,1,10
永豐新莊,00680L元大美債20正2,20,11,9
永豐新莊,00687B國泰20年美債,8,0,8
永豐新莊,台聚,12,4,8
永豐新莊,長榮鋼,7,0,7
永豐新莊,00679B元大美債20年,24,17,7
永豐新莊,宏致,16,9,7
永豐新莊,弘凱,7,0,7
永豐新莊,00929復華台灣科技優息,52,46,6
永豐新莊,永豐金,6,0,6
永豐新莊,晟銘電,56,50,6
永豐新莊,皇龍,6,0,6
永豐新莊,大銀微系統,15,9,6
永豐新莊,綠界科技*,7,1,6
永豐新莊,緯創,18,13,5
永豐新莊,力成,14,9,5
永豐新莊,00917中信特選金融,5,0,5
永豐新莊,00764B群益25年美債,5,0,5
永豐新莊,台化,5,0,5
永豐新莊,技嘉,5,0,5
永豐新莊,華新科,5,0,5
永豐新莊,系統電,5,0,5
永豐新莊,00953B群益優選非投等債,17,215,-198
永豐新莊,神達,78,188,-110
永豐新莊,00965元大航太防衛科技,0,87,-87
永豐新莊,00830國泰費城半導體,0,78,-78
永豐新莊,欣銓,15,72,-57
永豐新莊,00934中信成長高股息,0,46,-46
永豐新莊,達邁,17,53,-36
永豐新莊,華電網,0,35,-35
永豐新莊,00631L元大台灣50正2,0,33,-33
永豐新莊,台新金,0,33,-33
永豐新莊,00894中信小資高價30,0,30,-30
永豐新莊,臺企銀,0,30,-30
永豐新莊,宏達電,83,112,-29
永豐新莊,第一金,0,29,-29
永豐新莊,能率網通,0,26,-26
永豐新莊,天宇,1,27,-26
永豐新莊,陽明,24,49,-25
永豐新莊,精成科,6,30,-24
永豐新莊,00701國泰股利精選30,2,25,-23
永豐新莊,立敦,55,76,-21
永豐新莊,00922國泰台灣領袖50,1,22,-21
永豐新莊,00971野村美國研發龍頭,0,21,-21
永豐新莊,00944野村趨勢動能高息,0,20,-20
永豐新莊,00931B統一美債20年,0,19,-19
永豐新莊,元大台灣50,3,22,-19
永豐新莊,長榮航,12,30,-18
永豐新莊,臻鼎-KY,13,29,-16
永豐新莊,00940元大台灣價值高息,1,17,-16
永豐新莊,00891中信關鍵半導體,0,15,-15
永豐新莊,永崴投控,1,16,-15
永豐新莊,群創,7,21,-14
永豐新莊,006208富邦台50,5,18,-13
永豐新莊,三商壽,0,12,-12
永豐新莊,新光金,0,12,-12
永豐新莊,光寶科,0,12,-12
永豐新莊,台積電,9,20,-11
永豐新莊,興能高,250,260,-10
永豐新莊,00858永豐美國500大,13,23,-10
永豐新莊,00947台新臺灣IC設計,0,10,-10
永豐新莊,濱川,0,10,-10
永豐新莊,冠德,0,10,-10
永豐新莊,鑫科,0,10,-10
永豐新莊,聯光通,76,86,-10
永豐新莊,正文,0,10,-10
永豐新莊,邦泰,0,10,-10
永豐新莊,00948B中信優息投資級債,0,10,-10
永豐新莊,長榮,2,12,-10
永豐新莊,遠東銀,15,25,-10
永豐新莊,華星光,40,50,-10
永豐新莊,亞翔,1,9,-8
美好楊梅,聯電,138,31,107
美好楊梅,南茂,55,0,55
美好楊梅,泰金寶-DR,61,13,48
美好楊梅,00919群益台灣精選高息,42,0,42
美好楊梅,元大高股息,44,2,42
美好楊梅,聯華,40,0,40
美好楊梅,00830國泰費城半導體,26,0,26
美好楊梅,金寶,26,2,24
美好楊梅,台新金,20,1,19
美好楊梅,亞航,22,3,19
美好楊梅,00878國泰永續高股息,20,3,17
美好楊梅,統一,16,0,16
美好楊梅,欣興,14,0,14
美好楊梅,緯創,16,5,11
美好楊梅,亞光,13,2,11
美好楊梅,京元電子,13,2,11
美好楊梅,00882中信中國高股息,10,0,10
美好楊梅,00636國泰中國A50,10,0,10
美好楊梅,00664R國泰臺灣加權反1,10,0,10
美好楊梅,錸德,10,0,10
美好楊梅,威健,10,0,10
美好楊梅,榮剛,11,2,9
美好楊梅,00637L元大滬深300正2,34,25,9
美好楊梅,光環,9,0,9
美好楊梅,高鋒,10,1,9
美好楊梅,00632R元大台灣50反1,8,0,8
美好楊梅,聯合再生,8,0,8
美好楊梅,大成鋼,7,0,7
美好楊梅,中砂,7,0,7
美好楊梅,英業達,16,9,7
美好楊梅,英濟,33,26,7
美好楊梅,金山電,7,0,7
美好楊梅,擎亞,8,1,7
美好楊梅,00930永豐ESG低碳高息,6,0,6
美好楊梅,新興,6,0,6
美好楊梅,僑威,18,12,6
美好楊梅,太景*-KY,6,0,6
美好楊梅,精誠,5,0,5
美好楊梅,台達化,5,0,5
美好楊梅,聯穎,5,0,5
美好楊梅,鄉林,5,0,5
美好楊梅,合晶,6,1,5
美好楊梅,采鈺,11,7,4
美好楊梅,廣宇,5,1,4
美好楊梅,旺宏,4,0,4
美好楊梅,新盛力,23,19,4
美好楊梅,眾達-KY,13,9,4
美好楊梅,虹堡,4,0,4
美好楊梅,亞泰金屬,4,0,4
美好楊梅,中鋼,5,1,4
美好楊梅,長榮航,10,215,-205
美好楊梅,00712復華富時不動產,0,107,-107
美好楊梅,00937B群益ESG投等債20,11,74,-63
美好楊梅,00929復華台灣科技優息,0,52,-52
美好楊梅,友訊,2,52,-50
美好楊梅,力積電,23,70,-47
美好楊梅,凱基金,0,42,-42
美好楊梅,精成科,3,42,-39
美好楊梅,皇昌,10,36,-26
美好楊梅,神達,30,52,-22
美好楊梅,00633L富邦上証正2,1,22,-21
美好楊梅,華通,1,22,-21
美好楊梅,太普高,0,20,-20
美好楊梅,聯邦銀,1,20,-19
美好楊梅,陽明,5,22,-17
美好楊梅,華航,86,103,-17
美好楊梅,鴻準,9,24,-15
美好楊梅,中航,0,13,-13
美好楊梅,00665L富邦�琤肭磪囓�2,19,31,-12
美好楊梅,宏致,2,13,-11
美好楊梅,百德,0,11,-11
美好楊梅,華城,1,12,-11
美好楊梅,華紙,0,11,-11
美好楊梅,迅得,3,13,-10
美好楊梅,00959B大華投等美債15Y+,0,10,-10
美好楊梅,00951台新日本半導體,0,10,-10
美好楊梅,中鴻,0,10,-10
美好楊梅,三商電,0,10,-10
美好楊梅,萬潤,0,10,-10
美好楊梅,康舒,0,10,-10
美好楊梅,興能高,32,42,-10
美好楊梅,00940元大台灣價值高息,1,10,-9
美好楊梅,遠東銀,11,20,-9
美好楊梅,臺企銀,2,10,-8
美好楊梅,亞翔,0,8,-8
美好楊梅,燿華,0,8,-8
美好楊梅,神腦,0,8,-8
美好楊梅,南亞,1,8,-7
美好楊梅,00877復華中國5G,0,7,-7
美好楊梅,中興電,0,7,-7
美好楊梅,富喬,10,17,-7
美好楊梅,彬台,0,7,-7
美好楊梅,欣銓,9,16,-7
美好楊梅,台積電,4,11,-7
美好楊梅,美亞,0,6,-6
美好楊梅,雄獅,0,6,-6
美好楊梅,營邦,0,6,-6
美好楊梅,信音,0,6,-6
美好楊梅,光寶科,0,6,-6
美好楊梅,00725B國泰投資級公司債,0,5,-5
新光桃園,00637L元大滬深300正2,355,38,317
新光桃園,00919群益台灣精選高息,204,66,138
新光桃園,聯電,205,68,137
新光桃園,00688L國泰20年美債正2,145,33,112
新光桃園,00706L期元大S＆P日圓正2,98,0,98
新光桃園,00905FT臺灣Smart,111,16,95
新光桃園,00664R國泰臺灣加權反1,91,0,91
新光桃園,00650L復華香港正2,102,15,87
新光桃園,00940元大台灣價值高息,96,12,84
新光桃園,00633L富邦上証正2,80,4,76
新光桃園,如興,63,0,63
新光桃園,00671R富邦NASDAQ反1,50,0,50
新光桃園,00725B國泰投資級公司債,46,0,46
新光桃園,日勝生,41,0,41
新光桃園,緯創,85,44,41
新光桃園,兆豐金,35,3,32
新光桃園,和椿,84,54,30
新光桃園,元大高股息,55,27,28
新光桃園,00795B中信美國公債20年,29,2,27
新光桃園,00969B元大零息超長美債,23,0,23
新光桃園,00887永豐中國科技50大,50,28,22
新光桃園,益航,20,0,20
新光桃園,00655L國泰中國A50正2,20,0,20
新光桃園,00680L元大美債20正2,50,30,20
新光桃園,台塑,120,101,19
新光桃園,全科,19,0,19
新光桃園,00924復華S＆P500成長,21,2,19
新光桃園,台泥,20,2,18
新光桃園,皇昌,22,5,17
新光桃園,統一,18,1,17
新光桃園,遠百,15,0,15
新光桃園,系統電,20,5,15
新光桃園,東隆興,15,0,15
新光桃園,00953B群益優選非投等債,15,0,15
新光桃園,大銀微系統,28,14,14
新光桃園,006208富邦台50,36,23,13
新光桃園,眾達-KY,59,46,13
新光桃園,亞光,49,36,13
新光桃園,達興材料,17,4,13
新光桃園,00882中信中國高股息,13,0,13
新光桃園,友訊,22,9,13
新光桃園,元大金,13,0,13
新光桃園,00878國泰永續高股息,46,34,12
新光桃園,00881國泰台灣5G+,17,5,12
新光桃園,鴻海,25,13,12
新光桃園,華邦電,13,1,12
新光桃園,新建,12,0,12
新光桃園,富喬,171,159,12
新光桃園,驊訊,24,13,11
新光桃園,中鴻,11,0,11
新光桃園,00929復華台灣科技優息,2,260,-258
新光桃園,神達,228,460,-232
新光桃園,凱基金,3,126,-123
新光桃園,興能高,151,251,-100
新光桃園,新光金,12,93,-81
新光桃園,立��,18,92,-74
新光桃園,玉山金,2,65,-63
新光桃園,00937B群益ESG投等債20,122,182,-60
新光桃園,新盛力,152,211,-59
新光桃園,宏齊,5,40,-35
新光桃園,富邦金,5,40,-35
新光桃園,晟銘電,5,37,-32
新光桃園,永豐金,13,45,-32
新光桃園,燿華,1,32,-31
新光桃園,宏達電,220,251,-31
新光桃園,00631L元大台灣50正2,6,35,-29
新光桃園,00675L富邦臺灣加權正2,8,37,-29
新光桃園,仁寶,0,27,-27
新光桃園,群創,23,48,-25
新光桃園,力積電,96,121,-25
新光桃園,00753L中信中國50正2,99,123,-24
新光桃園,環宇-KY,57,80,-23
新光桃園,00850元大臺灣ESG永續,0,22,-22
新光桃園,恆大,8,29,-21
新光桃園,元大台灣50,1,22,-21
新光桃園,大同,59,80,-21
新光桃園,松瑞藥,1,21,-20
新光桃園,萬海,13,33,-20
新光桃園,友達,107,127,-20
新光桃園,長榮航,1,21,-20
新光桃園,亞翔,40,59,-19
新光桃園,中再保,0,19,-19
新光桃園,邁達特,7,25,-18
新光桃園,南亞,26,44,-18
新光桃園,00891中信關鍵半導體,12,29,-17
新光桃園,金寶,12,29,-17
新光桃園,長榮,5,21,-16
新光桃園,華航,11,26,-15
新光桃園,英濟,14,29,-15
新光桃園,00673R期元大S＆P原油反1,35,50,-15
新光桃園,00947台新臺灣IC設計,0,15,-15
新光桃園,00656R國泰中國A50反1,0,15,-15
新光桃園,光寶科,2,16,-14
新光桃園,健喬,1,15,-14
新光桃園,裕隆,6,20,-14
新光桃園,順達,16,29,-13
新光桃園,聯光通,54,67,-13
新光桃園,台灣虎航,11,24,-13
新光桃園,虹冠電,12,24,-12
新光桃園,創惟,10,22,-12
台中銀台北,00912中信臺灣智慧50,101,0,101
台中銀台北,台船,71,0,71
台中銀台北,宏達電,52,2,50
台中銀台北,建通,115,72,43
台中銀台北,00937B群益ESG投等債20,31,0,31
台中銀台北,00971野村美國研發龍頭,20,0,20
台中銀台北,聯電,17,0,17
台中銀台北,緯創,13,1,12
台中銀台北,泰金寶-DR,11,0,11
台中銀台北,00980B台新特選IG債10+,10,0,10
台中銀台北,金寶,10,0,10
台中銀台北,力領科技,16,6,10
台中銀台北,亞翔,11,2,9
台中銀台北,光群雷,8,0,8
台中銀台北,立��,8,0,8
台中銀台北,裕隆,7,0,7
台中銀台北,亞光,9,2,7
台中銀台北,大成鋼,6,0,6
台中銀台北,華邦電,5,0,5
台中銀台北,台新金,5,0,5
台中銀台北,加百裕,9,4,5
台中銀台北,華星光,7,2,5
台中銀台北,精成科,6,1,5
台中銀台北,緯穎,4,0,4
台中銀台北,00919群益台灣精選高息,4,0,4
台中銀台北,華新,4,0,4
台中銀台北,彩晶,4,0,4
台中銀台北,元太,4,0,4
台中銀台北,宇隆,3,0,3
台中銀台北,00960野村全球航運龍頭,3,0,3
台中銀台北,圓剛,6,3,3
台中銀台北,華晶科,3,0,3
台中銀台北,新華,3,0,3
台中銀台北,致和證,3,0,3
台中銀台北,00878國泰永續高股息,2,0,2
台中銀台北,00632R元大台灣50反1,2,0,2
台中銀台北,00631L元大台灣50正2,2,0,2
台中銀台北,新纖,2,0,2
台中銀台北,富喬,3,1,2
台中銀台北,三商電,2,0,2
台中銀台北,亞航,2,0,2
台中銀台北,慧洋-KY,2,0,2
台中銀台北,艾訊,2,0,2
台中銀台北,合庫金,2,0,2
台中銀台北,新潤,2,0,2
台中銀台北,詮欣,2,0,2
台中銀台北,台塑化,2,0,2
台中銀台北,群聯,1,0,1
台中銀台北,玉晶光,1,0,1
台中銀台北,聯鈞,20,19,1
台中銀台北,00918大華優利高填息30,0,100,-100
台中銀台北,台中銀,1,71,-70
台中銀台北,宏觀,0,45,-45
台中銀台北,晶睿,0,30,-30
台中銀台北,力積電,1,24,-23
台中銀台北,神達,2,20,-18
台中銀台北,建舜電,0,14,-14
台中銀台北,時碩工業,0,11,-11
台中銀台北,00666R富邦�琤肭磪齯�1,0,10,-10
台中銀台北,00882中信中國高股息,0,10,-10
台中銀台北,00970B新光BBB投等債20,0,10,-10
台中銀台北,正文,0,10,-10
台中銀台北,新盛力,21,31,-10
台中銀台北,世紀鋼,0,9,-9
台中銀台北,迅得,1,7,-6
台中銀台北,台積電,0,6,-6
台中銀台北,00941中信上游半導體,0,5,-5
台中銀台北,正崴,0,5,-5
台中銀台北,國泰金,0,5,-5
台中銀台北,富邦金,0,4,-4
台中銀台北,事欣科,0,4,-4
台中銀台北,00861元大全球未來通訊,0,4,-4
台中銀台北,華城,0,3,-3
台中銀台北,嘉澤,2,5,-3
台中銀台北,006208富邦台50,0,3,-3
台中銀台北,友達,0,3,-3
台中銀台北,富采,0,3,-3
台中銀台北,永彰,0,3,-3
台中銀台北,瑞智,0,3,-3
台中銀台北,永新-KY,0,3,-3
台中銀台北,康和證,0,3,-3
台中銀台北,台達電,3,5,-2
台中銀台北,中華,0,2,-2
台中銀台北,和成,3,5,-2
台中銀台北,承啟,0,2,-2
台中銀台北,立隆電,1,3,-2
台中銀台北,信邦,0,2,-2
台中銀台北,蔚華科,0,2,-2
台中銀台北,創意,0,2,-2
台中銀台北,日月光投控,0,2,-2
台中銀台北,中光電,0,2,-2
台中銀台北,信昌電,0,2,-2
台中銀台北,光聖,0,2,-2
台中銀台北,高力,0,2,-2
台中銀台北,寶成,0,2,-2
台中銀台北,台泥,0,1,-1
台中銀台北,元大台灣50,0,1,-1
台中銀台北,00637L元大滬深300正2,35,36,-1
台中銀台北,00772B中信高評級公司債,0,1,-1
台中銀台北,00922國泰台灣領袖50,0,1,-1
凱基八德,聯電,112,36,76
凱基八德,緯創,61,38,23
凱基八德,聯鈞,32,12,20
凱基八德,00751B元大AAA至A公司債,20,0,20
凱基八德,凱基金,30,13,17
凱基八德,台塑,17,1,16
凱基八德,盟立,15,0,15
凱基八德,泰金寶-DR,18,5,13
凱基八德,00858永豐美國500大,12,0,12
凱基八德,00919群益台灣精選高息,12,0,12
凱基八德,佳能,39,27,12
凱基八德,00937B群益ESG投等債20,11,0,11
凱基八德,00680L元大美債20正2,10,0,10
凱基八德,伊雲谷,10,0,10
凱基八德,中華化,8,0,8
凱基八德,00907永豐優息存股,7,0,7
凱基八德,亞光,19,12,7
凱基八德,群益證,7,0,7
凱基八德,元大高股息,11,4,7
凱基八德,00637L元大滬深300正2,6,0,6
凱基八德,00676R富邦臺灣加權反1,6,0,6
凱基八德,智邦,6,0,6
凱基八德,和椿,13,7,6
凱基八德,00933B國泰10Y+金融債,5,0,5
凱基八德,大成鋼,21,16,5
凱基八德,國泰金,5,0,5
凱基八德,亞諾法,5,0,5
凱基八德,榮剛,5,0,5
凱基八德,千附,5,0,5
凱基八德,神基,7,2,5
凱基八德,海華,4,0,4
凱基八德,00915凱基優選高股息30,3,0,3
凱基八德,00753L中信中國50正2,8,5,3
凱基八德,錸德,3,0,3
凱基八德,建漢,3,0,3
凱基八德,艾訊,4,1,3
凱基八德,國光生,4,1,3
凱基八德,迅得,6,3,3
凱基八德,均華,4,1,3
凱基八德,力智,4,1,3
凱基八德,展�眥篕�,3,0,3
凱基八德,鴻海,16,13,3
凱基八德,波若威,8,6,2
凱基八德,立敦,8,6,2
凱基八德,京晨科,2,0,2
凱基八德,00722B群益投資級電信債,2,0,2
凱基八德,00679B元大美債20年,2,0,2
凱基八德,00664R國泰臺灣加權反1,2,0,2
凱基八德,00669R國泰美國道瓊反1,2,0,2
凱基八德,00882中信中國高股息,2,0,2
凱基八德,力積電,7,137,-130
凱基八德,台泥,1,55,-54
凱基八德,英業達,26,78,-52
凱基八德,宏達電,17,53,-36
凱基八德,益登,0,28,-28
凱基八德,興能高,25,49,-24
凱基八德,中鋼,9,32,-23
凱基八德,華星光,13,35,-22
凱基八德,彰銀,0,20,-20
凱基八德,宏致,18,38,-20
凱基八德,英濟,31,50,-19
凱基八德,加百裕,6,22,-16
凱基八德,上詮,0,14,-14
凱基八德,南仁湖,0,14,-14
凱基八德,臺企銀,0,13,-13
凱基八德,中砂,1,14,-13
凱基八德,00715L期街口布蘭特正2,0,12,-12
凱基八德,00948B中信優息投資級債,0,12,-12
凱基八德,海悅,0,11,-11
凱基八德,彩晶,0,11,-11
凱基八德,00939統一台灣高息動能,0,10,-10
凱基八德,00951台新日本半導體,0,10,-10
凱基八德,華航,13,23,-10
凱基八德,連展投控,2,12,-10
凱基八德,新盛力,49,59,-10
凱基八德,00940元大台灣價值高息,0,10,-10
凱基八德,立��,4,13,-9
凱基八德,00881國泰台灣5G+,0,8,-8
凱基八德,00910第一金太空衛星,2,10,-8
凱基八德,神達,27,34,-7
凱基八德,00941中信上游半導體,0,7,-7
凱基八德,科妍,5,12,-7
凱基八德,中鴻,1,8,-7
凱基八德,楠梓電,1,8,-7
凱基八德,友訊,6,13,-7
凱基八德,友達,0,7,-7
凱基八德,日月光投控,1,8,-7
凱基八德,00971野村美國研發龍頭,3,10,-7
凱基八德,00650L復華香港正2,10,16,-6
凱基八德,日電貿,0,6,-6
凱基八德,中信金,0,5,-5
凱基八德,00772B中信高評級公司債,0,5,-5
凱基八德,燿華,0,5,-5
凱基八德,圓剛,0,5,-5
凱基八德,雷虎,1,6,-5
凱基八德,伍豐,0,5,-5
凱基八德,光寶科,0,4,-4
凱基八德,00712復華富時不動產,0,4,-4
凱基八德,00949復華日本龍頭,0,4,-4
凱基八德,亞泥,0,4,-4
 中國信託      ,00929復華台灣科技優息,11687,405,11282
 中國信託      ,00980B台新特選IG債10+,4825,55,4770
 中國信託      ,聯電,4457,218,4239
 中國信託      ,00934中信成長高股息,2707,23,2684
 中國信託      ,00967B元大優息美債,2533,0,2533
 中國信託      ,00922國泰台灣領袖50,1772,33,1739
 中國信託      ,00940元大台灣價值高息,2008,269,1739
 中國信託      ,00764B群益25年美債,1178,0,1178
 中國信託      ,00923群益台ESG低碳50,1418,291,1127
 中國信託      ,00881國泰台灣5G+,1015,61,954
 中國信託      ,00939統一台灣高息動能,844,96,748
 中國信託      ,00970B新光BBB投等債20,791,69,722
 中國信託      ,兆豐金,646,52,594
 中國信託      ,006208富邦台50,1140,583,557
 中國信託      ,00966B統一ESG投等債15,551,1,550
 中國信託      ,00892富邦台灣半導體,638,108,530
 中國信託      ,廣達,542,23,519
 中國信託      ,中信金,571,68,503
 中國信託      ,00692富邦公司治理,480,19,461
 中國信託      ,00687B國泰20年美債,512,128,384
 中國信託      ,志強-KY,362,1,361
 中國信託      ,神達,887,575,312
 中國信託      ,台積電,406,103,303
 中國信託      ,00946群益科技高息成長,287,15,272
 中國信託      ,元大台灣50,525,258,267
 中國信託      ,台泥,264,21,243
 中國信託      ,力積電,305,73,232
 中國信託      ,00857B永豐20年美公債,229,0,229
 中國信託      ,日月光投控,286,76,210
 中國信託      ,00936台新永續高息中小,229,26,203
 中國信託      ,精成科,214,29,185
 中國信託      ,00638R元大滬深300反1,175,0,175
 中國信託      ,波若威,226,63,163
 中國信託      ,00933B國泰10Y+金融債,140,0,140
 中國信託      ,力成,140,5,135
 中國信託      ,00964中信亞太高股息,231,102,129
 中國信託      ,元大高股息,264,138,126
 中國信託      ,新日興,189,63,126
 中國信託      ,台灣大,123,10,113
 中國信託      ,中華電,119,9,110
 中國信託      ,競國,109,4,105
 中國信託      ,亞航,101,1,100
 中國信託      ,欣銓,169,70,99
 中國信託      ,金寶,116,22,94
 中國信託      ,聯詠,104,16,88
 中國信託      ,創惟,121,38,83
 中國信託      ,泰金寶-DR,266,185,81
 中國信託      ,00752中信中國50,91,14,77
 中國信託      ,益航,66,0,66
 中國信託      ,00712復華富時不動產,73,7,66
 中國信託      ,00953B群益優選非投等債,1064,5091,-4027
 中國信託      ,00919群益台灣精選高息,411,4142,-3731
 中國信託      ,00918大華優利高填息30,164,2001,-1837
 中國信託      ,建漢,1,1362,-1361
 中國信託      ,00713元大台灣高息低波,13,1068,-1055
 中國信託      ,00679B元大美債20年,111,1064,-953
 中國信託      ,00924復華S＆P500成長,68,851,-783
 中國信託      ,00942B台新美A公司債20+,17,764,-747
 中國信託      ,00864B中信美國公債0-1,7,535,-528
 中國信託      ,00932兆豐永續高息等權,4,478,-474
 中國信託      ,00830國泰費城半導體,39,505,-466
 中國信託      ,00955中信日本商社,177,630,-453
 中國信託      ,台灣虎航,13,381,-368
 中國信託      ,00770國泰北美科技,108,436,-328
 中國信託      ,00951台新日本半導體,0,281,-281
 中國信託      ,00931B統一美債20年,7,274,-267
 中國信託      ,00878國泰永續高股息,4343,4605,-262
 中國信託      ,00751B元大AAA至A公司債,7,267,-260
 中國信託      ,ITH-KY,0,256,-256
 中國信託      ,三芳,3,250,-247
 中國信託      ,00927群益半導體收益,45,271,-226
 中國信託      ,00963中信全球高股息,0,220,-220
 中國信託      ,00962台新AI優息動能,120,312,-192
 中國信託      ,00959B大華投等美債15Y+,12,200,-188
 中國信託      ,00740B富邦全球投等債,3,178,-175
 中國信託      ,緯創,61,236,-175
 中國信託      ,環宇-KY,134,299,-165
 中國信託      ,00900富邦特選高股息30,135,273,-138
 中國信託      ,金像電,9,128,-119
 中國信託      ,00795B中信美國公債20年,15,132,-117
 中國信託      ,廣明,1,114,-113
 中國信託      ,中石化,6,112,-106
 中國信託      ,00917中信特選金融,9,115,-106
 中國信託      ,00728第一金工業30,0,99,-99
 中國信託      ,中興電,12,109,-97
 中國信託      ,喬山,1,89,-88
 中國信託      ,愛普*,3,89,-86
 中國信託      ,00637L元大滬深300正2,44,120,-76
 中國信託      ,00954中信日本半導體,0,73,-73
 中國信託      ,00781B國泰A級科技債,11,80,-69
 中國信託      ,00694B富邦美債1-3,0,69,-69
 中國信託      ,玉山金,7,75,-68
 中國信託      ,國泰金,10,76,-66
 中國信託      ,長榮航,142,207,-65
 中國信託      ,00715L期街口布蘭特正2,1,63,-62
 中國信託      ,技嘉,11,71,-60
 中國信託      ,東陽,0,55,-55
 中國信託      ,00896中信綠能及電動車,1,56,-55
 中國信託      ,中鼎,15,67,-52
 中國信託      ,華航,17,68,-51
 中信託忠      ,00673R期元大S＆P原油反1,455,2,453
 中信託忠      ,00953B群益優選非投等債,295,0,295
 中信託忠      ,00933B國泰10Y+金融債,283,20,263
 中信託忠      ,00753L中信中國50正2,550,357,193
 中信託忠      ,聯電,145,18,127
 中信託忠      ,00637L元大滬深300正2,128,9,119
 中信託忠      ,00665L富邦�琤肭磪囓�2,446,343,103
 中信託忠      ,00676R富邦臺灣加權反1,100,0,100
 中信託忠      ,00937B群益ESG投等債20,178,97,81
 中信託忠      ,00919群益台灣精選高息,70,7,63
 中信託忠      ,光罩,60,0,60
 中信託忠      ,晟銘電,51,1,50
 中信託忠      ,皇翔,52,2,50
 中信託忠      ,力積電,87,41,46
 中信託忠      ,泰金寶-DR,124,80,44
 中信託忠      ,00924復華S＆P500成長,44,3,41
 中信託忠      ,橋椿,40,1,39
 中信託忠      ,虹冠電,31,0,31
 中信託忠      ,00680L元大美債20正2,27,0,27
 中信託忠      ,新光金,40,13,27
 中信託忠      ,00926凱基全球菁英55,27,0,27
 中信託忠      ,緯創,39,13,26
 中信託忠      ,力麒,24,0,24
 中信託忠      ,00918大華優利高填息30,23,0,23
 中信託忠      ,汎銓,36,14,22
 中信託忠      ,彬台,23,1,22
 中信託忠      ,中天,22,0,22
 中信託忠      ,朋億*,36,16,20
 中信託忠      ,台塑,167,147,20
 中信託忠      ,00688L國泰20年美債正2,20,0,20
 中信託忠      ,國票金,20,0,20
 中信託忠      ,欣興,47,28,19
 中信託忠      ,00655L國泰中國A50正2,18,0,18
 中信託忠      ,中鼎,16,0,16
 中信託忠      ,鴻海,31,16,15
 中信託忠      ,00679B元大美債20年,16,1,15
 中信託忠      ,富喬,32,17,15
 中信託忠      ,岳豐,15,0,15
 中信託忠      ,00945B凱基美國非投等債,15,0,15
 中信託忠      ,波若威,43,28,15
 中信託忠      ,00795B中信美國公債20年,23,9,14
 中信託忠      ,昇貿,14,0,14
 中信託忠      ,台泥,17,3,14
 中信託忠      ,新盛力,237,225,12
 中信託忠      ,00881國泰台灣5G+,13,1,12
 中信託忠      ,光環,14,2,12
 中信託忠      ,宏��,12,1,11
 中信託忠      ,英業達,28,18,10
 中信託忠      ,統一,10,0,10
 中信託忠      ,00902中信電池及儲能,10,0,10
 中信託忠      ,00980B台新特選IG債10+,20,569,-549
 中信託忠      ,00878國泰永續高股息,93,390,-297
 中信託忠      ,精材,12,202,-190
 中信託忠      ,熱映,3,174,-171
 中信託忠      ,00631L元大台灣50正2,0,86,-86
 中信託忠      ,富邦金,0,79,-79
 中信託忠      ,00922國泰台灣領袖50,39,117,-78
 中信託忠      ,00647L元大S＆P500正2,0,74,-74
 中信託忠      ,00635U期元大S＆P黃金,1,65,-64
 中信託忠      ,神達,122,186,-64
 中信託忠      ,連展投控,0,59,-59
 中信託忠      ,00670L富邦NASDAQ正2,0,59,-59
 中信託忠      ,光寶科,0,54,-54
 中信託忠      ,東聯,0,52,-52
 中信託忠      ,工信,0,50,-50
 中信託忠      ,宏達電,234,284,-50
 中信託忠      ,遠東新,2,50,-48
 中信託忠      ,中信金,4,50,-46
 中信託忠      ,00929復華台灣科技優息,7,52,-45
 中信託忠      ,亞翔,6,46,-40
 中信託忠      ,00941中信上游半導體,0,36,-36
 中信託忠      ,00882中信中國高股息,6,42,-36
 中信託忠      ,仁寶,15,48,-33
 中信託忠      ,00940元大台灣價值高息,7,38,-31
 中信託忠      ,006208富邦台50,6,36,-30
 中信託忠      ,系統電,0,30,-30
 中信託忠      ,元大台灣50,5,33,-28
 中信託忠      ,00923群益台ESG低碳50,0,27,-27
 中信託忠      ,00687B國泰20年美債,41,67,-26
 中信託忠      ,富華新,0,26,-26
 中信託忠      ,華航,10,35,-25
 中信託忠      ,台灣虎航,78,101,-23
 中信託忠      ,興能高,141,164,-23
 中信託忠      ,00905FT臺灣Smart,0,23,-23
 中信託忠      ,昆盈,0,22,-22
 中信託忠      ,玉山金,15,37,-22
 中信託忠      ,中鴻,0,21,-21
 中信託忠      ,00757統一FANG+,3,24,-21
 中信託忠      ,欣銓,9,29,-20
 中信託忠      ,華星光,64,83,-19
 中信託忠      ,順達,12,31,-19
 中信託忠      ,00915凱基優選高股息30,2,21,-19
 中信託忠      ,訊舟,0,18,-18
 中信託忠      ,亞航,0,17,-17
 中信託忠      ,環宇-KY,50,67,-17
 中信託忠      ,彩晶,0,17,-17
 中信託忠      ,北基,0,17,-17
 中信託忠      ,神基,1,17,-16
 中信託忠      ,和碩,0,16,-16
 中信託忠      ,偉詮電,0,15,-15
統一嘉義  ,00882中信中國高股息,300,0,300
統一嘉義  ,勤美,47,1,46
統一嘉義  ,新盛力,32,3,29
統一嘉義  ,00947台新臺灣IC設計,25,0,25
統一嘉義  ,00926凱基全球菁英55,25,0,25
統一嘉義  ,00858永豐美國500大,20,0,20
統一嘉義  ,00830國泰費城半導體,19,0,19
統一嘉義  ,台新金,20,1,19
統一嘉義  ,昇達科,22,3,19
統一嘉義  ,00910第一金太空衛星,18,0,18
統一嘉義  ,彩晶,18,0,18
統一嘉義  ,富喬,42,26,16
統一嘉義  ,浪凡,18,2,16
統一嘉義  ,台塑化,20,6,14
統一嘉義  ,凌陽,15,2,13
統一嘉義  ,台勝科,14,2,12
統一嘉義  ,力積電,22,10,12
統一嘉義  ,00637L元大滬深300正2,65,54,11
統一嘉義  ,00895富邦未來車,18,7,11
統一嘉義  ,華航,20,9,11
統一嘉義  ,富野,10,0,10
統一嘉義  ,世禾,10,1,9
統一嘉義  ,眾達-KY,38,30,8
統一嘉義  ,00935野村臺灣新科技50,10,2,8
統一嘉義  ,金寶,10,2,8
統一嘉義  ,00632R元大台灣50反1,7,0,7
統一嘉義  ,台揚,7,0,7
統一嘉義  ,京元電子,7,0,7
統一嘉義  ,新光金,9,2,7
統一嘉義  ,合庫金,7,0,7
統一嘉義  ,立敦,11,4,7
統一嘉義  ,緯創,8,2,6
統一嘉義  ,00937B群益ESG投等債20,6,0,6
統一嘉義  ,00924復華S＆P500成長,6,0,6
統一嘉義  ,00950B凱基A級公司債,6,0,6
統一嘉義  ,台灣虎航,7,1,6
統一嘉義  ,00720B元大投資級公司債,5,0,5
統一嘉義  ,00715L期街口布蘭特正2,5,0,5
統一嘉義  ,00795B中信美國公債20年,5,0,5
統一嘉義  ,00881國泰台灣5G+,5,0,5
統一嘉義  ,00669R國泰美國道瓊反1,5,0,5
統一嘉義  ,三商電,5,0,5
統一嘉義  ,全球傳動,5,0,5
統一嘉義  ,潤泰新,5,0,5
統一嘉義  ,00960野村全球航運龍頭,4,0,4
統一嘉義  ,00927群益半導體收益,4,0,4
統一嘉義  ,00933B國泰10Y+金融債,4,0,4
統一嘉義  ,華城,6,2,4
統一嘉義  ,佳能,4,0,4
統一嘉義  ,台燿,4,0,4
統一嘉義  ,00673R期元大S＆P原油反1,0,137,-137
統一嘉義  ,遠東新,0,100,-100
統一嘉義  ,00943兆豐電子高息等權,0,52,-52
統一嘉義  ,昆盈,5,52,-47
統一嘉義  ,00980B台新特選IG債10+,0,45,-45
統一嘉義  ,00905FT臺灣Smart,0,43,-43
統一嘉義  ,00939統一台灣高息動能,0,41,-41
統一嘉義  ,東元,0,28,-28
統一嘉義  ,宏達電,44,67,-23
統一嘉義  ,瀚宇博,6,29,-23
統一嘉義  ,環宇-KY,6,25,-19
統一嘉義  ,聯電,35,54,-19
統一嘉義  ,友達,0,16,-16
統一嘉義  ,新日興,2,18,-16
統一嘉義  ,友訊,1,16,-15
統一嘉義  ,00713元大台灣高息低波,0,10,-10
統一嘉義  ,台肥,0,10,-10
統一嘉義  ,千興,0,10,-10
統一嘉義  ,三商壽,0,10,-10
統一嘉義  ,三一東林,0,10,-10
統一嘉義  ,瑞智,0,10,-10
統一嘉義  ,天品,0,10,-10
統一嘉義  ,英業達,3,12,-9
統一嘉義  ,群創,2,10,-8
統一嘉義  ,神達,45,53,-8
統一嘉義  ,廣運,2,10,-8
統一嘉義  ,威致,7,14,-7
統一嘉義  ,冠德,0,6,-6
統一嘉義  ,十銓,0,6,-6
統一嘉義  ,00941中信上游半導體,0,5,-5
統一嘉義  ,00688L國泰20年美債正2,0,5,-5
統一嘉義  ,大量,1,6,-5
統一嘉義  ,安可,0,5,-5
統一嘉義  ,鳳凰,0,5,-5
統一嘉義  ,旺矽,0,5,-5
統一嘉義  ,華南金,0,5,-5
統一嘉義  ,和碩,0,4,-4
統一嘉義  ,00679B元大美債20年,1,5,-4
統一嘉義  ,台化,29,33,-4
統一嘉義  ,順德,4,8,-4
統一嘉義  ,凱美,2,6,-4
統一嘉義  ,炎洲,0,4,-4
統一嘉義  ,合一,0,4,-4
統一嘉義  ,能率,7,11,-4
統一嘉義  ,金山電,0,4,-4
統一嘉義  ,台積電,1,5,-4
統一嘉義  ,一詮,1,4,-3
統一嘉義  ,00922國泰台灣領袖50,0,3,-3
統一嘉義  ,新纖,0,3,-3
統一嘉義  ,上銀,3,6,-3
 元大經國,00676R富邦臺灣加權反1,1013,0,1013
 元大經國,聯電,318,58,260
 元大經國,00953B群益優選非投等債,176,8,168
 元大經國,00664R國泰臺灣加權反1,150,0,150
 元大經國,00937B群益ESG投等債20,98,0,98
 元大經國,吉茂,70,0,70
 元大經國,宏達電,181,117,64
 元大經國,陽明,103,52,51
 元大經國,晟德,50,0,50
 元大經國,00719B元大美債1-3,50,0,50
 元大經國,00706L期元大S＆P日圓正2,50,6,44
 元大經國,00878國泰永續高股息,54,11,43
 元大經國,元大高股息,65,24,41
 元大經國,00637L元大滬深300正2,90,49,41
 元大經國,惠特,35,0,35
 元大經國,鴻海,63,37,26
 元大經國,基亞,26,0,26
 元大經國,緯創,57,32,25
 元大經國,群創,30,6,24
 元大經國,006206元大上證50,24,0,24
 元大經國,華邦電,31,9,22
 元大經國,安倉,21,0,21
 元大經國,裕民,20,0,20
 元大經國,00762元大全球AI,20,2,18
 元大經國,合庫金,22,4,18
 元大經國,富喬,65,49,16
 元大經國,康普,21,5,16
 元大經國,雷虎,16,1,15
 元大經國,元大台灣50,21,6,15
 元大經國,00633L富邦上証正2,14,0,14
 元大經國,00960野村全球航運龍頭,13,0,13
 元大經國,00910第一金太空衛星,14,2,12
 元大經國,00946群益科技高息成長,17,5,12
 元大經國,00697B元大美債7-10,12,0,12
 元大經國,00858永豐美國500大,12,0,12
 元大經國,00881國泰台灣5G+,16,5,11
 元大經國,欣興,30,18,12
 元大經國,00919群益台灣精選高息,41,29,12
 元大經國,順達,25,14,11
 元大經國,台玻,23,13,10
 元大經國,泰谷,10,0,10
 元大經國,健亞,10,0,10
 元大經國,00650L復華香港正2,21,11,10
 元大經國,華紙,15,5,10
 元大經國,澤米,10,0,10
 元大經國,台化,10,0,10
 元大經國,聲寶,10,0,10
 元大經國,正淩,10,0,10
 元大經國,圓剛,15,6,9
 元大經國,穎漢,9,0,9
 元大經國,力積電,71,313,-242
 元大經國,00638R元大滬深300反1,0,125,-125
 元大經國,00929復華台灣科技優息,7,119,-112
 元大經國,00712復華富時不動產,0,105,-105
 元大經國,00686R群益臺灣加權反1,0,77,-77
 元大經國,00940元大台灣價值高息,2,76,-74
 元大經國,00965元大航太防衛科技,3,76,-73
 元大經國,興能高,90,153,-63
 元大經國,飛宏,0,62,-62
 元大經國,00666R富邦�琤肭磪齯�1,0,57,-57
 元大經國,00715L期街口布蘭特正2,2,56,-54
 元大經國,台灣虎航,2,43,-41
 元大經國,佶優,6,46,-40
 元大經國,新光金,3,41,-38
 元大經國,北基,3,38,-35
 元大經國,台積電,11,43,-32
 元大經國,台泥,3,34,-31
 元大經國,波若威,37,67,-30
 元大經國,006208富邦台50,10,36,-26
 元大經國,精成科,10,36,-26
 元大經國,凱基金,0,26,-26
 元大經國,00708L期元大S＆P黃金正2,0,26,-26
 元大經國,長榮航,2,27,-25
 元大經國,00909國泰數位支付服務,3,27,-24
 元大經國,欣銓,7,31,-24
 元大經國,三商壽,0,23,-23
 元大經國,00753L中信中國50正2,1,24,-23
 元大經國,00939統一台灣高息動能,1,22,-21
 元大經國,00936台新永續高息中小,0,21,-21
 元大經國,宏致,24,44,-20
 元大經國,英業達,7,27,-20
 元大經國,00935野村臺灣新科技50,0,17,-17
 元大經國,合一,0,16,-16
 元大經國,高端疫苗,0,16,-16
 元大經國,神達,143,159,-16
 元大經國,友達,0,15,-15
 元大經國,佳邦,1,16,-15
 元大經國,00912中信臺灣智慧50,1,16,-15
 元大經國,00631L元大台灣50正2,3,18,-15
 元大經國,台達電,0,13,-13
 元大經國,光環,4,17,-13
 元大經國,聯詠,1,14,-13
 元大經國,朋億*,2,15,-13
 元大經國,00922國泰台灣領袖50,1,13,-12
 元大經國,00915凱基優選高股息30,0,12,-12
 元大經國,華城,4,15,-11
 元大經國,富邦金,2,13,-11
 元大經國,新復興,1,12,-11
 元大經國,美律,1,12,-11
 元大經國,00948B中信優息投資級債,1,12,-11
日進,00937B群益ESG投等債20,110,0,110
日進,連展投控,58,10,48
日進,聯電,60,15,45
日進,00919群益台灣精選高息,38,2,36
日進,00632R元大台灣50反1,30,0,30
日進,富強鑫,30,0,30
日進,00878國泰永續高股息,27,0,27
日進,元大高股息,24,0,24
日進,彩晶,24,0,24
日進,中石化,20,0,20
日進,00971野村美國研發龍頭,17,0,17
日進,中鋼,20,4,16
日進,泰金寶-DR,16,0,16
日進,金寶,20,5,15
日進,00946群益科技高息成長,12,0,12
日進,00918大華優利高填息30,13,2,11
日進,00953B群益優選非投等債,10,0,10
日進,00712復華富時不動產,10,0,10
日進,葡萄王,10,0,10
日進,玖鼎電力,10,0,10
日進,鳳凰,10,0,10
日進,欣興,11,2,9
日進,大成鋼,10,1,9
日進,00753L中信中國50正2,20,12,8
日進,磐亞,8,0,8
日進,新盛力,15,8,7
日進,台塑化,7,0,7
日進,昇陽半導體,7,0,7
日進,00924復華S＆P500成長,6,0,6
日進,台揚,13,7,6
日進,英業達,7,1,6
日進,台灣虎航,7,1,6
日進,00887永豐中國科技50大,5,0,5
日進,00915凱基優選高股息30,5,0,5
日進,00679B元大美債20年,5,0,5
日進,立敦,8,3,5
日進,騰輝電子-KY,20,15,5
日進,安國,5,0,5
日進,廣達,14,9,5
日進,聯鈞,7,3,4
日進,亞光,5,1,4
日進,00655L國泰中國A50正2,4,0,4
日進,華電網,4,0,4
日進,陽明,4,1,3
日進,誠研,4,1,3
日進,前鼎,6,3,3
日進,力成,3,0,3
日進,茂迪,3,0,3
日進,合庫金,3,1,2
日進,國喬,2,0,2
日進,南亞科,5,103,-98
日進,00922國泰台灣領袖50,1,70,-69
日進,00673R期元大S＆P原油反1,0,40,-40
日進,達欣工,0,40,-40
日進,華廣,0,40,-40
日進,富野,0,33,-33
日進,華通,3,25,-22
日進,新光金,2,22,-20
日進,00678群益那斯達克生技,0,20,-20
日進,00905FT臺灣Smart,0,20,-20
日進,華航,2,22,-20
日進,志超,0,20,-20
日進,台聚,0,18,-18
日進,華晶科,2,20,-18
日進,中信金,0,16,-16
日進,矽統,0,15,-15
日進,00945B凱基美國非投等債,0,13,-13
日進,華南金,0,11,-11
日進,00927群益半導體收益,0,10,-10
日進,00885富邦越南,0,10,-10
日進,上銀,1,11,-10
日進,健喬,0,10,-10
日進,方土霖,0,10,-10
日進,華容,0,10,-10
日進,圓剛,4,13,-9
日進,台積電,5,13,-8
日進,凱基金,0,7,-7
日進,京元電子,4,11,-7
日進,彰銀,3,10,-7
日進,緯創,12,19,-7
日進,宏達電,20,27,-7
日進,00752中信中國50,0,6,-6
日進,恩德,0,6,-6
日進,巨庭,0,6,-6
日進,佳能,1,7,-6
日進,萬海,2,8,-6
日進,健鼎,0,6,-6
日進,欣銓,1,7,-6
日進,永崴投控,0,6,-6
日進,聯光通,8,14,-6
日進,日月光投控,1,7,-6
日進,台中銀,5,11,-6
日進,千興,0,5,-5
日進,中租-KY,0,5,-5
日進,00708L期元大S＆P黃金正2,0,5,-5
日進,佳世達,0,5,-5
日進,鼎元,0,5,-5
日進,普安,0,5,-5
日進,長榮航,2,7,-5
日進,富華新,0,5,-5
國票長城,00687B國泰20年美債,500,0,500
國票長城,康和證,300,0,300
國票長城,大同,200,1,199
國票長城,00680L元大美債20正2,190,0,190
國票長城,中興電,80,0,80
國票長城,昇達科,95,21,74
國票長城,力積電,82,31,51
國票長城,00650L復華香港正2,50,0,50
國票長城,奇鋐,52,2,50
國票長城,聯電,168,120,48
國票長城,00637L元大滬深300正2,48,5,43
國票長城,巨大,43,0,43
國票長城,啟��,40,1,39
國票長城,眾達-KY,48,13,35
國票長城,美利達,30,0,30
國票長城,華通,39,12,27
國票長城,達興材料,25,2,23
國票長城,萬泰科,20,0,20
國票長城,00770國泰北美科技,17,0,17
國票長城,力成,17,0,17
國票長城,ABC-KY,16,0,16
國票長城,大國鋼,15,0,15
國票長城,云辰,11,0,11
國票長城,欣興,13,2,11
國票長城,雷笛克光學,12,1,11
國票長城,富世達,11,0,11
國票長城,擎亞,17,6,11
國票長城,00918大華優利高填息30,10,0,10
國票長城,IKKA-KY,10,0,10
國票長城,敬鵬,10,0,10
國票長城,銘旺科,10,0,10
國票長城,今皓,10,0,10
國票長城,晟銘電,10,0,10
國票長城,榮創,10,0,10
國票長城,金寶,9,0,9
國票長城,矽統,11,2,9
國票長城,聯穎,9,0,9
國票長城,興能高,31,23,8
國票長城,立隆電,18,11,7
國票長城,台灣大,7,0,7
國票長城,僑威,16,9,7
國票長城,00919群益台灣精選高息,6,0,6
國票長城,00910第一金太空衛星,9,3,6
國票長城,00632R元大台灣50反1,10,4,6
國票長城,富晶通,6,0,6
國票長城,亞泰,10,4,6
國票長城,永道-KY,7,1,6
國票長城,新應材,6,0,6
國票長城,緯穎,6,1,5
國票長城,和大,5,0,5
國票長城,新建,0,117,-117
國票長城,00940元大台灣價值高息,30,139,-109
國票長城,00929復華台灣科技優息,0,87,-87
國票長城,神達,34,82,-48
國票長城,神基,0,43,-43
國票長城,00892富邦台灣半導體,0,40,-40
國票長城,00923群益台ESG低碳50,0,40,-40
國票長城,00915凱基優選高股息30,0,35,-35
國票長城,光環,13,43,-30
國票長城,日月光投控,0,29,-29
國票長城,長華*,13,40,-27
國票長城,凱基金,0,26,-26
國票長城,鈦昇,0,25,-25
國票長城,台灣虎航,7,29,-22
國票長城,宏達電,61,82,-21
國票長城,00968B元大優息投等債,0,20,-20
國票長城,玉山金,0,20,-20
國票長城,新日興,11,30,-19
國票長城,佳能,8,26,-18
國票長城,創惟,14,32,-18
國票長城,華宏,0,16,-16
國票長城,元大台灣50,0,15,-15
國票長城,中鋼,1,16,-15
國票長城,藥華藥,3,18,-15
國票長城,旺矽,1,15,-14
國票長城,聖暉*,1,15,-14
國票長城,長榮航太,0,13,-13
國票長城,台新金,20,32,-12
國票長城,順達,6,18,-12
國票長城,長虹,0,12,-12
國票長城,光寶科,0,11,-11
國票長城,台產,0,10,-10
國票長城,大眾控,0,10,-10
國票長城,國光生,0,10,-10
國票長城,立敦,15,25,-10
國票長城,沛爾生醫-創,0,10,-10
國票長城,台達電,1,10,-9
國票長城,敦陽科,1,10,-9
國票長城,台積電,12,20,-8
國票長城,富喬,0,8,-8
國票長城,英業達,2,10,-8
國票長城,欣銓,15,23,-8
國票長城,鈞興-KY,0,7,-7
國票長城,中磊,0,7,-7
國票長城,00970B新光BBB投等債20,0,6,-6
國票長城,友達,0,6,-6
國票長城,中美晶,0,6,-6
國票長城,華安,0,6,-6
國票長城,華星光,18,23,-5
國票長城,00675L富邦臺灣加權正2,2,7,-5
 元大旗山,中鋼,175,38,137
 元大旗山,聯電,167,64,103
 元大旗山,欣興,24,4,20
 元大旗山,00664R國泰臺灣加權反1,20,0,20
 元大旗山,和勤,18,0,18
 元大旗山,中鼎,17,0,17
 元大旗山,00878國泰永續高股息,16,0,16
 元大旗山,00858永豐美國500大,15,0,15
 元大旗山,台郡,14,0,14
 元大旗山,台虹,12,0,12
 元大旗山,展宇,11,0,11
 元大旗山,達邁,69,58,11
 元大旗山,006205富邦上証,10,0,10
 元大旗山,國光生,10,0,10
 元大旗山,力積電,45,35,10
 元大旗山,00679B元大美債20年,8,0,8
 元大旗山,大成鋼,9,1,8
 元大旗山,兆豐金,8,0,8
 元大旗山,聯鈞,17,10,7
 元大旗山,三商壽,12,5,7
 元大旗山,玉山金,7,0,7
 元大旗山,南亞科,11,4,7
 元大旗山,00795B中信美國公債20年,6,0,6
 元大旗山,新光金,6,0,6
 元大旗山,加百裕,25,19,6
 元大旗山,凱基金,7,1,6
 元大旗山,全球傳動,6,1,5
 元大旗山,新盛力,33,28,5
 元大旗山,00950B凱基A級公司債,5,0,5
 元大旗山,00953B群益優選非投等債,5,0,5
 元大旗山,國泰金,5,0,5
 元大旗山,今皓,5,0,5
 元大旗山,智原,6,1,5
 元大旗山,東浦,6,1,5
 元大旗山,臻鼎-KY,5,0,5
 元大旗山,00713元大台灣高息低波,4,0,4
 元大旗山,聯光通,9,5,4
 元大旗山,陽明,22,18,4
 元大旗山,金寶,186,182,4
 元大旗山,銘異,4,0,4
 元大旗山,環宇-KY,49,45,4
 元大旗山,驊訊,4,0,4
 元大旗山,英濟,7,3,4
 元大旗山,廣宇,6,2,4
 元大旗山,廣達,3,0,3
 元大旗山,立敦,9,6,3
 元大旗山,光洋科,3,0,3
 元大旗山,宏��,3,0,3
 元大旗山,美律,3,0,3
 元大旗山,明泰,3,0,3
 元大旗山,00945B凱基美國非投等債,0,90,-90
 元大旗山,00712復華富時不動產,0,90,-90
 元大旗山,00965元大航太防衛科技,0,89,-89
 元大旗山,00937B群益ESG投等債20,2,60,-58
 元大旗山,宏致,10,56,-46
 元大旗山,00919群益台灣精選高息,5,44,-39
 元大旗山,006208富邦台50,0,34,-34
 元大旗山,臺企銀,4,34,-30
 元大旗山,00940元大台灣價值高息,0,27,-27
 元大旗山,華新,7,34,-27
 元大旗山,富喬,7,33,-26
 元大旗山,00637L元大滬深300正2,21,44,-23
 元大旗山,勤美,0,20,-20
 元大旗山,神基,0,20,-20
 元大旗山,宏達電,28,46,-18
 元大旗山,富邦金,0,15,-15
 元大旗山,台積電,5,20,-15
 元大旗山,龍德造船,0,13,-13
 元大旗山,00927群益半導體收益,5,17,-12
 元大旗山,元大高股息,9,20,-11
 元大旗山,緯創,9,20,-11
 元大旗山,00929復華台灣科技優息,2,13,-11
 元大旗山,00949復華日本龍頭,0,11,-11
 元大旗山,中華電,0,11,-11
 元大旗山,立��,8,19,-11
 元大旗山,台達化,0,10,-10
 元大旗山,兆勁,0,10,-10
 元大旗山,西勝,0,10,-10
 元大旗山,高端疫苗,0,10,-10
 元大旗山,ITH-KY,0,10,-10
 元大旗山,伍豐,0,10,-10
 元大旗山,欣銓,4,14,-10
 元大旗山,00655L國泰中國A50正2,0,10,-10
 元大旗山,擎亞,8,16,-8
 元大旗山,台新金,2,10,-8
 元大旗山,安集,0,8,-8
 元大旗山,順達,6,14,-8
 元大旗山,台達電,1,8,-7
 元大旗山,興能高,102,109,-7
 元大旗山,台聚,0,7,-7
 元大旗山,佳和,1,8,-7
 元大旗山,錸德,2,9,-7
 元大旗山,華南金,0,7,-7
 元大旗山,鴻準,0,7,-7
 元大旗山,00910第一金太空衛星,2,8,-6
 元大旗山,友達,0,6,-6
 元大旗山,佳能,3,9,-6
 元大旗山,00909國泰數位支付服務,0,6,-6
 元大旗山,00631L元大台灣50正2,0,6,-6
 元大旗山,華城,0,6,-6
 元富同大,大成鋼,207,13,194
 元富同大,聯電,230,68,162
 元富同大,三商壽,150,2,148
 元富同大,力積電,128,38,90
 元富同大,00930永豐ESG低碳高息,80,0,80
 元富同大,元大高股息,80,1,79
 元富同大,宏��,58,1,57
 元富同大,新漢,52,0,52
 元富同大,台新金,42,0,42
 元富同大,台中銀,40,0,40
 元富同大,00918大華優利高填息30,32,0,32
 元富同大,太景*-KY,30,0,30
 元富同大,緯創,33,5,28
 元富同大,00878國泰永續高股息,40,14,26
 元富同大,聯華,25,1,24
 元富同大,00919群益台灣精選高息,23,0,23
 元富同大,富喬,30,8,22
 元富同大,欣興,26,5,21
 元富同大,00712復華富時不動產,30,9,21
 元富同大,第一金,21,2,19
 元富同大,中石化,20,2,18
 元富同大,英業達,28,11,17
 元富同大,精英,17,0,17
 元富同大,新盛力,48,31,17
 元富同大,泰金寶-DR,16,0,16
 元富同大,力成,18,3,15
 元富同大,玉晶光,17,2,15
 元富同大,聯光通,41,28,13
 元富同大,臺企銀,13,0,13
 元富同大,00924復華S＆P500成長,12,0,12
 元富同大,00697B元大美債7-10,11,0,11
 元富同大,順達,17,6,11
 元富同大,正達,12,1,11
 元富同大,合庫金,10,0,10
 元富同大,農林,10,0,10
 元富同大,00950B凱基A級公司債,10,0,10
 元富同大,偉詮電,10,0,10
 元富同大,玉山金,10,0,10
 元富同大,光環,13,3,10
 元富同大,騰輝電子-KY,10,1,9
 元富同大,台塑,10,1,9
 元富同大,東台,10,1,9
 元富同大,日電貿,10,1,9
 元富同大,台泥,8,0,8
 元富同大,00922國泰台灣領袖50,8,0,8
 元富同大,競國,8,0,8
 元富同大,00915凱基優選高股息30,7,0,7
 元富同大,官田鋼,7,0,7
 元富同大,國精化,7,0,7
 元富同大,達邁,22,15,7
 元富同大,00980B台新特選IG債10+,30,296,-266
 元富同大,南亞,1,102,-101
 元富同大,台塑化,33,120,-87
 元富同大,神達,35,111,-76
 元富同大,凱基金,1,51,-50
 元富同大,00948B中信優息投資級債,0,50,-50
 元富同大,00953B群益優選非投等債,145,195,-50
 元富同大,宏達電,40,85,-45
 元富同大,00632R元大台灣50反1,12,50,-38
 元富同大,00929復華台灣科技優息,0,35,-35
 元富同大,華南金,0,32,-32
 元富同大,康舒,0,31,-31
 元富同大,日月光投控,6,35,-29
 元富同大,新光金,10,37,-27
 元富同大,華航,11,35,-24
 元富同大,00679B元大美債20年,2,25,-23
 元富同大,鴻準,1,23,-22
 元富同大,欣銓,1,23,-22
 元富同大,長榮航,0,21,-21
 元富同大,00943兆豐電子高息等權,0,20,-20
 元富同大,中鋼,30,49,-19
 元富同大,鴻海,5,22,-17
 元富同大,威致,0,16,-16
 元富同大,友達,0,15,-15
 元富同大,006208富邦台50,1,16,-15
 元富同大,眾達-KY,11,25,-14
 元富同大,廣積,0,14,-14
 元富同大,台虹,1,15,-14
 元富同大,00954中信日本半導體,0,14,-14
 元富同大,昇達科,3,16,-13
 元富同大,富采,0,13,-13
 元富同大,國泰金,1,13,-12
 元富同大,裕山,0,12,-12
 元富同大,燿華,0,12,-12
 元富同大,南電,1,12,-11
 元富同大,星宇航空,10,21,-11
 元富同大,00946群益科技高息成長,2,13,-11
 元富同大,南茂,3,14,-11
 元富同大,立隆電,9,20,-11
 元富同大,福懋油,0,11,-11
 元富同大,興能高,107,118,-11
 元富同大,陽明,61,72,-11
 元富同大,普安,1,11,-10
 元富同大,奇鋐,4,14,-10
 元富同大,00970B新光BBB投等債20,0,10,-10
 元富同大,和椿,8,18,-10
 元富同大,台苯,0,10,-10
 元富同大,00944野村趨勢動能高息,0,10,-10
 元富同大,合晶,0,9,-9
 元富同大,00941中信上游半導體,1,10,-9
 元富大昌,新光金,601,84,517
 元富大昌,聯電,224,44,180
 元富大昌,聯成,123,0,123
 元富大昌,神達,230,124,106
 元富大昌,大成鋼,49,1,48
 元富大昌,金麗-KY,49,2,47
 元富大昌,00680L元大美債20正2,44,0,44
 元富大昌,泰金寶-DR,84,53,31
 元富大昌,前鼎,33,2,31
 元富大昌,國際中橡,30,0,30
 元富大昌,淘帝-KY,30,0,30
 元富大昌,緯創,34,5,29
 元富大昌,聯合再生,28,1,27
 元富大昌,台灣大,25,0,25
 元富大昌,皇昌,25,0,25
 元富大昌,聯光通,41,16,25
 元富大昌,益航,24,0,24
 元富大昌,霖宏,22,0,22
 元富大昌,建通,21,0,21
 元富大昌,00737國泰AI+Robo,20,0,20
 元富大昌,00637L元大滬深300正2,21,2,19
 元富大昌,英業達,24,5,19
 元富大昌,00937B群益ESG投等債20,19,1,18
 元富大昌,00632R元大台灣50反1,18,0,18
 元富大昌,新建,15,0,15
 元富大昌,晟德,15,0,15
 元富大昌,00712復華富時不動產,20,5,15
 元富大昌,元大高股息,24,9,15
 元富大昌,鉅橡,14,0,14
 元富大昌,00858永豐美國500大,13,0,13
 元富大昌,宏遠,13,0,13
 元富大昌,矽統,12,0,12
 元富大昌,高鋒,12,0,12
 元富大昌,百和興業-KY,12,0,12
 元富大昌,澤米,12,1,11
 元富大昌,00953B群益優選非投等債,11,0,11
 元富大昌,和椿,30,19,11
 元富大昌,兆豐金,11,0,11
 元富大昌,原相,10,0,10
 元富大昌,精金,10,0,10
 元富大昌,興勤,10,0,10
 元富大昌,彬台,10,0,10
 元富大昌,00923群益台ESG低碳50,10,0,10
 元富大昌,精成科,15,5,10
 元富大昌,長科*,9,0,9
 元富大昌,達邁,33,25,8
 元富大昌,宏齊,8,0,8
 元富大昌,00664R國泰臺灣加權反1,8,0,8
 元富大昌,海華,18,10,8
 元富大昌,新漢,8,0,8
 元富大昌,00980B台新特選IG債10+,0,990,-990
 元富大昌,宏致,33,146,-113
 元富大昌,新麗,5,92,-87
 元富大昌,保銳,0,80,-80
 元富大昌,00887永豐中國科技50大,0,60,-60
 元富大昌,00951台新日本半導體,0,55,-55
 元富大昌,立隆電,24,74,-50
 元富大昌,群創,0,48,-48
 元富大昌,興能高,49,93,-44
 元富大昌,南茂,11,52,-41
 元富大昌,00929復華台灣科技優息,0,41,-41
 元富大昌,華航,0,34,-34
 元富大昌,寶成,1,32,-31
 元富大昌,00916國泰全球品牌50,0,29,-29
 元富大昌,00919群益台灣精選高息,11,39,-28
 元富大昌,全新,6,34,-28
 元富大昌,00927群益半導體收益,3,30,-27
 元富大昌,富邦金,0,25,-25
 元富大昌,00940元大台灣價值高息,1,22,-21
 元富大昌,星宇航空,0,21,-21
 元富大昌,景碩,0,21,-21
 元富大昌,三芳,0,20,-20
 元富大昌,杭特,0,19,-19
 元富大昌,力積電,39,57,-18
 元富大昌,IKKA-KY,88,106,-18
 元富大昌,00665L富邦�琤肭磪囓�2,0,17,-17
 元富大昌,00713元大台灣高息低波,2,19,-17
 元富大昌,有益,0,15,-15
 元富大昌,台灣虎航,4,19,-15
 元富大昌,00922國泰台灣領袖50,0,15,-15
 元富大昌,鴻海,74,88,-14
 元富大昌,00939統一台灣高息動能,0,14,-14
 元富大昌,廣宇,0,14,-14
 元富大昌,仁寶,4,18,-14
 元富大昌,華城,1,13,-12
 元富大昌,華星光,22,33,-11
 元富大昌,日月光投控,2,13,-11
 元富大昌,萬泰科,0,11,-11
 元富大昌,大同,16,27,-11
 元富大昌,00948B中信優息投資級債,0,10,-10
 元富大昌,台玻,0,10,-10
 元富大昌,浩鼎,0,10,-10
 元富大昌,建漢,0,10,-10
 元富大昌,精英,0,10,-10
 元富大昌,中鋼,13,23,-10
 元富大昌,友達,1,10,-9
 元富大昌,全球傳動,2,11,-9
 元富大昌,點序,2,11,-9
 元富大昌,富喬,18,27,-9
 元富大昌,長榮,1,9,-8
美好中和,元大高股息,185,0,185
美好中和,00637L元大滬深300正2,63,0,63
美好中和,新盛力,97,36,61
美好中和,環球晶,26,0,26
美好中和,聯電,23,1,22
美好中和,00919群益台灣精選高息,15,0,15
美好中和,泰金寶-DR,32,20,12
美好中和,雲豹能源,11,0,11
美好中和,00885富邦越南,10,0,10
美好中和,圓剛,10,0,10
美好中和,緯創,12,3,9
美好中和,力積電,9,0,9
美好中和,聯鈞,21,13,8
美好中和,欣興,5,0,5
美好中和,中鴻,5,0,5
美好中和,眾達-KY,14,9,5
美好中和,大同,16,12,4
美好中和,海華,4,0,4
美好中和,IET-KY,9,5,4
美好中和,工信,4,0,4
美好中和,00918大華優利高填息30,3,0,3
美好中和,00960野村全球航運龍頭,3,0,3
美好中和,中環,3,0,3
美好中和,00937B群益ESG投等債20,2,0,2
美好中和,廣達,4,2,2
美好中和,光群雷,2,0,2
美好中和,中工,2,0,2
美好中和,亞光,7,5,2
美好中和,光環,3,1,2
美好中和,國光生,2,0,2
美好中和,淳紳,2,0,2
美好中和,聯光通,5,3,2
美好中和,中光電,2,0,2
美好中和,高技,2,0,2
美好中和,藥華藥,2,0,2
美好中和,均豪,1,0,1
美好中和,力鵬,1,0,1
美好中和,力麗,1,0,1
美好中和,中石化,1,0,1
美好中和,00971野村美國研發龍頭,1,0,1
美好中和,00965元大航太防衛科技,1,0,1
美好中和,元大寶滬深,1,0,1
美好中和,00887永豐中國科技50大,1,0,1
美好中和,樂事綠能,1,0,1
美好中和,和桐,1,0,1
美好中和,川寶,1,0,1
美好中和,大成鋼,1,0,1
美好中和,國際中橡,1,0,1
美好中和,金寶,1,0,1
美好中和,精英,1,0,1
美好中和,00680L元大美債20正2,0,30,-30
美好中和,富邦金,0,27,-27
美好中和,國泰金,0,26,-26
美好中和,00929復華台灣科技優息,0,18,-18
美好中和,華南金,0,17,-17
美好中和,順達,27,41,-14
美好中和,佳世達,0,11,-11
美好中和,00655L國泰中國A50正2,0,10,-10
美好中和,臺企銀,0,10,-10
美好中和,創惟,3,13,-10
美好中和,神達,3,11,-8
美好中和,元大台灣50,0,6,-6
美好中和,00877復華中國5G,0,6,-6
美好中和,玉山金,0,6,-6
美好中和,台灣虎航,0,5,-5
美好中和,新日興,4,8,-4
美好中和,00692富邦公司治理,0,4,-4
美好中和,新光金,1,5,-4
美好中和,奇鋐,1,5,-4
美好中和,雷虎,0,4,-4
美好中和,長榮,0,3,-3
美好中和,00944野村趨勢動能高息,0,3,-3
美好中和,00940元大台灣價值高息,0,3,-3
美好中和,華航,0,3,-3
美好中和,彰銀,0,3,-3
美好中和,凡甲,0,3,-3
美好中和,汎銓,0,3,-3
美好中和,迅得,1,3,-2
美好中和,凱基金,0,2,-2
美好中和,鴻海,10,12,-2
美好中和,006205富邦上証,0,2,-2
美好中和,光罩,0,2,-2
美好中和,所羅門,0,2,-2
美好中和,金像電,0,2,-2
美好中和,友達,0,2,-2
美好中和,宏達電,8,10,-2
美好中和,益登,0,2,-2
美好中和,昇貿,0,2,-2
美好中和,昇達科,2,4,-2
美好中和,瀚宇博,0,2,-2
美好中和,精成科,3,5,-2
美好中和,盛群,0,2,-2
美好中和,世紀鋼,0,2,-2
美好中和,00882中信中國高股息,1,3,-2
美好中和,文曄,0,2,-2
美好中和,006208富邦台50,0,1,-1
美好中和,台積電,2,3,-1
美好中和,富喬,0,1,-1
美好中和,台橡,0,1,-1
美好中和,華城,0,1,-1
康和台中,廣達,103,2,101
康和台中,00638R元大滬深300反1,98,0,98
康和台中,力積電,70,9,61
康和台中,聯電,70,15,55
康和台中,新盛力,187,151,36
康和台中,威健,30,0,30
康和台中,00637L元大滬深300正2,108,85,23
康和台中,正達,24,2,22
康和台中,日月光投控,24,4,20
康和台中,萬泰科,16,0,16
康和台中,英業達,45,31,14
康和台中,緯創,15,3,12
康和台中,驊訊,14,3,11
康和台中,00922國泰台灣領袖50,11,1,10
康和台中,00655L國泰中國A50正2,10,0,10
康和台中,台化,20,10,10
康和台中,商丞,10,0,10
康和台中,00858永豐美國500大,10,0,10
康和台中,堤維西,11,1,10
康和台中,矽格,10,0,10
康和台中,凌陽,10,0,10
康和台中,00632R元大台灣50反1,11,1,10
康和台中,00878國泰永續高股息,21,12,9
康和台中,亞光,20,12,8
康和台中,醣聯,8,0,8
康和台中,汎銓,7,0,7
康和台中,大成鋼,8,2,6
康和台中,群創,10,4,6
康和台中,00882中信中國高股息,6,0,6
康和台中,北極星藥業-KY,6,0,6
康和台中,IET-KY,6,0,6
康和台中,欣興,7,2,5
康和台中,00945B凱基美國非投等債,5,0,5
康和台中,大銀微系統,5,0,5
康和台中,廣運,6,1,5
康和台中,英濟,35,30,5
康和台中,麗清,5,0,5
康和台中,和潤企業,5,0,5
康和台中,鉅祥,5,0,5
康和台中,元大台灣50,5,0,5
康和台中,00937B群益ESG投等債20,7,3,4
康和台中,金寶,6,2,4
康和台中,00738U期元大道瓊白銀,4,0,4
康和台中,安國,5,1,4
康和台中,台特化,4,0,4
康和台中,雲豹能源,4,0,4
康和台中,百和,4,0,4
康和台中,事欣科,6,2,4
康和台中,和椿,80,76,4
康和台中,亞翔,7,4,3
康和台中,華晶科,5,99,-94
康和台中,凱基金,0,81,-81
康和台中,連展投控,14,64,-50
康和台中,宏達電,84,130,-46
康和台中,達邁,43,88,-45
康和台中,國泰金,1,36,-35
康和台中,浪凡,0,25,-25
康和台中,南亞科,1,24,-23
康和台中,三一東林,0,22,-22
康和台中,00881國泰台灣5G+,0,21,-21
康和台中,中信金,1,22,-21
康和台中,00940元大台灣價值高息,0,20,-20
康和台中,華航,6,26,-20
康和台中,00642U期元大S＆P石油,0,20,-20
康和台中,燿華,2,21,-19
康和台中,波若威,36,55,-19
康和台中,00918大華優利高填息30,1,18,-17
康和台中,巧新,0,15,-15
康和台中,正德,0,15,-15
康和台中,神達,84,98,-14
康和台中,光寶科,0,13,-13
康和台中,鴻海,6,18,-12
康和台中,精成科,9,20,-11
康和台中,立敦,58,68,-10
康和台中,00679B元大美債20年,2,12,-10
康和台中,尚立,0,10,-10
康和台中,00690兆豐藍籌30,0,10,-10
康和台中,宏致,17,27,-10
康和台中,華新,0,10,-10
康和台中,新光金,4,14,-10
康和台中,眾達-KY,27,37,-10
康和台中,普誠,0,10,-10
康和台中,00662富邦NASDAQ,0,10,-10
康和台中,00936台新永續高息中小,0,9,-9
康和台中,宏齊,6,15,-9
康和台中,00946群益科技高息成長,0,9,-9
康和台中,00909國泰數位支付服務,0,9,-9
康和台中,欣銓,8,16,-8
康和台中,00970B新光BBB投等債20,0,7,-7
康和台中,00887永豐中國科技50大,0,7,-7
康和台中,廣閎科,0,7,-7
康和台中,興能高,138,145,-7
康和台中,00929復華台灣科技優息,0,7,-7
康和台中,長榮,1,7,-6
康和台中,建國,0,6,-6
康和台中,華通,7,13,-6
康和台中,00943兆豐電子高息等權,0,6,-6
康和台中,台中銀,0,6,-6
康和台中,光環,0,6,-6
康和台中,聯鈞,18,24,-6
統一松江  ,聯電,140,57,83
統一松江  ,順達,116,62,54
統一松江  ,和碩,50,0,50
統一松江  ,宏達電,211,163,48
統一松江  ,巨鎧精密-創,96,65,31
統一松江  ,華通,35,4,31
統一松江  ,00924復華S＆P500成長,25,0,25
統一松江  ,00687B國泰20年美債,26,2,24
統一松江  ,華晶科,26,3,23
統一松江  ,泰金寶-DR,22,3,19
統一松江  ,晟銘電,18,0,18
統一松江  ,詮欣,18,0,18
統一松江  ,得力,15,0,15
統一松江  ,00642U期元大S＆P石油,10,0,10
統一松江  ,金像電,30,20,10
統一松江  ,今皓,10,0,10
統一松江  ,精材,11,1,10
統一松江  ,耀億,10,0,10
統一松江  ,宏齊,10,0,10
統一松江  ,006208富邦台50,11,2,9
統一松江  ,偉訓,32,23,9
統一松江  ,大銀微系統,9,0,9
統一松江  ,光寶科,10,2,8
統一松江  ,大同,11,3,8
統一松江  ,立敦,17,9,8
統一松江  ,興能高,215,207,8
統一松江  ,大成鋼,17,10,7
統一松江  ,芯鼎,7,0,7
統一松江  ,立��,28,21,7
統一松江  ,00919群益台灣精選高息,6,0,6
統一松江  ,統一,7,1,6
統一松江  ,佳能,9,3,6
統一松江  ,千興,9,4,5
統一松江  ,達興材料,5,0,5
統一松江  ,上曜,5,0,5
統一松江  ,00637L元大滬深300正2,5,0,5
統一松江  ,00940元大台灣價值高息,5,0,5
統一松江  ,00937B群益ESG投等債20,5,0,5
統一松江  ,振曜,5,0,5
統一松江  ,南茂,8,3,5
統一松江  ,商億-KY,9,4,5
統一松江  ,新日興,21,17,4
統一松江  ,中裕,4,0,4
統一松江  ,00960野村全球航運龍頭,4,0,4
統一松江  ,濱川,4,0,4
統一松江  ,中光電,4,0,4
統一松江  ,雍智科技,5,1,4
統一松江  ,元太,4,0,4
統一松江  ,技嘉,4,0,4
統一松江  ,亞光,5,1,4
統一松江  ,台船,0,170,-170
統一松江  ,力積電,6,136,-130
統一松江  ,神達,35,143,-108
統一松江  ,新光金,0,100,-100
統一松江  ,長榮,3,49,-46
統一松江  ,凱基金,0,42,-42
統一松江  ,00941中信上游半導體,0,32,-32
統一松江  ,皇昌,5,35,-30
統一松江  ,喬山,0,29,-29
統一松江  ,昇陽半導體,10,35,-25
統一松江  ,富喬,12,34,-22
統一松江  ,富邦金,0,21,-21
統一松江  ,寶緯,0,21,-21
統一松江  ,廣達,0,20,-20
統一松江  ,00878國泰永續高股息,5,25,-20
統一松江  ,中美晶,0,20,-20
統一松江  ,台灣虎航,2,22,-20
統一松江  ,長榮航,30,49,-19
統一松江  ,00708L期元大S＆P黃金正2,0,15,-15
統一松江  ,亞通,0,15,-15
統一松江  ,綠界科技*,5,20,-15
統一松江  ,高技,0,13,-13
統一松江  ,中鴻,0,11,-11
統一松江  ,00980B台新特選IG債10+,0,10,-10
統一松江  ,國票金,0,10,-10
統一松江  ,達邁,14,24,-10
統一松江  ,瑞智,0,10,-10
統一松江  ,00929復華台灣科技優息,0,9,-9
統一松江  ,緯創,21,30,-9
統一松江  ,千附精密,2,11,-9
統一松江  ,楠梓電,0,8,-8
統一松江  ,元大高股息,4,12,-8
統一松江  ,亞翔,2,9,-7
統一松江  ,波若威,29,36,-7
統一松江  ,華安,0,7,-7
統一松江  ,昇達科,3,10,-7
統一松江  ,鴻海,8,15,-7
統一松江  ,華航,0,6,-6
統一松江  ,永道-KY,3,8,-5
統一松江  ,旺矽,10,15,-5
統一松江  ,南染,0,5,-5
統一松江  ,群創,0,5,-5
統一松江  ,鈺創,0,5,-5
統一松江  ,聯茂,0,5,-5
統一松江  ,宏�硌穈T,0,5,-5
統一松江  ,順藥,0,4,-4
統一松江  ,英業達,0,4,-4
統一松江  ,星宇航空,0,4,-4
統一松江  ,國泰金,0,4,-4
統一松江  ,建漢,1,5,-4
 企銀太平 ,00688L國泰20年美債正2,200,0,200
 企銀太平 ,00795B中信美國公債20年,100,0,100
 企銀太平 ,聯電,115,28,87
 企銀太平 ,康和證,49,0,49
 企銀太平 ,連展投控,35,1,34
 企銀太平 ,玉山金,35,4,31
 企銀太平 ,泰金寶-DR,86,56,30
 企銀太平 ,緯創,29,7,22
 企銀太平 ,旺宏,22,1,21
 企銀太平 ,正基,21,0,21
 企銀太平 ,00637L元大滬深300正2,33,15,18
 企銀太平 ,欣興,14,0,14
 企銀太平 ,00919群益台灣精選高息,14,0,14
 企銀太平 ,廣達,15,2,13
 企銀太平 ,興能高,17,4,13
 企銀太平 ,00753L中信中國50正2,10,0,10
 企銀太平 ,00858永豐美國500大,10,0,10
 企銀太平 ,輔信,10,0,10
 企銀太平 ,陽明,11,1,10
 企銀太平 ,今皓,10,0,10
 企銀太平 ,元大高股息,9,0,9
 企銀太平 ,台泥,9,1,8
 企銀太平 ,00878國泰永續高股息,7,0,7
 企銀太平 ,新鋼,7,0,7
 企銀太平 ,華邦電,11,4,7
 企銀太平 ,漢唐,7,0,7
 企銀太平 ,長榮航太,10,3,7
 企銀太平 ,雷科,10,3,7
 企銀太平 ,力積電,42,35,7
 企銀太平 ,仁寶,10,3,7
 企銀太平 ,00665L富邦�琤肭磪囓�2,6,0,6
 企銀太平 ,吉祥全,6,0,6
 企銀太平 ,達邁,7,1,6
 企銀太平 ,菱光,11,5,6
 企銀太平 ,英業達,5,0,5
 企銀太平 ,京元電子,6,1,5
 企銀太平 ,元大金,5,0,5
 企銀太平 ,第一金,5,0,5
 企銀太平 ,華容,5,0,5
 企銀太平 ,南茂,5,0,5
 企銀太平 ,櫻花,5,0,5
 企銀太平 ,波若威,21,17,4
 企銀太平 ,00706L期元大S＆P日圓正2,4,0,4
 企銀太平 ,南亞科,6,2,4
 企銀太平 ,凱基金,10,6,4
 企銀太平 ,亞光,20,16,4
 企銀太平 ,華廣,4,0,4
 企銀太平 ,光鋐,4,0,4
 企銀太平 ,華星光,11,7,4
 企銀太平 ,鈺創,5,1,4
 企銀太平 ,00937B群益ESG投等債20,1,50,-49
 企銀太平 ,華南金,0,26,-26
 企銀太平 ,00932兆豐永續高息等權,5,30,-25
 企銀太平 ,00679B元大美債20年,0,25,-25
 企銀太平 ,台玻,0,22,-22
 企銀太平 ,00896中信綠能及電動車,0,18,-18
 企銀太平 ,中鴻,6,22,-16
 企銀太平 ,新光金,0,15,-15
 企銀太平 ,友訊,0,13,-13
 企銀太平 ,日月光投控,1,14,-13
 企銀太平 ,00936台新永續高息中小,1,13,-12
 企銀太平 ,00948B中信優息投資級債,0,12,-12
 企銀太平 ,光寶科,0,12,-12
 企銀太平 ,台積電,1,11,-10
 企銀太平 ,00650L復華香港正2,0,10,-10
 企銀太平 ,00715L期街口布蘭特正2,0,10,-10
 企銀太平 ,偉訓,0,10,-10
 企銀太平 ,加百裕,0,10,-10
 企銀太平 ,新普,0,10,-10
 企銀太平 ,和椿,10,20,-10
 企銀太平 ,00680L元大美債20正2,0,10,-10
 企銀太平 ,金寶,1,10,-9
 企銀太平 ,宏達電,33,42,-9
 企銀太平 ,英濟,6,15,-9
 企銀太平 ,弘凱,0,9,-9
 企銀太平 ,高雄銀,89,97,-8
 企銀太平 ,欣銓,26,34,-8
 企銀太平 ,神達,28,36,-8
 企銀太平 ,四維航,0,8,-8
 企銀太平 ,00673R期元大S＆P原油反1,0,6,-6
 企銀太平 ,長榮航,0,6,-6
 企銀太平 ,零壹,0,6,-6
 企銀太平 ,景碩,3,9,-6
 企銀太平 ,00655L國泰中國A50正2,5,10,-5
 企銀太平 ,00942B台新美A公司債20+,0,5,-5
 企銀太平 ,宜特,0,5,-5
 企銀太平 ,麗清,0,5,-5
 企銀太平 ,穎漢,0,5,-5
 企銀太平 ,天剛,0,5,-5
 企銀太平 ,良維,0,5,-5
 企銀太平 ,台塑,0,5,-5
 企銀太平 ,00631L元大台灣50正2,2,7,-5
 企銀太平 ,宏致,0,5,-5
 企銀太平 ,鳳凰,0,4,-4
 企銀太平 ,00725B國泰投資級公司債,0,4,-4
 企銀太平 ,宇隆,0,4,-4
 企銀太平 ,敬鵬,0,4,-4
 企銀太平 ,萬海,0,4,-4
 企銀太平 ,聯茂,1,5,-4
 企銀太平 ,家碩,0,4,-4
 元大金門,聯電,111,9,102
 元大金門,瑞軒,40,0,40
 元大金門,00688L國泰20年美債正2,37,15,22
 元大金門,00676R富邦臺灣加權反1,20,0,20
 元大金門,長華*,20,0,20
 元大金門,宏齊,17,0,17
 元大金門,00637L元大滬深300正2,155,140,15
 元大金門,00971野村美國研發龍頭,15,0,15
 元大金門,006208富邦台50,19,5,14
 元大金門,00918大華優利高填息30,13,0,13
 元大金門,金寶,14,2,12
 元大金門,建漢,15,3,12
 元大金門,點序,12,0,12
 元大金門,南亞科,16,4,12
 元大金門,友達,15,4,11
 元大金門,宇環,21,10,11
 元大金門,00960野村全球航運龍頭,10,0,10
 元大金門,統一證,10,0,10
 元大金門,西勝,20,10,10
 元大金門,瑞智,9,0,9
 元大金門,泰金寶-DR,80,72,8
 元大金門,永豐金,7,0,7
 元大金門,中工,7,0,7
 元大金門,廣宇,6,0,6
 元大金門,台灣高鐵,6,0,6
 元大金門,00830國泰費城半導體,6,0,6
 元大金門,今國光,5,0,5
 元大金門,00858永豐美國500大,5,0,5
 元大金門,00953B群益優選非投等債,5,0,5
 元大金門,中纖,5,0,5
 元大金門,富喬,11,6,5
 元大金門,華經,27,22,5
 元大金門,雅茗-KY,5,0,5
 元大金門,虹冠電,5,0,5
 元大金門,前鼎,5,0,5
 元大金門,台塑,8,3,5
 元大金門,00881國泰台灣5G+,5,0,5
 元大金門,保瑞,4,0,4
 元大金門,緯創,14,10,4
 元大金門,台燿,4,0,4
 元大金門,00733富邦臺灣中小,4,0,4
 元大金門,大同,5,1,4
 元大金門,00632R元大台灣50反1,5,1,4
 元大金門,振發,4,0,4
 元大金門,愛地雅,4,0,4
 元大金門,00882中信中國高股息,4,0,4
 元大金門,00720B元大投資級公司債,3,0,3
 元大金門,亞光,3,0,3
 元大金門,00909國泰數位支付服務,3,0,3
 元大金門,00948B中信優息投資級債,3,0,3
 元大金門,00965元大航太防衛科技,2,245,-243
 元大金門,力積電,21,80,-59
 元大金門,00665L富邦�琤肭磪囓�2,60,117,-57
 元大金門,00673R期元大S＆P原油反1,0,55,-55
 元大金門,00753L中信中國50正2,5,56,-51
 元大金門,00929復華台灣科技優息,0,41,-41
 元大金門,00937B群益ESG投等債20,47,82,-35
 元大金門,00922國泰台灣領袖50,0,28,-28
 元大金門,00885富邦越南,0,25,-25
 元大金門,佳能,10,35,-25
 元大金門,00940元大台灣價值高息,2,26,-24
 元大金門,00942B台新美A公司債20+,0,23,-23
 元大金門,群創,6,29,-23
 元大金門,洋華,0,22,-22
 元大金門,日月光投控,1,23,-22
 元大金門,星宇航空,0,20,-20
 元大金門,新光金,0,20,-20
 元大金門,玉山金,31,51,-20
 元大金門,欣銓,0,16,-16
 元大金門,00910第一金太空衛星,0,14,-14
 元大金門,神達,96,110,-14
 元大金門,大宇資,59,72,-13
 元大金門,萬海,1,14,-13
 元大金門,鴻海,8,19,-11
 元大金門,濱川,4,15,-11
 元大金門,立隆電,6,16,-10
 元大金門,元大高股息,14,24,-10
 元大金門,00795B中信美國公債20年,0,10,-10
 元大金門,00680L元大美債20正2,0,10,-10
 元大金門,長榮航,2,12,-10
 元大金門,海華,0,10,-10
 元大金門,泰藝,0,10,-10
 元大金門,00757統一FANG+,0,10,-10
 元大金門,興能高,98,107,-9
 元大金門,台化,0,8,-8
 元大金門,美食-KY,0,8,-8
 元大金門,易威,7,15,-8
 元大金門,來頡,0,7,-7
 元大金門,元大台灣50,0,7,-7
 元大金門,00919群益台灣精選高息,15,21,-6
 元大金門,神基,1,7,-6
 元大金門,英濟,2,8,-6
 元大金門,宏達電,61,67,-6
 元大金門,富邦金,1,6,-5
 元大金門,00646元大S＆P500,0,5,-5
 元大金門,中美晶,0,5,-5
 元大金門,00740B富邦全球投等債,0,5,-5
 元大金門,中石化,0,5,-5
 元大金門,光寶科,0,5,-5
 元大金門,中華電,0,5,-5
富邦宜蘭,力積電,467,91,376
富邦宜蘭,群創,358,15,343
富邦宜蘭,聯電,262,69,193
富邦宜蘭,00664R國泰臺灣加權反1,140,0,140
富邦宜蘭,誠美材,100,2,98
富邦宜蘭,00637L元大滬深300正2,108,12,96
富邦宜蘭,位速,46,0,46
富邦宜蘭,00687B國泰20年美債,36,1,35
富邦宜蘭,連展投控,39,5,34
富邦宜蘭,00753L中信中國50正2,29,2,27
富邦宜蘭,元大高股息,47,25,22
富邦宜蘭,凱衛,20,0,20
富邦宜蘭,00688L國泰20年美債正2,20,0,20
富邦宜蘭,第一店,20,0,20
富邦宜蘭,立敦,47,27,20
富邦宜蘭,00680L元大美債20正2,20,1,19
富邦宜蘭,00952凱基台灣AI50,15,0,15
富邦宜蘭,福邦證,15,0,15
富邦宜蘭,聯鈞,110,96,14
富邦宜蘭,00650L復華香港正2,18,4,14
富邦宜蘭,欣興,28,14,14
富邦宜蘭,映泰,13,0,13
富邦宜蘭,00757統一FANG+,15,3,12
富邦宜蘭,吉茂,12,0,12
富邦宜蘭,00969B元大零息超長美債,12,0,12
富邦宜蘭,台汽電,11,0,11
富邦宜蘭,00937B群益ESG投等債20,41,30,11
富邦宜蘭,大成鋼,11,0,11
富邦宜蘭,東陽,10,0,10
富邦宜蘭,兆豐金,11,1,10
富邦宜蘭,00919群益台灣精選高息,39,29,10
富邦宜蘭,湧德,10,0,10
富邦宜蘭,全科,10,0,10
富邦宜蘭,鉅祥,10,0,10
富邦宜蘭,永崴投控,10,0,10
富邦宜蘭,華榮,10,0,10
富邦宜蘭,新建,11,1,10
富邦宜蘭,台聚,10,0,10
富邦宜蘭,立��,14,4,10
富邦宜蘭,立隆電,12,2,10
富邦宜蘭,00954中信日本半導體,15,6,9
富邦宜蘭,00639富邦深100,9,0,9
富邦宜蘭,旺宏,10,2,8
富邦宜蘭,金寶,40,32,8
富邦宜蘭,00633L富邦上証正2,8,0,8
富邦宜蘭,台泥,7,0,7
富邦宜蘭,達邁,33,26,7
富邦宜蘭,泰金寶-DR,41,34,7
富邦宜蘭,00852L國泰美國道瓊正2,7,0,7
富邦宜蘭,華邦電,7,0,7
富邦宜蘭,00929復華台灣科技優息,0,118,-118
富邦宜蘭,英業達,9,121,-112
富邦宜蘭,陽明,11,107,-96
富邦宜蘭,凱基金,2,76,-74
富邦宜蘭,冠好,0,70,-70
富邦宜蘭,00893國泰智能電動車,0,67,-67
富邦宜蘭,友達,10,72,-62
富邦宜蘭,欣銓,13,66,-53
富邦宜蘭,華星光,31,83,-52
富邦宜蘭,00940元大台灣價值高息,1,48,-47
富邦宜蘭,神達,240,286,-46
富邦宜蘭,中信金,1,46,-45
富邦宜蘭,00980B台新特選IG債10+,6,46,-40
富邦宜蘭,吉祥全,0,40,-40
富邦宜蘭,長榮航,4,41,-37
富邦宜蘭,新光金,0,35,-35
富邦宜蘭,富喬,4,38,-34
富邦宜蘭,宏致,0,32,-32
富邦宜蘭,亞航,1,28,-27
富邦宜蘭,00933B國泰10Y+金融債,0,25,-25
富邦宜蘭,大同,2,26,-24
富邦宜蘭,佳能,0,22,-22
富邦宜蘭,00951台新日本半導體,0,21,-21
富邦宜蘭,00673R期元大S＆P原油反1,0,20,-20
富邦宜蘭,中華電,0,20,-20
富邦宜蘭,亞翔,7,23,-16
富邦宜蘭,台灣虎航,10,26,-16
富邦宜蘭,樂事綠能,0,15,-15
富邦宜蘭,00948B中信優息投資級債,0,15,-15
富邦宜蘭,富邦金,5,18,-13
富邦宜蘭,雷虎,3,16,-13
富邦宜蘭,南亞科,0,13,-13
富邦宜蘭,信立,0,13,-13
富邦宜蘭,宏齊,3,16,-13
富邦宜蘭,00882中信中國高股息,2,14,-12
富邦宜蘭,長榮,0,12,-12
富邦宜蘭,00931B統一美債20年,0,12,-12
富邦宜蘭,00887永豐中國科技50大,0,12,-12
富邦宜蘭,台積電,10,21,-11
富邦宜蘭,慶豐富,0,11,-11
富邦宜蘭,櫻花建,0,11,-11
富邦宜蘭,友輝,1,12,-11
富邦宜蘭,00918大華優利高填息30,9,20,-11
富邦宜蘭,00692富邦公司治理,0,10,-10
富邦宜蘭,上曜,0,10,-10
富邦宜蘭,千興,0,10,-10
富邦宜蘭,嘉裕,0,10,-10
富邦宜蘭,東聯,0,10,-10
富邦宜蘭,冠軍,0,10,-10
富邦宜蘭,大洋-KY,0,10,-10
 元富埔里,聯電,89,24,65
 元富埔里,00905FT臺灣Smart,42,0,42
 元富埔里,00850元大臺灣ESG永續,37,0,37
 元富埔里,00688L國泰20年美債正2,32,0,32
 元富埔里,00664R國泰臺灣加權反1,35,5,30
 元富埔里,友訊,30,0,30
 元富埔里,中信金,25,1,24
 元富埔里,長聖,22,0,22
 元富埔里,00953B群益優選非投等債,20,0,20
 元富埔里,00751B元大AAA至A公司債,16,0,16
 元富埔里,00671R富邦NASDAQ反1,15,0,15
 元富埔里,00676R富邦臺灣加權反1,12,0,12
 元富埔里,順達,17,6,11
 元富埔里,中鋼,11,0,11
 元富埔里,00648R元大S＆P500反1,10,0,10
 元富埔里,00637L元大滬深300正2,13,3,10
 元富埔里,中石化,10,0,10
 元富埔里,陽明,10,0,10
 元富埔里,立敦,14,5,9
 元富埔里,00679B元大美債20年,8,0,8
 元富埔里,00687B國泰20年美債,11,3,8
 元富埔里,亞光,9,2,7
 元富埔里,00686R群益臺灣加權反1,7,0,7
 元富埔里,臺企銀,7,0,7
 元富埔里,鴻海,8,2,6
 元富埔里,00753L中信中國50正2,6,0,6
 元富埔里,新至陞,6,0,6
 元富埔里,華星光,27,21,6
 元富埔里,00772B中信高評級公司債,5,0,5
 元富埔里,群創,5,0,5
 元富埔里,元大高股息,5,0,5
 元富埔里,國際中橡,5,0,5
 元富埔里,農林,5,0,5
 元富埔里,友輝,5,0,5
 元富埔里,泓德能源,5,0,5
 元富埔里,00733富邦臺灣中小,4,0,4
 元富埔里,友達,5,1,4
 元富埔里,00918大華優利高填息30,7,3,4
 元富埔里,福懋油,4,0,4
 元富埔里,億泰,4,0,4
 元富埔里,星宇航空,5,1,4
 元富埔里,友勁,4,0,4
 元富埔里,矽格,5,1,4
 元富埔里,長華*,4,0,4
 元富埔里,00907永豐優息存股,3,0,3
 元富埔里,00887永豐中國科技50大,5,2,3
 元富埔里,00970B新光BBB投等債20,3,0,3
 元富埔里,華南金,3,0,3
 元富埔里,欣興,5,2,3
 元富埔里,光環,4,1,3
 元富埔里,00980B台新特選IG債10+,0,249,-249
 元富埔里,00673R期元大S＆P原油反1,20,200,-180
 元富埔里,00929復華台灣科技優息,1,63,-62
 元富埔里,00945B凱基美國非投等債,0,51,-51
 元富埔里,00881國泰台灣5G+,0,50,-50
 元富埔里,00891中信關鍵半導體,0,50,-50
 元富埔里,00950B凱基A級公司債,0,40,-40
 元富埔里,神達,43,81,-38
 元富埔里,南亞,0,36,-36
 元富埔里,00919群益台灣精選高息,9,45,-36
 元富埔里,00940元大台灣價值高息,0,34,-34
 元富埔里,006208富邦台50,0,29,-29
 元富埔里,00882中信中國高股息,0,22,-22
 元富埔里,雲品,0,21,-21
 元富埔里,聯光通,3,23,-20
 元富埔里,昇達科,2,19,-17
 元富埔里,00715L期街口布蘭特正2,0,14,-14
 元富埔里,新建,0,13,-13
 元富埔里,00922國泰台灣領袖50,5,15,-10
 元富埔里,00951台新日本半導體,0,10,-10
 元富埔里,勤美,0,10,-10
 元富埔里,中纖,0,10,-10
 元富埔里,永豐餘,0,10,-10
 元富埔里,穩懋,0,10,-10
 元富埔里,宏捷科,0,10,-10
 元富埔里,台積電,3,13,-10
 元富埔里,00632R元大台灣50反1,0,9,-9
 元富埔里,宏致,0,9,-9
 元富埔里,連展投控,10,17,-7
 元富埔里,振發,0,7,-7
 元富埔里,富喬,4,10,-6
 元富埔里,立隆電,14,20,-6
 元富埔里,遠東新,0,5,-5
 元富埔里,昱捷,0,5,-5
 元富埔里,其陽,0,5,-5
 元富埔里,力積電,16,21,-5
 元富埔里,森崴能源,0,5,-5
 元富埔里,景碩,0,5,-5
 元富埔里,亞翔,1,5,-4
 元富埔里,00712復華富時不動產,0,4,-4
 元富埔里,光寶科,0,4,-4
 元富埔里,凱美,0,4,-4
 元富埔里,訊舟,0,4,-4
 元富埔里,精材,0,4,-4
 元富埔里,氣立,0,4,-4
 元富埔里,福邦證,0,4,-4
 元富埔里,良維,0,4,-4
 元富埔里,元大台灣50,0,4,-4
 元富埔里,00631L元大台灣50正2,0,3,-3
 元富埔里,00701國泰股利精選30,0,3,-3
國泰桃園,00937B群益ESG投等債20,563,153,410
國泰桃園,00679B元大美債20年,316,20,296
國泰桃園,聯電,377,148,229
國泰桃園,00633L富邦上証正2,123,1,122
國泰桃園,00878國泰永續高股息,200,88,112
國泰桃園,泰金寶-DR,222,120,102
國泰桃園,00919群益台灣精選高息,287,198,89
國泰桃園,00858永豐美國500大,97,10,87
國泰桃園,00948B中信優息投資級債,99,12,87
國泰桃園,00753L中信中國50正2,99,30,69
國泰桃園,立��,115,57,58
國泰桃園,欣興,78,24,54
國泰桃園,00909國泰數位支付服務,71,18,53
國泰桃園,晟德,48,0,48
國泰桃園,00632R元大台灣50反1,343,301,42
國泰桃園,00915凱基優選高股息30,49,7,42
國泰桃園,00680L元大美債20正2,59,19,40
國泰桃園,立敦,113,75,38
國泰桃園,陽明,69,34,35
國泰桃園,永豐金,78,44,34
國泰桃園,00757統一FANG+,52,18,34
國泰桃園,朋億*,36,5,31
國泰桃園,亞光,71,41,30
國泰桃園,松上,28,0,28
國泰桃園,連展投控,49,24,25
國泰桃園,英業達,60,36,24
國泰桃園,僑威,57,34,23
國泰桃園,元大金,22,0,22
國泰桃園,00725B國泰投資級公司債,23,1,22
國泰桃園,中石化,28,7,21
國泰桃園,群益證,20,0,20
國泰桃園,三芳,19,0,19
國泰桃園,錸德,17,0,17
國泰桃園,華邦電,34,17,17
國泰桃園,宏��,20,4,16
國泰桃園,00933B國泰10Y+金融債,25,9,16
國泰桃園,00950B凱基A級公司債,16,0,16
國泰桃園,00751B元大AAA至A公司債,17,1,16
國泰桃園,華東,15,0,15
國泰桃園,00905FT臺灣Smart,41,26,15
國泰桃園,中再保,14,0,14
國泰桃園,冠西電,19,5,14
國泰桃園,聯合再生,14,0,14
國泰桃園,昇陽半導體,45,32,13
國泰桃園,精金,14,1,13
國泰桃園,中信金,17,4,13
國泰桃園,00642U期元大S＆P石油,12,0,12
國泰桃園,00927群益半導體收益,13,1,12
國泰桃園,00953B群益優選非投等債,19,7,12
國泰桃園,00673R期元大S＆P原油反1,12,0,12
國泰桃園,00929復華台灣科技優息,8,321,-313
國泰桃園,00637L元大滬深300正2,5057,5290,-233
國泰桃園,新光金,23,253,-230
國泰桃園,力積電,41,258,-217
國泰桃園,00720B元大投資級公司債,5,213,-208
國泰桃園,寶成,0,131,-131
國泰桃園,00951台新日本半導體,2,129,-127
國泰桃園,群創,47,172,-125
國泰桃園,00648R元大S＆P500反1,0,120,-120
國泰桃園,大同,8,126,-118
國泰桃園,00940元大台灣價值高息,62,174,-112
國泰桃園,華航,30,132,-102
國泰桃園,台玻,11,109,-98
國泰桃園,00922國泰台灣領袖50,12,110,-98
國泰桃園,00917中信特選金融,16,104,-88
國泰桃園,00830國泰費城半導體,27,109,-82
國泰桃園,玉山金,5,85,-80
國泰桃園,熒茂,0,77,-77
國泰桃園,00934中信成長高股息,0,77,-77
國泰桃園,00960野村全球航運龍頭,22,98,-76
國泰桃園,彰銀,3,77,-74
國泰桃園,00631L元大台灣50正2,3,77,-74
國泰桃園,高雄銀,0,72,-72
國泰桃園,台積電,19,88,-69
國泰桃園,神達,329,398,-69
國泰桃園,洋基工程,6,74,-68
國泰桃園,金麗-KY,2,64,-62
國泰桃園,00918大華優利高填息30,60,121,-61
國泰桃園,00910第一金太空衛星,4,60,-56
國泰桃園,00675L富邦臺灣加權正2,33,88,-55
國泰桃園,006208富邦台50,32,86,-54
國泰桃園,順達,27,78,-51
國泰桃園,00669R國泰美國道瓊反1,0,50,-50
國泰桃園,興能高,244,293,-49
國泰桃園,元大台灣50,10,59,-49
國泰桃園,國建,0,45,-45
國泰桃園,凱基金,6,48,-42
國泰桃園,00712復華富時不動產,9,49,-40
國泰桃園,國泰金,0,40,-40
國泰桃園,00665L富邦�琤肭磪囓�2,144,183,-39
國泰桃園,精成科,47,86,-39
國泰桃園,富邦金,4,41,-37
國泰桃園,邁達特,23,59,-36
國泰桃園,鼎元,2,36,-34
國泰桃園,友訊,2,35,-33
國泰桃園,華興,4,37,-33
國泰桃園,台泥,10,42,-32
國泰桃園,欣銓,16,47,-31
國泰桃園,00900富邦特選高股息30,34,65,-31
國泰桃園,00936台新永續高息中小,1,31,-30
港商野村,友達,3336,0,3336
港商野村,南亞科,2825,131,2694
港商野村,欣銓,2103,115,1988
港商野村,新光金,1433,0,1433
港商野村,冠德,791,0,791
港商野村,緯創,1360,598,762
港商野村,玉山金,724,0,724
港商野村,富邦金,874,153,721
港商野村,大同,719,0,719
港商野村,中信金,680,97,583
港商野村,和椿,648,128,520
港商野村,華星光,675,292,383
港商野村,台積電,514,173,341
港商野村,鴻準,339,0,339
港商野村,凱基金,341,31,310
港商野村,第一金,500,194,306
港商野村,00713元大台灣高息低波,300,0,300
港商野村,華南金,285,0,285
港商野村,堤維西,279,0,279
港商野村,神達,1549,1279,270
港商野村,宏致,429,164,265
港商野村,神基,264,0,264
港商野村,佳能,263,0,263
港商野村,雷科,243,1,242
港商野村,臻鼎-KY,235,0,235
港商野村,潤隆,250,24,226
港商野村,凌巨,226,0,226
港商野村,建漢,251,27,224
港商野村,遠東新,224,2,222
港商野村,南電,242,24,218
港商野村,東元,209,0,209
港商野村,志強-KY,202,0,202
港商野村,正崴,250,70,180
港商野村,台塑化,313,133,180
港商野村,順達,210,39,171
港商野村,星宇航空,170,0,170
港商野村,欣興,580,413,167
港商野村,聯亞,161,0,161
港商野村,中租-KY,160,0,160
港商野村,艾訊,156,0,156
港商野村,006208富邦台50,150,0,150
港商野村,良維,144,4,140
港商野村,日月光投控,475,341,134
港商野村,復盛應用,134,0,134
港商野村,百和,161,32,129
港商野村,元太,129,0,129
港商野村,萬海,158,30,128
港商野村,精誠,118,0,118
港商野村,光聖,118,0,118
港商野村,聯詠,171,56,115
港商野村,聯電,0,9410,-9410
港商野村,英業達,267,1476,-1209
港商野村,力積電,745,1842,-1097
港商野村,國泰金,351,1274,-923
港商野村,大成鋼,0,672,-672
港商野村,華邦電,66,717,-651
港商野村,兆豐金,0,520,-520
港商野村,中鋼,0,498,-498
港商野村,台泥,0,433,-433
港商野村,力成,0,370,-370
港商野村,長榮航,104,466,-362
港商野村,旺宏,88,411,-323
港商野村,精成科,41,330,-289
港商野村,新日興,65,320,-255
港商野村,興能高,406,658,-252
港商野村,元大金,40,290,-250
港商野村,亞光,146,392,-246
港商野村,金像電,71,296,-225
港商野村,皇昌,4,229,-225
港商野村,聯強,20,234,-214
港商野村,統一,222,435,-213
港商野村,金寶,159,365,-206
港商野村,南茂,90,274,-184
港商野村,台化,35,211,-176
港商野村,台灣大,0,163,-163
港商野村,上詮,10,167,-157
港商野村,所羅門,0,146,-146
港商野村,鴻海,159,288,-129
港商野村,如興,0,125,-125
港商野村,濱川,19,140,-121
港商野村,邁達特,35,151,-116
港商野村,國際中橡,0,115,-115
港商野村,致茂,10,124,-114
港商野村,中興電,19,132,-113
港商野村,台玻,42,154,-112
港商野村,合庫金,0,109,-109
港商野村,台特化,0,107,-107
港商野村,南亞,74,178,-104
港商野村,揚智,0,102,-102
港商野村,元大高股息,0,100,-100
港商野村,AES-KY,26,126,-100
港商野村,聯合再生,0,98,-98
港商野村,鈺齊-KY,1,90,-89
港商野村,瑞昱,2,85,-83
港商野村,立��,18,100,-82
港商野村,統一實,0,81,-81
港商野村,三商壽,0,76,-76
港商野村,創意,6,81,-75
港商野村,昇陽半導體,0,71,-71
港商野村,益航,0,70,-70
(牛牛牛)亞證卷,台新金,249,0,249
(牛牛牛)亞證卷,兆豐金,185,0,185
(牛牛牛)亞證卷,中信金,184,0,184
(牛牛牛)亞證卷,中租-KY,61,0,61
(牛牛牛)亞證卷,2891B中信金乙特,49,0,49
(牛牛牛)亞證卷,晶技,36,0,36
(牛牛牛)亞證卷,中美晶,14,0,14
(牛牛牛)亞證卷,晟銘電,10,0,10
(牛牛牛)亞證卷,驊訊,10,0,10
(牛牛牛)亞證卷,聯詠,10,1,9
(牛牛牛)亞證卷,僑威,10,1,9
(牛牛牛)亞證卷,貿聯-KY,8,0,8
(牛牛牛)亞證卷,00919群益台灣精選高息,10,2,8
(牛牛牛)亞證卷,聯電,7,1,6
(牛牛牛)亞證卷,英濟,5,0,5
(牛牛牛)亞證卷,廣達,5,0,5
(牛牛牛)亞證卷,勤益控,5,0,5
(牛牛牛)亞證卷,聰泰,5,0,5
(牛牛牛)亞證卷,迅得,5,0,5
(牛牛牛)亞證卷,穩得,5,0,5
(牛牛牛)亞證卷,汎銓,5,0,5
(牛牛牛)亞證卷,奇鋐,3,0,3
(牛牛牛)亞證卷,湧德,2,0,2
(牛牛牛)亞證卷,順達,1,0,1
(牛牛牛)亞證卷,世芯-KY,1,0,1
(牛牛牛)亞證卷,緯創,1,0,1
(牛牛牛)亞證卷,弘塑,2,1,1
(牛牛牛)亞證卷,台灣大,1,0,1
(牛牛牛)亞證卷,健策,1,0,1
(牛牛牛)亞證卷,立隆電,1,0,1
(牛牛牛)亞證卷,威盛,1,0,1
(牛牛牛)亞證卷,亞光,1,0,1
(牛牛牛)亞證卷,欣興,1,0,1
(牛牛牛)亞證卷,中興電,1,0,1
(牛牛牛)亞證卷,科妍,1,0,1
(牛牛牛)亞證卷,旺宏,1,0,1
(牛牛牛)亞證卷,台達電,2,1,1
(牛牛牛)亞證卷,華廣,1,0,1
(牛牛牛)亞證卷,祥碩,1,0,1
(牛牛牛)亞證卷,艾華,1,0,1
(牛牛牛)亞證卷,環球晶,1,0,1
(牛牛牛)亞證卷,綠界科技*,1,0,1
(牛牛牛)亞證卷,美利達,1,0,1
(牛牛牛)亞證卷,宏捷科,0,0,0
(牛牛牛)亞證卷,華通,0,75,-75
(牛牛牛)亞證卷,上海商銀,0,35,-35
(牛牛牛)亞證卷,藥華藥,0,18,-18
(牛牛牛)亞證卷,精材,0,15,-15
(牛牛牛)亞證卷,智原,0,5,-5
(牛牛牛)亞證卷,正隆,0,5,-5
(牛牛牛)亞證卷,長榮航,0,5,-5
(牛牛牛)亞證卷,康舒,0,5,-5
(牛牛牛)亞證卷,鈊象,0,3,-3
(牛牛牛)亞證卷,泰鼎-KY,0,3,-3
(牛牛牛)亞證卷,緯穎,0,3,-3
(牛牛牛)亞證卷,台積電,0,2,-2
(牛牛牛)亞證卷,星宇航空,0,2,-2
(牛牛牛)亞證卷,中磊,0,2,-2
(牛牛牛)亞證卷,佰鴻,0,1,-1
(牛牛牛)亞證卷,大同,0,1,-1
(牛牛牛)亞證卷,健鼎,0,1,-1
(牛牛牛)亞證卷,華航,0,1,-1
(牛牛牛)亞證卷,士電,0,1,-1
(牛牛牛)亞證卷,欣銓,0,1,-1
(牛牛牛)亞證卷,智易,0,1,-1
(牛牛牛)亞證卷,日月光投控,0,1,-1
(牛牛牛)亞證卷,新盛力,0,1,-1
(牛牛牛)亞證卷,臻鼎-KY,0,1,-1
(牛牛牛)亞證卷,華祺,0,1,-1
(牛牛牛)亞證卷,jpp-KY,0,1,-1
(牛牛牛)亞證卷,亞翔,0,1,-1
(牛牛牛)亞證卷,啟��,0,1,-1
(牛牛牛)亞證卷,志強-KY,0,1,-1
(牛牛牛)亞證卷,力積電,0,1,-1
(牛牛牛)亞證卷,神達,0,1,-1
富邦基隆,聯電,176,34,142
富邦基隆,台灣虎航,117,37,80
富邦基隆,中鴻,75,0,75
富邦基隆,00686R群益臺灣加權反1,50,0,50
富邦基隆,元大高股息,51,11,40
富邦基隆,00937B群益ESG投等債20,22,0,22
富邦基隆,擎亞,26,4,22
富邦基隆,遠百,21,0,21
富邦基隆,英業達,25,5,20
富邦基隆,興能高,82,64,18
富邦基隆,00878國泰永續高股息,17,1,16
富邦基隆,00669R國泰美國道瓊反1,16,0,16
富邦基隆,00918大華優利高填息30,19,4,15
富邦基隆,立敦,21,6,15
富邦基隆,榮群,15,0,15
富邦基隆,緯創,20,6,14
富邦基隆,創惟,15,1,14
富邦基隆,00919群益台灣精選高息,19,6,13
富邦基隆,國統,12,0,12
富邦基隆,00637L元大滬深300正2,11,0,11
富邦基隆,00965元大航太防衛科技,10,0,10
富邦基隆,圓剛,31,21,10
富邦基隆,位速,10,0,10
富邦基隆,達邁,62,52,10
富邦基隆,友輝,10,0,10
富邦基隆,力成,10,0,10
富邦基隆,00715L期街口布蘭特正2,9,0,9
富邦基隆,佳能,11,2,9
富邦基隆,00665L富邦�琤肭磪囓�2,11,3,8
富邦基隆,福壽,8,0,8
富邦基隆,新日興,9,1,8
富邦基隆,偉詮電,7,0,7
富邦基隆,亞泰,7,0,7
富邦基隆,亞光,9,2,7
富邦基隆,金寶,9,3,6
富邦基隆,九暘,6,0,6
富邦基隆,順達,34,28,6
富邦基隆,宏��,11,5,6
富邦基隆,僑威,6,0,6
富邦基隆,兆豐金,5,0,5
富邦基隆,00708L期元大S＆P黃金正2,5,0,5
富邦基隆,00946群益科技高息成長,5,0,5
富邦基隆,00951台新日本半導體,5,0,5
富邦基隆,光洋科,5,0,5
富邦基隆,三陽工業,5,0,5
富邦基隆,友訊,5,0,5
富邦基隆,新建,5,0,5
富邦基隆,宏遠證,5,0,5
富邦基隆,大魯閣,5,0,5
富邦基隆,原相,5,1,4
富邦基隆,長榮航,3,190,-187
富邦基隆,力積電,38,122,-84
富邦基隆,00634R富邦上証反1,0,70,-70
富邦基隆,宏達電,111,163,-52
富邦基隆,中信金,21,69,-48
富邦基隆,神達,15,60,-45
富邦基隆,欣銓,4,46,-42
富邦基隆,凱基金,0,35,-35
富邦基隆,00929復華台灣科技優息,0,34,-34
富邦基隆,00722B群益投資級電信債,0,30,-30
富邦基隆,00933B國泰10Y+金融債,0,30,-30
富邦基隆,00940元大台灣價值高息,6,35,-29
富邦基隆,元大台灣50,0,26,-26
富邦基隆,新光金,12,37,-25
富邦基隆,富采,4,28,-24
富邦基隆,00675L富邦臺灣加權正2,28,52,-24
富邦基隆,00881國泰台灣5G+,0,23,-23
富邦基隆,富喬,35,56,-21
富邦基隆,華城,0,19,-19
富邦基隆,鴻海,19,37,-18
富邦基隆,00692富邦公司治理,0,18,-18
富邦基隆,岱宇,1,18,-17
富邦基隆,華航,1,18,-17
富邦基隆,00673R期元大S＆P原油反1,0,16,-16
富邦基隆,00650L復華香港正2,0,15,-15
富邦基隆,00922國泰台灣領袖50,6,21,-15
富邦基隆,雷虎,1,15,-14
富邦基隆,中鋼,8,21,-13
富邦基隆,富邦金,3,15,-12
富邦基隆,00687B國泰20年美債,5,17,-12
富邦基隆,華容,0,12,-12
富邦基隆,中租-KY,0,11,-11
富邦基隆,00939統一台灣高息動能,0,10,-10
富邦基隆,00882中信中國高股息,0,10,-10
富邦基隆,00712復華富時不動產,0,10,-10
富邦基隆,洋華,0,10,-10
富邦基隆,遠東銀,1,10,-9
富邦基隆,006208富邦台50,0,9,-9
富邦基隆,能率,1,10,-9
富邦基隆,泰金寶-DR,2,10,-8
富邦基隆,00679B元大美債20年,0,8,-8
富邦基隆,台塑,2,10,-8
富邦基隆,玉山金,0,7,-7
富邦基隆,世德,0,7,-7
富邦基隆,台積電,1,8,-7
富邦基隆,00631L元大台灣50正2,1,7,-6
富邦基隆,IKKA-KY,3,9,-6
富邦基隆,南亞科,4,10,-6
富邦基隆,五福,0,6,-6
富邦基隆,康和證,0,6,-6
 元大清水,00637L元大滬深300正2,872,44,828
 元大清水,聯電,121,10,111
 元大清水,台塑,34,0,34
 元大清水,華新,40,9,31
 元大清水,日勝生,26,0,26
 元大清水,廣達,27,2,25
 元大清水,00915凱基優選高股息30,25,1,24
 元大清水,台榮,22,0,22
 元大清水,台塑化,22,1,21
 元大清水,致和證,20,0,20
 元大清水,00673R期元大S＆P原油反1,20,0,20
 元大清水,三商壽,16,0,16
 元大清水,宏齊,16,0,16
 元大清水,正達,17,2,15
 元大清水,金洲,14,0,14
 元大清水,南亞,15,1,14
 元大清水,00929復華台灣科技優息,16,2,14
 元大清水,堤維西,16,2,14
 元大清水,英業達,28,15,13
 元大清水,得力,13,0,13
 元大清水,長榮,14,2,12
 元大清水,華晶科,15,3,12
 元大清水,大同,20,8,12
 元大清水,和椿,23,12,11
 元大清水,聯鈞,43,32,11
 元大清水,濱川,12,2,10
 元大清水,中鋼,17,7,10
 元大清水,00830國泰費城半導體,16,6,10
 元大清水,00648R元大S＆P500反1,10,0,10
 元大清水,亞聚,11,1,10
 元大清水,映泰,10,0,10
 元大清水,00946群益科技高息成長,10,0,10
 元大清水,年興,10,0,10
 元大清水,金麗-KY,10,0,10
 元大清水,偉聯,10,0,10
 元大清水,00919群益台灣精選高息,13,3,10
 元大清水,富邦金,10,1,9
 元大清水,凱基金,20,11,9
 元大清水,成霖,8,0,8
 元大清水,中光電,7,0,7
 元大清水,元大高股息,25,18,7
 元大清水,金寶,9,2,7
 元大清水,00632R元大台灣50反1,7,0,7
 元大清水,台新金,6,0,6
 元大清水,00665L富邦�琤肭磪囓�2,6,0,6
 元大清水,台聚,10,4,6
 元大清水,友達,11,5,6
 元大清水,新光金,8,2,6
 元大清水,緯創,10,4,6
 元大清水,00882中信中國高股息,6,0,6
 元大清水,中環,0,132,-132
 元大清水,力積電,15,112,-97
 元大清水,台積電,4,89,-85
 元大清水,00965元大航太防衛科技,0,83,-83
 元大清水,彰銀,0,81,-81
 元大清水,宏達電,25,69,-44
 元大清水,00963中信全球高股息,0,35,-35
 元大清水,神達,123,157,-34
 元大清水,00940元大台灣價值高息,2,31,-29
 元大清水,00680L元大美債20正2,3,30,-27
 元大清水,00918大華優利高填息30,10,30,-20
 元大清水,鴻海,5,23,-18
 元大清水,環宇-KY,24,41,-17
 元大清水,欣銓,38,54,-16
 元大清水,新日興,17,33,-16
 元大清水,華邦電,2,18,-16
 元大清水,圓剛,0,14,-14
 元大清水,興能高,57,71,-14
 元大清水,新盛力,61,74,-13
 元大清水,友訊,9,21,-12
 元大清水,眾達-KY,9,20,-11
 元大清水,連展投控,2,13,-11
 元大清水,僑威,5,16,-11
 元大清水,00642U期元大S＆P石油,0,10,-10
 元大清水,萬在,0,10,-10
 元大清水,伍豐,0,10,-10
 元大清水,00675L富邦臺灣加權正2,0,9,-9
 元大清水,精成科,5,14,-9
 元大清水,富喬,9,17,-8
 元大清水,良維,0,8,-8
 元大清水,華航,1,9,-8
 元大清水,元晶,0,8,-8
 元大清水,定穎投控,0,8,-8
 元大清水,00922國泰台灣領袖50,0,8,-8
 元大清水,興富發,0,7,-7
 元大清水,光鋐,1,8,-7
 元大清水,新纖,0,7,-7
 元大清水,台揚,0,7,-7
 元大清水,長華*,1,7,-6
 元大清水,岱宇,0,6,-6
 元大清水,加捷生醫,0,6,-6
 元大清水,旺宏,0,6,-6
 元大清水,創惟,4,9,-5
 元大清水,日月光投控,0,5,-5
 元大清水,矽統,4,9,-5
 元大清水,逸達,0,5,-5
 元大清水,中纖,0,5,-5
 元大清水,欣陸,0,5,-5
 元大清水,00752中信中國50,0,5,-5
 元大清水,00939統一台灣高息動能,0,5,-5
凱基桃園,00882中信中國高股息,899,15,884
凱基桃園,建錩,479,31,448
凱基桃園,00905FT臺灣Smart,207,2,205
凱基桃園,聯電,225,50,175
凱基桃園,陽明,119,45,74
凱基桃園,緯創,108,34,74
凱基桃園,國票金,70,2,68
凱基桃園,金麗-KY,65,0,65
凱基桃園,00919群益台灣精選高息,80,24,56
凱基桃園,立��,89,33,56
凱基桃園,00679B元大美債20年,47,3,44
凱基桃園,力成,48,4,44
凱基桃園,金寶,58,15,43
凱基桃園,新日興,54,12,42
凱基桃園,00637L元大滬深300正2,63,21,42
凱基桃園,00915凱基優選高股息30,48,12,36
凱基桃園,00953B群益優選非投等債,40,5,35
凱基桃園,00713元大台灣高息低波,34,2,32
凱基桃園,元大高股息,45,14,31
凱基桃園,中鼎,29,0,29
凱基桃園,00878國泰永續高股息,55,26,29
凱基桃園,裕隆,29,1,28
凱基桃園,00858永豐美國500大,26,0,26
凱基桃園,00665L富邦�琤肭磪囓�2,27,2,25
凱基桃園,00632R元大台灣50反1,24,0,24
凱基桃園,00935野村臺灣新科技50,25,1,24
凱基桃園,00753L中信中國50正2,31,8,23
凱基桃園,達邁,45,24,21
凱基桃園,十銓,20,0,20
凱基桃園,00945B凱基美國非投等債,20,0,20
凱基桃園,中鋼,28,9,19
凱基桃園,京晨科,19,0,19
凱基桃園,能率網通,24,5,19
凱基桃園,欣興,35,16,19
凱基桃園,統一實,18,0,18
凱基桃園,育富,18,1,17
凱基桃園,光環,25,8,17
凱基桃園,00937B群益ESG投等債20,38,22,16
凱基桃園,台塑,18,4,14
凱基桃園,太欣,13,0,13
凱基桃園,佳能,33,21,12
凱基桃園,系統電,13,1,12
凱基桃園,00924復華S＆P500成長,11,0,11
凱基桃園,科妍,11,0,11
凱基桃園,國碩,11,0,11
凱基桃園,慧洋-KY,11,0,11
凱基桃園,弘凱,15,4,11
凱基桃園,天鈺,11,0,11
凱基桃園,美德醫療-DR,10,0,10
凱基桃園,毛寶,10,0,10
凱基桃園,宏達電,68,510,-442
凱基桃園,00971野村美國研發龍頭,21,266,-245
凱基桃園,新光金,8,115,-107
凱基桃園,力積電,36,141,-105
凱基桃園,00980B台新特選IG債10+,158,253,-95
凱基桃園,宏��,10,102,-92
凱基桃園,高技,6,90,-84
凱基桃園,欣銓,10,86,-76
凱基桃園,00929復華台灣科技優息,0,76,-76
凱基桃園,00940元大台灣價值高息,6,82,-76
凱基桃園,英業達,12,83,-71
凱基桃園,00712復華富時不動產,1,62,-61
凱基桃園,富邦金,2,55,-53
凱基桃園,台新金,2,51,-49
凱基桃園,精成科,19,63,-44
凱基桃園,瑞智,0,43,-43
凱基桃園,凱基金,9,48,-39
凱基桃園,00725B國泰投資級公司債,1,38,-37
凱基桃園,正新,1,38,-37
凱基桃園,長榮航太,1,36,-35
凱基桃園,日月光投控,4,38,-34
凱基桃園,長榮航,5,38,-33
凱基桃園,仁寶,4,34,-30
凱基桃園,僑威,15,43,-28
凱基桃園,偉訓,2,30,-28
凱基桃園,宏致,5,32,-27
凱基桃園,群益證,3,30,-27
凱基桃園,台積電,6,32,-26
凱基桃園,精金,0,25,-25
凱基桃園,鴻準,12,37,-25
凱基桃園,00900富邦特選高股息30,13,38,-25
凱基桃園,迅得,11,35,-24
凱基桃園,00670L富邦NASDAQ正2,0,24,-24
凱基桃園,中信金,6,30,-24
凱基桃園,國泰金,2,25,-23
凱基桃園,華新,10,33,-23
凱基桃園,佳世達,1,22,-21
凱基桃園,神達,152,173,-21
凱基桃園,北基,0,21,-21
凱基桃園,合庫金,4,25,-21
凱基桃園,光寶科,0,20,-20
凱基桃園,00942B台新美A公司債20+,0,20,-20
凱基桃園,憶聲,0,20,-20
凱基桃園,00948B中信優息投資級債,0,20,-20
凱基桃園,凌巨,0,20,-20
凱基桃園,00830國泰費城半導體,5,23,-18
凱基桃園,友達,25,43,-18
凱基桃園,玉山金,0,18,-18
凱基桃園,台達電,1,18,-17
凱基桃園,00941中信上游半導體,0,15,-15
